20101101,20130701,20130901,20130101,20130301,20130501,20140501,20140301,20140101,20100801,20100601,20121101,20100401,20140901,20100201,20140701,20110901,20121001,20110501,20131101,20110701,20110101,20110301,20111001,20120901,20141101,20120301,20120101,20120701,20120501,20101201,20130801,20101001,20130201,20111201,20130401,20130601,20140401,20140201,20100901,20100701,20121201,20140801,20100501,20140601,20100301,20150101,20100101,20110601,20131001,20110801,20131201,20110201,20110401,20120801,20111101,20141201,20141001,20120201,20120601,20120401,system:index,SOCstock100,rcasiteid
741.0,1343.0,1459.0,626.0,753.0,1036.0,1065.0,778.0,718.0,1272.0,1189.0,848.0,790.0,1301.0,744.0,1420.0,1278.0,944.0,925.0,770.0,1307.0,704.0,751.0,1033.0,1138.0,751.0,684.0,619.0,1347.0,898.0,670.0,1529.0,1050.0,686.0,644.0,817.0,1335.0,831.0,557.0,1351.0,1264.0,669.0,1489.0,963.0,1224.0,740.0,798.0,786.0,1170.0,978.0,1330.0,598.0,550.0,711.0,1322.0,703.0,729.0,1228.0,638.0,1160.0,851.0,00000000000000000000,100.113941479444,A0108P92
747.0,1259.0,1393.0,587.0,752.0,984.0,996.0,787.0,674.0,1233.0,1143.0,862.0,750.0,1232.0,751.0,1359.0,1219.0,934.0,863.0,746.0,1253.0,695.0,752.0,1035.0,1080.0,736.0,675.0,598.0,1307.0,845.0,672.0,1470.0,1038.0,677.0,623.0,796.0,1248.0,786.0,578.0,1325.0,1202.0,682.0,1440.0,909.0,1141.0,722.0,766.0,756.0,1116.0,944.0,1298.0,577.0,538.0,675.0,1278.0,686.0,735.0,1210.0,622.0,1110.0,834.0,00000000000000000001,242.002573229696,A0116P90
758.0,1273.0,1406.0,595.0,762.0,997.0,1010.0,799.0,683.0,1247.0,1154.0,873.0,759.0,1246.0,762.0,1373.0,1233.0,947.0,874.0,758.0,1266.0,704.0,762.0,1048.0,1093.0,747.0,685.0,606.0,1319.0,858.0,680.0,1483.0,1050.0,689.0,630.0,806.0,1259.0,796.0,589.0,1338.0,1216.0,690.0,1454.0,920.0,1155.0,732.0,775.0,765.0,1128.0,957.0,1313.0,585.0,549.0,683.0,1293.0,697.0,743.0,1224.0,633.0,1122.0,842.0,00000000000000000002,293.079581161858,A0116P94
451.0,968.0,1004.0,349.0,471.0,732.0,682.0,481.0,381.0,933.0,919.0,577.0,517.0,816.0,468.0,1062.0,698.0,613.0,691.0,451.0,1003.0,391.0,502.0,702.0,651.0,441.0,522.0,349.0,1124.0,558.0,400.0,1086.0,714.0,433.0,378.0,487.0,919.0,487.0,295.0,909.0,951.0,410.0,1092.0,630.0,778.0,481.0,422.0,422.0,889.0,583.0,917.0,345.0,315.0,472.0,832.0,393.0,465.0,728.0,398.0,864.0,626.0,00000000000000000003,69.735243895192,A0116X97
377.0,684.0,808.0,289.0,388.0,600.0,508.0,388.0,318.0,674.0,795.0,491.0,419.0,615.0,400.0,820.0,565.0,499.0,544.0,361.0,758.0,350.0,413.0,591.0,503.0,361.0,404.0,301.0,925.0,449.0,321.0,861.0,591.0,354.0,289.0,420.0,791.0,394.0,254.0,761.0,716.0,341.0,834.0,523.0,630.0,379.0,384.0,393.0,757.0,467.0,695.0,253.0,253.0,368.0,635.0,319.0,377.0,644.0,323.0,747.0,530.0,00000000000000000004,116.996856229881,A0120R93
396.0,929.0,774.0,333.0,483.0,536.0,542.0,499.0,436.0,993.0,518.0,462.0,372.0,875.0,410.0,951.0,783.0,569.0,418.0,462.0,865.0,374.0,434.0,525.0,834.0,453.0,399.0,407.0,851.0,537.0,446.0,963.0,565.0,345.0,333.0,463.0,627.0,476.0,458.0,776.0,963.0,402.0,909.0,405.0,610.0,405.0,458.0,427.0,516.0,457.0,1052.0,360.0,325.0,440.0,1034.0,394.0,456.0,631.0,390.0,588.0,444.0,00000000000000000005,29.3874374690865,A0201F96
382.0,816.0,668.0,316.0,505.0,622.0,625.0,557.0,429.0,661.0,552.0,465.0,389.0,827.0,412.0,874.0,683.0,575.0,423.0,459.0,689.0,369.0,435.0,518.0,765.0,490.0,413.0,379.0,668.0,567.0,448.0,680.0,551.0,339.0,296.0,540.0,713.0,558.0,478.0,615.0,743.0,416.0,768.0,417.0,723.0,413.0,421.0,395.0,560.0,460.0,700.0,333.0,326.0,459.0,798.0,373.0,474.0,623.0,393.0,615.0,477.0,00000000000000000006,40.2226513313854,A0201F99
775.0,1441.0,1378.0,640.0,916.0,1196.0,1244.0,1007.0,786.0,1389.0,1130.0,862.0,818.0,1577.0,776.0,1539.0,1327.0,1136.0,1009.0,875.0,1358.0,723.0,860.0,1031.0,1516.0,887.0,808.0,720.0,1308.0,1125.0,762.0,1385.0,1096.0,681.0,597.0,983.0,1318.0,1015.0,865.0,1299.0,1397.0,732.0,1472.0,955.0,1344.0,831.0,786.0,747.0,1152.0,987.0,1396.0,661.0,679.0,952.0,1556.0,752.0,788.0,1232.0,747.0,1225.0,911.0,00000000000000000007,71.3064612644003,A0204P96
891.0,1416.0,1295.0,754.0,1054.0,1134.0,1139.0,1103.0,928.0,1285.0,1119.0,1010.0,865.0,1482.0,926.0,1484.0,1289.0,1130.0,904.0,978.0,1293.0,823.0,931.0,1068.0,1383.0,1063.0,908.0,852.0,1277.0,1044.0,923.0,1317.0,1107.0,832.0,709.0,1018.0,1272.0,1035.0,999.0,1249.0,1375.0,891.0,1485.0,908.0,1284.0,906.0,903.0,891.0,1115.0,1001.0,1313.0,759.0,790.0,906.0,1454.0,855.0,964.0,1234.0,900.0,1169.0,952.0,00000000000000000008,21.4537731592135,A0208P94
711.0,1365.0,1293.0,588.0,874.0,1146.0,1194.0,959.0,739.0,1306.0,1054.0,806.0,748.0,1498.0,725.0,1458.0,1242.0,1057.0,928.0,815.0,1266.0,670.0,806.0,949.0,1437.0,828.0,756.0,673.0,1218.0,1072.0,717.0,1292.0,1011.0,628.0,546.0,931.0,1270.0,958.0,815.0,1212.0,1329.0,682.0,1376.0,878.0,1291.0,777.0,737.0,699.0,1077.0,900.0,1311.0,607.0,621.0,887.0,1473.0,688.0,740.0,1157.0,696.0,1164.0,853.0,00000000000000000009,74.8869858592311,A0209P89
532.0,1032.0,954.0,445.0,672.0,857.0,892.0,734.0,568.0,976.0,785.0,610.0,557.0,1111.0,551.0,1098.0,921.0,776.0,672.0,610.0,937.0,502.0,607.0,693.0,1071.0,624.0,577.0,512.0,905.0,799.0,557.0,959.0,735.0,476.0,412.0,708.0,954.0,724.0,623.0,892.0,1007.0,530.0,1022.0,644.0,971.0,588.0,559.0,533.0,797.0,655.0,976.0,460.0,465.0,655.0,1108.0,511.0,577.0,849.0,532.0,870.0,641.0,0000000000000000000b,24.1491694232448,A0210R87
895.0,1340.0,1279.0,761.0,1069.0,1164.0,1133.0,1082.0,926.0,1287.0,1117.0,1005.0,876.0,1513.0,920.0,1416.0,1229.0,1111.0,924.0,966.0,1260.0,826.0,926.0,1049.0,1342.0,1083.0,901.0,861.0,1242.0,1028.0,908.0,1276.0,1078.0,841.0,722.0,1001.0,1257.0,1016.0,968.0,1244.0,1367.0,925.0,1508.0,925.0,1267.0,909.0,908.0,891.0,1114.0,990.0,1264.0,770.0,793.0,907.0,1396.0,848.0,946.0,1277.0,892.0,1167.0,949.0,0000000000000000000c,57.107740782807,A0215P99
879.0,1462.0,1294.0,753.0,1051.0,1152.0,1149.0,1110.0,953.0,1325.0,1106.0,986.0,877.0,1500.0,914.0,1542.0,1304.0,1122.0,942.0,970.0,1347.0,824.0,949.0,1064.0,1379.0,1047.0,919.0,856.0,1320.0,1059.0,922.0,1351.0,1102.0,815.0,715.0,1028.0,1268.0,1069.0,1013.0,1233.0,1371.0,866.0,1513.0,924.0,1294.0,912.0,927.0,889.0,1134.0,1002.0,1360.0,760.0,794.0,946.0,1461.0,850.0,971.0,1228.0,893.0,1168.0,966.0,0000000000000000000d,41.2390055403051,A0216P99
604.0,934.0,1032.0,476.0,603.0,776.0,768.0,642.0,525.0,831.0,937.0,730.0,573.0,818.0,644.0,1085.0,824.0,686.0,652.0,565.0,977.0,585.0,609.0,790.0,726.0,574.0,538.0,516.0,1098.0,631.0,561.0,1089.0,762.0,573.0,470.0,636.0,989.0,616.0,493.0,1003.0,920.0,561.0,1046.0,703.0,859.0,579.0,627.0,634.0,895.0,666.0,931.0,429.0,432.0,509.0,920.0,535.0,615.0,894.0,513.0,902.0,704.0,0000000000000000000e,256.531805975518,A0218R94
859.0,1352.0,1270.0,734.0,1008.0,1116.0,1139.0,1105.0,922.0,1179.0,1070.0,980.0,882.0,1425.0,912.0,1444.0,1284.0,1147.0,911.0,956.0,1239.0,827.0,937.0,1095.0,1330.0,1030.0,892.0,810.0,1215.0,1037.0,935.0,1251.0,1123.0,781.0,694.0,1040.0,1229.0,1068.0,1003.0,1192.0,1227.0,859.0,1385.0,907.0,1244.0,883.0,909.0,880.0,1090.0,1019.0,1231.0,744.0,764.0,935.0,1337.0,845.0,989.0,1206.0,860.0,1111.0,964.0,0000000000000000000f,61.4977526955476,A0219P96
383.0,645.0,766.0,294.0,434.0,573.0,534.0,449.0,348.0,630.0,653.0,485.0,309.0,698.0,429.0,799.0,569.0,482.0,426.0,364.0,680.0,389.0,412.0,545.0,519.0,436.0,349.0,325.0,770.0,395.0,367.0,770.0,551.0,366.0,283.0,416.0,706.0,407.0,331.0,725.0,598.0,384.0,696.0,388.0,599.0,375.0,422.0,413.0,614.0,443.0,625.0,265.0,267.0,322.0,652.0,327.0,413.0,653.0,335.0,620.0,460.0,00000000000000000011,697.895937083928,A0220R98
325.0,718.0,574.0,270.0,435.0,551.0,548.0,477.0,374.0,577.0,471.0,400.0,328.0,736.0,350.0,773.0,587.0,495.0,359.0,394.0,601.0,316.0,370.0,442.0,667.0,426.0,349.0,328.0,578.0,493.0,386.0,589.0,473.0,286.0,253.0,465.0,628.0,484.0,409.0,527.0,653.0,360.0,681.0,353.0,639.0,349.0,365.0,340.0,482.0,390.0,612.0,286.0,275.0,394.0,698.0,316.0,411.0,546.0,334.0,535.0,409.0,00000000000000000012,2.02756751906708,A0220R99
479.0,765.0,929.0,387.0,500.0,635.0,613.0,541.0,428.0,706.0,794.0,609.0,458.0,702.0,554.0,906.0,701.0,572.0,527.0,439.0,809.0,490.0,519.0,688.0,592.0,451.0,448.0,418.0,931.0,485.0,457.0,933.0,657.0,479.0,365.0,510.0,834.0,487.0,393.0,896.0,754.0,458.0,887.0,559.0,689.0,479.0,542.0,540.0,741.0,551.0,779.0,324.0,329.0,385.0,768.0,409.0,509.0,784.0,425.0,752.0,593.0,00000000000000000013,28.7678293838082,A0305R90
364.0,617.0,758.0,282.0,425.0,559.0,515.0,437.0,337.0,602.0,626.0,472.0,284.0,701.0,417.0,783.0,544.0,465.0,397.0,346.0,653.0,380.0,398.0,531.0,493.0,427.0,331.0,311.0,746.0,370.0,348.0,752.0,546.0,350.0,262.0,398.0,681.0,390.0,318.0,711.0,554.0,370.0,673.0,349.0,570.0,358.0,414.0,402.0,586.0,418.0,591.0,249.0,254.0,299.0,633.0,306.0,402.0,654.0,319.0,591.0,445.0,00000000000000000014,39.9362236072813,A0305R92
433.0,705.0,900.0,338.0,490.0,635.0,576.0,503.0,389.0,708.0,737.0,563.0,334.0,776.0,502.0,876.0,649.0,537.0,465.0,401.0,750.0,443.0,464.0,639.0,554.0,491.0,396.0,371.0,870.0,426.0,414.0,889.0,625.0,426.0,318.0,465.0,792.0,450.0,362.0,857.0,669.0,434.0,787.0,437.0,644.0,427.0,482.0,473.0,684.0,502.0,713.0,288.0,292.0,341.0,726.0,363.0,467.0,742.0,380.0,693.0,531.0,00000000000000000015,20.1301033251195,A0305R94
487.0,769.0,904.0,405.0,520.0,675.0,623.0,543.0,444.0,701.0,795.0,614.0,469.0,776.0,573.0,891.0,699.0,589.0,557.0,451.0,816.0,502.0,534.0,680.0,624.0,505.0,477.0,434.0,929.0,509.0,459.0,936.0,662.0,504.0,383.0,514.0,813.0,487.0,407.0,885.0,769.0,474.0,852.0,576.0,685.0,487.0,540.0,511.0,749.0,553.0,793.0,336.0,368.0,415.0,775.0,424.0,507.0,759.0,447.0,749.0,587.0,00000000000000000016,31.6152711537807,A0305R97
489.0,780.0,954.0,396.0,526.0,681.0,627.0,552.0,438.0,720.0,808.0,622.0,460.0,775.0,572.0,914.0,722.0,587.0,540.0,448.0,824.0,501.0,530.0,705.0,612.0,511.0,463.0,419.0,955.0,497.0,457.0,965.0,683.0,496.0,372.0,521.0,841.0,491.0,399.0,921.0,769.0,478.0,809.0,556.0,703.0,495.0,554.0,517.0,755.0,566.0,805.0,330.0,350.0,394.0,794.0,417.0,518.0,785.0,441.0,766.0,605.0,00000000000000000017,5.43774298133083,A0306R88
440.0,697.0,809.0,362.0,467.0,609.0,566.0,488.0,398.0,652.0,732.0,557.0,430.0,654.0,514.0,806.0,621.0,528.0,507.0,407.0,740.0,452.0,478.0,614.0,547.0,437.0,426.0,387.0,845.0,464.0,411.0,839.0,597.0,454.0,344.0,472.0,750.0,447.0,364.0,790.0,696.0,420.0,754.0,524.0,632.0,437.0,489.0,474.0,689.0,496.0,707.0,304.0,328.0,377.0,691.0,381.0,459.0,682.0,404.0,691.0,541.0,00000000000000000018,4.8360281481923,A0306R91
488.0,777.0,954.0,395.0,522.0,676.0,624.0,549.0,437.0,720.0,805.0,622.0,457.0,772.0,568.0,912.0,721.0,585.0,537.0,447.0,821.0,500.0,527.0,704.0,610.0,508.0,459.0,418.0,951.0,494.0,456.0,964.0,680.0,492.0,370.0,520.0,839.0,490.0,396.0,921.0,766.0,476.0,816.0,554.0,699.0,491.0,552.0,518.0,752.0,564.0,803.0,329.0,346.0,392.0,792.0,416.0,517.0,785.0,438.0,763.0,604.0,00000000000000000019,7.4949981951671,A0306R92
438.0,700.0,830.0,363.0,466.0,606.0,559.0,490.0,398.0,622.0,729.0,555.0,427.0,721.0,519.0,817.0,636.0,533.0,505.0,405.0,752.0,452.0,482.0,619.0,559.0,455.0,430.0,390.0,860.0,459.0,414.0,862.0,602.0,456.0,344.0,469.0,746.0,444.0,366.0,812.0,707.0,438.0,807.0,522.0,625.0,438.0,487.0,461.0,686.0,499.0,726.0,307.0,330.0,376.0,709.0,380.0,460.0,700.0,409.0,686.0,543.0,0000000000000000001a,8.89454009989982,A0306R93
452.0,723.0,896.0,372.0,501.0,638.0,574.0,512.0,410.0,689.0,756.0,584.0,399.0,787.0,537.0,860.0,665.0,557.0,504.0,415.0,778.0,469.0,502.0,655.0,578.0,495.0,444.0,401.0,905.0,452.0,429.0,914.0,636.0,471.0,352.0,484.0,776.0,459.0,373.0,875.0,725.0,454.0,839.0,497.0,632.0,453.0,507.0,483.0,704.0,517.0,754.0,307.0,334.0,377.0,734.0,386.0,480.0,738.0,415.0,704.0,564.0,0000000000000000001b,3.26743189649091,A0306R96
414.0,656.0,760.0,338.0,434.0,568.0,534.0,459.0,373.0,610.0,698.0,528.0,407.0,594.0,481.0,759.0,578.0,495.0,481.0,382.0,698.0,425.0,451.0,578.0,503.0,390.0,399.0,364.0,801.0,439.0,385.0,788.0,561.0,428.0,324.0,449.0,714.0,424.0,340.0,743.0,656.0,393.0,755.0,499.0,599.0,409.0,461.0,461.0,656.0,462.0,658.0,290.0,305.0,357.0,642.0,357.0,436.0,653.0,384.0,657.0,516.0,0000000000000000001c,21.0643131554456,A0306R99
366.0,949.0,834.0,254.0,436.0,566.0,555.0,461.0,357.0,985.0,620.0,465.0,425.0,894.0,369.0,968.0,801.0,571.0,457.0,461.0,907.0,292.0,424.0,544.0,780.0,414.0,376.0,350.0,897.0,562.0,457.0,990.0,605.0,294.0,306.0,456.0,715.0,468.0,399.0,828.0,963.0,366.0,902.0,430.0,659.0,370.0,413.0,374.0,597.0,428.0,1092.0,321.0,244.0,468.0,1017.0,402.0,457.0,658.0,335.0,680.0,495.0,0000000000000000001d,8.95835151367399,A0801F97
689.0,1691.0,1536.0,600.0,795.0,897.0,882.0,836.0,713.0,1864.0,957.0,797.0,676.0,1644.0,708.0,1763.0,1529.0,1009.0,764.0,816.0,1663.0,635.0,763.0,970.0,1558.0,763.0,692.0,698.0,1614.0,874.0,727.0,1863.0,1018.0,613.0,591.0,769.0,1081.0,779.0,787.0,1540.0,1735.0,675.0,1777.0,733.0,1067.0,706.0,754.0,726.0,947.0,877.0,1993.0,638.0,580.0,781.0,1944.0,721.0,729.0,1101.0,670.0,1044.0,757.0,0000000000000000001e,14.6636248707313,A0801R97
538.0,1557.0,1478.0,476.0,540.0,695.0,697.0,525.0,464.0,1752.0,1157.0,679.0,553.0,1497.0,483.0,1619.0,1417.0,948.0,698.0,615.0,1745.0,421.0,586.0,913.0,1370.0,559.0,529.0,532.0,1595.0,793.0,540.0,1781.0,953.0,456.0,463.0,544.0,1210.0,576.0,569.0,1487.0,1573.0,522.0,1681.0,681.0,1118.0,459.0,495.0,471.0,1176.0,881.0,1894.0,470.0,375.0,670.0,1792.0,598.0,597.0,1010.0,505.0,1188.0,668.0,0000000000000000001f,47.2918484666384,A0806R89
473.0,1819.0,1421.0,305.0,352.0,1033.0,997.0,356.0,200.0,2095.0,1643.0,499.0,723.0,1329.0,220.0,1690.0,1095.0,620.0,982.0,433.0,2314.0,211.0,428.0,742.0,854.0,358.0,712.0,340.0,2011.0,1028.0,257.0,1932.0,768.0,289.0,380.0,556.0,1544.0,593.0,170.0,1232.0,2070.0,358.0,1935.0,948.0,1574.0,538.0,352.0,258.0,1551.0,744.0,1881.0,224.0,279.0,656.0,1556.0,426.0,425.0,725.0,349.0,1507.0,722.0,00000000000000000020,354.801876256166,A1011X98
640.0,1992.0,1449.0,487.0,452.0,1304.0,1234.0,414.0,271.0,2074.0,1975.0,582.0,912.0,1424.0,376.0,1661.0,1397.0,933.0,1396.0,588.0,2201.0,316.0,555.0,900.0,1366.0,526.0,881.0,472.0,2014.0,1273.0,377.0,1851.0,811.0,393.0,553.0,823.0,1764.0,723.0,254.0,1305.0,2149.0,630.0,2010.0,1393.0,1856.0,652.0,349.0,380.0,1781.0,1078.0,1918.0,407.0,386.0,887.0,1717.0,765.0,519.0,976.0,490.0,1436.0,784.0,00000000000000000021,145.182283924746,A1107P95
985.0,2716.0,2007.0,764.0,757.0,1688.0,1670.0,769.0,590.0,2554.0,2352.0,859.0,1156.0,2141.0,604.0,2343.0,2274.0,1443.0,1912.0,886.0,2645.0,599.0,904.0,1352.0,2032.0,857.0,1168.0,725.0,2582.0,1962.0,584.0,2459.0,1312.0,659.0,855.0,1195.0,2329.0,1135.0,613.0,1903.0,2502.0,901.0,2421.0,1823.0,2284.0,943.0,618.0,620.0,2213.0,1541.0,2408.0,818.0,717.0,1358.0,2406.0,1131.0,824.0,1435.0,747.0,2011.0,1113.0,00000000000000000022,3476.04564659964,A1405F98
937.0,2664.0,1950.0,726.0,713.0,1638.0,1622.0,729.0,551.0,2510.0,2312.0,808.0,1115.0,2080.0,566.0,2295.0,2206.0,1381.0,1860.0,835.0,2601.0,560.0,856.0,1293.0,1972.0,802.0,1113.0,684.0,2533.0,1910.0,538.0,2412.0,1253.0,619.0,801.0,1159.0,2283.0,1094.0,576.0,1844.0,2453.0,847.0,2382.0,1772.0,2244.0,894.0,579.0,585.0,2173.0,1483.0,2359.0,769.0,677.0,1315.0,2356.0,1075.0,770.0,1374.0,706.0,1966.0,1073.0,00000000000000000023,957.265556418321,A1406W90
968.0,2700.0,1974.0,745.0,735.0,1664.0,1640.0,745.0,572.0,2522.0,2327.0,842.0,1152.0,2111.0,585.0,2326.0,2259.0,1431.0,1888.0,871.0,2616.0,577.0,878.0,1337.0,2014.0,842.0,1143.0,706.0,2557.0,1937.0,569.0,2435.0,1299.0,641.0,840.0,1182.0,2312.0,1118.0,594.0,1882.0,2474.0,887.0,2396.0,1791.0,2257.0,922.0,596.0,601.0,2193.0,1526.0,2392.0,803.0,693.0,1351.0,2401.0,1113.0,803.0,1422.0,726.0,1995.0,1093.0,00000000000000000024,206.718227721797,A1408F93
986.0,2692.0,2205.0,934.0,862.0,1951.0,1959.0,929.0,634.0,2793.0,2711.0,954.0,1445.0,2166.0,675.0,2494.0,1948.0,1445.0,1953.0,1070.0,2959.0,629.0,1080.0,1271.0,2057.0,827.0,1517.0,797.0,2704.0,2104.0,609.0,2591.0,1222.0,853.0,899.0,1458.0,2543.0,1426.0,772.0,2035.0,2907.0,938.0,2698.0,2151.0,2593.0,995.0,742.0,656.0,2551.0,1577.0,2565.0,876.0,842.0,1494.0,2371.0,1132.0,885.0,1401.0,970.0,2272.0,1465.0,00000000000000000026,47.5241237708157,A1611F58
687.0,2069.0,1657.0,478.0,541.0,1557.0,1455.0,522.0,342.0,2323.0,2281.0,697.0,1057.0,1603.0,408.0,1920.0,1379.0,1003.0,1499.0,623.0,2607.0,361.0,673.0,971.0,1395.0,553.0,1088.0,478.0,2165.0,1520.0,447.0,2060.0,933.0,473.0,571.0,908.0,2052.0,861.0,333.0,1576.0,2453.0,615.0,2254.0,1498.0,2195.0,721.0,442.0,390.0,2138.0,1119.0,2080.0,428.0,494.0,983.0,1713.0,761.0,562.0,1053.0,538.0,1874.0,995.0,00000000000000000027,50.7923034656408,A1611F63
982.0,2681.0,2197.0,931.0,855.0,1936.0,1946.0,922.0,631.0,2780.0,2696.0,950.0,1433.0,2157.0,669.0,2483.0,1939.0,1437.0,1938.0,1067.0,2945.0,626.0,1073.0,1264.0,2049.0,821.0,1506.0,793.0,2692.0,2090.0,602.0,2578.0,1215.0,846.0,891.0,1447.0,2528.0,1414.0,767.0,2026.0,2894.0,928.0,2684.0,2139.0,2579.0,986.0,739.0,652.0,2538.0,1568.0,2553.0,869.0,835.0,1482.0,2360.0,1127.0,879.0,1393.0,962.0,2259.0,1453.0,00000000000000000028,55.3414351264351,A1611F66
868.0,2376.0,1895.0,648.0,732.0,1876.0,1762.0,709.0,492.0,2555.0,2577.0,858.0,1294.0,1828.0,566.0,2179.0,1647.0,1222.0,1835.0,804.0,2859.0,511.0,878.0,1182.0,1685.0,734.0,1358.0,635.0,2430.0,1845.0,588.0,2329.0,1113.0,638.0,740.0,1178.0,2333.0,1119.0,498.0,1775.0,2708.0,790.0,2517.0,1841.0,2468.0,925.0,585.0,549.0,2402.0,1354.0,2330.0,600.0,659.0,1261.0,1978.0,972.0,709.0,1276.0,706.0,2110.0,1235.0,00000000000000000029,71.2696244588806,A1611F81
729.0,2131.0,1707.0,526.0,581.0,1632.0,1528.0,562.0,382.0,2332.0,2346.0,729.0,1109.0,1645.0,439.0,1960.0,1444.0,1056.0,1585.0,671.0,2639.0,401.0,721.0,1018.0,1472.0,595.0,1127.0,517.0,2197.0,1604.0,479.0,2102.0,962.0,512.0,619.0,974.0,2109.0,927.0,375.0,1607.0,2487.0,658.0,2286.0,1595.0,2251.0,767.0,469.0,431.0,2185.0,1178.0,2111.0,479.0,530.0,1055.0,1744.0,825.0,591.0,1112.0,575.0,1918.0,1046.0,0000000000000000002a,52.502486262211,A1611F85
823.0,1320.0,1466.0,667.0,814.0,1043.0,1068.0,854.0,749.0,1284.0,1193.0,936.0,811.0,1299.0,816.0,1424.0,1289.0,993.0,915.0,818.0,1305.0,769.0,814.0,1099.0,1146.0,808.0,734.0,677.0,1349.0,905.0,754.0,1518.0,1094.0,746.0,696.0,861.0,1318.0,856.0,646.0,1392.0,1256.0,754.0,1493.0,969.0,1219.0,784.0,847.0,831.0,1173.0,1008.0,1347.0,649.0,606.0,736.0,1337.0,762.0,817.0,1282.0,696.0,1164.0,891.0,0000000000000000002b,3805.80164245805,C0101F01
790.0,1322.0,1477.0,630.0,785.0,1045.0,1050.0,824.0,722.0,1293.0,1188.0,897.0,796.0,1309.0,787.0,1415.0,1286.0,987.0,917.0,790.0,1307.0,729.0,792.0,1081.0,1145.0,780.0,712.0,633.0,1359.0,898.0,709.0,1537.0,1095.0,715.0,664.0,838.0,1309.0,834.0,607.0,1387.0,1257.0,713.0,1507.0,959.0,1201.0,762.0,815.0,798.0,1166.0,1003.0,1348.0,622.0,574.0,722.0,1334.0,728.0,771.0,1269.0,662.0,1157.0,876.0,0000000000000000002c,3853.56025572687,C0101W01
881.0,1366.0,1531.0,735.0,854.0,1092.0,1131.0,909.0,825.0,1315.0,1224.0,999.0,857.0,1373.0,866.0,1473.0,1363.0,1048.0,957.0,878.0,1338.0,838.0,861.0,1155.0,1208.0,875.0,781.0,746.0,1374.0,952.0,815.0,1565.0,1150.0,803.0,761.0,907.0,1363.0,920.0,696.0,1452.0,1295.0,806.0,1545.0,1012.0,1267.0,831.0,924.0,907.0,1202.0,1067.0,1397.0,717.0,658.0,777.0,1392.0,833.0,883.0,1347.0,746.0,1190.0,939.0,0000000000000000002e,1697.6828951314,C0101W05
376.0,943.0,942.0,281.0,375.0,641.0,629.0,411.0,325.0,858.0,835.0,504.0,452.0,740.0,354.0,963.0,577.0,522.0,622.0,388.0,941.0,313.0,411.0,611.0,519.0,353.0,457.0,289.0,985.0,467.0,301.0,1007.0,657.0,346.0,317.0,402.0,845.0,427.0,191.0,811.0,866.0,314.0,1041.0,543.0,717.0,422.0,349.0,325.0,803.0,499.0,826.0,264.0,224.0,416.0,709.0,319.0,389.0,631.0,323.0,781.0,549.0,0000000000000000002f,719.421015383315,C0101W06
782.0,1318.0,1479.0,635.0,776.0,1048.0,1051.0,810.0,726.0,1278.0,1178.0,885.0,799.0,1304.0,778.0,1406.0,1270.0,968.0,918.0,784.0,1289.0,726.0,786.0,1064.0,1133.0,774.0,705.0,641.0,1340.0,893.0,702.0,1526.0,1079.0,705.0,667.0,830.0,1311.0,837.0,592.0,1369.0,1245.0,702.0,1491.0,958.0,1197.0,755.0,819.0,798.0,1153.0,995.0,1329.0,620.0,567.0,723.0,1314.0,723.0,764.0,1253.0,656.0,1142.0,874.0,00000000000000000030,1520.84902158943,C0101W07
892.0,1353.0,1536.0,726.0,871.0,1101.0,1131.0,922.0,798.0,1320.0,1239.0,1015.0,866.0,1358.0,877.0,1472.0,1356.0,1072.0,960.0,879.0,1341.0,830.0,871.0,1177.0,1216.0,879.0,790.0,747.0,1394.0,960.0,824.0,1561.0,1164.0,813.0,750.0,927.0,1357.0,926.0,715.0,1469.0,1291.0,816.0,1538.0,1023.0,1261.0,840.0,901.0,891.0,1219.0,1082.0,1402.0,708.0,672.0,795.0,1394.0,838.0,886.0,1355.0,753.0,1211.0,959.0,00000000000000000031,3471.12872077236,C0101W08
890.0,1359.0,1536.0,734.0,871.0,1099.0,1129.0,922.0,808.0,1324.0,1238.0,1012.0,866.0,1364.0,874.0,1472.0,1359.0,1072.0,960.0,880.0,1343.0,837.0,871.0,1174.0,1218.0,880.0,791.0,752.0,1391.0,960.0,824.0,1563.0,1165.0,814.0,755.0,924.0,1359.0,925.0,712.0,1466.0,1294.0,815.0,1543.0,1023.0,1264.0,841.0,911.0,898.0,1217.0,1083.0,1404.0,711.0,673.0,793.0,1399.0,838.0,888.0,1357.0,754.0,1207.0,955.0,00000000000000000033,1081.66809267881,C0101W10
655.0,1083.0,1235.0,480.0,666.0,911.0,825.0,666.0,529.0,1090.0,1130.0,782.0,689.0,1031.0,674.0,1204.0,1001.0,816.0,841.0,625.0,1144.0,563.0,686.0,917.0,914.0,633.0,643.0,487.0,1298.0,755.0,554.0,1318.0,923.0,604.0,505.0,704.0,1142.0,671.0,483.0,1186.0,1093.0,579.0,1278.0,840.0,980.0,644.0,622.0,636.0,1072.0,791.0,1132.0,457.0,468.0,609.0,1097.0,574.0,621.0,1019.0,557.0,1075.0,809.0,00000000000000000034,35.1827171137313,C0102C01
526.0,890.0,988.0,400.0,554.0,778.0,695.0,554.0,442.0,873.0,958.0,649.0,574.0,811.0,571.0,1021.0,750.0,637.0,712.0,506.0,961.0,487.0,578.0,734.0,677.0,507.0,561.0,421.0,1099.0,615.0,451.0,1047.0,734.0,511.0,411.0,575.0,949.0,561.0,388.0,943.0,910.0,475.0,1028.0,689.0,798.0,544.0,522.0,523.0,911.0,600.0,889.0,365.0,387.0,515.0,836.0,459.0,523.0,796.0,471.0,905.0,696.0,00000000000000000035,39.6061368550564,C0102C02
611.0,1082.0,1220.0,443.0,633.0,852.0,791.0,631.0,506.0,1069.0,1059.0,729.0,636.0,1023.0,632.0,1178.0,989.0,770.0,768.0,589.0,1108.0,535.0,643.0,861.0,888.0,589.0,583.0,453.0,1235.0,700.0,525.0,1311.0,877.0,562.0,475.0,657.0,1111.0,629.0,445.0,1148.0,1061.0,540.0,1269.0,778.0,947.0,603.0,599.0,607.0,1003.0,760.0,1117.0,423.0,425.0,560.0,1086.0,536.0,591.0,994.0,514.0,1008.0,743.0,00000000000000000036,19.4781309781455,C0102C04
585.0,983.0,1101.0,443.0,597.0,855.0,775.0,611.0,487.0,968.0,1057.0,719.0,628.0,883.0,622.0,1120.0,846.0,708.0,783.0,550.0,1053.0,538.0,629.0,811.0,765.0,557.0,598.0,465.0,1219.0,689.0,503.0,1180.0,811.0,560.0,445.0,644.0,1055.0,613.0,434.0,1064.0,996.0,519.0,1141.0,766.0,885.0,579.0,582.0,584.0,1004.0,670.0,1000.0,393.0,417.0,558.0,957.0,506.0,572.0,873.0,505.0,996.0,767.0,00000000000000000037,48.6887768504508,C0102C05
691.0,1118.0,1277.0,510.0,708.0,956.0,872.0,716.0,560.0,1121.0,1161.0,833.0,721.0,1059.0,718.0,1248.0,1045.0,857.0,874.0,653.0,1192.0,610.0,729.0,969.0,951.0,660.0,676.0,528.0,1336.0,797.0,596.0,1369.0,965.0,645.0,533.0,749.0,1185.0,711.0,528.0,1240.0,1126.0,617.0,1315.0,875.0,1017.0,680.0,666.0,677.0,1116.0,836.0,1180.0,487.0,499.0,646.0,1140.0,608.0,668.0,1070.0,593.0,1109.0,852.0,00000000000000000038,10.1400204440647,C0102P01
457.0,1013.0,1008.0,346.0,476.0,751.0,712.0,495.0,380.0,943.0,949.0,588.0,528.0,830.0,464.0,1089.0,704.0,618.0,713.0,461.0,1037.0,386.0,508.0,700.0,651.0,447.0,534.0,348.0,1138.0,573.0,387.0,1084.0,721.0,436.0,373.0,494.0,949.0,498.0,289.0,914.0,984.0,402.0,1105.0,647.0,812.0,491.0,418.0,407.0,919.0,587.0,922.0,336.0,314.0,487.0,834.0,400.0,457.0,721.0,405.0,888.0,636.0,00000000000000000039,38.2677427886284,C0102P02
484.0,940.0,1003.0,382.0,506.0,751.0,681.0,514.0,418.0,911.0,941.0,613.0,543.0,808.0,520.0,1041.0,714.0,632.0,710.0,474.0,986.0,440.0,537.0,725.0,660.0,471.0,545.0,393.0,1123.0,575.0,428.0,1079.0,743.0,480.0,408.0,515.0,931.0,515.0,339.0,923.0,935.0,447.0,1077.0,650.0,778.0,511.0,475.0,483.0,906.0,601.0,908.0,367.0,360.0,493.0,827.0,421.0,495.0,766.0,444.0,878.0,659.0,0000000000000000003a,121.064644935267,C0102P03
459.0,978.0,1017.0,359.0,479.0,741.0,686.0,490.0,395.0,943.0,934.0,585.0,526.0,827.0,477.0,1077.0,710.0,620.0,700.0,459.0,1016.0,405.0,510.0,711.0,664.0,449.0,531.0,363.0,1141.0,566.0,412.0,1104.0,725.0,443.0,390.0,496.0,934.0,496.0,304.0,926.0,964.0,423.0,1108.0,638.0,791.0,490.0,437.0,437.0,903.0,590.0,932.0,353.0,325.0,480.0,846.0,400.0,475.0,738.0,406.0,880.0,637.0,0000000000000000003b,23.2539912926829,C0102P04
641.0,1068.0,1211.0,470.0,655.0,884.0,804.0,660.0,524.0,1074.0,1092.0,768.0,669.0,1011.0,665.0,1182.0,991.0,800.0,807.0,611.0,1134.0,564.0,674.0,898.0,902.0,611.0,617.0,485.0,1264.0,733.0,550.0,1307.0,902.0,596.0,493.0,694.0,1117.0,659.0,483.0,1166.0,1073.0,571.0,1257.0,813.0,956.0,634.0,619.0,629.0,1037.0,774.0,1127.0,447.0,458.0,590.0,1091.0,561.0,612.0,1002.0,547.0,1037.0,786.0,0000000000000000003c,15.0068538816058,C0102R01
557.0,919.0,1040.0,423.0,584.0,812.0,725.0,591.0,469.0,905.0,996.0,692.0,601.0,847.0,604.0,1060.0,784.0,669.0,738.0,531.0,995.0,523.0,608.0,772.0,708.0,536.0,587.0,446.0,1139.0,639.0,483.0,1099.0,772.0,540.0,431.0,608.0,992.0,588.0,410.0,1000.0,939.0,507.0,1076.0,721.0,829.0,573.0,559.0,565.0,946.0,629.0,926.0,385.0,409.0,532.0,872.0,484.0,562.0,843.0,495.0,936.0,731.0,0000000000000000003d,22.4610900595727,C0102R02
610.0,1036.0,1171.0,445.0,626.0,844.0,771.0,631.0,505.0,1041.0,1044.0,733.0,633.0,980.0,636.0,1145.0,962.0,766.0,761.0,582.0,1095.0,542.0,643.0,863.0,869.0,582.0,584.0,459.0,1217.0,695.0,527.0,1271.0,862.0,566.0,469.0,663.0,1077.0,627.0,461.0,1128.0,1037.0,546.0,1223.0,774.0,921.0,604.0,595.0,605.0,991.0,743.0,1099.0,425.0,435.0,559.0,1062.0,534.0,588.0,968.0,519.0,991.0,746.0,0000000000000000003e,21.6561157460906,C0102R03
562.0,962.0,1118.0,429.0,579.0,844.0,746.0,587.0,468.0,952.0,1064.0,705.0,613.0,875.0,602.0,1116.0,831.0,702.0,772.0,534.0,1043.0,514.0,612.0,818.0,748.0,537.0,589.0,451.0,1233.0,662.0,480.0,1183.0,818.0,544.0,430.0,630.0,1062.0,592.0,410.0,1067.0,984.0,501.0,1141.0,750.0,876.0,565.0,565.0,567.0,1011.0,666.0,984.0,376.0,399.0,545.0,936.0,484.0,555.0,877.0,494.0,1006.0,764.0,0000000000000000003f,22.3658425650274,C0102R08
562.0,1004.0,1100.0,420.0,574.0,819.0,748.0,567.0,471.0,991.0,1033.0,672.0,609.0,927.0,581.0,1102.0,883.0,717.0,750.0,549.0,1037.0,492.0,593.0,804.0,815.0,551.0,563.0,427.0,1201.0,670.0,476.0,1185.0,820.0,520.0,447.0,609.0,1053.0,582.0,398.0,1039.0,1014.0,502.0,1158.0,741.0,907.0,563.0,541.0,555.0,977.0,697.0,1013.0,399.0,398.0,542.0,986.0,497.0,533.0,891.0,483.0,995.0,707.0,00000000000000000040,37.024118371385,C0102R12
612.0,1064.0,1194.0,443.0,622.0,865.0,794.0,622.0,500.0,1056.0,1079.0,728.0,645.0,996.0,628.0,1169.0,967.0,766.0,790.0,583.0,1099.0,530.0,642.0,863.0,881.0,593.0,598.0,453.0,1255.0,718.0,518.0,1275.0,873.0,561.0,475.0,651.0,1103.0,629.0,444.0,1129.0,1062.0,541.0,1240.0,787.0,951.0,603.0,590.0,600.0,1021.0,751.0,1094.0,421.0,430.0,568.0,1065.0,535.0,581.0,972.0,516.0,1034.0,753.0,00000000000000000041,15.1349858187251,C0102X02
619.0,1035.0,1161.0,455.0,629.0,849.0,787.0,644.0,509.0,1030.0,1049.0,748.0,638.0,970.0,645.0,1152.0,960.0,771.0,765.0,590.0,1098.0,554.0,649.0,868.0,866.0,593.0,590.0,472.0,1216.0,702.0,541.0,1262.0,861.0,573.0,475.0,675.0,1079.0,639.0,478.0,1128.0,1037.0,556.0,1213.0,781.0,929.0,605.0,604.0,614.0,998.0,747.0,1096.0,435.0,445.0,569.0,1062.0,545.0,601.0,969.0,523.0,996.0,756.0,00000000000000000042,37.8164852964933,C0103C05
516.0,873.0,1037.0,394.0,542.0,777.0,686.0,542.0,434.0,857.0,1002.0,649.0,566.0,797.0,557.0,1016.0,764.0,650.0,706.0,482.0,953.0,484.0,563.0,761.0,678.0,492.0,530.0,415.0,1134.0,610.0,448.0,1104.0,761.0,499.0,390.0,583.0,998.0,549.0,378.0,989.0,890.0,465.0,1049.0,699.0,810.0,510.0,536.0,534.0,938.0,615.0,899.0,345.0,362.0,493.0,855.0,436.0,511.0,834.0,448.0,934.0,703.0,00000000000000000043,78.9386251507411,C0103C07
628.0,1076.0,1218.0,484.0,663.0,935.0,825.0,644.0,527.0,1070.0,1191.0,769.0,705.0,995.0,663.0,1225.0,933.0,801.0,882.0,607.0,1152.0,561.0,689.0,918.0,871.0,607.0,682.0,496.0,1364.0,756.0,537.0,1279.0,929.0,601.0,502.0,701.0,1169.0,668.0,445.0,1156.0,1111.0,569.0,1243.0,846.0,976.0,646.0,615.0,619.0,1135.0,766.0,1086.0,455.0,459.0,639.0,1033.0,545.0,616.0,984.0,557.0,1137.0,855.0,00000000000000000044,24.0095500795253,C0103C08
861.0,1282.0,1431.0,679.0,833.0,1048.0,1081.0,885.0,739.0,1240.0,1196.0,985.0,830.0,1255.0,838.0,1400.0,1257.0,1027.0,914.0,837.0,1282.0,789.0,835.0,1131.0,1141.0,837.0,756.0,705.0,1345.0,918.0,784.0,1475.0,1104.0,771.0,696.0,897.0,1287.0,892.0,695.0,1388.0,1236.0,774.0,1447.0,976.0,1202.0,804.0,840.0,842.0,1168.0,1021.0,1331.0,654.0,636.0,762.0,1332.0,807.0,836.0,1271.0,718.0,1174.0,932.0,00000000000000000045,492.386540592771,C0103F03
771.0,1187.0,1327.0,617.0,745.0,957.0,980.0,790.0,681.0,1146.0,1086.0,880.0,746.0,1167.0,758.0,1296.0,1163.0,925.0,830.0,754.0,1178.0,709.0,749.0,1021.0,1041.0,754.0,674.0,635.0,1231.0,830.0,703.0,1369.0,1004.0,696.0,638.0,800.0,1190.0,797.0,615.0,1273.0,1132.0,702.0,1343.0,885.0,1104.0,719.0,769.0,763.0,1068.0,932.0,1226.0,601.0,571.0,683.0,1217.0,717.0,759.0,1168.0,643.0,1067.0,835.0,00000000000000000046,443.709628905834,C0103F04
543.0,943.0,1101.0,416.0,565.0,828.0,716.0,562.0,460.0,942.0,1049.0,685.0,597.0,868.0,584.0,1104.0,800.0,684.0,762.0,521.0,1030.0,495.0,596.0,803.0,721.0,521.0,590.0,436.0,1226.0,628.0,456.0,1157.0,807.0,519.0,422.0,594.0,1038.0,565.0,379.0,1038.0,976.0,488.0,1135.0,721.0,853.0,553.0,542.0,549.0,1004.0,648.0,959.0,373.0,381.0,533.0,886.0,466.0,535.0,869.0,479.0,992.0,742.0,00000000000000000047,78.0673912672072,C0103P01
597.0,1049.0,1181.0,442.0,619.0,823.0,770.0,628.0,503.0,1038.0,1012.0,718.0,612.0,994.0,624.0,1150.0,974.0,748.0,726.0,575.0,1080.0,536.0,630.0,847.0,864.0,577.0,563.0,452.0,1180.0,667.0,518.0,1276.0,844.0,552.0,469.0,645.0,1074.0,615.0,447.0,1124.0,1019.0,538.0,1238.0,752.0,926.0,589.0,594.0,604.0,956.0,742.0,1100.0,420.0,419.0,537.0,1069.0,528.0,587.0,984.0,504.0,964.0,718.0,00000000000000000048,27.4262376466684,C0103P02
621.0,1046.0,1162.0,460.0,634.0,846.0,795.0,652.0,511.0,1028.0,1037.0,756.0,632.0,972.0,647.0,1168.0,968.0,768.0,751.0,592.0,1096.0,559.0,647.0,870.0,866.0,601.0,583.0,478.0,1209.0,697.0,549.0,1266.0,855.0,570.0,479.0,679.0,1077.0,647.0,483.0,1133.0,1034.0,561.0,1224.0,776.0,936.0,605.0,609.0,619.0,988.0,746.0,1103.0,438.0,446.0,564.0,1073.0,553.0,611.0,976.0,523.0,989.0,752.0,00000000000000000049,6.65142855163573,C0103P03
564.0,905.0,992.0,421.0,560.0,741.0,717.0,585.0,459.0,861.0,900.0,676.0,552.0,816.0,572.0,1026.0,816.0,666.0,643.0,530.0,945.0,511.0,568.0,750.0,729.0,538.0,508.0,442.0,1044.0,607.0,503.0,1084.0,734.0,513.0,429.0,604.0,942.0,581.0,444.0,972.0,892.0,508.0,1047.0,678.0,825.0,532.0,555.0,555.0,862.0,646.0,944.0,393.0,396.0,500.0,930.0,503.0,553.0,850.0,471.0,871.0,664.0,0000000000000000004a,28.5883107146932,C0103P04
557.0,908.0,1004.0,414.0,553.0,756.0,711.0,578.0,455.0,869.0,923.0,672.0,555.0,822.0,575.0,1029.0,815.0,669.0,661.0,522.0,958.0,505.0,569.0,757.0,728.0,530.0,514.0,432.0,1067.0,617.0,490.0,1098.0,746.0,510.0,426.0,601.0,960.0,574.0,428.0,976.0,898.0,500.0,1060.0,691.0,827.0,525.0,551.0,551.0,884.0,650.0,946.0,383.0,394.0,501.0,924.0,486.0,546.0,853.0,463.0,886.0,671.0,0000000000000000004b,75.99383189082,C0103P05
547.0,901.0,983.0,405.0,542.0,744.0,701.0,567.0,448.0,865.0,909.0,658.0,547.0,814.0,561.0,1014.0,806.0,659.0,655.0,513.0,948.0,492.0,558.0,743.0,721.0,522.0,506.0,422.0,1051.0,611.0,480.0,1083.0,734.0,502.0,418.0,589.0,944.0,564.0,419.0,958.0,891.0,489.0,1047.0,682.0,813.0,516.0,536.0,536.0,873.0,641.0,938.0,381.0,386.0,494.0,912.0,479.0,533.0,836.0,453.0,874.0,658.0,0000000000000000004c,25.0445031030194,C0103R01
488.0,860.0,983.0,372.0,504.0,748.0,650.0,505.0,412.0,852.0,959.0,613.0,538.0,776.0,517.0,1004.0,726.0,616.0,686.0,468.0,937.0,444.0,533.0,723.0,654.0,469.0,522.0,392.0,1112.0,575.0,406.0,1048.0,723.0,462.0,374.0,540.0,950.0,510.0,341.0,933.0,889.0,435.0,1024.0,657.0,786.0,493.0,485.0,494.0,917.0,586.0,873.0,332.0,340.0,479.0,814.0,421.0,477.0,782.0,424.0,908.0,666.0,0000000000000000004d,59.8072427118725,C0103R02
536.0,931.0,1105.0,413.0,560.0,823.0,709.0,564.0,454.0,930.0,1051.0,682.0,593.0,857.0,580.0,1096.0,800.0,685.0,752.0,514.0,1020.0,494.0,594.0,808.0,718.0,514.0,578.0,435.0,1224.0,628.0,454.0,1163.0,808.0,520.0,414.0,601.0,1044.0,563.0,382.0,1045.0,965.0,484.0,1128.0,722.0,852.0,548.0,544.0,552.0,1000.0,650.0,959.0,364.0,378.0,526.0,893.0,460.0,534.0,872.0,473.0,993.0,742.0,0000000000000000004e,13.9297944580454,C0103R03
651.0,1041.0,1154.0,486.0,650.0,855.0,820.0,676.0,526.0,1002.0,1030.0,779.0,643.0,955.0,658.0,1172.0,955.0,778.0,743.0,613.0,1087.0,585.0,659.0,874.0,855.0,622.0,591.0,505.0,1197.0,703.0,573.0,1250.0,855.0,591.0,497.0,701.0,1078.0,672.0,509.0,1126.0,1023.0,583.0,1209.0,784.0,943.0,617.0,634.0,634.0,985.0,754.0,1089.0,451.0,460.0,583.0,1072.0,579.0,634.0,986.0,543.0,995.0,770.0,0000000000000000004f,15.6900220395522,C0103R04
547.0,889.0,1016.0,404.0,551.0,762.0,704.0,567.0,443.0,867.0,943.0,667.0,565.0,814.0,570.0,1014.0,813.0,668.0,682.0,507.0,953.0,497.0,569.0,766.0,720.0,520.0,515.0,422.0,1085.0,620.0,481.0,1097.0,757.0,508.0,416.0,600.0,964.0,564.0,418.0,983.0,891.0,492.0,1047.0,693.0,820.0,523.0,544.0,550.0,899.0,650.0,930.0,378.0,384.0,501.0,904.0,474.0,540.0,852.0,461.0,896.0,683.0,00000000000000000050,66.8651374985969,C0103R05
560.0,947.0,1085.0,428.0,584.0,829.0,731.0,572.0,462.0,942.0,1067.0,685.0,618.0,874.0,589.0,1081.0,832.0,708.0,773.0,535.0,1018.0,498.0,604.0,816.0,768.0,541.0,586.0,438.0,1208.0,670.0,476.0,1140.0,825.0,532.0,443.0,623.0,1055.0,588.0,405.0,1032.0,979.0,504.0,1101.0,757.0,876.0,565.0,549.0,557.0,1006.0,679.0,962.0,394.0,400.0,551.0,923.0,483.0,545.0,876.0,486.0,1017.0,751.0,00000000000000000051,57.6173614718506,C0103X01
535.0,996.0,1100.0,392.0,543.0,765.0,718.0,550.0,455.0,969.0,961.0,635.0,563.0,921.0,544.0,1080.0,893.0,678.0,691.0,517.0,1008.0,476.0,557.0,760.0,801.0,517.0,505.0,402.0,1120.0,635.0,462.0,1188.0,778.0,483.0,418.0,574.0,1013.0,561.0,380.0,1027.0,970.0,474.0,1152.0,700.0,876.0,523.0,539.0,541.0,913.0,676.0,1008.0,371.0,368.0,492.0,987.0,465.0,520.0,884.0,445.0,915.0,652.0,00000000000000000052,64.8370002608586,C0103X03
367.0,926.0,902.0,277.0,371.0,638.0,621.0,402.0,315.0,842.0,828.0,480.0,446.0,722.0,347.0,956.0,582.0,517.0,614.0,377.0,924.0,308.0,402.0,599.0,534.0,350.0,440.0,284.0,980.0,476.0,294.0,979.0,633.0,336.0,301.0,406.0,835.0,423.0,200.0,788.0,865.0,308.0,1007.0,545.0,718.0,409.0,340.0,319.0,799.0,493.0,815.0,262.0,229.0,413.0,715.0,317.0,369.0,616.0,313.0,776.0,538.0,00000000000000000053,123.032870394868,C0103X04
624.0,1000.0,1101.0,468.0,621.0,819.0,787.0,646.0,507.0,960.0,988.0,746.0,614.0,911.0,630.0,1126.0,911.0,745.0,713.0,587.0,1044.0,564.0,630.0,836.0,817.0,596.0,565.0,488.0,1150.0,674.0,551.0,1198.0,818.0,566.0,476.0,670.0,1034.0,642.0,490.0,1076.0,983.0,560.0,1158.0,751.0,905.0,590.0,611.0,611.0,947.0,720.0,1046.0,434.0,441.0,558.0,1030.0,556.0,608.0,943.0,520.0,956.0,736.0,00000000000000000054,20.4309932651019,C0103X05
806.0,1269.0,1422.0,651.0,793.0,1019.0,1038.0,842.0,721.0,1227.0,1157.0,924.0,791.0,1249.0,801.0,1376.0,1239.0,976.0,883.0,796.0,1258.0,750.0,793.0,1075.0,1104.0,796.0,715.0,669.0,1299.0,882.0,743.0,1458.0,1066.0,735.0,673.0,840.0,1274.0,840.0,638.0,1353.0,1209.0,734.0,1439.0,941.0,1177.0,763.0,820.0,810.0,1136.0,986.0,1303.0,633.0,599.0,714.0,1293.0,747.0,804.0,1244.0,678.0,1128.0,878.0,00000000000000000055,529.021801343197,C0104F01
714.0,1158.0,1272.0,541.0,704.0,926.0,933.0,745.0,598.0,1122.0,1077.0,834.0,710.0,1091.0,704.0,1280.0,1099.0,870.0,803.0,685.0,1173.0,640.0,712.0,968.0,974.0,695.0,638.0,555.0,1232.0,788.0,635.0,1354.0,949.0,639.0,566.0,762.0,1171.0,752.0,559.0,1226.0,1115.0,645.0,1326.0,859.0,1071.0,675.0,689.0,684.0,1053.0,865.0,1197.0,522.0,509.0,640.0,1182.0,656.0,694.0,1108.0,583.0,1053.0,809.0,00000000000000000056,393.300079294847,C0104F02
933.0,1347.0,1524.0,743.0,902.0,1109.0,1149.0,954.0,810.0,1311.0,1263.0,1061.0,891.0,1340.0,904.0,1476.0,1340.0,1111.0,968.0,906.0,1347.0,865.0,902.0,1219.0,1217.0,906.0,820.0,774.0,1413.0,978.0,854.0,1558.0,1192.0,833.0,759.0,962.0,1357.0,962.0,757.0,1480.0,1297.0,844.0,1528.0,1038.0,1263.0,871.0,922.0,922.0,1233.0,1101.0,1409.0,716.0,690.0,820.0,1409.0,875.0,907.0,1366.0,781.0,1239.0,1003.0,00000000000000000058,518.577721419564,C0104F04
840.0,1356.0,1493.0,729.0,825.0,1063.0,1123.0,872.0,823.0,1286.0,1189.0,960.0,833.0,1349.0,843.0,1454.0,1333.0,1003.0,941.0,865.0,1317.0,812.0,831.0,1109.0,1178.0,854.0,752.0,729.0,1333.0,933.0,786.0,1536.0,1115.0,783.0,741.0,880.0,1348.0,905.0,658.0,1399.0,1271.0,778.0,1517.0,995.0,1256.0,812.0,920.0,899.0,1179.0,1041.0,1362.0,702.0,637.0,752.0,1359.0,806.0,858.0,1316.0,732.0,1158.0,906.0,00000000000000000059,620.111955394277,C0104F05
869.0,1344.0,1518.0,708.0,853.0,1085.0,1112.0,903.0,782.0,1304.0,1224.0,991.0,849.0,1338.0,856.0,1459.0,1333.0,1049.0,944.0,858.0,1332.0,811.0,853.0,1151.0,1191.0,858.0,771.0,726.0,1379.0,944.0,801.0,1545.0,1143.0,793.0,732.0,905.0,1346.0,905.0,691.0,1445.0,1281.0,793.0,1525.0,1005.0,1246.0,822.0,885.0,873.0,1202.0,1059.0,1383.0,688.0,650.0,773.0,1375.0,813.0,866.0,1334.0,733.0,1192.0,938.0,0000000000000000005a,529.862414704894,C0104F06
827.0,1257.0,1419.0,662.0,802.0,1022.0,1048.0,850.0,730.0,1220.0,1154.0,943.0,801.0,1248.0,814.0,1372.0,1246.0,988.0,887.0,808.0,1247.0,759.0,804.0,1092.0,1115.0,808.0,725.0,682.0,1304.0,887.0,754.0,1457.0,1073.0,747.0,685.0,858.0,1261.0,856.0,661.0,1361.0,1199.0,753.0,1429.0,945.0,1173.0,773.0,825.0,818.0,1135.0,996.0,1305.0,645.0,614.0,734.0,1295.0,769.0,813.0,1247.0,690.0,1134.0,896.0,0000000000000000005c,453.261809490329,C0104F08
865.0,1346.0,1514.0,715.0,844.0,1075.0,1105.0,894.0,799.0,1293.0,1216.0,986.0,842.0,1346.0,849.0,1447.0,1336.0,1035.0,937.0,857.0,1324.0,817.0,846.0,1139.0,1186.0,855.0,766.0,725.0,1364.0,937.0,795.0,1543.0,1137.0,788.0,743.0,891.0,1341.0,894.0,681.0,1434.0,1276.0,792.0,1523.0,996.0,1248.0,816.0,899.0,880.0,1188.0,1048.0,1374.0,694.0,642.0,762.0,1371.0,807.0,865.0,1323.0,730.0,1176.0,921.0,0000000000000000005e,417.762991790136,C0104F10
802.0,1293.0,1434.0,646.0,794.0,1020.0,1041.0,834.0,728.0,1258.0,1171.0,915.0,790.0,1267.0,796.0,1397.0,1257.0,972.0,892.0,796.0,1280.0,750.0,794.0,1079.0,1117.0,785.0,714.0,657.0,1327.0,882.0,732.0,1493.0,1073.0,726.0,673.0,840.0,1290.0,832.0,628.0,1363.0,1230.0,733.0,1468.0,946.0,1191.0,764.0,824.0,811.0,1151.0,985.0,1324.0,628.0,587.0,714.0,1312.0,741.0,795.0,1257.0,676.0,1141.0,871.0,0000000000000000005f,344.942305299975,C0104P01
847.0,1339.0,1478.0,654.0,830.0,1081.0,1098.0,880.0,718.0,1302.0,1234.0,970.0,843.0,1296.0,831.0,1456.0,1296.0,1033.0,943.0,829.0,1340.0,756.0,838.0,1132.0,1168.0,829.0,758.0,672.0,1390.0,940.0,758.0,1542.0,1115.0,761.0,686.0,900.0,1341.0,890.0,669.0,1420.0,1288.0,760.0,1515.0,1010.0,1243.0,800.0,819.0,809.0,1205.0,1033.0,1380.0,644.0,621.0,770.0,1375.0,786.0,821.0,1301.0,701.0,1205.0,940.0,00000000000000000060,324.121645804261,C0104P02
885.0,1356.0,1537.0,724.0,866.0,1099.0,1129.0,917.0,799.0,1320.0,1237.0,1008.0,861.0,1359.0,869.0,1471.0,1356.0,1065.0,958.0,874.0,1343.0,827.0,866.0,1168.0,1213.0,874.0,785.0,743.0,1391.0,958.0,816.0,1562.0,1160.0,809.0,748.0,919.0,1359.0,919.0,706.0,1465.0,1292.0,808.0,1542.0,1019.0,1261.0,836.0,901.0,889.0,1215.0,1076.0,1400.0,704.0,666.0,788.0,1393.0,832.0,881.0,1352.0,748.0,1205.0,950.0,00000000000000000061,245.407772377699,C0104P03
806.0,1296.0,1463.0,672.0,794.0,1034.0,1054.0,838.0,760.0,1242.0,1158.0,914.0,790.0,1288.0,803.0,1396.0,1269.0,967.0,896.0,806.0,1266.0,770.0,800.0,1070.0,1112.0,796.0,718.0,682.0,1303.0,880.0,744.0,1494.0,1075.0,733.0,695.0,839.0,1297.0,848.0,628.0,1361.0,1218.0,738.0,1464.0,948.0,1193.0,769.0,858.0,841.0,1138.0,993.0,1305.0,649.0,594.0,719.0,1293.0,747.0,806.0,1265.0,684.0,1119.0,874.0,00000000000000000064,117.947661747435,C0105F01
686.0,1129.0,1249.0,539.0,679.0,889.0,899.0,718.0,606.0,1090.0,1037.0,797.0,682.0,1085.0,686.0,1238.0,1083.0,838.0,769.0,672.0,1132.0,633.0,679.0,933.0,954.0,674.0,610.0,548.0,1180.0,756.0,619.0,1315.0,924.0,622.0,561.0,728.0,1137.0,719.0,533.0,1192.0,1076.0,627.0,1295.0,820.0,1043.0,651.0,694.0,689.0,1011.0,840.0,1163.0,523.0,496.0,609.0,1146.0,629.0,678.0,1092.0,570.0,1009.0,764.0,00000000000000000065,155.83623255798,C0105F02
638.0,997.0,1088.0,481.0,619.0,804.0,823.0,662.0,531.0,946.0,952.0,752.0,616.0,919.0,633.0,1122.0,928.0,751.0,687.0,603.0,1021.0,587.0,619.0,839.0,824.0,611.0,549.0,510.0,1092.0,679.0,574.0,1172.0,813.0,565.0,493.0,678.0,1015.0,668.0,505.0,1062.0,969.0,571.0,1136.0,741.0,926.0,593.0,622.0,622.0,923.0,735.0,1032.0,455.0,451.0,554.0,1025.0,585.0,619.0,952.0,520.0,925.0,715.0,00000000000000000066,208.944396546595,C0105F03
661.0,1194.0,1336.0,516.0,656.0,921.0,922.0,684.0,603.0,1144.0,1071.0,765.0,689.0,1153.0,658.0,1283.0,1119.0,831.0,806.0,662.0,1173.0,603.0,665.0,929.0,989.0,652.0,594.0,524.0,1234.0,771.0,580.0,1395.0,939.0,585.0,546.0,708.0,1195.0,718.0,474.0,1223.0,1133.0,585.0,1355.0,839.0,1077.0,637.0,685.0,673.0,1037.0,855.0,1194.0,503.0,461.0,610.0,1175.0,603.0,638.0,1101.0,544.0,1027.0,757.0,00000000000000000069,248.852178337571,C0105F06
555.0,1047.0,1145.0,438.0,549.0,784.0,786.0,573.0,511.0,988.0,930.0,647.0,580.0,988.0,549.0,1123.0,957.0,704.0,686.0,558.0,1023.0,509.0,556.0,788.0,842.0,550.0,495.0,441.0,1079.0,655.0,485.0,1213.0,799.0,490.0,457.0,597.0,1042.0,606.0,391.0,1048.0,990.0,487.0,1177.0,713.0,938.0,532.0,583.0,575.0,901.0,725.0,1032.0,418.0,382.0,512.0,1016.0,507.0,535.0,940.0,453.0,892.0,640.0,0000000000000000006a,314.685156121143,C0105F07
813.0,1296.0,1455.0,677.0,805.0,1037.0,1057.0,845.0,758.0,1247.0,1167.0,923.0,798.0,1289.0,812.0,1404.0,1271.0,979.0,901.0,812.0,1277.0,777.0,805.0,1079.0,1127.0,804.0,727.0,687.0,1317.0,892.0,753.0,1488.0,1078.0,746.0,702.0,846.0,1292.0,855.0,648.0,1369.0,1228.0,744.0,1461.0,959.0,1195.0,776.0,856.0,837.0,1146.0,998.0,1315.0,653.0,609.0,728.0,1306.0,763.0,814.0,1265.0,696.0,1129.0,884.0,0000000000000000006b,228.292639658085,C0105F08
813.0,1300.0,1444.0,702.0,793.0,1031.0,1079.0,843.0,790.0,1237.0,1148.0,928.0,800.0,1297.0,812.0,1402.0,1286.0,970.0,903.0,828.0,1263.0,785.0,803.0,1068.0,1129.0,820.0,725.0,705.0,1285.0,894.0,759.0,1476.0,1075.0,753.0,712.0,847.0,1295.0,866.0,642.0,1357.0,1222.0,751.0,1463.0,953.0,1205.0,782.0,880.0,860.0,1135.0,998.0,1315.0,673.0,611.0,723.0,1307.0,774.0,827.0,1271.0,704.0,1116.0,869.0,0000000000000000006c,470.86369648596,C0105F09
727.0,1188.0,1325.0,558.0,723.0,947.0,954.0,764.0,625.0,1150.0,1103.0,850.0,726.0,1141.0,728.0,1314.0,1144.0,890.0,821.0,703.0,1199.0,659.0,727.0,991.0,1005.0,713.0,653.0,568.0,1254.0,801.0,652.0,1399.0,981.0,659.0,585.0,777.0,1206.0,766.0,564.0,1268.0,1136.0,662.0,1375.0,876.0,1103.0,693.0,720.0,716.0,1072.0,890.0,1232.0,543.0,522.0,645.0,1212.0,666.0,715.0,1160.0,600.0,1072.0,820.0,0000000000000000006e,181.192223704217,C0105F11
477.0,902.0,966.0,378.0,501.0,734.0,659.0,505.0,416.0,878.0,915.0,601.0,534.0,784.0,512.0,998.0,695.0,612.0,694.0,468.0,948.0,437.0,531.0,703.0,640.0,462.0,536.0,389.0,1079.0,565.0,427.0,1037.0,717.0,467.0,400.0,510.0,905.0,510.0,336.0,893.0,897.0,443.0,1032.0,639.0,756.0,501.0,474.0,479.0,881.0,583.0,872.0,363.0,356.0,485.0,798.0,415.0,491.0,742.0,437.0,852.0,651.0,0000000000000000006f,83.6033047547006,C0106C01
447.0,858.0,936.0,347.0,465.0,695.0,620.0,468.0,386.0,834.0,872.0,575.0,494.0,745.0,485.0,956.0,652.0,581.0,654.0,437.0,907.0,407.0,495.0,677.0,593.0,431.0,499.0,358.0,1038.0,521.0,399.0,1001.0,691.0,442.0,373.0,471.0,862.0,471.0,306.0,859.0,851.0,413.0,1000.0,599.0,706.0,468.0,446.0,450.0,836.0,550.0,827.0,331.0,327.0,445.0,745.0,382.0,464.0,717.0,408.0,806.0,610.0,00000000000000000070,69.8918328099464,C0106C02
477.0,888.0,957.0,377.0,498.0,728.0,650.0,499.0,416.0,864.0,907.0,603.0,525.0,774.0,516.0,987.0,685.0,606.0,687.0,467.0,938.0,437.0,526.0,701.0,628.0,460.0,530.0,387.0,1070.0,556.0,422.0,1024.0,713.0,467.0,395.0,503.0,897.0,500.0,334.0,886.0,885.0,438.0,1019.0,633.0,744.0,496.0,476.0,480.0,870.0,577.0,858.0,356.0,354.0,476.0,783.0,412.0,487.0,742.0,437.0,843.0,643.0,00000000000000000071,62.674264505031,C0106C03
473.0,890.0,954.0,372.0,495.0,724.0,648.0,497.0,410.0,863.0,907.0,598.0,525.0,772.0,515.0,988.0,683.0,604.0,684.0,463.0,939.0,431.0,524.0,698.0,626.0,457.0,528.0,382.0,1070.0,554.0,420.0,1023.0,711.0,467.0,393.0,503.0,897.0,501.0,335.0,882.0,886.0,435.0,1018.0,631.0,745.0,493.0,469.0,473.0,872.0,575.0,857.0,354.0,354.0,476.0,782.0,409.0,484.0,738.0,437.0,843.0,643.0,00000000000000000072,57.4076807918821,C0106C04
536.0,903.0,1010.0,411.0,561.0,791.0,705.0,563.0,455.0,890.0,975.0,663.0,584.0,826.0,582.0,1038.0,763.0,648.0,726.0,515.0,976.0,498.0,588.0,749.0,690.0,516.0,571.0,433.0,1120.0,624.0,461.0,1072.0,749.0,521.0,423.0,586.0,967.0,568.0,394.0,962.0,923.0,487.0,1051.0,701.0,811.0,551.0,536.0,537.0,927.0,610.0,906.0,375.0,393.0,522.0,851.0,467.0,536.0,812.0,479.0,921.0,711.0,00000000000000000073,105.822386236507,C0106C05
790.0,1342.0,1474.0,685.0,791.0,1053.0,1093.0,824.0,782.0,1266.0,1184.0,905.0,812.0,1317.0,797.0,1419.0,1288.0,966.0,932.0,820.0,1298.0,766.0,791.0,1058.0,1146.0,800.0,717.0,675.0,1329.0,911.0,726.0,1523.0,1077.0,735.0,695.0,843.0,1336.0,864.0,598.0,1359.0,1252.0,726.0,1484.0,976.0,1234.0,780.0,878.0,858.0,1163.0,1005.0,1324.0,648.0,591.0,730.0,1320.0,748.0,794.0,1267.0,682.0,1146.0,875.0,00000000000000000074,72.1908846151757,C0106F02
873.0,1231.0,1400.0,704.0,846.0,1022.0,1054.0,898.0,768.0,1186.0,1167.0,1006.0,820.0,1198.0,871.0,1368.0,1206.0,1016.0,885.0,833.0,1241.0,832.0,846.0,1120.0,1084.0,843.0,762.0,746.0,1325.0,882.0,802.0,1437.0,1090.0,788.0,706.0,892.0,1257.0,881.0,716.0,1359.0,1199.0,791.0,1406.0,952.0,1157.0,814.0,875.0,886.0,1136.0,998.0,1281.0,664.0,653.0,749.0,1281.0,812.0,862.0,1263.0,736.0,1146.0,932.0,00000000000000000075,161.61268652292,C0106F03
782.0,1334.0,1465.0,678.0,785.0,1046.0,1085.0,818.0,773.0,1259.0,1177.0,895.0,807.0,1308.0,789.0,1410.0,1280.0,961.0,927.0,811.0,1290.0,758.0,786.0,1053.0,1139.0,791.0,712.0,668.0,1322.0,906.0,718.0,1515.0,1071.0,728.0,687.0,837.0,1328.0,857.0,593.0,1352.0,1246.0,718.0,1476.0,971.0,1225.0,774.0,867.0,848.0,1157.0,999.0,1317.0,641.0,585.0,725.0,1312.0,739.0,785.0,1259.0,675.0,1140.0,869.0,00000000000000000076,148.702454745836,C0106F04
541.0,1003.0,1144.0,400.0,560.0,776.0,729.0,567.0,473.0,977.0,961.0,656.0,563.0,948.0,563.0,1099.0,922.0,686.0,679.0,528.0,1015.0,492.0,568.0,782.0,805.0,526.0,510.0,407.0,1125.0,622.0,471.0,1230.0,799.0,497.0,429.0,581.0,1029.0,568.0,383.0,1063.0,965.0,491.0,1193.0,694.0,880.0,534.0,566.0,564.0,908.0,686.0,1024.0,378.0,364.0,486.0,995.0,466.0,541.0,933.0,449.0,905.0,656.0,00000000000000000077,24.6048775357431,C0106F05
533.0,852.0,950.0,395.0,526.0,698.0,687.0,556.0,438.0,797.0,852.0,646.0,515.0,765.0,544.0,987.0,771.0,623.0,591.0,498.0,890.0,491.0,532.0,712.0,672.0,506.0,470.0,421.0,991.0,563.0,483.0,1037.0,691.0,485.0,404.0,572.0,902.0,554.0,417.0,931.0,835.0,485.0,997.0,633.0,784.0,500.0,532.0,534.0,814.0,608.0,887.0,369.0,366.0,458.0,877.0,471.0,533.0,816.0,437.0,820.0,631.0,00000000000000000078,25.4798755496813,C0106F06
471.0,949.0,987.0,369.0,491.0,741.0,682.0,501.0,400.0,906.0,939.0,593.0,535.0,799.0,494.0,1044.0,706.0,621.0,702.0,461.0,986.0,420.0,521.0,708.0,660.0,461.0,534.0,379.0,1122.0,574.0,409.0,1068.0,727.0,463.0,398.0,506.0,929.0,506.0,321.0,908.0,939.0,430.0,1064.0,643.0,784.0,501.0,451.0,458.0,901.0,589.0,906.0,356.0,344.0,487.0,826.0,415.0,473.0,747.0,424.0,881.0,645.0,00000000000000000079,36.8995752254217,C0106R01
467.0,951.0,1017.0,365.0,490.0,739.0,675.0,501.0,402.0,916.0,935.0,598.0,528.0,813.0,501.0,1057.0,706.0,623.0,697.0,460.0,993.0,420.0,522.0,717.0,655.0,456.0,537.0,376.0,1132.0,559.0,417.0,1093.0,738.0,469.0,401.0,497.0,928.0,497.0,320.0,929.0,945.0,436.0,1093.0,633.0,775.0,501.0,453.0,460.0,901.0,592.0,916.0,355.0,341.0,477.0,828.0,406.0,482.0,755.0,426.0,876.0,642.0,0000000000000000007a,43.2894308151689,C0106R02
520.0,949.0,1061.0,387.0,539.0,733.0,687.0,546.0,446.0,928.0,908.0,626.0,537.0,890.0,543.0,1037.0,866.0,659.0,643.0,504.0,967.0,470.0,546.0,748.0,766.0,504.0,487.0,394.0,1059.0,589.0,452.0,1150.0,751.0,481.0,413.0,561.0,969.0,539.0,383.0,997.0,914.0,470.0,1115.0,664.0,831.0,512.0,528.0,535.0,856.0,657.0,979.0,366.0,360.0,467.0,950.0,457.0,516.0,880.0,439.0,859.0,626.0,0000000000000000007b,11.6992631222774,C0106R03
896.0,1323.0,1461.0,698.0,871.0,1089.0,1133.0,931.0,755.0,1277.0,1246.0,1027.0,867.0,1283.0,868.0,1455.0,1283.0,1062.0,951.0,861.0,1328.0,821.0,871.0,1170.0,1177.0,866.0,785.0,739.0,1406.0,960.0,814.0,1519.0,1135.0,798.0,715.0,942.0,1328.0,937.0,728.0,1433.0,1289.0,804.0,1490.0,1020.0,1241.0,841.0,863.0,873.0,1217.0,1047.0,1379.0,673.0,659.0,797.0,1384.0,836.0,876.0,1302.0,743.0,1227.0,977.0,0000000000000000007c,68.0077946715824,C0107C01
563.0,1006.0,1099.0,435.0,586.0,848.0,755.0,571.0,471.0,989.0,1098.0,688.0,637.0,905.0,588.0,1134.0,845.0,727.0,803.0,544.0,1067.0,502.0,611.0,830.0,792.0,547.0,608.0,445.0,1266.0,688.0,482.0,1174.0,840.0,535.0,451.0,629.0,1078.0,600.0,396.0,1043.0,1037.0,508.0,1147.0,768.0,908.0,578.0,548.0,553.0,1041.0,694.0,999.0,407.0,410.0,575.0,958.0,491.0,550.0,888.0,497.0,1051.0,766.0,0000000000000000007d,166.094041121263,C0107C02
867.0,1306.0,1437.0,661.0,841.0,1069.0,1103.0,894.0,720.0,1263.0,1229.0,999.0,845.0,1247.0,847.0,1437.0,1254.0,1035.0,933.0,828.0,1314.0,785.0,841.0,1138.0,1141.0,836.0,757.0,703.0,1394.0,931.0,779.0,1503.0,1107.0,775.0,684.0,917.0,1313.0,908.0,699.0,1401.0,1269.0,769.0,1473.0,998.0,1219.0,811.0,827.0,835.0,1197.0,1017.0,1355.0,640.0,634.0,774.0,1357.0,806.0,840.0,1277.0,716.0,1207.0,956.0,0000000000000000007e,212.761654393824,C0107C03
865.0,1286.0,1419.0,671.0,836.0,1047.0,1086.0,892.0,730.0,1238.0,1200.0,990.0,835.0,1243.0,832.0,1408.0,1243.0,1025.0,914.0,836.0,1286.0,790.0,836.0,1129.0,1139.0,836.0,758.0,709.0,1359.0,923.0,780.0,1470.0,1100.0,765.0,690.0,903.0,1284.0,903.0,698.0,1382.0,1247.0,770.0,1442.0,980.0,1200.0,807.0,831.0,839.0,1172.0,1015.0,1331.0,650.0,631.0,768.0,1338.0,807.0,838.0,1262.0,717.0,1181.0,941.0,0000000000000000007f,192.002214300482,C0107C04
417.0,1004.0,983.0,321.0,430.0,711.0,680.0,461.0,355.0,921.0,921.0,537.0,501.0,800.0,408.0,1059.0,665.0,587.0,680.0,427.0,1007.0,355.0,461.0,669.0,624.0,407.0,493.0,323.0,1090.0,539.0,338.0,1067.0,690.0,395.0,338.0,461.0,922.0,471.0,251.0,873.0,963.0,359.0,1088.0,610.0,802.0,458.0,387.0,369.0,891.0,557.0,900.0,302.0,279.0,461.0,806.0,367.0,413.0,683.0,364.0,862.0,601.0,00000000000000000080,85.6458717629103,C0107C05
587.0,1030.0,1137.0,447.0,612.0,871.0,779.0,592.0,489.0,1013.0,1124.0,717.0,658.0,938.0,612.0,1157.0,880.0,749.0,820.0,567.0,1091.0,521.0,633.0,859.0,822.0,567.0,622.0,458.0,1297.0,707.0,501.0,1210.0,869.0,552.0,467.0,648.0,1106.0,618.0,414.0,1077.0,1061.0,531.0,1181.0,789.0,933.0,602.0,571.0,573.0,1063.0,719.0,1031.0,424.0,423.0,588.0,992.0,509.0,574.0,919.0,512.0,1076.0,786.0,00000000000000000081,208.886903804687,C0107C08
717.0,1165.0,1270.0,545.0,704.0,930.0,932.0,741.0,601.0,1127.0,1077.0,828.0,714.0,1100.0,705.0,1277.0,1108.0,874.0,810.0,691.0,1173.0,638.0,713.0,964.0,983.0,699.0,640.0,555.0,1228.0,794.0,640.0,1354.0,954.0,642.0,573.0,760.0,1169.0,751.0,559.0,1224.0,1118.0,648.0,1327.0,866.0,1078.0,677.0,694.0,685.0,1049.0,874.0,1200.0,534.0,514.0,642.0,1184.0,661.0,697.0,1111.0,587.0,1049.0,804.0,00000000000000000082,196.402934392542,C0107F01
815.0,1272.0,1419.0,643.0,795.0,1025.0,1044.0,844.0,712.0,1228.0,1165.0,935.0,798.0,1245.0,804.0,1387.0,1236.0,986.0,888.0,798.0,1264.0,742.0,802.0,1085.0,1108.0,798.0,718.0,663.0,1316.0,888.0,739.0,1466.0,1068.0,736.0,668.0,854.0,1281.0,847.0,646.0,1359.0,1214.0,736.0,1440.0,947.0,1183.0,766.0,804.0,801.0,1144.0,989.0,1311.0,628.0,600.0,727.0,1301.0,756.0,799.0,1246.0,678.0,1141.0,893.0,00000000000000000084,91.7812440090383,C0107F04
813.0,1291.0,1422.0,614.0,798.0,1038.0,1058.0,847.0,675.0,1251.0,1198.0,944.0,807.0,1229.0,793.0,1419.0,1236.0,991.0,905.0,783.0,1303.0,724.0,808.0,1098.0,1108.0,790.0,727.0,633.0,1363.0,897.0,722.0,1499.0,1073.0,723.0,643.0,868.0,1300.0,858.0,640.0,1372.0,1242.0,726.0,1466.0,967.0,1195.0,768.0,773.0,770.0,1173.0,984.0,1336.0,596.0,583.0,734.0,1325.0,752.0,783.0,1245.0,663.0,1175.0,915.0,00000000000000000085,82.590651489122,C0107F05
527.0,882.0,1017.0,402.0,548.0,783.0,688.0,539.0,434.0,877.0,1000.0,643.0,580.0,819.0,555.0,1010.0,786.0,666.0,726.0,500.0,956.0,471.0,567.0,766.0,718.0,509.0,548.0,411.0,1125.0,632.0,447.0,1074.0,772.0,502.0,417.0,589.0,991.0,553.0,387.0,975.0,911.0,474.0,1035.0,716.0,824.0,530.0,518.0,527.0,944.0,638.0,904.0,371.0,378.0,516.0,866.0,456.0,512.0,825.0,458.0,948.0,702.0,00000000000000000086,180.717824725192,C0107F06
933.0,1347.0,1524.0,743.0,902.0,1109.0,1149.0,954.0,810.0,1311.0,1263.0,1061.0,891.0,1340.0,904.0,1476.0,1340.0,1111.0,968.0,906.0,1347.0,865.0,902.0,1219.0,1217.0,906.0,820.0,774.0,1413.0,978.0,854.0,1558.0,1192.0,833.0,759.0,962.0,1357.0,962.0,757.0,1480.0,1297.0,844.0,1528.0,1038.0,1263.0,871.0,922.0,922.0,1233.0,1101.0,1409.0,716.0,690.0,820.0,1409.0,875.0,907.0,1366.0,781.0,1239.0,1003.0,00000000000000000087,591.529889151118,C0107P01
563.0,960.0,1062.0,434.0,583.0,833.0,749.0,590.0,477.0,950.0,1027.0,694.0,614.0,866.0,602.0,1096.0,816.0,683.0,773.0,543.0,1033.0,515.0,614.0,782.0,747.0,543.0,597.0,456.0,1182.0,668.0,477.0,1139.0,782.0,542.0,440.0,621.0,1024.0,591.0,420.0,1012.0,974.0,502.0,1112.0,742.0,862.0,573.0,558.0,561.0,988.0,654.0,967.0,397.0,414.0,554.0,916.0,495.0,550.0,846.0,496.0,972.0,743.0,00000000000000000088,153.521580820312,C0107P02
843.0,1327.0,1489.0,682.0,828.0,1063.0,1083.0,877.0,763.0,1288.0,1210.0,960.0,828.0,1310.0,834.0,1438.0,1301.0,1015.0,923.0,832.0,1312.0,786.0,828.0,1121.0,1159.0,830.0,747.0,694.0,1361.0,915.0,770.0,1529.0,1116.0,768.0,704.0,879.0,1331.0,876.0,662.0,1414.0,1260.0,769.0,1509.0,984.0,1229.0,797.0,858.0,848.0,1183.0,1025.0,1360.0,661.0,621.0,747.0,1349.0,780.0,834.0,1303.0,710.0,1179.0,912.0,00000000000000000089,188.501127440061,C0107P03
327.0,745.0,868.0,249.0,345.0,573.0,511.0,357.0,291.0,721.0,770.0,468.0,388.0,643.0,345.0,861.0,506.0,476.0,530.0,327.0,790.0,303.0,380.0,584.0,450.0,316.0,403.0,257.0,933.0,384.0,279.0,882.0,596.0,315.0,267.0,355.0,760.0,355.0,164.0,756.0,730.0,303.0,897.0,462.0,606.0,357.0,337.0,337.0,737.0,432.0,686.0,223.0,194.0,337.0,599.0,262.0,352.0,614.0,278.0,712.0,507.0,0000000000000000008a,350.705692801971,C0107P04
520.0,873.0,1043.0,391.0,542.0,775.0,686.0,542.0,431.0,858.0,1002.0,654.0,563.0,797.0,560.0,1024.0,762.0,653.0,697.0,481.0,955.0,487.0,563.0,763.0,675.0,491.0,527.0,413.0,1140.0,603.0,455.0,1114.0,763.0,500.0,388.0,583.0,999.0,551.0,379.0,1000.0,887.0,468.0,1059.0,695.0,805.0,509.0,533.0,535.0,937.0,612.0,904.0,340.0,360.0,489.0,861.0,437.0,520.0,838.0,447.0,928.0,707.0,0000000000000000008b,98.3351297237172,C0107P05
454.0,965.0,1005.0,353.0,473.0,732.0,677.0,483.0,388.0,930.0,921.0,580.0,517.0,815.0,472.0,1063.0,699.0,615.0,691.0,454.0,1002.0,398.0,504.0,705.0,654.0,444.0,524.0,356.0,1127.0,558.0,405.0,1092.0,719.0,439.0,383.0,487.0,921.0,487.0,300.0,914.0,951.0,416.0,1095.0,630.0,780.0,483.0,429.0,429.0,891.0,585.0,921.0,346.0,320.0,470.0,835.0,395.0,467.0,733.0,401.0,868.0,626.0,0000000000000000008c,63.3785693826957,C0107R01
467.0,917.0,986.0,370.0,488.0,729.0,661.0,496.0,405.0,889.0,918.0,596.0,525.0,787.0,503.0,1019.0,692.0,615.0,688.0,457.0,962.0,428.0,519.0,710.0,636.0,454.0,527.0,381.0,1100.0,553.0,415.0,1060.0,728.0,465.0,397.0,497.0,908.0,497.0,323.0,903.0,912.0,435.0,1059.0,628.0,753.0,494.0,463.0,472.0,883.0,584.0,886.0,354.0,343.0,474.0,802.0,405.0,482.0,751.0,427.0,855.0,640.0,0000000000000000008d,96.9311904200964,C0107R02
572.0,1010.0,1135.0,425.0,592.0,790.0,743.0,602.0,485.0,997.0,972.0,688.0,586.0,956.0,597.0,1107.0,936.0,718.0,695.0,551.0,1038.0,516.0,602.0,813.0,829.0,553.0,536.0,435.0,1131.0,640.0,496.0,1229.0,810.0,529.0,450.0,617.0,1035.0,590.0,429.0,1079.0,978.0,515.0,1193.0,722.0,894.0,563.0,572.0,582.0,918.0,713.0,1058.0,402.0,400.0,512.0,1029.0,505.0,563.0,948.0,482.0,926.0,686.0,0000000000000000008e,31.5943875272513,C0107R03
675.0,1082.0,1240.0,496.0,690.0,931.0,852.0,704.0,547.0,1079.0,1136.0,817.0,704.0,1020.0,705.0,1216.0,1012.0,832.0,846.0,633.0,1157.0,601.0,711.0,945.0,916.0,644.0,656.0,517.0,1301.0,773.0,583.0,1329.0,934.0,632.0,516.0,737.0,1157.0,696.0,521.0,1207.0,1090.0,602.0,1275.0,849.0,993.0,659.0,654.0,664.0,1092.0,811.0,1145.0,473.0,487.0,632.0,1106.0,592.0,656.0,1039.0,579.0,1083.0,837.0,0000000000000000008f,19.4362172896426,C0107R04
412.0,991.0,963.0,314.0,427.0,703.0,673.0,459.0,349.0,909.0,909.0,529.0,496.0,785.0,403.0,1046.0,654.0,577.0,673.0,421.0,995.0,349.0,459.0,657.0,613.0,402.0,490.0,318.0,1077.0,533.0,336.0,1053.0,677.0,388.0,336.0,456.0,909.0,466.0,247.0,856.0,950.0,357.0,1074.0,603.0,791.0,454.0,380.0,364.0,879.0,547.0,889.0,300.0,273.0,456.0,796.0,363.0,410.0,672.0,358.0,850.0,594.0,00000000000000000090,119.995270510412,C0107R06
380.0,805.0,965.0,287.0,403.0,631.0,558.0,416.0,337.0,774.0,859.0,535.0,442.0,710.0,396.0,947.0,575.0,545.0,587.0,380.0,857.0,349.0,440.0,659.0,520.0,368.0,465.0,300.0,1037.0,437.0,319.0,972.0,672.0,364.0,306.0,407.0,851.0,407.0,202.0,857.0,805.0,344.0,973.0,521.0,678.0,416.0,386.0,386.0,823.0,494.0,760.0,255.0,234.0,383.0,667.0,308.0,394.0,709.0,321.0,799.0,583.0,00000000000000000091,219.350434970863,C0107R08
457.0,1013.0,1008.0,355.0,483.0,751.0,711.0,500.0,390.0,943.0,954.0,588.0,528.0,829.0,465.0,1092.0,704.0,618.0,712.0,460.0,1039.0,397.0,515.0,700.0,651.0,447.0,540.0,357.0,1142.0,573.0,398.0,1083.0,721.0,436.0,382.0,494.0,954.0,498.0,290.0,913.0,986.0,413.0,1104.0,647.0,815.0,497.0,430.0,419.0,924.0,587.0,922.0,345.0,314.0,487.0,835.0,399.0,470.0,721.0,405.0,893.0,637.0,00000000000000000092,687.16147866153,C0107W01
407.0,838.0,920.0,313.0,424.0,659.0,597.0,435.0,348.0,788.0,850.0,537.0,467.0,713.0,425.0,946.0,601.0,549.0,617.0,400.0,870.0,367.0,456.0,643.0,557.0,398.0,476.0,324.0,1020.0,482.0,352.0,961.0,662.0,395.0,341.0,437.0,842.0,437.0,249.0,831.0,827.0,375.0,954.0,555.0,691.0,435.0,399.0,399.0,811.0,509.0,788.0,296.0,276.0,416.0,701.0,348.0,419.0,683.0,355.0,791.0,584.0,00000000000000000093,184.468215237416,C0107W02
376.0,940.0,943.0,288.0,377.0,644.0,631.0,413.0,332.0,858.0,835.0,507.0,452.0,739.0,355.0,963.0,576.0,524.0,625.0,387.0,941.0,322.0,413.0,613.0,520.0,354.0,458.0,295.0,987.0,467.0,302.0,1008.0,658.0,346.0,316.0,402.0,846.0,425.0,191.0,811.0,866.0,314.0,1043.0,544.0,715.0,423.0,358.0,334.0,803.0,499.0,824.0,264.0,224.0,414.0,708.0,318.0,389.0,632.0,322.0,780.0,551.0,00000000000000000094,209.214621889968,C0107W03
892.0,1345.0,1489.0,695.0,872.0,1097.0,1131.0,932.0,757.0,1297.0,1248.0,1024.0,865.0,1304.0,871.0,1467.0,1310.0,1069.0,958.0,868.0,1345.0,811.0,877.0,1173.0,1190.0,868.0,791.0,723.0,1411.0,961.0,810.0,1540.0,1149.0,800.0,722.0,936.0,1343.0,929.0,723.0,1444.0,1299.0,800.0,1511.0,1021.0,1254.0,841.0,860.0,864.0,1219.0,1060.0,1393.0,675.0,660.0,795.0,1396.0,837.0,866.0,1320.0,744.0,1228.0,975.0,00000000000000000095,209.082038639393,C0107W04
416.0,976.0,975.0,314.0,430.0,706.0,670.0,458.0,353.0,910.0,912.0,542.0,494.0,792.0,421.0,1050.0,656.0,577.0,670.0,422.0,995.0,357.0,467.0,661.0,608.0,406.0,495.0,320.0,1091.0,528.0,343.0,1058.0,682.0,396.0,334.0,457.0,912.0,463.0,250.0,867.0,939.0,361.0,1080.0,601.0,783.0,451.0,390.0,377.0,883.0,546.0,889.0,297.0,273.0,453.0,794.0,362.0,414.0,682.0,365.0,852.0,602.0,00000000000000000096,91.8456290889427,C0107W05
522.0,885.0,1021.0,401.0,543.0,780.0,684.0,534.0,431.0,882.0,1006.0,640.0,575.0,816.0,551.0,1016.0,779.0,663.0,723.0,495.0,955.0,469.0,562.0,766.0,714.0,503.0,543.0,411.0,1139.0,626.0,443.0,1075.0,775.0,496.0,413.0,583.0,996.0,547.0,379.0,974.0,915.0,470.0,1036.0,712.0,823.0,524.0,516.0,526.0,947.0,635.0,901.0,365.0,370.0,510.0,864.0,449.0,509.0,824.0,451.0,957.0,703.0,00000000000000000097,106.112346737416,C0107X01
617.0,1028.0,1168.0,459.0,632.0,884.0,797.0,626.0,510.0,1028.0,1109.0,742.0,667.0,970.0,639.0,1150.0,937.0,778.0,821.0,588.0,1087.0,540.0,652.0,875.0,861.0,597.0,628.0,469.0,1258.0,727.0,523.0,1236.0,885.0,577.0,483.0,675.0,1109.0,638.0,454.0,1120.0,1049.0,547.0,1201.0,809.0,948.0,612.0,592.0,606.0,1049.0,749.0,1061.0,435.0,445.0,595.0,1029.0,539.0,587.0,957.0,532.0,1060.0,789.0,00000000000000000098,45.7520008998306,C0107X02
874.0,1344.0,1475.0,676.0,851.0,1082.0,1112.0,906.0,738.0,1289.0,1245.0,1006.0,855.0,1290.0,853.0,1463.0,1295.0,1051.0,949.0,847.0,1345.0,791.0,860.0,1155.0,1175.0,848.0,776.0,699.0,1406.0,949.0,784.0,1533.0,1129.0,783.0,695.0,925.0,1342.0,916.0,703.0,1428.0,1291.0,774.0,1499.0,1009.0,1248.0,821.0,841.0,842.0,1215.0,1040.0,1384.0,650.0,642.0,786.0,1380.0,817.0,837.0,1297.0,723.0,1225.0,965.0,0000000000000000009b,65.1453027894695,C0108C04
779.0,1361.0,1513.0,642.0,784.0,1073.0,1084.0,813.0,732.0,1299.0,1213.0,890.0,816.0,1337.0,781.0,1444.0,1302.0,973.0,945.0,792.0,1323.0,728.0,790.0,1070.0,1160.0,780.0,711.0,642.0,1373.0,916.0,701.0,1561.0,1086.0,709.0,672.0,841.0,1356.0,852.0,584.0,1398.0,1282.0,703.0,1520.0,986.0,1236.0,765.0,826.0,808.0,1184.0,1004.0,1352.0,620.0,568.0,732.0,1338.0,728.0,765.0,1266.0,659.0,1174.0,887.0,0000000000000000009c,153.116711479594,C0108C05
857.0,1315.0,1439.0,650.0,831.0,1062.0,1092.0,880.0,711.0,1268.0,1220.0,987.0,838.0,1253.0,830.0,1437.0,1258.0,1026.0,933.0,823.0,1319.0,766.0,836.0,1129.0,1143.0,827.0,757.0,679.0,1387.0,929.0,764.0,1507.0,1100.0,761.0,672.0,907.0,1312.0,897.0,682.0,1395.0,1266.0,754.0,1474.0,993.0,1216.0,801.0,812.0,816.0,1191.0,1012.0,1359.0,631.0,623.0,768.0,1355.0,797.0,820.0,1265.0,702.0,1201.0,947.0,0000000000000000009d,69.8505686361991,C0108C06
879.0,1349.0,1529.0,716.0,861.0,1093.0,1123.0,912.0,789.0,1313.0,1234.0,1002.0,856.0,1349.0,864.0,1467.0,1347.0,1060.0,953.0,869.0,1338.0,819.0,861.0,1162.0,1205.0,869.0,780.0,735.0,1386.0,952.0,812.0,1554.0,1153.0,803.0,741.0,915.0,1355.0,915.0,701.0,1457.0,1287.0,803.0,1534.0,1013.0,1255.0,831.0,892.0,880.0,1212.0,1070.0,1393.0,698.0,661.0,784.0,1384.0,826.0,876.0,1346.0,743.0,1202.0,946.0,0000000000000000009e,568.801728272487,C0108F02
876.0,1301.0,1433.0,677.0,853.0,1069.0,1110.0,909.0,730.0,1252.0,1230.0,1010.0,852.0,1249.0,858.0,1438.0,1254.0,1039.0,929.0,835.0,1311.0,803.0,853.0,1144.0,1144.0,845.0,761.0,719.0,1392.0,934.0,792.0,1498.0,1109.0,782.0,691.0,929.0,1305.0,919.0,710.0,1408.0,1270.0,781.0,1468.0,999.0,1216.0,822.0,844.0,850.0,1196.0,1019.0,1352.0,644.0,639.0,780.0,1353.0,814.0,851.0,1280.0,721.0,1206.0,965.0,000000000000000000a0,306.157739333597,C0108F04
876.0,1301.0,1433.0,677.0,853.0,1069.0,1110.0,909.0,730.0,1252.0,1230.0,1010.0,852.0,1249.0,858.0,1438.0,1254.0,1039.0,929.0,835.0,1311.0,803.0,853.0,1144.0,1144.0,845.0,761.0,719.0,1392.0,934.0,792.0,1498.0,1109.0,782.0,691.0,929.0,1305.0,919.0,710.0,1408.0,1270.0,781.0,1468.0,999.0,1216.0,822.0,844.0,850.0,1196.0,1019.0,1352.0,644.0,639.0,780.0,1353.0,814.0,851.0,1280.0,721.0,1206.0,965.0,000000000000000000a2,207.888862736465,C0108F06
925.0,1372.0,1555.0,744.0,900.0,1128.0,1159.0,952.0,812.0,1332.0,1268.0,1058.0,892.0,1371.0,906.0,1495.0,1371.0,1100.0,983.0,905.0,1368.0,850.0,900.0,1215.0,1233.0,905.0,816.0,765.0,1429.0,983.0,850.0,1584.0,1188.0,835.0,763.0,959.0,1376.0,955.0,741.0,1497.0,1316.0,843.0,1554.0,1045.0,1284.0,868.0,918.0,914.0,1243.0,1105.0,1422.0,718.0,690.0,819.0,1418.0,868.0,908.0,1377.0,773.0,1242.0,996.0,000000000000000000a3,325.134500513418,C0108P02
623.0,1068.0,1202.0,453.0,633.0,878.0,802.0,633.0,508.0,1063.0,1094.0,742.0,657.0,1004.0,639.0,1179.0,974.0,779.0,804.0,594.0,1111.0,538.0,653.0,877.0,888.0,604.0,611.0,461.0,1267.0,728.0,527.0,1284.0,885.0,572.0,483.0,666.0,1113.0,640.0,453.0,1143.0,1071.0,551.0,1248.0,801.0,960.0,614.0,598.0,609.0,1036.0,760.0,1103.0,430.0,440.0,579.0,1072.0,545.0,592.0,982.0,527.0,1046.0,770.0,000000000000000000a4,81.4804418765042,C0108P03
742.0,1337.0,1470.0,607.0,751.0,1039.0,1049.0,776.0,693.0,1272.0,1189.0,851.0,789.0,1299.0,745.0,1418.0,1266.0,940.0,918.0,757.0,1299.0,686.0,754.0,1036.0,1125.0,745.0,679.0,603.0,1352.0,889.0,659.0,1534.0,1053.0,675.0,634.0,811.0,1326.0,822.0,552.0,1359.0,1258.0,664.0,1493.0,955.0,1210.0,731.0,784.0,770.0,1160.0,971.0,1324.0,584.0,538.0,706.0,1311.0,694.0,724.0,1230.0,626.0,1150.0,860.0,000000000000000000a5,176.377736295298,C0108P04
632.0,1098.0,1247.0,467.0,661.0,875.0,811.0,668.0,531.0,1094.0,1072.0,760.0,650.0,1046.0,664.0,1207.0,1029.0,793.0,777.0,607.0,1138.0,568.0,674.0,898.0,914.0,609.0,607.0,478.0,1255.0,711.0,551.0,1341.0,894.0,585.0,495.0,685.0,1128.0,652.0,476.0,1192.0,1077.0,569.0,1299.0,797.0,969.0,631.0,628.0,639.0,1014.0,781.0,1158.0,444.0,448.0,574.0,1121.0,557.0,620.0,1032.0,537.0,1019.0,766.0,000000000000000000a6,30.8128624046732,C0108R02
536.0,1029.0,1171.0,401.0,545.0,807.0,745.0,548.0,468.0,994.0,1012.0,660.0,563.0,958.0,559.0,1129.0,910.0,695.0,709.0,528.0,1028.0,484.0,561.0,794.0,813.0,525.0,513.0,406.0,1198.0,633.0,462.0,1240.0,817.0,491.0,427.0,572.0,1079.0,556.0,357.0,1067.0,1005.0,476.0,1207.0,715.0,919.0,532.0,555.0,565.0,958.0,690.0,1023.0,368.0,351.0,482.0,1001.0,462.0,527.0,937.0,442.0,974.0,668.0,000000000000000000a7,56.3516246451906,C0108R04
885.0,1327.0,1462.0,678.0,858.0,1082.0,1118.0,914.0,739.0,1279.0,1236.0,1017.0,859.0,1275.0,856.0,1454.0,1279.0,1050.0,946.0,851.0,1331.0,800.0,858.0,1154.0,1169.0,855.0,778.0,718.0,1408.0,948.0,792.0,1518.0,1125.0,786.0,699.0,930.0,1324.0,925.0,712.0,1423.0,1287.0,782.0,1488.0,1012.0,1233.0,828.0,842.0,852.0,1207.0,1036.0,1372.0,658.0,646.0,789.0,1378.0,825.0,854.0,1293.0,732.0,1216.0,970.0,000000000000000000a8,117.96602564193,C0108W01
886.0,1332.0,1474.0,691.0,860.0,1088.0,1123.0,920.0,753.0,1284.0,1240.0,1018.0,862.0,1291.0,858.0,1454.0,1295.0,1060.0,950.0,861.0,1332.0,809.0,865.0,1165.0,1180.0,861.0,780.0,722.0,1401.0,955.0,802.0,1525.0,1139.0,789.0,714.0,932.0,1332.0,927.0,715.0,1431.0,1289.0,792.0,1496.0,1015.0,1245.0,830.0,855.0,860.0,1211.0,1050.0,1380.0,668.0,650.0,792.0,1385.0,830.0,859.0,1308.0,735.0,1221.0,972.0,000000000000000000a9,163.171559791868,C0108W02
881.0,1303.0,1435.0,679.0,861.0,1072.0,1114.0,918.0,732.0,1253.0,1231.0,1014.0,855.0,1252.0,859.0,1442.0,1256.0,1045.0,932.0,840.0,1314.0,805.0,861.0,1152.0,1146.0,850.0,768.0,721.0,1395.0,937.0,796.0,1500.0,1116.0,783.0,694.0,932.0,1307.0,922.0,712.0,1410.0,1273.0,785.0,1469.0,1002.0,1217.0,830.0,846.0,853.0,1198.0,1025.0,1355.0,648.0,642.0,783.0,1355.0,819.0,855.0,1287.0,723.0,1208.0,967.0,000000000000000000aa,88.4185738925677,C0108W03
896.0,1318.0,1460.0,698.0,871.0,1088.0,1134.0,931.0,753.0,1270.0,1241.0,1027.0,866.0,1283.0,874.0,1452.0,1283.0,1063.0,950.0,859.0,1325.0,821.0,871.0,1172.0,1176.0,866.0,783.0,739.0,1403.0,960.0,814.0,1512.0,1136.0,803.0,713.0,943.0,1322.0,936.0,733.0,1435.0,1285.0,804.0,1483.0,1019.0,1235.0,841.0,863.0,873.0,1212.0,1047.0,1374.0,670.0,663.0,796.0,1376.0,836.0,877.0,1303.0,745.0,1222.0,976.0,000000000000000000ab,70.9502221386013,C0108W04
885.0,1327.0,1462.0,678.0,858.0,1082.0,1118.0,914.0,739.0,1279.0,1236.0,1017.0,859.0,1275.0,856.0,1454.0,1279.0,1050.0,946.0,851.0,1331.0,800.0,858.0,1154.0,1169.0,855.0,778.0,718.0,1408.0,948.0,792.0,1518.0,1125.0,786.0,699.0,930.0,1324.0,925.0,712.0,1423.0,1287.0,782.0,1488.0,1012.0,1233.0,828.0,842.0,852.0,1207.0,1036.0,1372.0,658.0,646.0,789.0,1378.0,825.0,854.0,1293.0,732.0,1216.0,970.0,000000000000000000ad,70.7852089864392,C0108W07
876.0,1301.0,1433.0,677.0,853.0,1069.0,1110.0,909.0,730.0,1252.0,1230.0,1010.0,852.0,1249.0,858.0,1438.0,1254.0,1039.0,929.0,835.0,1311.0,803.0,853.0,1144.0,1144.0,845.0,761.0,719.0,1392.0,934.0,792.0,1498.0,1109.0,782.0,691.0,929.0,1305.0,919.0,710.0,1408.0,1270.0,781.0,1468.0,999.0,1216.0,822.0,844.0,850.0,1196.0,1019.0,1352.0,644.0,639.0,780.0,1353.0,814.0,851.0,1280.0,721.0,1206.0,965.0,000000000000000000ae,194.857099405172,C0108W09
677.0,1102.0,1260.0,502.0,694.0,939.0,851.0,694.0,544.0,1107.0,1161.0,810.0,718.0,1047.0,701.0,1226.0,1026.0,840.0,873.0,647.0,1172.0,586.0,715.0,942.0,934.0,653.0,669.0,512.0,1325.0,784.0,577.0,1344.0,952.0,629.0,524.0,732.0,1172.0,701.0,507.0,1215.0,1115.0,598.0,1293.0,867.0,1002.0,667.0,648.0,659.0,1104.0,813.0,1154.0,478.0,492.0,637.0,1117.0,596.0,641.0,1042.0,578.0,1105.0,839.0,000000000000000000af,22.2330557604593,C0109C01
561.0,926.0,1051.0,427.0,591.0,820.0,732.0,598.0,473.0,911.0,1002.0,698.0,607.0,856.0,611.0,1070.0,792.0,673.0,745.0,534.0,1003.0,530.0,614.0,778.0,714.0,540.0,592.0,450.0,1149.0,644.0,489.0,1106.0,778.0,545.0,434.0,614.0,998.0,595.0,414.0,1013.0,947.0,512.0,1084.0,728.0,833.0,579.0,566.0,572.0,951.0,633.0,932.0,388.0,413.0,536.0,877.0,488.0,569.0,850.0,501.0,941.0,738.0,000000000000000000b0,61.7769475530057,C0109C02
688.0,1117.0,1270.0,506.0,704.0,946.0,867.0,714.0,557.0,1118.0,1156.0,829.0,719.0,1054.0,715.0,1245.0,1043.0,851.0,865.0,652.0,1189.0,607.0,725.0,960.0,948.0,657.0,669.0,525.0,1328.0,789.0,593.0,1364.0,955.0,643.0,528.0,748.0,1179.0,711.0,528.0,1234.0,1123.0,612.0,1311.0,868.0,1014.0,676.0,662.0,672.0,1109.0,830.0,1179.0,483.0,497.0,644.0,1141.0,605.0,663.0,1061.0,589.0,1102.0,848.0,000000000000000000b1,37.6303832880877,C0109C04
557.0,1033.0,1167.0,403.0,562.0,796.0,746.0,571.0,475.0,1005.0,996.0,667.0,582.0,966.0,567.0,1128.0,935.0,700.0,707.0,537.0,1044.0,496.0,573.0,798.0,826.0,537.0,521.0,413.0,1162.0,647.0,477.0,1253.0,818.0,501.0,434.0,592.0,1056.0,582.0,388.0,1079.0,1002.0,496.0,1212.0,717.0,913.0,541.0,568.0,568.0,937.0,700.0,1046.0,382.0,370.0,502.0,1025.0,476.0,547.0,938.0,455.0,937.0,673.0,000000000000000000b2,41.2174645445074,C0109C06
577.0,969.0,1073.0,442.0,595.0,842.0,764.0,610.0,485.0,951.0,1035.0,709.0,622.0,868.0,616.0,1102.0,827.0,695.0,775.0,548.0,1038.0,534.0,626.0,793.0,752.0,552.0,595.0,464.0,1192.0,681.0,500.0,1152.0,793.0,555.0,446.0,637.0,1035.0,607.0,434.0,1033.0,980.0,516.0,1116.0,754.0,872.0,580.0,577.0,577.0,986.0,661.0,982.0,399.0,419.0,556.0,935.0,503.0,570.0,857.0,500.0,976.0,754.0,000000000000000000b3,26.8969976643797,C0109C07
701.0,1150.0,1289.0,517.0,717.0,957.0,891.0,737.0,572.0,1140.0,1171.0,846.0,730.0,1075.0,731.0,1280.0,1072.0,868.0,871.0,670.0,1217.0,624.0,738.0,972.0,971.0,670.0,674.0,538.0,1348.0,798.0,614.0,1393.0,963.0,657.0,539.0,762.0,1193.0,729.0,551.0,1257.0,1151.0,626.0,1340.0,882.0,1036.0,686.0,677.0,688.0,1118.0,845.0,1213.0,496.0,510.0,656.0,1180.0,618.0,679.0,1076.0,595.0,1110.0,855.0,000000000000000000b4,40.2508601799692,C0109P01
542.0,858.0,964.0,402.0,536.0,715.0,694.0,564.0,446.0,803.0,869.0,659.0,524.0,772.0,557.0,993.0,772.0,633.0,606.0,505.0,901.0,500.0,541.0,724.0,677.0,514.0,482.0,427.0,1013.0,571.0,489.0,1048.0,705.0,495.0,410.0,579.0,915.0,559.0,424.0,943.0,848.0,494.0,1008.0,648.0,790.0,507.0,542.0,545.0,829.0,615.0,895.0,373.0,372.0,469.0,882.0,478.0,541.0,829.0,448.0,838.0,644.0,000000000000000000b5,28.214747174667,C0109P02
436.0,993.0,975.0,335.0,453.0,723.0,689.0,482.0,368.0,918.0,921.0,564.0,513.0,802.0,434.0,1057.0,680.0,595.0,691.0,445.0,1006.0,369.0,484.0,675.0,629.0,427.0,515.0,337.0,1100.0,552.0,364.0,1061.0,695.0,413.0,361.0,474.0,921.0,483.0,271.0,883.0,955.0,384.0,1081.0,622.0,793.0,472.0,400.0,390.0,891.0,565.0,898.0,319.0,300.0,473.0,807.0,386.0,438.0,695.0,382.0,862.0,614.0,000000000000000000b6,74.1593870477001,C0109P03
316.0,756.0,839.0,250.0,330.0,559.0,512.0,347.0,284.0,725.0,758.0,451.0,382.0,635.0,336.0,858.0,506.0,464.0,523.0,316.0,791.0,295.0,368.0,570.0,448.0,305.0,390.0,250.0,926.0,384.0,268.0,876.0,581.0,306.0,257.0,352.0,754.0,352.0,159.0,740.0,734.0,291.0,892.0,453.0,615.0,347.0,329.0,322.0,732.0,426.0,691.0,222.0,189.0,341.0,603.0,253.0,338.0,592.0,277.0,701.0,495.0,000000000000000000b7,70.3772070837505,C0109P04
618.0,1078.0,1212.0,445.0,625.0,870.0,801.0,625.0,505.0,1070.0,1083.0,736.0,645.0,1009.0,632.0,1179.0,979.0,770.0,792.0,590.0,1109.0,535.0,645.0,869.0,892.0,599.0,596.0,455.0,1261.0,722.0,525.0,1295.0,879.0,565.0,476.0,654.0,1112.0,634.0,449.0,1144.0,1069.0,546.0,1257.0,791.0,957.0,606.0,596.0,606.0,1025.0,760.0,1109.0,425.0,431.0,568.0,1079.0,540.0,587.0,986.0,518.0,1035.0,751.0,000000000000000000b8,36.9553054275642,C0109R01
536.0,851.0,951.0,395.0,529.0,705.0,686.0,556.0,438.0,796.0,858.0,651.0,518.0,764.0,550.0,986.0,764.0,626.0,598.0,500.0,893.0,491.0,534.0,714.0,671.0,509.0,476.0,421.0,1002.0,565.0,483.0,1037.0,696.0,489.0,406.0,572.0,905.0,554.0,420.0,932.0,841.0,488.0,997.0,640.0,782.0,502.0,531.0,535.0,820.0,608.0,886.0,369.0,368.0,464.0,876.0,473.0,534.0,819.0,442.0,829.0,636.0,000000000000000000b9,28.144459199853,C0109R03
429.0,977.0,961.0,330.0,447.0,712.0,678.0,474.0,363.0,904.0,907.0,555.0,505.0,790.0,428.0,1042.0,669.0,585.0,680.0,437.0,992.0,365.0,478.0,664.0,619.0,420.0,507.0,332.0,1085.0,543.0,360.0,1045.0,684.0,407.0,356.0,467.0,907.0,475.0,267.0,871.0,941.0,379.0,1065.0,613.0,780.0,466.0,396.0,386.0,878.0,556.0,884.0,316.0,295.0,466.0,795.0,379.0,433.0,684.0,377.0,848.0,606.0,000000000000000000ba,71.054709817168,C0109R04
551.0,1024.0,1137.0,409.0,562.0,801.0,743.0,564.0,464.0,1004.0,1009.0,661.0,585.0,950.0,570.0,1118.0,915.0,706.0,724.0,540.0,1038.0,489.0,580.0,792.0,828.0,539.0,531.0,413.0,1177.0,656.0,469.0,1218.0,811.0,506.0,434.0,594.0,1060.0,573.0,390.0,1060.0,1008.0,484.0,1187.0,728.0,914.0,550.0,550.0,557.0,956.0,700.0,1033.0,379.0,381.0,510.0,1009.0,483.0,526.0,917.0,463.0,970.0,683.0,000000000000000000bb,63.0966744587484,C0109X01
550.0,1021.0,1133.0,406.0,552.0,796.0,743.0,557.0,467.0,996.0,1000.0,657.0,577.0,947.0,557.0,1113.0,914.0,695.0,718.0,536.0,1032.0,489.0,568.0,781.0,823.0,534.0,518.0,411.0,1163.0,656.0,472.0,1216.0,800.0,494.0,431.0,586.0,1052.0,571.0,381.0,1055.0,1000.0,484.0,1183.0,725.0,910.0,536.0,554.0,557.0,948.0,691.0,1030.0,379.0,374.0,503.0,1008.0,478.0,530.0,909.0,455.0,956.0,672.0,000000000000000000bc,30.5691711845539,C0109X02
552.0,1024.0,1139.0,409.0,562.0,802.0,743.0,564.0,466.0,1002.0,1012.0,664.0,583.0,950.0,566.0,1119.0,914.0,706.0,723.0,541.0,1037.0,490.0,580.0,792.0,826.0,540.0,530.0,413.0,1179.0,654.0,470.0,1219.0,811.0,502.0,435.0,592.0,1064.0,571.0,385.0,1060.0,1007.0,486.0,1188.0,728.0,916.0,549.0,552.0,559.0,958.0,699.0,1032.0,380.0,376.0,507.0,1008.0,483.0,529.0,919.0,459.0,972.0,681.0,000000000000000000bd,59.5970699904152,C0109X03
550.0,1019.0,1121.0,406.0,557.0,793.0,739.0,562.0,464.0,997.0,996.0,654.0,580.0,941.0,558.0,1108.0,910.0,698.0,720.0,536.0,1032.0,487.0,575.0,780.0,824.0,536.0,525.0,412.0,1158.0,657.0,470.0,1208.0,798.0,497.0,432.0,589.0,1046.0,572.0,388.0,1049.0,1000.0,484.0,1176.0,725.0,906.0,543.0,548.0,553.0,946.0,694.0,1029.0,381.0,379.0,508.0,1006.0,481.0,526.0,902.0,458.0,955.0,674.0,000000000000000000be,50.4389025058603,C0109X04
650.0,1062.0,1217.0,483.0,673.0,932.0,835.0,663.0,531.0,1062.0,1160.0,781.0,704.0,1006.0,677.0,1194.0,975.0,814.0,870.0,620.0,1135.0,567.0,693.0,920.0,894.0,630.0,672.0,494.0,1311.0,767.0,554.0,1280.0,926.0,615.0,516.0,714.0,1156.0,673.0,483.0,1171.0,1088.0,580.0,1239.0,854.0,983.0,652.0,620.0,631.0,1099.0,784.0,1097.0,463.0,473.0,632.0,1062.0,569.0,623.0,998.0,565.0,1105.0,835.0,000000000000000000bf,62.545180258284,C0109X05
477.0,990.0,1032.0,366.0,491.0,750.0,688.0,501.0,407.0,945.0,948.0,607.0,538.0,838.0,499.0,1093.0,723.0,629.0,709.0,475.0,1029.0,419.0,522.0,720.0,679.0,467.0,542.0,376.0,1160.0,574.0,421.0,1118.0,741.0,467.0,400.0,508.0,946.0,508.0,322.0,946.0,979.0,433.0,1118.0,647.0,802.0,501.0,451.0,452.0,916.0,599.0,945.0,356.0,343.0,488.0,858.0,417.0,478.0,752.0,426.0,895.0,650.0,000000000000000000c0,55.2091264171856,C0110C01
555.0,934.0,1049.0,425.0,581.0,819.0,729.0,585.0,469.0,923.0,1007.0,689.0,602.0,854.0,601.0,1072.0,790.0,669.0,755.0,535.0,1008.0,508.0,612.0,773.0,718.0,535.0,597.0,447.0,1162.0,646.0,470.0,1112.0,773.0,539.0,437.0,605.0,1000.0,582.0,408.0,994.0,952.0,498.0,1088.0,725.0,838.0,571.0,550.0,551.0,960.0,632.0,938.0,387.0,405.0,539.0,880.0,485.0,546.0,837.0,494.0,953.0,734.0,000000000000000000c1,111.371077892294,C0110C02
620.0,1013.0,1159.0,463.0,640.0,889.0,795.0,633.0,506.0,1009.0,1110.0,745.0,671.0,958.0,645.0,1140.0,930.0,778.0,829.0,592.0,1085.0,542.0,660.0,880.0,852.0,601.0,637.0,473.0,1250.0,732.0,527.0,1220.0,885.0,585.0,490.0,681.0,1105.0,643.0,462.0,1117.0,1038.0,553.0,1181.0,817.0,941.0,619.0,594.0,604.0,1052.0,749.0,1046.0,442.0,452.0,602.0,1011.0,544.0,593.0,955.0,538.0,1055.0,794.0,000000000000000000c2,76.3966100701434,C0110C03
598.0,991.0,1114.0,443.0,611.0,831.0,758.0,616.0,486.0,991.0,1025.0,719.0,628.0,926.0,620.0,1100.0,911.0,741.0,762.0,569.0,1053.0,526.0,630.0,834.0,829.0,571.0,581.0,457.0,1177.0,692.0,514.0,1206.0,837.0,556.0,462.0,650.0,1048.0,619.0,452.0,1076.0,995.0,533.0,1160.0,764.0,898.0,590.0,578.0,587.0,980.0,721.0,1037.0,419.0,429.0,558.0,1005.0,526.0,573.0,928.0,510.0,978.0,738.0,000000000000000000c3,51.8525846429417,C0110C04
607.0,1020.0,1147.0,450.0,622.0,869.0,786.0,616.0,500.0,1018.0,1089.0,730.0,652.0,955.0,627.0,1140.0,922.0,767.0,807.0,580.0,1077.0,530.0,641.0,863.0,847.0,588.0,618.0,460.0,1248.0,716.0,515.0,1222.0,874.0,567.0,476.0,659.0,1090.0,624.0,443.0,1099.0,1041.0,539.0,1189.0,795.0,934.0,602.0,581.0,596.0,1030.0,738.0,1050.0,428.0,437.0,582.0,1019.0,531.0,579.0,944.0,522.0,1043.0,770.0,000000000000000000c5,67.071245830235,C0110C06
672.0,1094.0,1234.0,497.0,686.0,921.0,854.0,704.0,548.0,1082.0,1126.0,812.0,701.0,1021.0,700.0,1224.0,1018.0,830.0,837.0,637.0,1162.0,601.0,706.0,934.0,920.0,642.0,647.0,518.0,1295.0,766.0,586.0,1330.0,924.0,629.0,515.0,733.0,1148.0,698.0,525.0,1203.0,1097.0,599.0,1277.0,846.0,993.0,655.0,653.0,662.0,1079.0,809.0,1153.0,472.0,487.0,630.0,1119.0,591.0,652.0,1033.0,571.0,1070.0,826.0,000000000000000000c6,57.5737313870321,C0110C07
490.0,896.0,954.0,386.0,515.0,742.0,665.0,513.0,422.0,877.0,917.0,609.0,543.0,783.0,529.0,1000.0,704.0,618.0,699.0,481.0,949.0,442.0,539.0,710.0,652.0,475.0,547.0,396.0,1085.0,576.0,425.0,1022.0,719.0,480.0,404.0,525.0,912.0,515.0,349.0,890.0,904.0,445.0,1018.0,648.0,768.0,510.0,478.0,482.0,888.0,590.0,871.0,368.0,368.0,496.0,805.0,429.0,487.0,748.0,450.0,869.0,659.0,000000000000000000c7,46.9445962290112,C0110P01
563.0,928.0,1058.0,431.0,591.0,823.0,734.0,600.0,478.0,917.0,1009.0,702.0,610.0,859.0,615.0,1074.0,795.0,679.0,747.0,535.0,1006.0,534.0,615.0,785.0,718.0,542.0,593.0,454.0,1155.0,646.0,493.0,1117.0,785.0,549.0,438.0,618.0,1007.0,597.0,417.0,1019.0,949.0,517.0,1093.0,731.0,839.0,579.0,571.0,579.0,959.0,638.0,939.0,391.0,415.0,537.0,883.0,489.0,574.0,858.0,504.0,947.0,743.0,000000000000000000c8,112.047225253417,C0110P03
489.0,940.0,1006.0,386.0,511.0,758.0,687.0,521.0,418.0,904.0,953.0,617.0,552.0,808.0,519.0,1045.0,714.0,639.0,717.0,479.0,982.0,440.0,543.0,731.0,662.0,479.0,554.0,397.0,1134.0,582.0,423.0,1072.0,752.0,483.0,402.0,521.0,943.0,521.0,336.0,923.0,939.0,445.0,1062.0,655.0,792.0,512.0,472.0,483.0,922.0,603.0,904.0,367.0,362.0,501.0,829.0,429.0,489.0,772.0,446.0,897.0,673.0,000000000000000000c9,64.1777167303904,C0110P04
559.0,961.0,1074.0,430.0,581.0,837.0,746.0,584.0,473.0,954.0,1037.0,690.0,612.0,871.0,598.0,1101.0,819.0,683.0,774.0,539.0,1036.0,508.0,612.0,788.0,748.0,539.0,599.0,451.0,1195.0,663.0,470.0,1145.0,788.0,538.0,436.0,614.0,1029.0,584.0,410.0,1022.0,980.0,498.0,1122.0,743.0,867.0,571.0,550.0,558.0,997.0,653.0,967.0,393.0,407.0,551.0,915.0,490.0,544.0,850.0,495.0,984.0,743.0,000000000000000000ca,64.784312864583,C0110P06
518.0,875.0,1039.0,393.0,540.0,776.0,686.0,540.0,433.0,859.0,1002.0,652.0,564.0,797.0,558.0,1021.0,764.0,652.0,703.0,482.0,955.0,485.0,561.0,763.0,677.0,492.0,527.0,414.0,1139.0,608.0,450.0,1109.0,763.0,498.0,388.0,582.0,998.0,549.0,378.0,993.0,890.0,465.0,1054.0,698.0,808.0,509.0,535.0,535.0,938.0,614.0,902.0,342.0,361.0,491.0,858.0,437.0,513.0,837.0,447.0,932.0,703.0,000000000000000000cb,88.8494232132986,C0110P07
553.0,1092.0,1283.0,430.0,569.0,862.0,795.0,576.0,510.0,1046.0,1069.0,699.0,581.0,1035.0,591.0,1207.0,973.0,733.0,739.0,553.0,1090.0,518.0,582.0,851.0,857.0,546.0,535.0,430.0,1280.0,647.0,485.0,1342.0,873.0,513.0,451.0,589.0,1158.0,578.0,350.0,1147.0,1067.0,498.0,1304.0,743.0,975.0,556.0,607.0,616.0,1010.0,734.0,1087.0,386.0,344.0,489.0,1062.0,477.0,563.0,1019.0,456.0,1026.0,702.0,000000000000000000cc,37.8780587561611,C0110R01
657.0,1085.0,1238.0,484.0,671.0,917.0,828.0,671.0,533.0,1089.0,1139.0,787.0,697.0,1033.0,678.0,1209.0,1001.0,821.0,847.0,627.0,1148.0,568.0,692.0,923.0,915.0,636.0,651.0,492.0,1307.0,758.0,555.0,1319.0,930.0,607.0,507.0,710.0,1147.0,676.0,486.0,1189.0,1098.0,581.0,1279.0,845.0,983.0,648.0,626.0,641.0,1079.0,794.0,1132.0,461.0,472.0,616.0,1095.0,576.0,624.0,1021.0,561.0,1084.0,818.0,000000000000000000cd,38.7783464527236,C0110R02
627.0,1027.0,1145.0,463.0,630.0,850.0,800.0,655.0,513.0,1002.0,1034.0,757.0,634.0,951.0,651.0,1154.0,942.0,765.0,753.0,592.0,1084.0,563.0,649.0,862.0,845.0,602.0,589.0,483.0,1199.0,700.0,552.0,1247.0,852.0,579.0,480.0,682.0,1074.0,650.0,487.0,1116.0,1020.0,562.0,1203.0,780.0,926.0,600.0,614.0,617.0,991.0,742.0,1080.0,439.0,448.0,571.0,1050.0,553.0,613.0,968.0,525.0,991.0,761.0,000000000000000000ce,36.2070888007185,C0110R03
662.0,1084.0,1215.0,488.0,669.0,898.0,845.0,695.0,541.0,1063.0,1093.0,801.0,672.0,1011.0,690.0,1217.0,1001.0,813.0,798.0,627.0,1145.0,595.0,690.0,916.0,899.0,637.0,627.0,510.0,1267.0,740.0,585.0,1319.0,905.0,613.0,509.0,723.0,1134.0,687.0,516.0,1184.0,1079.0,596.0,1271.0,824.0,978.0,638.0,648.0,653.0,1046.0,788.0,1143.0,466.0,475.0,605.0,1111.0,586.0,650.0,1028.0,557.0,1046.0,806.0,000000000000000000cf,53.9698389671116,C0110R04
694.0,1138.0,1278.0,512.0,706.0,942.0,884.0,728.0,566.0,1125.0,1150.0,840.0,715.0,1066.0,724.0,1271.0,1061.0,859.0,850.0,662.0,1204.0,620.0,728.0,963.0,957.0,668.0,663.0,534.0,1331.0,781.0,611.0,1382.0,953.0,644.0,534.0,758.0,1183.0,721.0,545.0,1247.0,1138.0,623.0,1329.0,867.0,1026.0,674.0,674.0,685.0,1098.0,832.0,1201.0,490.0,503.0,641.0,1168.0,616.0,678.0,1074.0,587.0,1094.0,847.0,000000000000000000d0,32.3894550907665,C0110R05
608.0,1049.0,1188.0,447.0,627.0,841.0,771.0,633.0,508.0,1049.0,1040.0,732.0,625.0,994.0,639.0,1158.0,979.0,761.0,750.0,583.0,1096.0,545.0,643.0,864.0,872.0,583.0,582.0,457.0,1219.0,685.0,529.0,1285.0,859.0,561.0,471.0,660.0,1084.0,625.0,459.0,1140.0,1039.0,545.0,1240.0,766.0,927.0,603.0,601.0,611.0,986.0,746.0,1111.0,424.0,434.0,555.0,1071.0,534.0,592.0,982.0,517.0,986.0,739.0,000000000000000000d1,27.274195534956,C0110X01
627.0,1036.0,1182.0,463.0,643.0,892.0,801.0,640.0,513.0,1036.0,1113.0,755.0,674.0,983.0,650.0,1160.0,949.0,788.0,826.0,598.0,1100.0,545.0,663.0,887.0,870.0,608.0,636.0,474.0,1267.0,732.0,532.0,1251.0,897.0,585.0,490.0,684.0,1113.0,645.0,464.0,1135.0,1057.0,558.0,1216.0,818.0,951.0,623.0,597.0,613.0,1054.0,759.0,1073.0,445.0,454.0,599.0,1037.0,549.0,600.0,971.0,541.0,1063.0,795.0,000000000000000000d2,48.8796079369406,C0110X02
649.0,1070.0,1221.0,479.0,663.0,908.0,820.0,663.0,526.0,1075.0,1126.0,776.0,689.0,1018.0,672.0,1192.0,989.0,810.0,840.0,619.0,1134.0,561.0,684.0,910.0,903.0,627.0,643.0,487.0,1289.0,752.0,553.0,1302.0,918.0,602.0,504.0,703.0,1135.0,669.0,483.0,1174.0,1084.0,577.0,1261.0,837.0,973.0,640.0,620.0,634.0,1069.0,784.0,1118.0,459.0,469.0,610.0,1082.0,569.0,619.0,1007.0,556.0,1072.0,808.0,000000000000000000d3,48.2788988012116,C0110X03
462.0,958.0,991.0,356.0,480.0,737.0,678.0,490.0,394.0,913.0,932.0,584.0,526.0,807.0,480.0,1058.0,702.0,616.0,697.0,459.0,995.0,407.0,510.0,703.0,660.0,452.0,528.0,366.0,1125.0,569.0,404.0,1075.0,720.0,450.0,388.0,497.0,929.0,497.0,310.0,911.0,947.0,420.0,1076.0,638.0,789.0,490.0,438.0,440.0,900.0,586.0,913.0,346.0,333.0,478.0,831.0,405.0,462.0,735.0,411.0,880.0,633.0,000000000000000000d4,69.2010503545606,C0111C01
565.0,971.0,1093.0,434.0,586.0,847.0,751.0,586.0,478.0,969.0,1055.0,697.0,620.0,883.0,603.0,1115.0,832.0,697.0,782.0,544.0,1048.0,511.0,617.0,808.0,758.0,544.0,606.0,456.0,1216.0,666.0,471.0,1165.0,808.0,541.0,437.0,621.0,1045.0,590.0,408.0,1042.0,993.0,502.0,1143.0,751.0,880.0,575.0,555.0,565.0,1013.0,666.0,981.0,394.0,408.0,557.0,927.0,494.0,546.0,869.0,500.0,1003.0,756.0,000000000000000000d5,87.6420252194782,C0111C02
417.0,975.0,972.0,314.0,430.0,709.0,673.0,457.0,351.0,909.0,912.0,542.0,498.0,791.0,421.0,1051.0,658.0,577.0,673.0,422.0,996.0,356.0,467.0,660.0,610.0,406.0,494.0,319.0,1093.0,533.0,348.0,1054.0,681.0,396.0,338.0,462.0,912.0,467.0,251.0,865.0,939.0,365.0,1076.0,605.0,782.0,451.0,388.0,376.0,883.0,546.0,888.0,301.0,273.0,457.0,795.0,362.0,419.0,681.0,365.0,852.0,607.0,000000000000000000d6,48.1867800808065,C0111C03
494.0,939.0,1008.0,392.0,511.0,758.0,686.0,522.0,425.0,905.0,955.0,624.0,557.0,810.0,520.0,1045.0,716.0,639.0,717.0,484.0,982.0,447.0,543.0,731.0,664.0,484.0,554.0,403.0,1135.0,582.0,423.0,1073.0,752.0,484.0,402.0,526.0,945.0,526.0,338.0,925.0,939.0,445.0,1063.0,655.0,794.0,512.0,479.0,490.0,925.0,603.0,905.0,368.0,364.0,505.0,831.0,434.0,490.0,772.0,447.0,900.0,679.0,000000000000000000d7,48.3467392745632,C0111C05
582.0,991.0,1122.0,442.0,597.0,863.0,773.0,602.0,487.0,983.0,1074.0,719.0,630.0,899.0,618.0,1135.0,855.0,713.0,792.0,552.0,1066.0,530.0,630.0,824.0,774.0,557.0,609.0,464.0,1239.0,685.0,492.0,1196.0,824.0,555.0,444.0,640.0,1068.0,608.0,423.0,1078.0,1009.0,516.0,1163.0,769.0,894.0,582.0,575.0,582.0,1027.0,677.0,1005.0,394.0,414.0,562.0,959.0,505.0,565.0,886.0,508.0,1016.0,774.0,000000000000000000d8,86.1620612924602,C0111R01
507.0,861.0,942.0,388.0,534.0,749.0,668.0,532.0,428.0,836.0,923.0,626.0,552.0,776.0,548.0,983.0,716.0,613.0,687.0,489.0,926.0,470.0,555.0,706.0,648.0,489.0,543.0,406.0,1059.0,591.0,437.0,1000.0,706.0,490.0,396.0,550.0,914.0,538.0,371.0,899.0,880.0,458.0,986.0,661.0,769.0,525.0,504.0,504.0,880.0,579.0,852.0,353.0,374.0,498.0,800.0,443.0,505.0,762.0,454.0,872.0,669.0,000000000000000000d9,57.4268615853318,C0111R02
565.0,971.0,1093.0,434.0,586.0,847.0,751.0,586.0,478.0,969.0,1055.0,697.0,620.0,883.0,603.0,1115.0,832.0,697.0,782.0,544.0,1048.0,511.0,617.0,808.0,758.0,544.0,606.0,456.0,1216.0,666.0,471.0,1165.0,808.0,541.0,437.0,621.0,1045.0,590.0,408.0,1042.0,993.0,502.0,1143.0,751.0,880.0,575.0,555.0,565.0,1013.0,666.0,981.0,394.0,408.0,557.0,927.0,494.0,546.0,869.0,500.0,1003.0,756.0,000000000000000000da,68.9900978754285,C0111R03
487.0,942.0,1073.0,362.0,491.0,732.0,682.0,501.0,425.0,907.0,927.0,597.0,509.0,883.0,498.0,1044.0,842.0,623.0,639.0,480.0,950.0,442.0,501.0,721.0,741.0,471.0,454.0,363.0,1084.0,579.0,422.0,1144.0,739.0,435.0,379.0,518.0,985.0,509.0,317.0,981.0,921.0,426.0,1112.0,650.0,844.0,474.0,514.0,514.0,870.0,623.0,948.0,329.0,313.0,432.0,928.0,414.0,482.0,859.0,396.0,873.0,603.0,000000000000000000db,23.4240734181895,C0112F01
355.0,913.0,919.0,271.0,352.0,616.0,606.0,387.0,313.0,824.0,804.0,481.0,432.0,714.0,330.0,930.0,551.0,502.0,599.0,366.0,907.0,301.0,387.0,589.0,492.0,332.0,433.0,278.0,952.0,444.0,281.0,972.0,636.0,323.0,299.0,379.0,814.0,406.0,172.0,784.0,836.0,294.0,1006.0,519.0,688.0,399.0,337.0,313.0,772.0,479.0,795.0,244.0,205.0,395.0,676.0,297.0,368.0,607.0,302.0,751.0,526.0,000000000000000000dd,36.3792271209496,C0112F03
613.0,1037.0,1165.0,463.0,619.0,823.0,815.0,654.0,526.0,1008.0,976.0,740.0,617.0,977.0,623.0,1161.0,977.0,753.0,703.0,589.0,1060.0,561.0,622.0,852.0,850.0,599.0,554.0,476.0,1123.0,675.0,547.0,1253.0,840.0,558.0,484.0,664.0,1068.0,648.0,469.0,1110.0,997.0,559.0,1220.0,750.0,951.0,591.0,617.0,616.0,944.0,751.0,1079.0,442.0,427.0,541.0,1055.0,550.0,609.0,999.0,503.0,942.0,711.0,000000000000000000de,90.9109599992377,C0112F04
509.0,854.0,1022.0,383.0,529.0,758.0,670.0,529.0,422.0,836.0,982.0,642.0,550.0,778.0,548.0,1003.0,744.0,640.0,681.0,470.0,935.0,478.0,550.0,748.0,658.0,480.0,515.0,405.0,1119.0,588.0,446.0,1092.0,748.0,489.0,380.0,570.0,980.0,537.0,370.0,979.0,867.0,459.0,1036.0,678.0,789.0,498.0,523.0,526.0,918.0,599.0,883.0,332.0,351.0,477.0,840.0,428.0,511.0,823.0,436.0,909.0,691.0,000000000000000000df,46.6547721917752,C0112F05
400.0,996.0,976.0,311.0,415.0,698.0,667.0,448.0,345.0,906.0,909.0,528.0,488.0,785.0,395.0,1043.0,642.0,575.0,667.0,411.0,990.0,345.0,448.0,662.0,597.0,389.0,483.0,311.0,1075.0,518.0,329.0,1059.0,685.0,379.0,330.0,446.0,910.0,457.0,230.0,861.0,946.0,346.0,1082.0,593.0,785.0,449.0,378.0,356.0,878.0,543.0,884.0,295.0,262.0,447.0,779.0,346.0,410.0,673.0,347.0,847.0,593.0,000000000000000000e0,68.8120712277937,C0112R01
558.0,947.0,1069.0,429.0,582.0,827.0,735.0,585.0,474.0,938.0,1025.0,694.0,607.0,866.0,600.0,1089.0,802.0,680.0,763.0,537.0,1024.0,511.0,614.0,788.0,728.0,537.0,600.0,451.0,1184.0,650.0,471.0,1133.0,789.0,537.0,440.0,611.0,1018.0,585.0,405.0,1011.0,965.0,501.0,1108.0,731.0,851.0,571.0,556.0,557.0,979.0,645.0,952.0,390.0,402.0,544.0,892.0,486.0,549.0,853.0,492.0,970.0,744.0,000000000000000000e1,63.5036144608426,C0112R02
428.0,861.0,920.0,332.0,445.0,680.0,619.0,455.0,363.0,815.0,872.0,549.0,488.0,728.0,443.0,963.0,630.0,570.0,641.0,418.0,894.0,383.0,475.0,658.0,587.0,418.0,492.0,342.0,1040.0,512.0,369.0,978.0,677.0,414.0,356.0,459.0,862.0,459.0,271.0,839.0,853.0,390.0,968.0,581.0,716.0,453.0,413.0,415.0,835.0,531.0,815.0,316.0,299.0,440.0,736.0,372.0,432.0,697.0,376.0,815.0,603.0,000000000000000000e2,25.2804354867008,C0112R03
470.0,817.0,925.0,359.0,491.0,713.0,625.0,490.0,399.0,805.0,900.0,590.0,514.0,743.0,504.0,949.0,676.0,584.0,655.0,452.0,888.0,428.0,519.0,684.0,609.0,452.0,511.0,378.0,1040.0,547.0,393.0,980.0,686.0,449.0,373.0,514.0,890.0,495.0,328.0,867.0,838.0,422.0,962.0,625.0,739.0,481.0,469.0,469.0,855.0,549.0,814.0,323.0,329.0,458.0,755.0,406.0,462.0,741.0,412.0,853.0,638.0,000000000000000000e3,43.736142307265,C0112R04
412.0,802.0,907.0,325.0,430.0,648.0,577.0,441.0,357.0,766.0,838.0,541.0,468.0,699.0,431.0,910.0,599.0,551.0,606.0,402.0,844.0,379.0,462.0,646.0,545.0,402.0,475.0,336.0,1005.0,472.0,353.0,940.0,667.0,400.0,332.0,437.0,828.0,437.0,256.0,819.0,800.0,375.0,929.0,545.0,675.0,432.0,411.0,420.0,806.0,508.0,766.0,298.0,283.0,417.0,689.0,352.0,419.0,688.0,361.0,786.0,590.0,000000000000000000e4,88.8372370062639,C0113C01
579.0,1007.0,1121.0,444.0,609.0,865.0,767.0,589.0,485.0,991.0,1113.0,708.0,650.0,917.0,608.0,1141.0,864.0,739.0,813.0,559.0,1077.0,517.0,630.0,848.0,805.0,560.0,619.0,454.0,1274.0,700.0,493.0,1192.0,858.0,549.0,461.0,646.0,1093.0,616.0,411.0,1062.0,1039.0,525.0,1156.0,783.0,914.0,593.0,569.0,569.0,1057.0,709.0,1011.0,418.0,420.0,585.0,966.0,500.0,567.0,909.0,509.0,1062.0,786.0,000000000000000000e5,73.3903037850135,C0113C02
446.0,990.0,1010.0,339.0,460.0,732.0,691.0,494.0,381.0,919.0,919.0,584.0,526.0,816.0,442.0,1053.0,684.0,608.0,700.0,456.0,998.0,381.0,494.0,695.0,629.0,435.0,528.0,346.0,1094.0,547.0,375.0,1079.0,722.0,421.0,375.0,483.0,926.0,494.0,270.0,903.0,950.0,398.0,1094.0,623.0,788.0,485.0,414.0,400.0,891.0,576.0,897.0,331.0,302.0,483.0,798.0,393.0,457.0,716.0,388.0,859.0,636.0,000000000000000000e6,88.3498047542802,C0113C03
876.0,1331.0,1460.0,668.0,851.0,1080.0,1112.0,905.0,729.0,1281.0,1236.0,1008.0,855.0,1273.0,850.0,1455.0,1278.0,1044.0,947.0,844.0,1335.0,786.0,855.0,1148.0,1163.0,847.0,773.0,699.0,1405.0,945.0,784.0,1522.0,1120.0,780.0,692.0,925.0,1328.0,917.0,702.0,1417.0,1285.0,773.0,1490.0,1008.0,1234.0,821.0,832.0,837.0,1206.0,1031.0,1374.0,649.0,640.0,785.0,1373.0,817.0,841.0,1287.0,722.0,1216.0,965.0,000000000000000000e7,104.389389785872,C0113C04
607.0,969.0,1151.0,457.0,632.0,872.0,769.0,626.0,499.0,961.0,1096.0,740.0,656.0,924.0,643.0,1106.0,893.0,757.0,808.0,577.0,1059.0,541.0,653.0,870.0,809.0,584.0,620.0,468.0,1226.0,711.0,524.0,1208.0,871.0,579.0,474.0,669.0,1089.0,637.0,454.0,1103.0,993.0,547.0,1155.0,798.0,902.0,602.0,603.0,608.0,1036.0,728.0,1013.0,430.0,441.0,587.0,970.0,526.0,595.0,947.0,529.0,1027.0,790.0,000000000000000000e9,91.5131429953995,C0113C06
487.0,800.0,934.0,359.0,493.0,708.0,630.0,503.0,397.0,759.0,899.0,606.0,506.0,718.0,515.0,935.0,708.0,597.0,627.0,442.0,868.0,453.0,512.0,702.0,622.0,460.0,465.0,378.0,1022.0,557.0,429.0,1013.0,692.0,453.0,363.0,536.0,912.0,506.0,359.0,897.0,811.0,439.0,952.0,628.0,751.0,465.0,500.0,500.0,841.0,578.0,826.0,325.0,330.0,441.0,802.0,407.0,486.0,786.0,409.0,841.0,633.0,000000000000000000ea,125.532870432508,C0113F01
793.0,1293.0,1441.0,651.0,786.0,1023.0,1041.0,825.0,736.0,1254.0,1156.0,897.0,784.0,1274.0,791.0,1385.0,1259.0,965.0,897.0,793.0,1270.0,747.0,790.0,1063.0,1115.0,783.0,712.0,660.0,1310.0,883.0,726.0,1487.0,1068.0,723.0,680.0,828.0,1284.0,831.0,621.0,1351.0,1222.0,726.0,1459.0,941.0,1183.0,761.0,830.0,811.0,1137.0,988.0,1311.0,635.0,587.0,716.0,1297.0,734.0,786.0,1249.0,674.0,1124.0,862.0,000000000000000000eb,154.77886289961,C0113F02
576.0,938.0,1025.0,433.0,569.0,754.0,742.0,599.0,474.0,892.0,914.0,691.0,565.0,853.0,578.0,1060.0,857.0,687.0,648.0,542.0,970.0,525.0,576.0,777.0,758.0,551.0,516.0,450.0,1060.0,622.0,511.0,1119.0,755.0,519.0,440.0,622.0,968.0,597.0,451.0,1005.0,911.0,520.0,1082.0,690.0,854.0,543.0,564.0,564.0,878.0,671.0,975.0,403.0,401.0,507.0,961.0,516.0,565.0,881.0,472.0,882.0,674.0,000000000000000000ec,357.705876092231,C0113F03
835.0,1311.0,1474.0,681.0,820.0,1051.0,1072.0,869.0,763.0,1270.0,1191.0,948.0,817.0,1296.0,822.0,1421.0,1285.0,1002.0,911.0,825.0,1291.0,783.0,820.0,1104.0,1145.0,824.0,740.0,692.0,1341.0,902.0,763.0,1509.0,1104.0,763.0,701.0,867.0,1312.0,867.0,654.0,1394.0,1242.0,762.0,1489.0,971.0,1212.0,790.0,855.0,844.0,1162.0,1013.0,1340.0,658.0,615.0,738.0,1331.0,774.0,825.0,1288.0,704.0,1161.0,897.0,000000000000000000ed,148.061093550942,C0113F04
832.0,1315.0,1478.0,689.0,821.0,1052.0,1073.0,865.0,770.0,1269.0,1188.0,945.0,814.0,1307.0,825.0,1423.0,1292.0,1000.0,913.0,827.0,1294.0,790.0,821.0,1102.0,1148.0,822.0,742.0,699.0,1338.0,905.0,767.0,1512.0,1102.0,760.0,711.0,864.0,1314.0,869.0,657.0,1395.0,1245.0,761.0,1488.0,973.0,1215.0,791.0,867.0,852.0,1164.0,1016.0,1340.0,664.0,618.0,740.0,1330.0,777.0,829.0,1289.0,707.0,1153.0,898.0,000000000000000000ee,291.423317803394,C0113F05
400.0,895.0,906.0,303.0,415.0,664.0,626.0,437.0,338.0,841.0,837.0,520.0,472.0,737.0,400.0,961.0,621.0,551.0,632.0,406.0,912.0,341.0,444.0,626.0,572.0,391.0,470.0,309.0,1004.0,499.0,342.0,978.0,649.0,378.0,335.0,437.0,841.0,443.0,247.0,815.0,867.0,359.0,995.0,567.0,713.0,431.0,370.0,363.0,812.0,522.0,821.0,298.0,272.0,434.0,736.0,351.0,409.0,647.0,350.0,784.0,571.0,000000000000000000ef,185.416437497823,C0113P01
623.0,1058.0,1184.0,471.0,645.0,902.0,813.0,635.0,512.0,1049.0,1152.0,751.0,683.0,974.0,646.0,1180.0,934.0,785.0,851.0,603.0,1117.0,543.0,666.0,891.0,874.0,603.0,646.0,482.0,1306.0,750.0,535.0,1245.0,903.0,586.0,494.0,680.0,1142.0,650.0,455.0,1126.0,1088.0,557.0,1209.0,831.0,970.0,626.0,594.0,604.0,1084.0,755.0,1071.0,442.0,448.0,611.0,1041.0,544.0,598.0,961.0,539.0,1105.0,809.0,000000000000000000f0,121.846826414516,C0113P03
788.0,1323.0,1484.0,651.0,785.0,1054.0,1060.0,818.0,740.0,1274.0,1180.0,894.0,804.0,1310.0,786.0,1408.0,1275.0,972.0,924.0,793.0,1290.0,740.0,795.0,1068.0,1135.0,782.0,714.0,655.0,1336.0,897.0,711.0,1525.0,1084.0,714.0,677.0,835.0,1319.0,844.0,597.0,1373.0,1247.0,711.0,1488.0,964.0,1203.0,764.0,833.0,813.0,1153.0,1001.0,1325.0,629.0,575.0,726.0,1311.0,731.0,773.0,1260.0,664.0,1141.0,879.0,000000000000000000f1,152.815277829585,C0113P04
522.0,885.0,1049.0,396.0,547.0,785.0,693.0,547.0,437.0,871.0,1013.0,655.0,570.0,807.0,563.0,1032.0,774.0,656.0,711.0,486.0,965.0,489.0,568.0,767.0,686.0,496.0,534.0,418.0,1149.0,616.0,453.0,1120.0,767.0,504.0,392.0,588.0,1007.0,555.0,382.0,1004.0,901.0,468.0,1065.0,706.0,817.0,515.0,540.0,538.0,948.0,619.0,912.0,345.0,365.0,497.0,869.0,441.0,516.0,841.0,453.0,942.0,711.0,000000000000000000f2,109.98873670624,C0113P05
520.0,871.0,1043.0,394.0,543.0,775.0,686.0,543.0,434.0,855.0,1001.0,655.0,564.0,797.0,561.0,1021.0,762.0,653.0,699.0,482.0,954.0,489.0,565.0,764.0,675.0,492.0,529.0,415.0,1139.0,604.0,453.0,1112.0,764.0,501.0,389.0,583.0,999.0,550.0,379.0,997.0,886.0,468.0,1055.0,695.0,806.0,511.0,537.0,539.0,937.0,613.0,901.0,342.0,361.0,490.0,857.0,437.0,518.0,839.0,448.0,929.0,706.0,000000000000000000f3,98.660509425155,C0113P06
530.0,909.0,1045.0,405.0,555.0,799.0,701.0,556.0,451.0,903.0,1001.0,666.0,579.0,837.0,576.0,1057.0,765.0,655.0,733.0,510.0,989.0,486.0,587.0,766.0,689.0,510.0,575.0,428.0,1158.0,614.0,445.0,1103.0,770.0,513.0,420.0,580.0,992.0,556.0,377.0,982.0,931.0,478.0,1080.0,700.0,822.0,544.0,531.0,532.0,955.0,620.0,915.0,365.0,376.0,515.0,851.0,458.0,525.0,834.0,470.0,947.0,717.0,000000000000000000f4,26.1627485110842,C0113R01
643.0,1059.0,1221.0,485.0,668.0,933.0,831.0,657.0,527.0,1061.0,1174.0,779.0,701.0,996.0,673.0,1197.0,958.0,808.0,872.0,615.0,1132.0,564.0,690.0,921.0,885.0,622.0,668.0,495.0,1325.0,765.0,550.0,1276.0,930.0,611.0,511.0,708.0,1165.0,670.0,474.0,1168.0,1090.0,578.0,1234.0,856.0,980.0,647.0,619.0,629.0,1107.0,776.0,1087.0,456.0,464.0,628.0,1051.0,560.0,622.0,994.0,558.0,1119.0,840.0,000000000000000000f5,50.9966361185443,C0113R02
637.0,1046.0,1144.0,473.0,640.0,847.0,813.0,663.0,520.0,1013.0,1023.0,761.0,637.0,956.0,651.0,1165.0,956.0,771.0,736.0,603.0,1088.0,569.0,645.0,865.0,849.0,613.0,583.0,492.0,1182.0,701.0,562.0,1251.0,846.0,580.0,492.0,686.0,1074.0,661.0,495.0,1112.0,1026.0,572.0,1211.0,779.0,943.0,611.0,618.0,618.0,978.0,748.0,1088.0,442.0,453.0,570.0,1069.0,565.0,622.0,977.0,532.0,984.0,758.0,000000000000000000f6,32.0559538916798,C0113R03
425.0,942.0,967.0,325.0,440.0,701.0,664.0,470.0,360.0,878.0,874.0,556.0,505.0,780.0,420.0,1001.0,655.0,583.0,669.0,434.0,949.0,361.0,472.0,664.0,603.0,415.0,503.0,325.0,1038.0,524.0,360.0,1030.0,693.0,398.0,358.0,465.0,884.0,474.0,258.0,864.0,907.0,381.0,1042.0,598.0,747.0,464.0,393.0,377.0,848.0,552.0,857.0,321.0,287.0,464.0,766.0,374.0,436.0,684.0,369.0,818.0,610.0,000000000000000000f7,394.975104504153,C0113R04
423.0,970.0,954.0,325.0,438.0,702.0,669.0,469.0,358.0,892.0,896.0,549.0,499.0,780.0,419.0,1029.0,656.0,578.0,672.0,433.0,978.0,358.0,469.0,658.0,607.0,413.0,501.0,327.0,1069.0,532.0,351.0,1036.0,678.0,399.0,351.0,459.0,898.0,469.0,258.0,859.0,929.0,373.0,1056.0,602.0,772.0,460.0,389.0,377.0,867.0,548.0,871.0,310.0,288.0,459.0,779.0,374.0,427.0,678.0,369.0,837.0,599.0,000000000000000000f8,76.5165460893551,C0113R05
544.0,1008.0,1125.0,401.0,551.0,794.0,732.0,552.0,456.0,988.0,999.0,657.0,572.0,935.0,561.0,1103.0,898.0,695.0,713.0,534.0,1020.0,481.0,570.0,781.0,811.0,533.0,521.0,405.0,1169.0,642.0,461.0,1203.0,801.0,497.0,430.0,582.0,1051.0,559.0,378.0,1045.0,993.0,479.0,1173.0,718.0,902.0,540.0,541.0,550.0,945.0,687.0,1014.0,372.0,370.0,497.0,990.0,476.0,520.0,907.0,452.0,962.0,671.0,000000000000000000f9,42.9021484052362,C0113R06
393.0,714.0,807.0,303.0,413.0,611.0,526.0,405.0,341.0,702.0,772.0,508.0,432.0,638.0,419.0,830.0,554.0,503.0,564.0,383.0,780.0,361.0,433.0,603.0,506.0,376.0,442.0,313.0,926.0,442.0,340.0,846.0,603.0,374.0,320.0,423.0,771.0,405.0,252.0,751.0,733.0,359.0,846.0,517.0,624.0,405.0,399.0,399.0,743.0,475.0,693.0,280.0,269.0,386.0,628.0,331.0,399.0,639.0,348.0,734.0,550.0,000000000000000000fa,80.3348614411592,C0113R07
377.0,943.0,935.0,288.0,377.0,646.0,635.0,412.0,333.0,860.0,834.0,501.0,451.0,738.0,354.0,964.0,579.0,521.0,626.0,388.0,942.0,322.0,412.0,609.0,522.0,355.0,458.0,297.0,986.0,474.0,301.0,1006.0,653.0,345.0,314.0,404.0,845.0,427.0,194.0,807.0,868.0,313.0,1040.0,549.0,719.0,423.0,357.0,334.0,803.0,498.0,827.0,264.0,226.0,416.0,713.0,321.0,386.0,629.0,323.0,782.0,547.0,000000000000000000fb,290.044024291732,C0113W01
457.0,1013.0,1009.0,347.0,475.0,751.0,712.0,496.0,381.0,943.0,947.0,589.0,528.0,830.0,463.0,1087.0,704.0,618.0,714.0,461.0,1034.0,386.0,508.0,701.0,651.0,447.0,534.0,349.0,1135.0,573.0,385.0,1085.0,721.0,436.0,374.0,493.0,947.0,498.0,289.0,914.0,982.0,402.0,1106.0,646.0,811.0,491.0,418.0,408.0,917.0,587.0,922.0,335.0,315.0,487.0,832.0,401.0,457.0,721.0,405.0,886.0,636.0,000000000000000000fc,144.00776337282,C0113W02
406.0,926.0,967.0,316.0,419.0,681.0,656.0,454.0,350.0,868.0,845.0,539.0,489.0,765.0,397.0,971.0,631.0,571.0,657.0,417.0,943.0,350.0,454.0,660.0,575.0,395.0,488.0,304.0,1003.0,495.0,341.0,1024.0,693.0,376.0,341.0,445.0,856.0,456.0,227.0,846.0,875.0,365.0,1043.0,572.0,718.0,454.0,385.0,362.0,813.0,547.0,838.0,305.0,259.0,445.0,739.0,351.0,425.0,673.0,344.0,781.0,599.0,000000000000000000fd,108.538364876745,C0113W05
596.0,977.0,1070.0,447.0,592.0,782.0,770.0,624.0,493.0,934.0,944.0,714.0,589.0,893.0,600.0,1098.0,895.0,716.0,671.0,564.0,1007.0,540.0,597.0,811.0,789.0,573.0,536.0,465.0,1088.0,647.0,529.0,1167.0,788.0,539.0,459.0,644.0,1007.0,622.0,464.0,1042.0,946.0,538.0,1131.0,716.0,892.0,565.0,583.0,583.0,909.0,702.0,1014.0,419.0,416.0,527.0,997.0,535.0,585.0,923.0,490.0,911.0,698.0,000000000000000000fe,400.915724300641,C0113W06
387.0,765.0,877.0,302.0,399.0,619.0,550.0,410.0,334.0,726.0,806.0,517.0,438.0,663.0,405.0,875.0,558.0,520.0,578.0,377.0,805.0,355.0,430.0,616.0,506.0,377.0,447.0,312.0,966.0,442.0,335.0,903.0,637.0,374.0,317.0,407.0,796.0,407.0,233.0,787.0,761.0,357.0,892.0,515.0,642.0,403.0,387.0,394.0,772.0,478.0,726.0,279.0,258.0,387.0,644.0,327.0,402.0,659.0,335.0,751.0,559.0,000000000000000000ff,167.721450496964,C0113W07
546.0,881.0,991.0,403.0,542.0,745.0,698.0,560.0,440.0,858.0,922.0,663.0,558.0,800.0,564.0,1004.0,800.0,659.0,660.0,510.0,941.0,494.0,560.0,749.0,709.0,519.0,506.0,421.0,1064.0,613.0,481.0,1084.0,740.0,503.0,415.0,594.0,951.0,559.0,416.0,964.0,880.0,491.0,1035.0,679.0,809.0,515.0,540.0,540.0,884.0,641.0,927.0,378.0,381.0,495.0,898.0,474.0,538.0,840.0,451.0,884.0,675.0,00000000000000000100,51.9883171080424,C0113X01
639.0,1058.0,1215.0,482.0,663.0,926.0,826.0,653.0,524.0,1057.0,1166.0,773.0,696.0,993.0,669.0,1193.0,955.0,803.0,866.0,612.0,1129.0,561.0,684.0,915.0,883.0,618.0,663.0,492.0,1319.0,760.0,547.0,1268.0,924.0,607.0,508.0,703.0,1158.0,665.0,472.0,1161.0,1088.0,573.0,1227.0,849.0,975.0,642.0,614.0,625.0,1100.0,772.0,1082.0,453.0,462.0,624.0,1047.0,557.0,617.0,987.0,555.0,1112.0,833.0,00000000000000000101,53.2991457649511,C0113X02
359.0,915.0,893.0,270.0,360.0,622.0,610.0,392.0,311.0,832.0,812.0,472.0,435.0,711.0,337.0,939.0,566.0,503.0,601.0,370.0,913.0,302.0,392.0,586.0,515.0,340.0,433.0,279.0,961.0,462.0,284.0,969.0,625.0,327.0,294.0,395.0,821.0,414.0,189.0,775.0,847.0,296.0,999.0,532.0,703.0,401.0,334.0,313.0,783.0,481.0,802.0,252.0,219.0,404.0,698.0,309.0,360.0,605.0,306.0,762.0,526.0,00000000000000000102,95.1110874637124,C0113X03
609.0,1007.0,1106.0,450.0,612.0,822.0,778.0,633.0,498.0,978.0,1002.0,734.0,612.0,922.0,628.0,1128.0,918.0,742.0,724.0,575.0,1057.0,546.0,625.0,836.0,821.0,585.0,563.0,469.0,1164.0,678.0,535.0,1211.0,821.0,556.0,467.0,659.0,1040.0,630.0,471.0,1078.0,996.0,545.0,1171.0,755.0,904.0,584.0,594.0,597.0,957.0,718.0,1055.0,424.0,434.0,549.0,1029.0,538.0,594.0,938.0,508.0,961.0,732.0,00000000000000000103,66.4896674468622,C0113X04
889.0,1326.0,1463.0,683.0,858.0,1082.0,1120.0,916.0,744.0,1275.0,1238.0,1019.0,860.0,1280.0,856.0,1452.0,1282.0,1052.0,945.0,858.0,1328.0,805.0,858.0,1158.0,1175.0,859.0,779.0,723.0,1404.0,952.0,797.0,1513.0,1129.0,787.0,705.0,930.0,1325.0,928.0,716.0,1424.0,1287.0,787.0,1484.0,1012.0,1237.0,828.0,846.0,856.0,1209.0,1041.0,1370.0,663.0,649.0,791.0,1377.0,829.0,859.0,1296.0,736.0,1218.0,970.0,00000000000000000104,202.498588499654,C0114C01
870.0,1306.0,1436.0,668.0,845.0,1069.0,1104.0,900.0,726.0,1261.0,1229.0,1003.0,845.0,1248.0,850.0,1438.0,1254.0,1035.0,932.0,832.0,1314.0,792.0,845.0,1138.0,1143.0,840.0,761.0,709.0,1394.0,932.0,784.0,1502.0,1107.0,777.0,688.0,917.0,1312.0,909.0,703.0,1402.0,1270.0,774.0,1472.0,999.0,1219.0,815.0,834.0,842.0,1197.0,1017.0,1355.0,644.0,636.0,774.0,1357.0,809.0,845.0,1276.0,719.0,1207.0,956.0,00000000000000000105,143.500233450123,C0114C02
845.0,1286.0,1409.0,640.0,818.0,1044.0,1074.0,868.0,700.0,1242.0,1199.0,973.0,823.0,1223.0,819.0,1410.0,1230.0,1009.0,916.0,808.0,1293.0,758.0,820.0,1108.0,1118.0,815.0,741.0,676.0,1366.0,910.0,754.0,1475.0,1079.0,751.0,663.0,892.0,1287.0,883.0,674.0,1369.0,1244.0,744.0,1445.0,976.0,1193.0,788.0,800.0,808.0,1170.0,993.0,1331.0,622.0,615.0,755.0,1330.0,786.0,812.0,1243.0,694.0,1180.0,931.0,00000000000000000107,184.073164237334,C0114C05
447.0,737.0,814.0,336.0,441.0,614.0,580.0,461.0,366.0,692.0,763.0,544.0,444.0,650.0,460.0,850.0,648.0,534.0,527.0,416.0,781.0,413.0,452.0,609.0,572.0,424.0,402.0,351.0,879.0,492.0,399.0,897.0,598.0,407.0,342.0,485.0,796.0,464.0,342.0,788.0,730.0,407.0,863.0,557.0,683.0,415.0,451.0,451.0,726.0,519.0,762.0,305.0,311.0,397.0,749.0,388.0,446.0,692.0,370.0,730.0,542.0,00000000000000000109,117.505434606942,C0114F01
755.0,1217.0,1337.0,598.0,744.0,970.0,980.0,791.0,664.0,1179.0,1117.0,869.0,749.0,1173.0,753.0,1319.0,1173.0,920.0,841.0,745.0,1216.0,692.0,745.0,1013.0,1046.0,745.0,670.0,608.0,1262.0,832.0,680.0,1398.0,1004.0,688.0,621.0,796.0,1219.0,787.0,596.0,1282.0,1161.0,688.0,1379.0,896.0,1127.0,716.0,758.0,749.0,1090.0,921.0,1252.0,582.0,558.0,676.0,1235.0,698.0,738.0,1171.0,633.0,1090.0,833.0,0000000000000000010a,431.64485385948,C0114F02
805.0,1222.0,1339.0,612.0,783.0,996.0,1025.0,832.0,666.0,1176.0,1154.0,933.0,784.0,1154.0,790.0,1352.0,1164.0,955.0,863.0,766.0,1233.0,732.0,783.0,1051.0,1055.0,775.0,698.0,652.0,1312.0,859.0,723.0,1411.0,1022.0,716.0,632.0,853.0,1229.0,843.0,645.0,1307.0,1189.0,714.0,1381.0,927.0,1138.0,753.0,772.0,775.0,1119.0,935.0,1264.0,586.0,581.0,715.0,1263.0,746.0,777.0,1185.0,658.0,1128.0,892.0,0000000000000000010b,353.824706796833,C0114F03
821.0,1212.0,1335.0,643.0,795.0,992.0,1021.0,844.0,702.0,1167.0,1143.0,946.0,788.0,1148.0,809.0,1342.0,1157.0,963.0,869.0,782.0,1226.0,762.0,795.0,1058.0,1044.0,792.0,718.0,680.0,1302.0,860.0,741.0,1399.0,1029.0,732.0,651.0,856.0,1224.0,846.0,665.0,1300.0,1184.0,731.0,1368.0,926.0,1131.0,766.0,802.0,810.0,1115.0,944.0,1255.0,611.0,608.0,721.0,1255.0,763.0,791.0,1188.0,684.0,1122.0,894.0,0000000000000000010c,341.925473943209,C0114F04
840.0,1261.0,1389.0,642.0,818.0,1034.0,1067.0,871.0,696.0,1214.0,1193.0,972.0,817.0,1202.0,823.0,1394.0,1210.0,996.0,896.0,800.0,1271.0,765.0,818.0,1096.0,1101.0,810.0,730.0,683.0,1352.0,896.0,757.0,1456.0,1065.0,747.0,661.0,889.0,1268.0,880.0,675.0,1359.0,1229.0,746.0,1426.0,964.0,1177.0,788.0,806.0,810.0,1157.0,976.0,1307.0,613.0,607.0,747.0,1308.0,780.0,812.0,1233.0,687.0,1167.0,928.0,0000000000000000010d,235.194560429296,C0114F05
837.0,1261.0,1383.0,641.0,812.0,1029.0,1062.0,864.0,696.0,1214.0,1187.0,966.0,814.0,1200.0,816.0,1390.0,1207.0,994.0,895.0,799.0,1269.0,762.0,812.0,1093.0,1099.0,807.0,728.0,681.0,1348.0,894.0,752.0,1450.0,1063.0,744.0,659.0,885.0,1264.0,876.0,673.0,1352.0,1227.0,741.0,1420.0,960.0,1174.0,783.0,802.0,808.0,1154.0,976.0,1305.0,614.0,608.0,745.0,1307.0,778.0,809.0,1227.0,687.0,1164.0,923.0,0000000000000000010e,391.89690264632,C0114F06
766.0,1231.0,1354.0,605.0,754.0,982.0,994.0,801.0,671.0,1193.0,1129.0,881.0,760.0,1188.0,763.0,1335.0,1187.0,935.0,852.0,756.0,1230.0,700.0,755.0,1028.0,1060.0,756.0,680.0,617.0,1276.0,845.0,693.0,1415.0,1018.0,697.0,632.0,808.0,1232.0,800.0,605.0,1298.0,1176.0,699.0,1395.0,909.0,1139.0,726.0,766.0,757.0,1102.0,936.0,1266.0,593.0,566.0,687.0,1251.0,709.0,752.0,1187.0,641.0,1101.0,845.0,0000000000000000010f,280.422738642837,C0114F07
860.0,1347.0,1512.0,686.0,846.0,1087.0,1107.0,898.0,760.0,1304.0,1231.0,988.0,846.0,1326.0,855.0,1463.0,1317.0,1042.0,942.0,848.0,1338.0,792.0,847.0,1147.0,1175.0,848.0,762.0,706.0,1383.0,941.0,789.0,1551.0,1136.0,783.0,714.0,899.0,1355.0,897.0,681.0,1442.0,1286.0,782.0,1529.0,1004.0,1251.0,815.0,865.0,856.0,1209.0,1050.0,1387.0,671.0,638.0,764.0,1376.0,796.0,854.0,1325.0,721.0,1201.0,941.0,00000000000000000110,211.539585891341,C0114F08
830.0,1320.0,1466.0,660.0,821.0,1057.0,1072.0,868.0,737.0,1281.0,1209.0,951.0,820.0,1291.0,824.0,1431.0,1286.0,1005.0,920.0,820.0,1315.0,764.0,821.0,1111.0,1146.0,815.0,739.0,671.0,1364.0,910.0,754.0,1519.0,1102.0,754.0,689.0,871.0,1326.0,862.0,652.0,1401.0,1259.0,759.0,1499.0,980.0,1225.0,790.0,836.0,826.0,1184.0,1010.0,1356.0,646.0,611.0,739.0,1341.0,767.0,818.0,1286.0,697.0,1179.0,907.0,00000000000000000111,197.711165083755,C0114P01
869.0,1281.0,1420.0,678.0,839.0,1047.0,1087.0,895.0,736.0,1234.0,1199.0,994.0,837.0,1244.0,836.0,1406.0,1244.0,1028.0,913.0,838.0,1283.0,797.0,839.0,1134.0,1139.0,840.0,759.0,715.0,1356.0,923.0,785.0,1468.0,1103.0,769.0,693.0,906.0,1282.0,905.0,702.0,1387.0,1242.0,775.0,1440.0,980.0,1197.0,810.0,839.0,847.0,1170.0,1017.0,1329.0,652.0,634.0,769.0,1334.0,810.0,842.0,1266.0,718.0,1180.0,943.0,00000000000000000112,97.7002250647316,C0114P02
915.0,1303.0,1469.0,728.0,886.0,1080.0,1116.0,939.0,793.0,1258.0,1232.0,1051.0,869.0,1271.0,904.0,1438.0,1275.0,1069.0,943.0,874.0,1314.0,859.0,886.0,1178.0,1158.0,884.0,802.0,772.0,1397.0,944.0,833.0,1511.0,1147.0,821.0,736.0,942.0,1323.0,931.0,747.0,1428.0,1271.0,822.0,1480.0,1009.0,1228.0,854.0,902.0,913.0,1202.0,1054.0,1356.0,693.0,678.0,797.0,1356.0,853.0,894.0,1321.0,768.0,1212.0,983.0,00000000000000000113,189.380804128582,C0114P03
738.0,1120.0,1246.0,562.0,723.0,922.0,941.0,769.0,618.0,1065.0,1083.0,871.0,710.0,1047.0,739.0,1271.0,1058.0,861.0,792.0,697.0,1153.0,686.0,723.0,967.0,938.0,707.0,646.0,599.0,1245.0,776.0,668.0,1329.0,937.0,664.0,574.0,783.0,1151.0,767.0,588.0,1221.0,1097.0,658.0,1285.0,849.0,1044.0,692.0,728.0,728.0,1052.0,846.0,1170.0,532.0,527.0,637.0,1164.0,677.0,726.0,1093.0,608.0,1052.0,836.0,00000000000000000114,182.55656218118,C0114P04
857.0,1299.0,1439.0,675.0,834.0,1059.0,1090.0,890.0,734.0,1254.0,1206.0,984.0,834.0,1261.0,838.0,1415.0,1267.0,1031.0,924.0,835.0,1299.0,785.0,840.0,1132.0,1148.0,835.0,756.0,698.0,1359.0,926.0,781.0,1490.0,1109.0,770.0,697.0,902.0,1300.0,895.0,693.0,1394.0,1252.0,771.0,1462.0,984.0,1214.0,805.0,834.0,836.0,1178.0,1023.0,1347.0,650.0,634.0,767.0,1348.0,805.0,833.0,1275.0,714.0,1186.0,939.0,00000000000000000115,170.100179138456,C0114P05
378.0,874.0,898.0,296.0,392.0,637.0,609.0,423.0,327.0,810.0,804.0,505.0,460.0,711.0,374.0,922.0,587.0,530.0,609.0,388.0,878.0,327.0,423.0,611.0,536.0,368.0,455.0,289.0,952.0,466.0,319.0,960.0,642.0,355.0,319.0,419.0,814.0,429.0,217.0,790.0,832.0,341.0,973.0,537.0,684.0,423.0,359.0,338.0,774.0,502.0,787.0,286.0,246.0,419.0,696.0,328.0,395.0,629.0,325.0,744.0,562.0,00000000000000000116,201.812543564343,C0114R01
465.0,834.0,956.0,361.0,481.0,722.0,622.0,481.0,391.0,824.0,946.0,590.0,521.0,753.0,493.0,974.0,700.0,611.0,666.0,443.0,910.0,425.0,509.0,708.0,635.0,446.0,500.0,371.0,1091.0,562.0,395.0,1019.0,715.0,440.0,360.0,521.0,937.0,493.0,325.0,906.0,866.0,419.0,989.0,642.0,763.0,472.0,464.0,473.0,898.0,574.0,845.0,322.0,325.0,465.0,787.0,397.0,457.0,765.0,405.0,892.0,651.0,00000000000000000117,51.64116204181,C0114R02
546.0,933.0,1104.0,416.0,567.0,826.0,723.0,573.0,454.0,924.0,1055.0,691.0,598.0,853.0,588.0,1092.0,810.0,692.0,752.0,518.0,1017.0,502.0,596.0,808.0,724.0,522.0,571.0,438.0,1215.0,643.0,471.0,1168.0,808.0,532.0,418.0,618.0,1051.0,579.0,400.0,1053.0,955.0,490.0,1119.0,736.0,856.0,548.0,554.0,554.0,995.0,654.0,960.0,364.0,387.0,528.0,913.0,468.0,545.0,872.0,481.0,990.0,750.0,00000000000000000118,60.3915910321569,C0114R03
415.0,861.0,928.0,319.0,435.0,673.0,612.0,446.0,354.0,813.0,865.0,541.0,476.0,730.0,430.0,967.0,619.0,562.0,632.0,409.0,893.0,371.0,466.0,654.0,576.0,405.0,487.0,330.0,1038.0,499.0,357.0,981.0,671.0,401.0,346.0,446.0,858.0,446.0,256.0,842.0,850.0,379.0,978.0,571.0,711.0,446.0,403.0,403.0,828.0,525.0,813.0,303.0,283.0,426.0,728.0,357.0,422.0,691.0,362.0,808.0,590.0,00000000000000000119,60.0747519232666,C0114R04
548.0,942.0,1067.0,415.0,562.0,820.0,729.0,566.0,457.0,933.0,1029.0,679.0,596.0,852.0,580.0,1084.0,807.0,675.0,753.0,522.0,1017.0,496.0,593.0,783.0,730.0,525.0,576.0,437.0,1188.0,646.0,461.0,1138.0,783.0,521.0,419.0,603.0,1022.0,572.0,394.0,1021.0,963.0,486.0,1108.0,728.0,853.0,549.0,540.0,547.0,983.0,642.0,954.0,372.0,387.0,531.0,906.0,475.0,533.0,842.0,477.0,974.0,732.0,0000000000000000011a,78.0581736565687,C0114R06
576.0,929.0,1038.0,428.0,576.0,769.0,732.0,595.0,468.0,894.0,940.0,693.0,570.0,848.0,588.0,1059.0,848.0,690.0,665.0,540.0,980.0,520.0,585.0,780.0,754.0,549.0,522.0,447.0,1089.0,627.0,508.0,1129.0,762.0,524.0,442.0,622.0,979.0,595.0,444.0,1004.0,919.0,517.0,1090.0,703.0,846.0,543.0,566.0,566.0,893.0,670.0,973.0,395.0,408.0,513.0,960.0,504.0,564.0,879.0,479.0,902.0,688.0,0000000000000000011b,70.820813867449,C0114R07
526.0,854.0,956.0,390.0,522.0,720.0,673.0,542.0,428.0,822.0,891.0,639.0,533.0,769.0,546.0,974.0,766.0,634.0,634.0,491.0,908.0,480.0,540.0,721.0,681.0,500.0,487.0,408.0,1026.0,588.0,464.0,1045.0,712.0,486.0,400.0,571.0,924.0,541.0,402.0,930.0,848.0,473.0,1003.0,655.0,786.0,496.0,525.0,525.0,854.0,616.0,892.0,362.0,368.0,474.0,867.0,456.0,519.0,813.0,436.0,854.0,647.0,0000000000000000011d,143.068601057089,C0114R09
404.0,794.0,878.0,320.0,420.0,641.0,573.0,430.0,350.0,756.0,827.0,525.0,460.0,684.0,418.0,897.0,591.0,540.0,601.0,395.0,834.0,371.0,450.0,629.0,541.0,395.0,461.0,330.0,987.0,474.0,348.0,919.0,649.0,390.0,329.0,431.0,817.0,431.0,253.0,796.0,793.0,369.0,909.0,542.0,671.0,421.0,401.0,410.0,796.0,500.0,756.0,296.0,280.0,412.0,683.0,348.0,411.0,669.0,353.0,777.0,577.0,0000000000000000011e,135.415545158307,C0114W04
507.0,884.0,1010.0,384.0,524.0,771.0,676.0,524.0,426.0,878.0,976.0,636.0,556.0,805.0,541.0,1028.0,744.0,633.0,709.0,487.0,962.0,458.0,555.0,740.0,672.0,487.0,545.0,405.0,1130.0,592.0,421.0,1071.0,744.0,483.0,393.0,555.0,966.0,529.0,356.0,953.0,908.0,452.0,1050.0,676.0,802.0,514.0,500.0,506.0,935.0,603.0,889.0,347.0,356.0,496.0,829.0,438.0,494.0,803.0,444.0,925.0,687.0,0000000000000000011f,68.18886645375,C0114X01
417.0,721.0,820.0,313.0,426.0,627.0,557.0,428.0,344.0,698.0,821.0,523.0,446.0,631.0,440.0,844.0,605.0,522.0,562.0,384.0,784.0,390.0,443.0,607.0,535.0,392.0,414.0,330.0,934.0,489.0,364.0,894.0,607.0,390.0,311.0,466.0,817.0,441.0,299.0,792.0,732.0,372.0,853.0,562.0,664.0,401.0,425.0,426.0,770.0,488.0,732.0,269.0,283.0,390.0,699.0,351.0,415.0,667.0,350.0,761.0,563.0,00000000000000000120,114.089692632015,C0114X02
416.0,927.0,947.0,315.0,429.0,688.0,650.0,460.0,353.0,865.0,860.0,541.0,495.0,766.0,411.0,985.0,644.0,570.0,658.0,425.0,935.0,353.0,460.0,649.0,594.0,406.0,491.0,320.0,1024.0,517.0,352.0,1015.0,678.0,391.0,351.0,455.0,870.0,465.0,255.0,847.0,895.0,372.0,1026.0,588.0,734.0,452.0,383.0,371.0,838.0,541.0,845.0,311.0,284.0,455.0,755.0,367.0,425.0,669.0,362.0,808.0,595.0,00000000000000000121,134.229816210613,C0114X03
464.0,1011.0,1048.0,358.0,479.0,760.0,721.0,513.0,397.0,946.0,943.0,608.0,547.0,844.0,460.0,1074.0,707.0,634.0,725.0,474.0,1018.0,398.0,514.0,723.0,651.0,453.0,549.0,356.0,1113.0,568.0,392.0,1112.0,756.0,436.0,390.0,503.0,953.0,513.0,282.0,935.0,973.0,415.0,1124.0,648.0,805.0,507.0,433.0,414.0,914.0,601.0,924.0,349.0,314.0,502.0,825.0,408.0,474.0,746.0,404.0,880.0,661.0,00000000000000000122,79.1615590848776,C0114X04
618.0,1026.0,1133.0,465.0,615.0,814.0,813.0,652.0,521.0,992.0,967.0,739.0,617.0,955.0,622.0,1148.0,955.0,749.0,699.0,590.0,1047.0,558.0,620.0,851.0,838.0,599.0,552.0,484.0,1109.0,680.0,552.0,1227.0,828.0,559.0,485.0,668.0,1053.0,654.0,478.0,1091.0,986.0,562.0,1197.0,747.0,946.0,588.0,610.0,605.0,938.0,745.0,1065.0,446.0,433.0,546.0,1045.0,557.0,610.0,980.0,505.0,938.0,715.0,00000000000000000123,134.692636294519,C0115F01
783.0,1318.0,1480.0,639.0,776.0,1047.0,1051.0,811.0,730.0,1277.0,1177.0,886.0,799.0,1306.0,779.0,1406.0,1272.0,968.0,918.0,785.0,1289.0,730.0,787.0,1065.0,1134.0,775.0,706.0,645.0,1339.0,893.0,705.0,1526.0,1080.0,707.0,670.0,830.0,1311.0,838.0,593.0,1370.0,1245.0,705.0,1491.0,958.0,1197.0,756.0,823.0,802.0,1152.0,995.0,1328.0,623.0,569.0,723.0,1313.0,725.0,766.0,1254.0,657.0,1140.0,874.0,00000000000000000124,176.527038517059,C0115F02
795.0,1316.0,1481.0,651.0,785.0,1048.0,1053.0,823.0,743.0,1276.0,1178.0,898.0,802.0,1306.0,789.0,1404.0,1279.0,977.0,918.0,797.0,1289.0,743.0,795.0,1074.0,1136.0,786.0,715.0,656.0,1334.0,896.0,717.0,1523.0,1088.0,719.0,678.0,839.0,1313.0,845.0,608.0,1374.0,1241.0,717.0,1492.0,958.0,1202.0,765.0,835.0,815.0,1156.0,1004.0,1330.0,635.0,581.0,729.0,1314.0,736.0,778.0,1265.0,670.0,1142.0,880.0,00000000000000000128,96.039336300811,C0115F06
774.0,1303.0,1463.0,629.0,767.0,1034.0,1037.0,802.0,720.0,1264.0,1164.0,875.0,789.0,1291.0,769.0,1390.0,1258.0,958.0,906.0,775.0,1276.0,720.0,777.0,1053.0,1122.0,765.0,698.0,634.0,1325.0,882.0,695.0,1509.0,1068.0,698.0,660.0,821.0,1295.0,827.0,586.0,1355.0,1231.0,695.0,1475.0,946.0,1183.0,747.0,811.0,791.0,1140.0,984.0,1314.0,615.0,561.0,715.0,1300.0,715.0,756.0,1240.0,649.0,1128.0,864.0,00000000000000000129,241.788646280959,C0115F07
783.0,1318.0,1480.0,639.0,776.0,1047.0,1051.0,811.0,730.0,1277.0,1177.0,886.0,799.0,1306.0,779.0,1406.0,1272.0,968.0,918.0,785.0,1289.0,730.0,787.0,1065.0,1134.0,775.0,706.0,645.0,1339.0,893.0,705.0,1526.0,1080.0,707.0,670.0,830.0,1311.0,838.0,593.0,1370.0,1245.0,705.0,1491.0,958.0,1197.0,756.0,823.0,802.0,1152.0,995.0,1328.0,623.0,569.0,723.0,1313.0,725.0,766.0,1254.0,657.0,1140.0,874.0,0000000000000000012a,251.26303834493,C0115F08
787.0,1304.0,1465.0,662.0,783.0,1038.0,1050.0,819.0,751.0,1249.0,1159.0,894.0,795.0,1292.0,787.0,1388.0,1262.0,961.0,908.0,794.0,1267.0,750.0,792.0,1057.0,1117.0,784.0,712.0,666.0,1306.0,884.0,718.0,1500.0,1073.0,718.0,682.0,830.0,1303.0,842.0,603.0,1354.0,1224.0,718.0,1465.0,949.0,1191.0,763.0,845.0,824.0,1134.0,992.0,1303.0,636.0,579.0,719.0,1289.0,733.0,780.0,1251.0,668.0,1119.0,870.0,0000000000000000012b,339.63445633331,C0115F09
572.0,980.0,1091.0,441.0,593.0,850.0,763.0,599.0,484.0,969.0,1049.0,705.0,626.0,885.0,612.0,1119.0,837.0,700.0,786.0,550.0,1054.0,523.0,624.0,804.0,764.0,551.0,607.0,462.0,1212.0,679.0,485.0,1165.0,804.0,551.0,445.0,632.0,1045.0,602.0,424.0,1042.0,996.0,510.0,1137.0,757.0,880.0,581.0,567.0,572.0,1007.0,669.0,987.0,401.0,418.0,563.0,937.0,502.0,558.0,867.0,505.0,994.0,760.0,0000000000000000012c,54.6390896311137,C0115P01
758.0,1273.0,1406.0,595.0,762.0,997.0,1010.0,799.0,683.0,1247.0,1154.0,873.0,759.0,1246.0,762.0,1373.0,1233.0,947.0,874.0,758.0,1266.0,704.0,762.0,1048.0,1093.0,747.0,685.0,606.0,1319.0,858.0,680.0,1483.0,1050.0,689.0,630.0,806.0,1259.0,796.0,589.0,1338.0,1216.0,690.0,1454.0,920.0,1155.0,732.0,775.0,765.0,1128.0,957.0,1313.0,585.0,549.0,683.0,1293.0,697.0,743.0,1224.0,633.0,1122.0,842.0,0000000000000000012d,128.855189747109,C0115P03
758.0,1273.0,1406.0,595.0,762.0,997.0,1010.0,799.0,683.0,1247.0,1154.0,873.0,759.0,1246.0,762.0,1373.0,1233.0,947.0,874.0,758.0,1266.0,704.0,762.0,1048.0,1093.0,747.0,685.0,606.0,1319.0,858.0,680.0,1483.0,1050.0,689.0,630.0,806.0,1259.0,796.0,589.0,1338.0,1216.0,690.0,1454.0,920.0,1155.0,732.0,775.0,765.0,1128.0,957.0,1313.0,585.0,549.0,683.0,1293.0,697.0,743.0,1224.0,633.0,1122.0,842.0,0000000000000000012f,132.684743378475,C0115P05
808.0,1330.0,1496.0,694.0,806.0,1063.0,1088.0,851.0,793.0,1255.0,1170.0,925.0,811.0,1317.0,818.0,1412.0,1287.0,974.0,918.0,828.0,1278.0,787.0,811.0,1074.0,1129.0,811.0,725.0,691.0,1311.0,895.0,749.0,1527.0,1092.0,750.0,710.0,849.0,1330.0,872.0,620.0,1369.0,1236.0,746.0,1489.0,968.0,1222.0,791.0,893.0,874.0,1148.0,1012.0,1316.0,658.0,596.0,728.0,1305.0,756.0,815.0,1283.0,691.0,1128.0,884.0,00000000000000000130,95.9127234849602,C0115P06
567.0,1116.0,1324.0,438.0,585.0,884.0,815.0,594.0,522.0,1068.0,1093.0,720.0,593.0,1065.0,609.0,1239.0,1002.0,747.0,753.0,567.0,1117.0,531.0,599.0,875.0,875.0,559.0,547.0,438.0,1308.0,659.0,497.0,1380.0,895.0,526.0,461.0,603.0,1188.0,593.0,357.0,1182.0,1089.0,511.0,1341.0,761.0,999.0,572.0,629.0,634.0,1031.0,750.0,1113.0,393.0,349.0,495.0,1088.0,487.0,579.0,1052.0,467.0,1045.0,718.0,00000000000000000131,18.6672537871858,C0115R01
539.0,1009.0,1140.0,405.0,553.0,806.0,734.0,552.0,463.0,987.0,1015.0,658.0,578.0,932.0,569.0,1115.0,881.0,695.0,714.0,529.0,1020.0,485.0,574.0,796.0,794.0,529.0,529.0,409.0,1202.0,631.0,460.0,1209.0,817.0,499.0,428.0,575.0,1061.0,553.0,363.0,1054.0,996.0,483.0,1183.0,715.0,896.0,543.0,543.0,555.0,961.0,684.0,1002.0,372.0,360.0,496.0,973.0,466.0,524.0,911.0,457.0,975.0,681.0,00000000000000000132,60.9980889824113,C0115R02
399.0,1005.0,985.0,309.0,415.0,701.0,676.0,450.0,347.0,915.0,912.0,527.0,490.0,788.0,392.0,1046.0,640.0,576.0,672.0,410.0,999.0,344.0,450.0,666.0,591.0,385.0,488.0,313.0,1075.0,520.0,330.0,1068.0,695.0,377.0,334.0,446.0,915.0,461.0,225.0,863.0,947.0,346.0,1094.0,596.0,788.0,453.0,379.0,355.0,880.0,546.0,889.0,295.0,257.0,450.0,781.0,345.0,414.0,680.0,347.0,852.0,595.0,00000000000000000133,25.659463915794,C0115R04
608.0,1147.0,1324.0,456.0,622.0,907.0,839.0,628.0,532.0,1115.0,1130.0,748.0,637.0,1085.0,636.0,1261.0,1031.0,783.0,796.0,600.0,1149.0,551.0,639.0,897.0,918.0,594.0,583.0,460.0,1334.0,712.0,526.0,1393.0,922.0,558.0,483.0,647.0,1203.0,630.0,405.0,1207.0,1122.0,539.0,1356.0,804.0,1027.0,606.0,633.0,642.0,1068.0,778.0,1151.0,417.0,399.0,544.0,1126.0,523.0,600.0,1061.0,504.0,1083.0,755.0,00000000000000000135,16.3881894132947,C0115R06
849.0,1322.0,1449.0,645.0,827.0,1063.0,1091.0,877.0,707.0,1275.0,1225.0,982.0,835.0,1260.0,824.0,1445.0,1263.0,1024.0,933.0,817.0,1327.0,760.0,836.0,1132.0,1144.0,821.0,755.0,668.0,1390.0,929.0,755.0,1522.0,1102.0,754.0,666.0,903.0,1322.0,893.0,674.0,1401.0,1269.0,749.0,1486.0,993.0,1221.0,797.0,807.0,808.0,1197.0,1013.0,1367.0,622.0,614.0,765.0,1358.0,788.0,810.0,1271.0,694.0,1205.0,945.0,00000000000000000136,96.4318315488298,C0116C01
451.0,965.0,1012.0,351.0,471.0,733.0,682.0,481.0,383.0,932.0,917.0,580.0,517.0,820.0,468.0,1060.0,700.0,617.0,691.0,451.0,999.0,393.0,502.0,709.0,653.0,441.0,522.0,351.0,1124.0,555.0,401.0,1090.0,720.0,436.0,379.0,487.0,917.0,487.0,293.0,915.0,945.0,413.0,1095.0,628.0,773.0,481.0,425.0,425.0,886.0,586.0,918.0,346.0,313.0,470.0,832.0,392.0,468.0,738.0,397.0,863.0,628.0,00000000000000000137,44.421906699156,C0116C02
566.0,960.0,1084.0,435.0,591.0,839.0,747.0,596.0,480.0,949.0,1038.0,703.0,616.0,879.0,613.0,1103.0,816.0,689.0,775.0,545.0,1037.0,519.0,624.0,796.0,743.0,545.0,609.0,458.0,1197.0,661.0,479.0,1145.0,797.0,550.0,447.0,620.0,1032.0,594.0,417.0,1027.0,977.0,508.0,1119.0,743.0,864.0,581.0,564.0,565.0,993.0,655.0,964.0,397.0,413.0,553.0,905.0,494.0,557.0,863.0,504.0,983.0,753.0,00000000000000000138,46.323583937873,C0116C04
868.0,1339.0,1464.0,657.0,841.0,1078.0,1108.0,891.0,718.0,1290.0,1238.0,999.0,848.0,1280.0,838.0,1457.0,1281.0,1042.0,949.0,837.0,1340.0,770.0,850.0,1148.0,1166.0,838.0,770.0,680.0,1401.0,947.0,774.0,1536.0,1119.0,768.0,681.0,918.0,1333.0,908.0,688.0,1417.0,1283.0,764.0,1499.0,1008.0,1237.0,811.0,819.0,821.0,1208.0,1031.0,1384.0,640.0,628.0,779.0,1377.0,807.0,827.0,1286.0,708.0,1218.0,957.0,00000000000000000139,70.7556150849109,C0116C05
813.0,1298.0,1431.0,612.0,798.0,1044.0,1057.0,845.0,674.0,1258.0,1203.0,943.0,808.0,1235.0,794.0,1427.0,1243.0,990.0,909.0,782.0,1310.0,720.0,809.0,1097.0,1109.0,791.0,726.0,628.0,1372.0,896.0,720.0,1510.0,1076.0,723.0,643.0,866.0,1306.0,856.0,637.0,1379.0,1249.0,728.0,1478.0,972.0,1200.0,767.0,774.0,768.0,1176.0,986.0,1342.0,596.0,581.0,732.0,1328.0,750.0,784.0,1252.0,662.0,1177.0,916.0,0000000000000000013a,63.7311418054325,C0116C06
756.0,1372.0,1493.0,632.0,773.0,1061.0,1087.0,798.0,723.0,1303.0,1219.0,868.0,808.0,1329.0,758.0,1451.0,1304.0,965.0,946.0,784.0,1334.0,711.0,772.0,1058.0,1160.0,767.0,701.0,623.0,1377.0,918.0,679.0,1568.0,1075.0,696.0,654.0,835.0,1367.0,848.0,566.0,1383.0,1291.0,682.0,1527.0,986.0,1253.0,759.0,808.0,796.0,1197.0,999.0,1361.0,606.0,557.0,726.0,1352.0,716.0,742.0,1258.0,647.0,1187.0,873.0,0000000000000000013b,96.1578720619341,C0116C07
747.0,1343.0,1485.0,600.0,751.0,1045.0,1049.0,778.0,689.0,1279.0,1196.0,856.0,792.0,1306.0,750.0,1428.0,1269.0,943.0,920.0,756.0,1308.0,684.0,757.0,1043.0,1129.0,746.0,679.0,601.0,1366.0,888.0,659.0,1543.0,1058.0,675.0,632.0,813.0,1331.0,823.0,552.0,1370.0,1266.0,664.0,1501.0,956.0,1211.0,731.0,781.0,766.0,1165.0,974.0,1331.0,582.0,537.0,708.0,1315.0,694.0,725.0,1236.0,626.0,1154.0,865.0,0000000000000000013c,115.768699435021,C0116C10
455.0,783.0,904.0,352.0,474.0,690.0,601.0,467.0,383.0,766.0,901.0,564.0,502.0,711.0,484.0,907.0,681.0,579.0,636.0,430.0,861.0,418.0,491.0,674.0,613.0,438.0,470.0,362.0,1015.0,550.0,388.0,968.0,678.0,435.0,353.0,511.0,893.0,481.0,330.0,863.0,807.0,410.0,925.0,627.0,728.0,453.0,466.0,469.0,850.0,553.0,798.0,314.0,322.0,443.0,761.0,388.0,448.0,730.0,395.0,842.0,616.0,0000000000000000013d,202.106815889033,C0116F01
795.0,1316.0,1481.0,651.0,785.0,1048.0,1053.0,823.0,743.0,1276.0,1178.0,898.0,802.0,1306.0,789.0,1404.0,1279.0,977.0,918.0,797.0,1289.0,743.0,795.0,1074.0,1136.0,786.0,715.0,656.0,1334.0,896.0,717.0,1523.0,1088.0,719.0,678.0,839.0,1313.0,845.0,608.0,1374.0,1241.0,717.0,1492.0,958.0,1202.0,765.0,835.0,815.0,1156.0,1004.0,1330.0,635.0,581.0,729.0,1314.0,736.0,778.0,1265.0,670.0,1142.0,880.0,0000000000000000013e,279.465455013387,C0116F02
701.0,1155.0,1287.0,523.0,707.0,929.0,906.0,741.0,579.0,1132.0,1105.0,838.0,705.0,1081.0,710.0,1288.0,1081.0,852.0,800.0,669.0,1186.0,629.0,709.0,960.0,954.0,680.0,640.0,538.0,1269.0,771.0,616.0,1393.0,944.0,638.0,545.0,758.0,1187.0,734.0,544.0,1237.0,1118.0,633.0,1353.0,854.0,1049.0,675.0,685.0,689.0,1065.0,843.0,1209.0,494.0,493.0,628.0,1181.0,628.0,688.0,1106.0,583.0,1065.0,821.0,0000000000000000013f,176.196594649,C0116F03
486.0,868.0,964.0,376.0,507.0,742.0,648.0,496.0,410.0,855.0,970.0,602.0,546.0,778.0,508.0,996.0,732.0,629.0,694.0,467.0,936.0,440.0,529.0,723.0,677.0,469.0,521.0,386.0,1110.0,595.0,413.0,1034.0,732.0,458.0,383.0,545.0,954.0,518.0,340.0,915.0,897.0,437.0,1001.0,668.0,789.0,493.0,482.0,486.0,924.0,599.0,871.0,346.0,347.0,493.0,825.0,418.0,474.0,777.0,424.0,921.0,668.0,00000000000000000140,134.017379391213,C0116F04
448.0,832.0,896.0,352.0,462.0,692.0,609.0,455.0,378.0,819.0,914.0,551.0,511.0,731.0,462.0,949.0,677.0,592.0,655.0,432.0,889.0,404.0,485.0,675.0,633.0,432.0,483.0,360.0,1056.0,557.0,380.0,970.0,683.0,421.0,355.0,505.0,899.0,481.0,308.0,854.0,859.0,400.0,949.0,625.0,752.0,453.0,439.0,447.0,871.0,560.0,824.0,321.0,320.0,462.0,780.0,391.0,434.0,724.0,390.0,871.0,620.0,00000000000000000141,73.4755006819787,C0116F05
404.0,797.0,885.0,304.0,407.0,596.0,568.0,416.0,368.0,754.0,749.0,496.0,421.0,731.0,415.0,877.0,715.0,522.0,512.0,404.0,796.0,376.0,413.0,596.0,615.0,396.0,365.0,312.0,881.0,473.0,355.0,962.0,610.0,364.0,322.0,438.0,819.0,430.0,281.0,818.0,759.0,368.0,936.0,530.0,705.0,390.0,440.0,432.0,710.0,524.0,797.0,284.0,267.0,358.0,773.0,351.0,401.0,723.0,329.0,708.0,489.0,00000000000000000142,85.6047286059271,C0116F06
586.0,1011.0,1134.0,439.0,603.0,846.0,770.0,593.0,482.0,994.0,1089.0,712.0,640.0,933.0,604.0,1128.0,894.0,740.0,796.0,568.0,1057.0,510.0,623.0,837.0,829.0,568.0,603.0,449.0,1258.0,698.0,499.0,1192.0,856.0,546.0,461.0,631.0,1084.0,602.0,411.0,1075.0,1037.0,522.0,1165.0,775.0,927.0,585.0,560.0,570.0,1024.0,711.0,1021.0,409.0,411.0,565.0,992.0,509.0,561.0,914.0,506.0,1051.0,754.0,00000000000000000144,23.4066394942127,C0116P02
445.0,953.0,1008.0,345.0,466.0,726.0,675.0,476.0,377.0,923.0,907.0,574.0,512.0,814.0,464.0,1048.0,693.0,613.0,684.0,445.0,985.0,387.0,497.0,705.0,648.0,435.0,518.0,345.0,1112.0,547.0,399.0,1082.0,717.0,433.0,376.0,482.0,907.0,482.0,288.0,910.0,931.0,410.0,1085.0,621.0,763.0,476.0,419.0,419.0,876.0,582.0,910.0,343.0,309.0,464.0,823.0,385.0,465.0,736.0,393.0,854.0,623.0,00000000000000000146,79.6369228261484,C0116P04
759.0,1278.0,1416.0,597.0,763.0,1001.0,1012.0,800.0,686.0,1253.0,1161.0,876.0,760.0,1253.0,765.0,1379.0,1239.0,950.0,879.0,759.0,1272.0,706.0,764.0,1051.0,1099.0,749.0,687.0,607.0,1327.0,860.0,682.0,1492.0,1055.0,690.0,634.0,806.0,1267.0,796.0,589.0,1346.0,1222.0,692.0,1462.0,924.0,1159.0,734.0,779.0,768.0,1133.0,960.0,1318.0,587.0,549.0,684.0,1298.0,698.0,745.0,1229.0,634.0,1127.0,845.0,00000000000000000147,273.363377828826,C0116P05
504.0,862.0,1007.0,391.0,529.0,769.0,668.0,523.0,423.0,858.0,991.0,629.0,560.0,792.0,540.0,1004.0,752.0,643.0,708.0,476.0,946.0,462.0,550.0,748.0,679.0,485.0,531.0,403.0,1122.0,608.0,430.0,1069.0,754.0,485.0,394.0,568.0,982.0,534.0,365.0,962.0,893.0,456.0,1026.0,695.0,801.0,509.0,512.0,517.0,939.0,611.0,881.0,349.0,358.0,495.0,836.0,429.0,496.0,808.0,441.0,931.0,693.0,00000000000000000148,211.32694233407,C0116R01
445.0,953.0,1008.0,345.0,466.0,726.0,675.0,476.0,377.0,923.0,907.0,574.0,512.0,814.0,464.0,1048.0,693.0,613.0,684.0,445.0,985.0,387.0,497.0,705.0,648.0,435.0,518.0,345.0,1112.0,547.0,399.0,1082.0,717.0,433.0,376.0,482.0,907.0,482.0,288.0,910.0,931.0,410.0,1085.0,621.0,763.0,476.0,419.0,419.0,876.0,582.0,910.0,343.0,309.0,464.0,823.0,385.0,465.0,736.0,393.0,854.0,623.0,00000000000000000149,56.1538686282054,C0116R02
641.0,1068.0,1174.0,479.0,649.0,857.0,827.0,678.0,528.0,1040.0,1030.0,767.0,648.0,983.0,652.0,1187.0,983.0,782.0,739.0,612.0,1099.0,577.0,649.0,877.0,869.0,622.0,591.0,494.0,1183.0,708.0,566.0,1281.0,863.0,585.0,499.0,696.0,1098.0,672.0,499.0,1132.0,1037.0,580.0,1241.0,788.0,965.0,620.0,625.0,630.0,991.0,767.0,1111.0,449.0,452.0,580.0,1086.0,573.0,631.0,1005.0,537.0,991.0,761.0,0000000000000000014a,48.6556094150699,C0116R03
606.0,1040.0,1167.0,460.0,629.0,884.0,795.0,615.0,502.0,1031.0,1136.0,737.0,669.0,960.0,628.0,1165.0,913.0,768.0,833.0,586.0,1098.0,533.0,650.0,875.0,853.0,586.0,633.0,470.0,1298.0,727.0,520.0,1228.0,888.0,568.0,479.0,662.0,1124.0,632.0,432.0,1107.0,1071.0,543.0,1197.0,808.0,953.0,613.0,583.0,591.0,1070.0,738.0,1052.0,430.0,433.0,596.0,1018.0,528.0,585.0,944.0,525.0,1090.0,793.0,0000000000000000014b,53.5559547039575,C0116X01
362.0,909.0,881.0,273.0,369.0,629.0,610.0,400.0,308.0,827.0,817.0,472.0,442.0,708.0,341.0,943.0,575.0,512.0,605.0,372.0,908.0,303.0,400.0,590.0,531.0,348.0,435.0,278.0,967.0,471.0,288.0,961.0,620.0,332.0,293.0,404.0,821.0,418.0,201.0,772.0,855.0,303.0,986.0,538.0,708.0,405.0,333.0,313.0,788.0,488.0,803.0,258.0,229.0,409.0,708.0,314.0,359.0,605.0,308.0,765.0,533.0,0000000000000000014c,110.534415820634,C0117C01
378.0,972.0,954.0,285.0,382.0,659.0,647.0,416.0,332.0,883.0,864.0,499.0,459.0,753.0,358.0,995.0,600.0,534.0,637.0,389.0,966.0,320.0,416.0,624.0,544.0,356.0,461.0,297.0,1017.0,487.0,301.0,1029.0,668.0,347.0,312.0,416.0,874.0,437.0,197.0,822.0,897.0,313.0,1062.0,562.0,748.0,427.0,355.0,332.0,832.0,511.0,850.0,265.0,229.0,427.0,739.0,323.0,383.0,646.0,325.0,811.0,557.0,0000000000000000014d,55.4098538787899,C0117C02
366.0,939.0,927.0,277.0,364.0,635.0,625.0,398.0,322.0,852.0,831.0,488.0,443.0,729.0,343.0,959.0,574.0,514.0,616.0,377.0,932.0,310.0,398.0,601.0,517.0,344.0,443.0,287.0,980.0,466.0,290.0,996.0,646.0,334.0,304.0,397.0,841.0,420.0,186.0,796.0,863.0,302.0,1029.0,540.0,717.0,409.0,345.0,322.0,800.0,492.0,820.0,254.0,218.0,409.0,708.0,311.0,373.0,622.0,313.0,779.0,538.0,0000000000000000014e,127.871621642968,C0117C05
379.0,970.0,955.0,285.0,381.0,659.0,648.0,415.0,331.0,881.0,862.0,500.0,460.0,754.0,359.0,993.0,601.0,533.0,638.0,390.0,964.0,320.0,415.0,622.0,545.0,358.0,460.0,296.0,1015.0,488.0,302.0,1026.0,666.0,348.0,313.0,417.0,872.0,438.0,198.0,823.0,895.0,314.0,1059.0,563.0,746.0,426.0,355.0,332.0,830.0,510.0,848.0,267.0,230.0,427.0,737.0,324.0,385.0,644.0,326.0,809.0,557.0,0000000000000000014f,66.2297610098123,C0117C06
367.0,934.0,913.0,275.0,369.0,636.0,623.0,401.0,318.0,850.0,830.0,482.0,445.0,726.0,346.0,958.0,579.0,515.0,614.0,377.0,931.0,308.0,401.0,600.0,526.0,347.0,443.0,285.0,980.0,472.0,293.0,989.0,640.0,335.0,303.0,404.0,839.0,423.0,194.0,792.0,865.0,305.0,1020.0,543.0,719.0,411.0,341.0,319.0,800.0,493.0,819.0,259.0,224.0,413.0,713.0,315.0,371.0,620.0,314.0,779.0,538.0,00000000000000000150,169.49308659369,C0117C07
368.0,939.0,929.0,277.0,367.0,637.0,627.0,401.0,322.0,853.0,831.0,489.0,446.0,731.0,344.0,959.0,575.0,516.0,617.0,379.0,935.0,310.0,401.0,604.0,518.0,346.0,446.0,287.0,981.0,468.0,292.0,998.0,648.0,335.0,306.0,400.0,841.0,423.0,187.0,799.0,864.0,304.0,1031.0,542.0,716.0,412.0,345.0,322.0,799.0,494.0,821.0,256.0,219.0,412.0,708.0,312.0,375.0,624.0,314.0,779.0,541.0,00000000000000000151,284.07084821168,C0117C08
379.0,970.0,955.0,285.0,381.0,659.0,648.0,415.0,331.0,881.0,862.0,500.0,460.0,754.0,359.0,993.0,601.0,533.0,638.0,390.0,964.0,320.0,415.0,622.0,545.0,358.0,460.0,296.0,1015.0,488.0,302.0,1026.0,666.0,348.0,313.0,417.0,872.0,438.0,198.0,823.0,895.0,314.0,1059.0,563.0,746.0,426.0,355.0,332.0,830.0,510.0,848.0,267.0,230.0,427.0,737.0,324.0,385.0,644.0,326.0,809.0,557.0,00000000000000000152,83.4805066559886,C0117C09
845.0,1235.0,1358.0,668.0,820.0,1009.0,1037.0,870.0,730.0,1184.0,1161.0,973.0,806.0,1164.0,838.0,1369.0,1174.0,982.0,884.0,805.0,1256.0,792.0,820.0,1079.0,1058.0,815.0,740.0,710.0,1329.0,874.0,766.0,1424.0,1050.0,758.0,674.0,876.0,1247.0,866.0,687.0,1320.0,1205.0,756.0,1394.0,941.0,1150.0,790.0,834.0,844.0,1132.0,963.0,1274.0,633.0,627.0,737.0,1274.0,785.0,827.0,1205.0,707.0,1141.0,916.0,00000000000000000153,292.218572314821,C0117F01
871.0,1335.0,1512.0,704.0,853.0,1084.0,1112.0,903.0,776.0,1300.0,1223.0,994.0,849.0,1331.0,856.0,1454.0,1329.0,1050.0,943.0,859.0,1325.0,807.0,853.0,1154.0,1189.0,859.0,771.0,725.0,1376.0,943.0,801.0,1542.0,1142.0,792.0,728.0,908.0,1342.0,908.0,694.0,1444.0,1275.0,793.0,1520.0,1004.0,1243.0,822.0,878.0,868.0,1203.0,1060.0,1382.0,686.0,652.0,777.0,1372.0,816.0,864.0,1332.0,732.0,1195.0,942.0,00000000000000000155,478.924306265323,C0117F03
887.0,1337.0,1485.0,696.0,864.0,1094.0,1126.0,922.0,758.0,1290.0,1243.0,1019.0,863.0,1302.0,866.0,1458.0,1307.0,1066.0,954.0,864.0,1337.0,811.0,869.0,1171.0,1186.0,864.0,783.0,722.0,1401.0,957.0,808.0,1533.0,1146.0,796.0,720.0,933.0,1338.0,926.0,717.0,1440.0,1290.0,797.0,1504.0,1017.0,1250.0,833.0,861.0,864.0,1213.0,1058.0,1386.0,673.0,656.0,793.0,1388.0,834.0,862.0,1318.0,739.0,1222.0,972.0,00000000000000000156,380.900650382504,C0117F04
400.0,818.0,914.0,305.0,416.0,648.0,584.0,427.0,339.0,770.0,838.0,532.0,457.0,700.0,416.0,929.0,584.0,542.0,606.0,391.0,851.0,359.0,448.0,639.0,539.0,390.0,469.0,316.0,1005.0,467.0,345.0,949.0,659.0,386.0,333.0,426.0,829.0,426.0,240.0,823.0,807.0,368.0,940.0,542.0,674.0,427.0,392.0,392.0,798.0,500.0,770.0,288.0,266.0,405.0,681.0,339.0,413.0,681.0,346.0,777.0,576.0,00000000000000000157,132.378589751063,C0117R01
374.0,958.0,938.0,291.0,385.0,664.0,637.0,418.0,327.0,869.0,869.0,498.0,461.0,748.0,371.0,997.0,605.0,542.0,635.0,384.0,949.0,324.0,418.0,628.0,559.0,361.0,454.0,293.0,1027.0,488.0,308.0,1019.0,655.0,354.0,311.0,419.0,871.0,432.0,208.0,822.0,901.0,321.0,1043.0,561.0,747.0,421.0,358.0,335.0,838.0,512.0,845.0,274.0,239.0,421.0,737.0,321.0,389.0,642.0,325.0,809.0,563.0,00000000000000000158,104.12348617595,C0117R02
377.0,943.0,929.0,280.0,377.0,642.0,632.0,411.0,325.0,858.0,835.0,497.0,450.0,738.0,354.0,964.0,583.0,519.0,622.0,388.0,942.0,313.0,411.0,605.0,527.0,355.0,455.0,291.0,985.0,475.0,300.0,1001.0,649.0,344.0,312.0,407.0,845.0,428.0,196.0,805.0,869.0,312.0,1034.0,548.0,722.0,422.0,347.0,325.0,804.0,497.0,826.0,265.0,228.0,418.0,715.0,322.0,382.0,627.0,323.0,784.0,545.0,00000000000000000159,72.3533107709787,C0117R03
331.0,887.0,871.0,261.0,338.0,606.0,584.0,370.0,300.0,799.0,801.0,451.0,418.0,686.0,327.0,922.0,546.0,493.0,579.0,342.0,879.0,294.0,370.0,575.0,500.0,318.0,404.0,265.0,950.0,438.0,272.0,945.0,604.0,311.0,280.0,375.0,806.0,391.0,174.0,756.0,829.0,283.0,968.0,508.0,687.0,373.0,327.0,305.0,771.0,465.0,776.0,239.0,204.0,378.0,672.0,281.0,349.0,590.0,285.0,746.0,512.0,0000000000000000015a,150.523436018845,C0117R04
366.0,861.0,852.0,280.0,379.0,619.0,589.0,407.0,312.0,793.0,793.0,481.0,441.0,688.0,359.0,913.0,573.0,510.0,592.0,375.0,866.0,312.0,407.0,584.0,528.0,357.0,436.0,284.0,947.0,463.0,304.0,929.0,604.0,341.0,304.0,404.0,797.0,413.0,216.0,759.0,823.0,324.0,946.0,527.0,681.0,402.0,340.0,327.0,766.0,482.0,774.0,269.0,243.0,404.0,688.0,321.0,373.0,602.0,314.0,739.0,533.0,0000000000000000015b,127.381902782823,C0117R05
383.0,815.0,898.0,293.0,401.0,636.0,574.0,411.0,334.0,768.0,821.0,513.0,443.0,696.0,399.0,924.0,574.0,528.0,595.0,382.0,847.0,346.0,432.0,623.0,530.0,373.0,453.0,303.0,991.0,459.0,330.0,937.0,635.0,369.0,319.0,413.0,820.0,413.0,228.0,804.0,804.0,352.0,945.0,532.0,675.0,411.0,378.0,378.0,789.0,490.0,768.0,274.0,253.0,393.0,679.0,324.0,397.0,656.0,330.0,768.0,555.0,0000000000000000015c,27.2439269961214,C0117R06
376.0,956.0,939.0,284.0,377.0,650.0,638.0,411.0,330.0,868.0,848.0,495.0,454.0,744.0,355.0,978.0,592.0,524.0,628.0,387.0,952.0,319.0,411.0,612.0,537.0,355.0,455.0,295.0,1000.0,481.0,299.0,1011.0,655.0,344.0,311.0,411.0,858.0,432.0,197.0,812.0,882.0,311.0,1043.0,555.0,734.0,422.0,353.0,330.0,817.0,502.0,836.0,265.0,228.0,421.0,726.0,322.0,381.0,633.0,323.0,796.0,549.0,0000000000000000015d,178.66968452486,C0117X01
371.0,902.0,901.0,287.0,385.0,640.0,611.0,416.0,319.0,825.0,824.0,489.0,452.0,715.0,365.0,951.0,581.0,527.0,611.0,381.0,902.0,319.0,416.0,608.0,540.0,361.0,447.0,288.0,982.0,472.0,305.0,969.0,629.0,348.0,305.0,412.0,832.0,422.0,212.0,787.0,860.0,325.0,990.0,541.0,707.0,416.0,350.0,329.0,795.0,497.0,803.0,273.0,241.0,412.0,710.0,322.0,379.0,625.0,319.0,766.0,552.0,0000000000000000015e,138.995628930595,C0117X02
363.0,931.0,925.0,275.0,362.0,629.0,619.0,396.0,319.0,842.0,822.0,485.0,440.0,725.0,338.0,950.0,566.0,510.0,611.0,374.0,926.0,307.0,396.0,598.0,509.0,340.0,442.0,284.0,972.0,459.0,288.0,988.0,643.0,330.0,303.0,392.0,832.0,416.0,181.0,793.0,856.0,300.0,1022.0,534.0,707.0,408.0,342.0,319.0,791.0,488.0,811.0,252.0,214.0,405.0,697.0,307.0,372.0,618.0,309.0,770.0,535.0,0000000000000000015f,135.44292636767,C0117X03
933.0,1272.0,1458.0,763.0,896.0,1066.0,1104.0,946.0,826.0,1235.0,1207.0,1062.0,870.0,1275.0,922.0,1398.0,1275.0,1078.0,933.0,896.0,1281.0,889.0,896.0,1186.0,1160.0,903.0,816.0,805.0,1354.0,937.0,858.0,1475.0,1157.0,841.0,764.0,938.0,1292.0,929.0,771.0,1419.0,1242.0,847.0,1446.0,999.0,1203.0,866.0,931.0,942.0,1179.0,1069.0,1331.0,723.0,705.0,802.0,1331.0,873.0,920.0,1324.0,791.0,1188.0,978.0,00000000000000000160,157.271141223315,C0118F01
817.0,1285.0,1407.0,619.0,797.0,1031.0,1056.0,846.0,679.0,1240.0,1190.0,947.0,805.0,1221.0,795.0,1408.0,1225.0,989.0,902.0,787.0,1293.0,729.0,807.0,1095.0,1105.0,791.0,728.0,639.0,1353.0,898.0,726.0,1482.0,1067.0,726.0,643.0,869.0,1288.0,859.0,647.0,1359.0,1234.0,725.0,1448.0,962.0,1187.0,768.0,775.0,775.0,1165.0,980.0,1328.0,598.0,589.0,736.0,1318.0,757.0,782.0,1233.0,667.0,1170.0,912.0,00000000000000000161,207.328271968451,C0118F02
738.0,1144.0,1256.0,553.0,714.0,924.0,948.0,760.0,610.0,1101.0,1075.0,860.0,720.0,1073.0,722.0,1269.0,1082.0,880.0,802.0,701.0,1158.0,666.0,714.0,972.0,973.0,710.0,640.0,587.0,1231.0,792.0,659.0,1326.0,944.0,658.0,574.0,785.0,1155.0,772.0,585.0,1220.0,1109.0,654.0,1298.0,858.0,1062.0,686.0,704.0,709.0,1047.0,862.0,1185.0,535.0,531.0,654.0,1181.0,682.0,712.0,1096.0,603.0,1053.0,822.0,00000000000000000163,306.527302095474,C0118F04
861.0,1274.0,1414.0,671.0,829.0,1039.0,1076.0,882.0,730.0,1228.0,1189.0,983.0,827.0,1238.0,828.0,1396.0,1238.0,1019.0,905.0,832.0,1274.0,788.0,829.0,1123.0,1131.0,832.0,752.0,705.0,1344.0,914.0,778.0,1460.0,1095.0,762.0,689.0,893.0,1274.0,893.0,695.0,1376.0,1232.0,768.0,1432.0,972.0,1190.0,800.0,832.0,837.0,1161.0,1010.0,1320.0,649.0,628.0,760.0,1325.0,803.0,833.0,1257.0,714.0,1171.0,931.0,00000000000000000164,354.623185386031,C0118F05
367.0,783.0,862.0,280.0,383.0,610.0,550.0,393.0,318.0,735.0,792.0,492.0,424.0,666.0,380.0,889.0,550.0,507.0,570.0,365.0,815.0,331.0,413.0,599.0,507.0,358.0,433.0,290.0,955.0,439.0,315.0,899.0,611.0,352.0,304.0,395.0,790.0,395.0,217.0,772.0,773.0,336.0,905.0,510.0,648.0,393.0,361.0,361.0,760.0,470.0,735.0,262.0,240.0,376.0,650.0,310.0,379.0,632.0,315.0,740.0,532.0,00000000000000000165,109.470965937737,C0118R01
333.0,718.0,819.0,253.0,348.0,563.0,502.0,358.0,290.0,672.0,738.0,458.0,386.0,613.0,346.0,826.0,494.0,469.0,522.0,329.0,750.0,305.0,378.0,564.0,450.0,323.0,398.0,264.0,895.0,390.0,287.0,842.0,578.0,319.0,276.0,357.0,735.0,357.0,189.0,724.0,707.0,308.0,844.0,461.0,590.0,358.0,335.0,335.0,704.0,428.0,672.0,233.0,210.0,338.0,583.0,275.0,351.0,600.0,282.0,684.0,495.0,00000000000000000166,152.378017749749,C0118R02
335.0,710.0,787.0,256.0,347.0,556.0,500.0,356.0,286.0,663.0,730.0,449.0,387.0,597.0,345.0,809.0,494.0,463.0,519.0,328.0,740.0,303.0,374.0,549.0,454.0,326.0,393.0,265.0,877.0,396.0,287.0,821.0,566.0,320.0,277.0,360.0,722.0,360.0,196.0,705.0,700.0,307.0,815.0,462.0,585.0,356.0,331.0,331.0,695.0,426.0,663.0,238.0,218.0,342.0,583.0,282.0,346.0,585.0,286.0,676.0,490.0,00000000000000000167,80.9828457071654,C0118R03
616.0,1183.0,1279.0,498.0,623.0,889.0,897.0,644.0,573.0,1105.0,1043.0,719.0,660.0,1121.0,619.0,1255.0,1090.0,795.0,786.0,631.0,1147.0,566.0,625.0,883.0,958.0,621.0,561.0,491.0,1201.0,754.0,541.0,1354.0,900.0,559.0,519.0,679.0,1168.0,689.0,444.0,1181.0,1110.0,545.0,1316.0,813.0,1060.0,605.0,655.0,647.0,1015.0,822.0,1154.0,474.0,436.0,585.0,1142.0,574.0,600.0,1060.0,515.0,1005.0,726.0,00000000000000000168,521.390443577783,C0119F01
474.0,789.0,853.0,359.0,462.0,624.0,621.0,490.0,395.0,739.0,770.0,571.0,461.0,707.0,474.0,901.0,714.0,563.0,530.0,445.0,816.0,439.0,469.0,643.0,623.0,452.0,418.0,373.0,894.0,513.0,422.0,938.0,622.0,425.0,361.0,512.0,818.0,490.0,369.0,837.0,764.0,429.0,905.0,569.0,720.0,440.0,470.0,470.0,738.0,554.0,813.0,331.0,327.0,410.0,804.0,422.0,467.0,731.0,384.0,739.0,551.0,0000000000000000016a,281.711810098294,C0119F03
795.0,1274.0,1406.0,600.0,784.0,1025.0,1038.0,831.0,662.0,1235.0,1183.0,925.0,791.0,1211.0,780.0,1404.0,1219.0,971.0,891.0,765.0,1289.0,709.0,795.0,1077.0,1086.0,774.0,713.0,617.0,1350.0,878.0,706.0,1484.0,1056.0,710.0,630.0,849.0,1285.0,839.0,625.0,1355.0,1227.0,714.0,1453.0,953.0,1179.0,754.0,760.0,755.0,1158.0,965.0,1317.0,582.0,570.0,716.0,1304.0,733.0,769.0,1228.0,650.0,1158.0,899.0,0000000000000000016b,195.227549586813,C0119F06
431.0,961.0,997.0,336.0,445.0,715.0,681.0,479.0,370.0,892.0,889.0,572.0,515.0,796.0,429.0,1016.0,662.0,594.0,682.0,442.0,962.0,370.0,479.0,681.0,606.0,420.0,513.0,328.0,1048.0,527.0,366.0,1054.0,713.0,407.0,366.0,471.0,899.0,482.0,256.0,886.0,918.0,390.0,1065.0,608.0,759.0,475.0,404.0,382.0,856.0,562.0,870.0,330.0,288.0,471.0,772.0,377.0,449.0,703.0,375.0,824.0,626.0,0000000000000000016c,292.973885245484,C0119R01
814.0,1263.0,1414.0,643.0,790.0,1018.0,1037.0,838.0,713.0,1218.0,1154.0,933.0,793.0,1240.0,799.0,1378.0,1231.0,982.0,881.0,797.0,1254.0,742.0,796.0,1081.0,1102.0,797.0,712.0,663.0,1307.0,881.0,740.0,1456.0,1064.0,732.0,669.0,849.0,1271.0,843.0,642.0,1353.0,1205.0,737.0,1430.0,940.0,1173.0,761.0,805.0,801.0,1134.0,985.0,1302.0,628.0,597.0,722.0,1292.0,754.0,800.0,1241.0,674.0,1132.0,888.0,0000000000000000016d,200.483539318965,C0120F01
481.0,916.0,1014.0,369.0,484.0,685.0,678.0,502.0,436.0,876.0,830.0,573.0,498.0,858.0,488.0,999.0,840.0,614.0,591.0,481.0,907.0,444.0,486.0,696.0,727.0,472.0,429.0,375.0,978.0,556.0,429.0,1091.0,705.0,427.0,389.0,523.0,921.0,515.0,342.0,935.0,870.0,432.0,1064.0,616.0,816.0,462.0,511.0,503.0,803.0,622.0,920.0,355.0,327.0,431.0,902.0,430.0,474.0,834.0,389.0,794.0,563.0,0000000000000000016e,284.220360688849,C0120F02
615.0,973.0,1064.0,461.0,596.0,780.0,798.0,637.0,511.0,927.0,925.0,725.0,596.0,898.0,607.0,1092.0,906.0,730.0,667.0,581.0,993.0,562.0,596.0,813.0,806.0,590.0,529.0,488.0,1058.0,659.0,553.0,1141.0,788.0,547.0,476.0,656.0,992.0,643.0,485.0,1033.0,945.0,551.0,1111.0,719.0,905.0,571.0,596.0,597.0,898.0,714.0,1007.0,441.0,435.0,537.0,1000.0,564.0,597.0,922.0,500.0,899.0,689.0,0000000000000000016f,292.022198187107,C0120F03
451.0,835.0,904.0,352.0,465.0,697.0,613.0,458.0,379.0,821.0,920.0,556.0,513.0,736.0,467.0,955.0,683.0,596.0,658.0,434.0,894.0,406.0,489.0,680.0,637.0,435.0,485.0,361.0,1062.0,559.0,382.0,978.0,689.0,424.0,356.0,508.0,905.0,483.0,312.0,861.0,862.0,403.0,955.0,628.0,755.0,456.0,441.0,449.0,876.0,564.0,829.0,322.0,321.0,463.0,784.0,393.0,437.0,730.0,392.0,875.0,625.0,00000000000000000170,174.157325266861,C0120F04
869.0,1254.0,1398.0,688.0,840.0,1033.0,1065.0,890.0,750.0,1209.0,1183.0,999.0,828.0,1206.0,857.0,1385.0,1213.0,1014.0,904.0,829.0,1266.0,812.0,840.0,1114.0,1099.0,839.0,760.0,730.0,1345.0,900.0,788.0,1449.0,1085.0,777.0,696.0,897.0,1270.0,888.0,708.0,1359.0,1224.0,778.0,1420.0,965.0,1176.0,810.0,854.0,864.0,1154.0,997.0,1301.0,654.0,645.0,759.0,1301.0,809.0,844.0,1250.0,727.0,1164.0,937.0,00000000000000000171,176.497799674522,C0120F05
363.0,658.0,782.0,279.0,372.0,577.0,487.0,372.0,306.0,649.0,767.0,475.0,402.0,592.0,385.0,791.0,545.0,481.0,523.0,347.0,729.0,338.0,397.0,569.0,482.0,347.0,389.0,289.0,893.0,432.0,312.0,834.0,569.0,340.0,279.0,402.0,765.0,377.0,243.0,736.0,688.0,331.0,806.0,504.0,608.0,364.0,371.0,380.0,730.0,448.0,669.0,245.0,243.0,353.0,610.0,306.0,365.0,620.0,310.0,721.0,509.0,00000000000000000172,242.006000889426,C0120F06
767.0,1207.0,1344.0,612.0,747.0,965.0,984.0,793.0,678.0,1163.0,1099.0,880.0,749.0,1179.0,758.0,1313.0,1171.0,928.0,836.0,754.0,1198.0,706.0,750.0,1022.0,1046.0,754.0,673.0,631.0,1242.0,836.0,703.0,1387.0,1009.0,694.0,635.0,799.0,1211.0,796.0,606.0,1284.0,1151.0,697.0,1365.0,892.0,1118.0,719.0,768.0,762.0,1081.0,934.0,1240.0,597.0,566.0,679.0,1231.0,711.0,760.0,1177.0,639.0,1075.0,836.0,00000000000000000173,220.56495749836,C0120F07
756.0,1372.0,1493.0,632.0,773.0,1061.0,1087.0,798.0,723.0,1303.0,1219.0,868.0,808.0,1329.0,758.0,1451.0,1304.0,965.0,946.0,784.0,1334.0,711.0,772.0,1058.0,1160.0,767.0,701.0,623.0,1377.0,918.0,679.0,1568.0,1075.0,696.0,654.0,835.0,1367.0,848.0,566.0,1383.0,1291.0,682.0,1527.0,986.0,1253.0,759.0,808.0,796.0,1197.0,999.0,1361.0,606.0,557.0,726.0,1352.0,716.0,742.0,1258.0,647.0,1187.0,873.0,00000000000000000174,136.820913363382,C0120F08
748.0,1234.0,1389.0,640.0,740.0,980.0,1001.0,782.0,731.0,1166.0,1087.0,854.0,745.0,1220.0,752.0,1313.0,1194.0,901.0,844.0,762.0,1187.0,726.0,745.0,995.0,1044.0,747.0,666.0,640.0,1219.0,824.0,692.0,1420.0,1011.0,688.0,653.0,783.0,1234.0,801.0,572.0,1272.0,1147.0,688.0,1386.0,892.0,1132.0,724.0,823.0,806.0,1066.0,935.0,1224.0,607.0,548.0,670.0,1213.0,697.0,752.0,1189.0,636.0,1047.0,815.0,00000000000000000175,141.450229690155,C0120F09
984.0,1328.0,1531.0,803.0,946.0,1119.0,1159.0,999.0,869.0,1294.0,1262.0,1119.0,917.0,1341.0,970.0,1459.0,1341.0,1136.0,980.0,946.0,1337.0,934.0,946.0,1249.0,1221.0,952.0,862.0,847.0,1413.0,986.0,903.0,1543.0,1218.0,886.0,805.0,988.0,1351.0,978.0,812.0,1491.0,1297.0,892.0,1513.0,1050.0,1258.0,915.0,978.0,989.0,1233.0,1126.0,1394.0,762.0,743.0,845.0,1394.0,921.0,968.0,1393.0,833.0,1243.0,1029.0,00000000000000000176,336.497591552559,C0120P01
971.0,1311.0,1510.0,793.0,933.0,1105.0,1144.0,985.0,858.0,1277.0,1247.0,1104.0,904.0,1322.0,956.0,1441.0,1322.0,1120.0,967.0,934.0,1321.0,923.0,933.0,1232.0,1203.0,940.0,850.0,836.0,1396.0,972.0,892.0,1523.0,1201.0,873.0,795.0,975.0,1335.0,965.0,801.0,1470.0,1281.0,881.0,1494.0,1036.0,1242.0,902.0,966.0,977.0,1218.0,1110.0,1375.0,752.0,733.0,834.0,1375.0,909.0,956.0,1374.0,821.0,1228.0,1015.0,00000000000000000177,377.037688606462,C0120P02
729.0,1352.0,1467.0,605.0,745.0,1035.0,1064.0,764.0,698.0,1280.0,1198.0,836.0,782.0,1305.0,733.0,1431.0,1277.0,932.0,930.0,757.0,1322.0,680.0,741.0,1022.0,1135.0,739.0,674.0,600.0,1364.0,893.0,649.0,1543.0,1047.0,673.0,628.0,806.0,1344.0,823.0,537.0,1357.0,1275.0,650.0,1503.0,957.0,1226.0,728.0,779.0,764.0,1179.0,973.0,1337.0,583.0,532.0,700.0,1332.0,691.0,712.0,1226.0,622.0,1168.0,847.0,00000000000000000178,205.165755484163,C0120P03
871.0,1354.0,1530.0,706.0,860.0,1095.0,1119.0,912.0,780.0,1313.0,1238.0,997.0,855.0,1345.0,864.0,1471.0,1338.0,1055.0,951.0,861.0,1344.0,811.0,860.0,1159.0,1194.0,861.0,777.0,727.0,1389.0,950.0,805.0,1557.0,1149.0,796.0,731.0,910.0,1363.0,910.0,693.0,1458.0,1292.0,795.0,1537.0,1012.0,1259.0,829.0,886.0,875.0,1217.0,1065.0,1394.0,687.0,651.0,775.0,1384.0,812.0,870.0,1341.0,734.0,1207.0,947.0,0000000000000000017a,217.641764886824,C0120P05
885.0,1356.0,1537.0,724.0,866.0,1099.0,1129.0,917.0,799.0,1320.0,1237.0,1008.0,861.0,1359.0,869.0,1471.0,1356.0,1065.0,958.0,874.0,1343.0,827.0,866.0,1168.0,1213.0,874.0,785.0,743.0,1391.0,958.0,816.0,1562.0,1160.0,809.0,748.0,919.0,1359.0,919.0,706.0,1465.0,1292.0,808.0,1542.0,1019.0,1261.0,836.0,901.0,889.0,1215.0,1076.0,1400.0,704.0,666.0,788.0,1393.0,832.0,881.0,1352.0,748.0,1205.0,950.0,0000000000000000017b,404.257702328331,C0120P06
516.0,826.0,932.0,383.0,508.0,680.0,672.0,542.0,427.0,761.0,837.0,632.0,498.0,736.0,530.0,970.0,742.0,604.0,564.0,480.0,864.0,480.0,509.0,696.0,639.0,489.0,450.0,411.0,972.0,542.0,476.0,1019.0,672.0,470.0,396.0,559.0,886.0,540.0,401.0,913.0,809.0,479.0,976.0,612.0,770.0,482.0,521.0,525.0,797.0,587.0,857.0,359.0,349.0,436.0,848.0,453.0,531.0,804.0,418.0,801.0,618.0,0000000000000000017c,246.245112684044,C0120W04
430.0,976.0,815.0,359.0,524.0,572.0,576.0,540.0,470.0,1042.0,552.0,501.0,399.0,922.0,444.0,1000.0,826.0,608.0,445.0,501.0,908.0,404.0,470.0,559.0,880.0,492.0,433.0,439.0,895.0,573.0,483.0,1008.0,602.0,374.0,359.0,496.0,669.0,510.0,497.0,818.0,1013.0,434.0,950.0,433.0,650.0,438.0,494.0,461.0,552.0,487.0,1104.0,389.0,354.0,471.0,1083.0,427.0,494.0,673.0,424.0,626.0,477.0,0000000000000000017d,9.32767268097325,C0201F02
439.0,1000.0,835.0,375.0,533.0,583.0,591.0,550.0,479.0,1059.0,563.0,506.0,410.0,943.0,454.0,1023.0,840.0,622.0,462.0,507.0,932.0,414.0,480.0,573.0,902.0,501.0,442.0,449.0,915.0,581.0,488.0,1028.0,614.0,388.0,369.0,503.0,675.0,518.0,506.0,833.0,1031.0,445.0,982.0,446.0,660.0,450.0,502.0,465.0,563.0,507.0,1115.0,400.0,366.0,480.0,1103.0,435.0,500.0,684.0,432.0,636.0,480.0,0000000000000000017e,2.25981073276992,C0201R01
538.0,1030.0,949.0,458.0,687.0,848.0,881.0,753.0,583.0,966.0,788.0,615.0,572.0,1097.0,569.0,1092.0,928.0,775.0,669.0,615.0,934.0,513.0,619.0,696.0,1060.0,628.0,595.0,528.0,903.0,799.0,570.0,945.0,736.0,492.0,418.0,720.0,950.0,735.0,640.0,891.0,1005.0,538.0,1009.0,645.0,966.0,604.0,569.0,548.0,795.0,655.0,961.0,464.0,478.0,658.0,1091.0,519.0,590.0,842.0,549.0,862.0,651.0,0000000000000000017f,5.93178598983509,C0201R02
580.0,1287.0,1093.0,485.0,678.0,737.0,745.0,704.0,609.0,1363.0,734.0,662.0,538.0,1214.0,588.0,1321.0,1093.0,808.0,608.0,669.0,1217.0,538.0,625.0,753.0,1166.0,654.0,581.0,573.0,1192.0,728.0,628.0,1331.0,800.0,510.0,485.0,643.0,858.0,660.0,657.0,1085.0,1328.0,577.0,1282.0,583.0,842.0,582.0,635.0,599.0,734.0,682.0,1430.0,526.0,492.0,616.0,1422.0,580.0,637.0,885.0,570.0,809.0,616.0,00000000000000000180,1.06210641673805,C0201R03
565.0,1146.0,968.0,449.0,692.0,753.0,762.0,719.0,599.0,1161.0,722.0,669.0,519.0,1104.0,581.0,1165.0,994.0,775.0,576.0,660.0,1030.0,517.0,613.0,713.0,1058.0,658.0,572.0,550.0,1028.0,747.0,638.0,1139.0,767.0,489.0,443.0,663.0,860.0,673.0,657.0,953.0,1152.0,576.0,1106.0,565.0,840.0,572.0,622.0,570.0,714.0,624.0,1232.0,483.0,461.0,607.0,1249.0,557.0,648.0,856.0,551.0,798.0,626.0,00000000000000000182,1.47682715574258,C0201R05
453.0,1004.0,837.0,376.0,547.0,594.0,596.0,564.0,493.0,1069.0,574.0,526.0,415.0,947.0,465.0,1028.0,850.0,632.0,461.0,526.0,932.0,425.0,490.0,580.0,906.0,517.0,454.0,461.0,921.0,595.0,508.0,1032.0,625.0,392.0,374.0,517.0,695.0,533.0,522.0,843.0,1043.0,454.0,971.0,451.0,673.0,457.0,519.0,485.0,574.0,505.0,1132.0,406.0,373.0,491.0,1109.0,448.0,517.0,700.0,447.0,649.0,498.0,00000000000000000183,15.3283043557675,C0201R06
444.0,997.0,832.0,374.0,539.0,587.0,591.0,555.0,485.0,1060.0,566.0,514.0,411.0,941.0,459.0,1021.0,843.0,626.0,458.0,514.0,926.0,418.0,483.0,575.0,900.0,507.0,447.0,454.0,914.0,587.0,496.0,1026.0,618.0,389.0,371.0,508.0,682.0,524.0,514.0,835.0,1032.0,448.0,971.0,446.0,663.0,451.0,509.0,473.0,566.0,504.0,1120.0,402.0,369.0,483.0,1102.0,440.0,508.0,690.0,439.0,639.0,487.0,00000000000000000184,3.17897170289549,C0201R07
894.0,1446.0,1305.0,774.0,1057.0,1160.0,1142.0,1125.0,964.0,1300.0,1105.0,990.0,902.0,1501.0,934.0,1531.0,1306.0,1142.0,951.0,976.0,1336.0,845.0,966.0,1090.0,1373.0,1058.0,930.0,859.0,1309.0,1061.0,949.0,1337.0,1118.0,830.0,730.0,1043.0,1268.0,1081.0,1030.0,1236.0,1350.0,885.0,1503.0,937.0,1291.0,926.0,945.0,907.0,1139.0,1024.0,1337.0,776.0,811.0,961.0,1432.0,859.0,987.0,1247.0,905.0,1166.0,981.0,00000000000000000185,18.6262411113069,C0201R09
445.0,918.0,771.0,345.0,566.0,640.0,641.0,586.0,493.0,948.0,584.0,546.0,419.0,910.0,457.0,946.0,773.0,623.0,470.0,542.0,828.0,402.0,485.0,557.0,846.0,543.0,444.0,451.0,821.0,623.0,531.0,903.0,612.0,373.0,354.0,549.0,727.0,564.0,527.0,759.0,969.0,468.0,857.0,450.0,705.0,444.0,517.0,487.0,583.0,473.0,992.0,388.0,340.0,502.0,999.0,441.0,545.0,720.0,434.0,668.0,518.0,00000000000000000186,16.408780633128,C0201R10
526.0,1014.0,899.0,451.0,674.0,804.0,827.0,726.0,565.0,926.0,764.0,601.0,549.0,1036.0,561.0,1060.0,898.0,741.0,625.0,595.0,910.0,498.0,604.0,671.0,1001.0,614.0,582.0,518.0,887.0,758.0,561.0,920.0,709.0,486.0,413.0,695.0,901.0,710.0,629.0,856.0,976.0,529.0,976.0,609.0,909.0,582.0,552.0,532.0,758.0,627.0,933.0,452.0,472.0,629.0,1048.0,507.0,575.0,803.0,540.0,825.0,636.0,00000000000000000187,12.7637627535859,C0201R11
882.0,1495.0,1332.0,751.0,1033.0,1124.0,1169.0,1151.0,919.0,1246.0,1129.0,1028.0,879.0,1449.0,953.0,1585.0,1365.0,1182.0,903.0,1002.0,1330.0,853.0,959.0,1132.0,1416.0,1037.0,923.0,826.0,1322.0,1072.0,952.0,1357.0,1165.0,815.0,683.0,1064.0,1296.0,1089.0,1054.0,1240.0,1331.0,864.0,1459.0,913.0,1304.0,914.0,918.0,892.0,1128.0,1042.0,1331.0,737.0,787.0,939.0,1486.0,881.0,1005.0,1207.0,898.0,1173.0,984.0,00000000000000000188,27.254123291088,C0201R12
502.0,997.0,906.0,423.0,639.0,801.0,833.0,693.0,543.0,946.0,742.0,574.0,519.0,1054.0,523.0,1054.0,886.0,727.0,627.0,575.0,904.0,478.0,575.0,653.0,1016.0,586.0,544.0,491.0,877.0,751.0,531.0,931.0,694.0,451.0,390.0,664.0,896.0,680.0,591.0,853.0,975.0,505.0,982.0,601.0,911.0,557.0,533.0,510.0,748.0,613.0,954.0,436.0,440.0,613.0,1069.0,484.0,551.0,795.0,506.0,820.0,604.0,00000000000000000189,13.2981541795421,C0201R13
468.0,753.0,819.0,374.0,469.0,606.0,605.0,494.0,410.0,665.0,732.0,561.0,442.0,656.0,485.0,883.0,667.0,540.0,502.0,439.0,782.0,460.0,460.0,621.0,579.0,447.0,409.0,402.0,868.0,486.0,435.0,875.0,599.0,435.0,370.0,494.0,788.0,479.0,377.0,795.0,734.0,433.0,840.0,542.0,696.0,438.0,489.0,489.0,707.0,532.0,752.0,340.0,334.0,389.0,743.0,425.0,479.0,710.0,391.0,707.0,539.0,0000000000000000018b,116.442857029163,C0202F02
316.0,546.0,667.0,248.0,354.0,483.0,439.0,364.0,286.0,533.0,570.0,409.0,249.0,577.0,362.0,677.0,483.0,396.0,355.0,293.0,580.0,325.0,337.0,470.0,414.0,358.0,287.0,273.0,673.0,324.0,302.0,670.0,461.0,309.0,233.0,345.0,612.0,333.0,262.0,636.0,519.0,316.0,593.0,334.0,499.0,309.0,354.0,347.0,529.0,371.0,538.0,211.0,213.0,254.0,547.0,266.0,341.0,546.0,276.0,536.0,393.0,0000000000000000018c,119.661965564972,C0202F03
450.0,617.0,728.0,358.0,595.0,718.0,659.0,567.0,446.0,723.0,577.0,555.0,414.0,971.0,475.0,787.0,507.0,586.0,490.0,495.0,623.0,448.0,476.0,535.0,679.0,595.0,413.0,406.0,618.0,509.0,459.0,641.0,530.0,398.0,333.0,508.0,765.0,508.0,468.0,628.0,706.0,517.0,928.0,441.0,717.0,463.0,485.0,492.0,613.0,489.0,542.0,365.0,353.0,458.0,688.0,400.0,492.0,815.0,406.0,660.0,483.0,0000000000000000018d,250.236061063969,C0202F04
507.0,804.0,886.0,406.0,509.0,650.0,650.0,538.0,446.0,710.0,782.0,609.0,478.0,709.0,528.0,946.0,720.0,585.0,539.0,476.0,835.0,501.0,501.0,674.0,624.0,484.0,444.0,438.0,928.0,522.0,472.0,938.0,649.0,472.0,401.0,535.0,843.0,519.0,409.0,859.0,783.0,470.0,900.0,582.0,743.0,476.0,532.0,532.0,755.0,577.0,805.0,369.0,362.0,421.0,796.0,461.0,520.0,771.0,425.0,755.0,584.0,0000000000000000018e,160.478872024646,C0202F05
367.0,622.0,717.0,281.0,420.0,553.0,521.0,437.0,338.0,604.0,616.0,462.0,299.0,675.0,407.0,775.0,536.0,465.0,409.0,354.0,651.0,375.0,394.0,513.0,506.0,422.0,333.0,311.0,727.0,383.0,350.0,726.0,529.0,346.0,266.0,400.0,671.0,395.0,325.0,675.0,562.0,366.0,666.0,362.0,580.0,357.0,403.0,398.0,584.0,419.0,589.0,255.0,259.0,315.0,631.0,315.0,395.0,629.0,320.0,588.0,435.0,00000000000000000191,224.527694473752,C0202F08
381.0,638.0,747.0,299.0,408.0,550.0,507.0,420.0,335.0,596.0,655.0,477.0,349.0,607.0,422.0,756.0,569.0,463.0,428.0,352.0,674.0,379.0,403.0,547.0,493.0,387.0,353.0,328.0,774.0,401.0,357.0,767.0,526.0,370.0,292.0,410.0,693.0,394.0,310.0,722.0,629.0,367.0,711.0,440.0,580.0,375.0,412.0,410.0,615.0,447.0,641.0,263.0,266.0,315.0,633.0,330.0,396.0,621.0,333.0,624.0,466.0,00000000000000000192,214.358408774147,C0202F10
531.0,820.0,960.0,417.0,547.0,698.0,671.0,580.0,466.0,725.0,838.0,658.0,502.0,736.0,589.0,975.0,736.0,619.0,557.0,491.0,868.0,524.0,549.0,730.0,640.0,501.0,480.0,456.0,998.0,535.0,500.0,988.0,701.0,518.0,410.0,562.0,893.0,542.0,437.0,930.0,809.0,500.0,944.0,610.0,751.0,519.0,563.0,573.0,794.0,598.0,824.0,370.0,376.0,438.0,813.0,462.0,550.0,835.0,459.0,805.0,635.0,00000000000000000193,207.680136678361,C0202F17
396.0,656.0,832.0,312.0,433.0,573.0,519.0,447.0,349.0,643.0,696.0,514.0,320.0,676.0,457.0,800.0,603.0,484.0,433.0,359.0,700.0,401.0,422.0,592.0,496.0,427.0,363.0,340.0,822.0,392.0,377.0,831.0,564.0,392.0,297.0,425.0,739.0,405.0,317.0,800.0,644.0,392.0,737.0,431.0,591.0,391.0,440.0,431.0,642.0,464.0,673.0,261.0,262.0,307.0,663.0,332.0,423.0,668.0,345.0,653.0,494.0,00000000000000000194,154.800866524292,C0202R01
472.0,758.0,930.0,366.0,506.0,666.0,612.0,527.0,413.0,712.0,788.0,598.0,427.0,738.0,532.0,907.0,698.0,567.0,513.0,434.0,804.0,470.0,502.0,678.0,598.0,473.0,437.0,404.0,930.0,474.0,440.0,936.0,650.0,463.0,358.0,505.0,834.0,484.0,384.0,897.0,747.0,453.0,867.0,534.0,691.0,467.0,515.0,510.0,735.0,547.0,774.0,319.0,326.0,381.0,763.0,405.0,494.0,774.0,414.0,746.0,578.0,00000000000000000195,125.391025407843,C0202R02
355.0,603.0,741.0,277.0,403.0,538.0,493.0,415.0,322.0,594.0,625.0,458.0,280.0,651.0,406.0,751.0,537.0,446.0,395.0,331.0,640.0,365.0,381.0,522.0,469.0,404.0,324.0,305.0,736.0,363.0,341.0,739.0,517.0,345.0,262.0,387.0,674.0,376.0,299.0,703.0,566.0,358.0,659.0,366.0,555.0,349.0,397.0,389.0,582.0,413.0,594.0,240.0,241.0,288.0,611.0,299.0,386.0,614.0,310.0,590.0,437.0,00000000000000000196,243.211716979296,C0202R03
828.0,1709.0,1601.0,669.0,943.0,1200.0,1221.0,1020.0,811.0,1761.0,1209.0,918.0,838.0,1770.0,820.0,1792.0,1581.0,1166.0,1033.0,935.0,1646.0,741.0,896.0,1089.0,1700.0,920.0,831.0,756.0,1600.0,1151.0,825.0,1770.0,1149.0,727.0,666.0,969.0,1362.0,997.0,903.0,1555.0,1682.0,792.0,1791.0,992.0,1374.0,858.0,827.0,783.0,1218.0,1025.0,1823.0,725.0,719.0,959.0,1898.0,819.0,843.0,1256.0,792.0,1294.0,922.0,00000000000000000198,46.8922591129352,C0203C02
821.0,1674.0,1561.0,669.0,938.0,1178.0,1209.0,1011.0,811.0,1697.0,1177.0,910.0,828.0,1725.0,819.0,1756.0,1534.0,1162.0,1020.0,922.0,1603.0,746.0,886.0,1081.0,1662.0,917.0,830.0,757.0,1559.0,1129.0,815.0,1706.0,1145.0,722.0,656.0,965.0,1326.0,991.0,900.0,1510.0,1649.0,782.0,1736.0,975.0,1343.0,849.0,823.0,778.0,1186.0,1022.0,1753.0,715.0,714.0,945.0,1844.0,807.0,840.0,1253.0,790.0,1255.0,911.0,00000000000000000199,30.6794944225847,C0203C03
893.0,1499.0,1390.0,747.0,1056.0,1197.0,1237.0,1157.0,947.0,1335.0,1137.0,1017.0,895.0,1589.0,922.0,1599.0,1390.0,1227.0,960.0,1001.0,1355.0,837.0,965.0,1148.0,1498.0,1070.0,924.0,843.0,1319.0,1113.0,939.0,1380.0,1183.0,797.0,694.0,1090.0,1344.0,1131.0,1031.0,1296.0,1381.0,875.0,1532.0,945.0,1371.0,923.0,929.0,887.0,1166.0,1070.0,1370.0,754.0,771.0,985.0,1528.0,865.0,987.0,1303.0,887.0,1213.0,1007.0,0000000000000000019a,90.4588289143281,C0203C05
832.0,1095.0,1241.0,686.0,905.0,1046.0,974.0,864.0,744.0,1096.0,1068.0,956.0,758.0,1285.0,858.0,1234.0,1056.0,962.0,841.0,814.0,1120.0,797.0,810.0,1031.0,1012.0,940.0,745.0,728.0,1188.0,835.0,769.0,1227.0,1000.0,785.0,670.0,855.0,1153.0,836.0,742.0,1204.0,1112.0,833.0,1306.0,824.0,1059.0,789.0,836.0,834.0,1052.0,934.0,1104.0,645.0,668.0,743.0,1124.0,776.0,820.0,1222.0,741.0,1065.0,892.0,0000000000000000019b,51.4641564546482,C0203P01
563.0,1142.0,963.0,446.0,690.0,751.0,761.0,717.0,597.0,1153.0,721.0,667.0,518.0,1099.0,577.0,1160.0,990.0,771.0,575.0,657.0,1026.0,515.0,611.0,710.0,1053.0,656.0,571.0,547.0,1024.0,745.0,634.0,1132.0,764.0,487.0,439.0,661.0,857.0,671.0,653.0,948.0,1146.0,573.0,1101.0,564.0,837.0,571.0,619.0,568.0,713.0,621.0,1223.0,479.0,458.0,605.0,1242.0,554.0,644.0,852.0,547.0,795.0,624.0,0000000000000000019c,64.3814665777748,C0203P04
966.0,1508.0,1474.0,806.0,1107.0,1266.0,1305.0,1225.0,1017.0,1372.0,1204.0,1105.0,978.0,1666.0,990.0,1628.0,1460.0,1347.0,1050.0,1080.0,1400.0,916.0,1038.0,1269.0,1555.0,1170.0,980.0,895.0,1361.0,1179.0,1023.0,1424.0,1304.0,853.0,767.0,1164.0,1403.0,1203.0,1099.0,1372.0,1395.0,956.0,1582.0,1036.0,1425.0,988.0,1000.0,955.0,1248.0,1194.0,1397.0,833.0,841.0,1068.0,1531.0,953.0,1088.0,1422.0,942.0,1272.0,1075.0,0000000000000000019d,110.275347039022,C0203P09
523.0,997.0,925.0,437.0,659.0,838.0,872.0,724.0,557.0,935.0,763.0,600.0,551.0,1081.0,542.0,1065.0,892.0,763.0,657.0,600.0,903.0,492.0,595.0,679.0,1040.0,613.0,567.0,502.0,868.0,782.0,550.0,914.0,720.0,469.0,405.0,701.0,934.0,717.0,611.0,862.0,972.0,522.0,982.0,628.0,952.0,579.0,547.0,523.0,775.0,642.0,927.0,453.0,456.0,647.0,1063.0,501.0,570.0,832.0,522.0,845.0,631.0,0000000000000000019e,30.9567460937294,C0203R02
628.0,1358.0,1151.0,524.0,740.0,799.0,808.0,772.0,664.0,1408.0,785.0,720.0,575.0,1283.0,639.0,1397.0,1152.0,875.0,644.0,722.0,1272.0,585.0,675.0,809.0,1236.0,712.0,627.0,621.0,1248.0,787.0,691.0,1378.0,861.0,549.0,523.0,703.0,927.0,722.0,712.0,1135.0,1386.0,635.0,1341.0,623.0,913.0,630.0,689.0,643.0,785.0,731.0,1478.0,569.0,523.0,670.0,1483.0,624.0,702.0,955.0,613.0,870.0,670.0,0000000000000000019f,17.4754723350814,C0203R04
781.0,1570.0,1459.0,644.0,912.0,1151.0,1191.0,989.0,789.0,1559.0,1113.0,874.0,787.0,1646.0,786.0,1649.0,1430.0,1131.0,976.0,883.0,1482.0,725.0,855.0,1036.0,1581.0,883.0,799.0,734.0,1434.0,1100.0,778.0,1558.0,1105.0,686.0,609.0,949.0,1292.0,969.0,868.0,1402.0,1541.0,744.0,1605.0,926.0,1302.0,817.0,799.0,761.0,1132.0,981.0,1598.0,669.0,677.0,913.0,1710.0,765.0,804.0,1227.0,758.0,1203.0,883.0,000000000000000001a0,24.7967528321858,C0203R09
798.0,1651.0,1532.0,656.0,919.0,1149.0,1179.0,989.0,797.0,1675.0,1143.0,888.0,804.0,1693.0,798.0,1730.0,1506.0,1136.0,992.0,899.0,1578.0,731.0,867.0,1058.0,1632.0,893.0,812.0,744.0,1536.0,1101.0,795.0,1683.0,1120.0,703.0,637.0,941.0,1293.0,964.0,879.0,1483.0,1628.0,762.0,1708.0,948.0,1307.0,830.0,810.0,765.0,1153.0,997.0,1731.0,695.0,694.0,918.0,1818.0,785.0,820.0,1226.0,771.0,1222.0,886.0,000000000000000001a1,32.7260690783898,C0203W01
905.0,1287.0,1357.0,751.0,938.0,1073.0,1060.0,955.0,802.0,1202.0,1212.0,1028.0,871.0,1198.0,951.0,1412.0,1190.0,1021.0,942.0,867.0,1316.0,868.0,915.0,1120.0,1094.0,898.0,845.0,792.0,1402.0,924.0,837.0,1418.0,1093.0,880.0,745.0,937.0,1257.0,918.0,799.0,1331.0,1268.0,837.0,1337.0,987.0,1159.0,885.0,914.0,903.0,1177.0,1012.0,1292.0,704.0,738.0,810.0,1283.0,843.0,898.0,1219.0,819.0,1177.0,994.0,000000000000000001a2,202.248925546705,C0203W03
893.0,1290.0,1357.0,742.0,933.0,1063.0,1060.0,954.0,793.0,1204.0,1208.0,1017.0,867.0,1174.0,945.0,1418.0,1187.0,1013.0,940.0,855.0,1320.0,863.0,913.0,1114.0,1089.0,869.0,841.0,783.0,1408.0,922.0,828.0,1425.0,1086.0,873.0,735.0,934.0,1253.0,915.0,790.0,1330.0,1271.0,828.0,1377.0,986.0,1154.0,882.0,906.0,904.0,1172.0,1004.0,1296.0,694.0,728.0,801.0,1287.0,834.0,890.0,1222.0,811.0,1172.0,992.0,000000000000000001a4,116.689990792809,C0203W06
932.0,1353.0,1348.0,779.0,1110.0,1222.0,1174.0,1100.0,933.0,1346.0,1163.0,1055.0,917.0,1573.0,958.0,1446.0,1266.0,1152.0,969.0,994.0,1291.0,855.0,956.0,1108.0,1363.0,1099.0,916.0,870.0,1284.0,1041.0,919.0,1335.0,1128.0,871.0,741.0,1032.0,1294.0,1043.0,978.0,1302.0,1352.0,956.0,1556.0,978.0,1295.0,936.0,923.0,930.0,1157.0,1046.0,1283.0,778.0,808.0,930.0,1431.0,875.0,963.0,1385.0,907.0,1203.0,991.0,000000000000000001a5,50.0284714627991,C0204C01
945.0,1346.0,1446.0,790.0,1009.0,1154.0,1119.0,1015.0,843.0,1321.0,1285.0,1073.0,878.0,1340.0,1013.0,1472.0,1265.0,1088.0,1008.0,906.0,1379.0,907.0,977.0,1186.0,1171.0,995.0,905.0,833.0,1474.0,989.0,872.0,1490.0,1157.0,939.0,776.0,987.0,1332.0,968.0,854.0,1419.0,1330.0,896.0,1404.0,1002.0,1222.0,946.0,956.0,944.0,1248.0,1069.0,1358.0,734.0,791.0,864.0,1349.0,876.0,931.0,1271.0,876.0,1252.0,1050.0,000000000000000001a6,77.7483409709756,C0204C02
897.0,1456.0,1289.0,766.0,1047.0,1144.0,1114.0,1091.0,955.0,1318.0,1105.0,968.0,881.0,1486.0,924.0,1521.0,1289.0,1111.0,934.0,958.0,1342.0,836.0,950.0,1058.0,1352.0,1039.0,921.0,852.0,1316.0,1043.0,932.0,1343.0,1086.0,832.0,725.0,1015.0,1257.0,1048.0,1012.0,1231.0,1373.0,877.0,1512.0,922.0,1281.0,913.0,933.0,895.0,1130.0,992.0,1353.0,770.0,805.0,933.0,1441.0,845.0,959.0,1225.0,899.0,1159.0,958.0,000000000000000001a7,51.2447912581783,C0204C04
832.0,1513.0,1454.0,680.0,960.0,1249.0,1300.0,1061.0,832.0,1464.0,1184.0,923.0,867.0,1665.0,822.0,1622.0,1402.0,1209.0,1064.0,939.0,1432.0,768.0,909.0,1098.0,1599.0,948.0,852.0,761.0,1379.0,1173.0,812.0,1466.0,1171.0,722.0,637.0,1032.0,1369.0,1069.0,916.0,1373.0,1463.0,781.0,1558.0,1003.0,1402.0,876.0,832.0,792.0,1209.0,1055.0,1476.0,710.0,725.0,1005.0,1645.0,808.0,840.0,1311.0,794.0,1279.0,958.0,000000000000000001a9,31.1070448477725,C0204C10
914.0,1228.0,1332.0,753.0,1071.0,1191.0,1138.0,1044.0,850.0,1309.0,1140.0,1037.0,875.0,1499.0,950.0,1368.0,1135.0,1111.0,980.0,955.0,1237.0,873.0,949.0,1086.0,1253.0,1061.0,871.0,811.0,1247.0,993.0,865.0,1291.0,1075.0,859.0,721.0,978.0,1287.0,977.0,911.0,1255.0,1286.0,927.0,1501.0,940.0,1232.0,927.0,914.0,915.0,1158.0,1025.0,1193.0,745.0,787.0,910.0,1301.0,857.0,907.0,1337.0,857.0,1199.0,964.0,000000000000000001aa,51.5948836875118,C0204F01
644.0,983.0,1098.0,519.0,723.0,854.0,800.0,708.0,570.0,977.0,958.0,762.0,593.0,1013.0,701.0,1115.0,905.0,761.0,701.0,611.0,1021.0,626.0,684.0,857.0,829.0,701.0,616.0,557.0,1124.0,682.0,594.0,1121.0,834.0,632.0,505.0,681.0,1009.0,665.0,562.0,1068.0,967.0,622.0,1034.0,660.0,890.0,645.0,663.0,663.0,922.0,739.0,983.0,470.0,501.0,570.0,981.0,581.0,643.0,946.0,586.0,931.0,743.0,000000000000000001ab,60.4060763013329,C0204F03
959.0,1314.0,1354.0,797.0,1072.0,1217.0,1172.0,1071.0,950.0,1290.0,1150.0,1081.0,929.0,1558.0,952.0,1398.0,1288.0,1189.0,961.0,1022.0,1242.0,866.0,924.0,1145.0,1367.0,1128.0,894.0,892.0,1243.0,1044.0,941.0,1306.0,1171.0,876.0,770.0,1045.0,1278.0,1053.0,976.0,1317.0,1296.0,967.0,1503.0,979.0,1275.0,905.0,933.0,941.0,1133.0,1088.0,1261.0,806.0,808.0,933.0,1401.0,912.0,985.0,1413.0,912.0,1178.0,1000.0,000000000000000001ac,105.266454259681,C0204F05
869.0,1255.0,1321.0,721.0,910.0,1041.0,1032.0,922.0,771.0,1169.0,1181.0,992.0,839.0,1143.0,915.0,1383.0,1153.0,986.0,913.0,831.0,1284.0,841.0,882.0,1086.0,1056.0,847.0,812.0,761.0,1372.0,895.0,805.0,1389.0,1058.0,845.0,714.0,905.0,1227.0,886.0,764.0,1295.0,1236.0,806.0,1353.0,959.0,1128.0,852.0,881.0,881.0,1146.0,977.0,1261.0,674.0,703.0,774.0,1252.0,813.0,866.0,1194.0,784.0,1146.0,962.0,000000000000000001ad,53.1760606947542,C0204F06
1004.0,1291.0,1383.0,827.0,1075.0,1217.0,1176.0,1069.0,958.0,1269.0,1182.0,1129.0,919.0,1537.0,989.0,1382.0,1271.0,1195.0,974.0,1038.0,1243.0,911.0,946.0,1184.0,1325.0,1170.0,904.0,913.0,1266.0,1047.0,963.0,1339.0,1179.0,906.0,797.0,1061.0,1311.0,1055.0,968.0,1353.0,1338.0,999.0,1526.0,991.0,1275.0,929.0,981.0,977.0,1172.0,1102.0,1278.0,812.0,823.0,942.0,1373.0,946.0,1003.0,1406.0,921.0,1216.0,1034.0,000000000000000001ae,100.953134376161,C0204F09
951.0,1476.0,1417.0,802.0,1104.0,1230.0,1261.0,1213.0,1011.0,1312.0,1177.0,1091.0,971.0,1590.0,999.0,1581.0,1429.0,1288.0,1009.0,1064.0,1358.0,905.0,1027.0,1226.0,1482.0,1149.0,977.0,884.0,1328.0,1144.0,1026.0,1390.0,1259.0,852.0,761.0,1146.0,1351.0,1176.0,1100.0,1328.0,1341.0,947.0,1536.0,1002.0,1370.0,969.0,996.0,963.0,1203.0,1143.0,1362.0,820.0,838.0,1034.0,1482.0,940.0,1093.0,1353.0,942.0,1222.0,1059.0,000000000000000001b0,165.701431648458,C0204F11
957.0,1395.0,1379.0,792.0,1065.0,1200.0,1210.0,1103.0,953.0,1296.0,1159.0,1077.0,923.0,1575.0,954.0,1460.0,1353.0,1230.0,949.0,1034.0,1269.0,862.0,940.0,1170.0,1450.0,1142.0,912.0,885.0,1262.0,1091.0,967.0,1329.0,1203.0,863.0,758.0,1072.0,1307.0,1087.0,1014.0,1323.0,1352.0,951.0,1532.0,966.0,1316.0,914.0,932.0,924.0,1142.0,1095.0,1308.0,800.0,815.0,949.0,1479.0,916.0,1003.0,1369.0,919.0,1204.0,1010.0,000000000000000001b1,44.3036126269935,C0204F12
890.0,1284.0,1363.0,736.0,933.0,1067.0,1054.0,954.0,790.0,1187.0,1210.0,1022.0,858.0,1174.0,948.0,1421.0,1180.0,1009.0,930.0,849.0,1316.0,859.0,911.0,1113.0,1074.0,870.0,835.0,779.0,1411.0,910.0,828.0,1424.0,1084.0,872.0,730.0,930.0,1258.0,909.0,784.0,1334.0,1263.0,828.0,1358.0,979.0,1151.0,878.0,909.0,903.0,1171.0,995.0,1286.0,686.0,718.0,792.0,1276.0,823.0,894.0,1226.0,806.0,1171.0,992.0,000000000000000001b2,35.3524511729418,C0204F14
857.0,1248.0,1374.0,680.0,831.0,1020.0,1050.0,882.0,743.0,1195.0,1171.0,987.0,816.0,1178.0,848.0,1381.0,1188.0,996.0,894.0,817.0,1268.0,806.0,831.0,1094.0,1071.0,827.0,750.0,722.0,1340.0,884.0,777.0,1437.0,1065.0,767.0,684.0,886.0,1259.0,876.0,696.0,1335.0,1217.0,767.0,1407.0,952.0,1161.0,801.0,847.0,858.0,1142.0,977.0,1286.0,642.0,635.0,746.0,1286.0,797.0,839.0,1222.0,716.0,1151.0,926.0,000000000000000001b3,76.3572893003421,C0204P04
860.0,1253.0,1383.0,681.0,835.0,1027.0,1055.0,887.0,744.0,1201.0,1178.0,992.0,818.0,1184.0,855.0,1390.0,1194.0,999.0,898.0,820.0,1274.0,809.0,835.0,1099.0,1074.0,830.0,753.0,724.0,1349.0,887.0,782.0,1448.0,1069.0,773.0,687.0,889.0,1267.0,879.0,701.0,1344.0,1222.0,772.0,1415.0,957.0,1167.0,804.0,851.0,861.0,1150.0,980.0,1294.0,645.0,639.0,747.0,1293.0,799.0,845.0,1228.0,721.0,1158.0,931.0,000000000000000001b4,33.7838915996662,C0204P05
904.0,1293.0,1370.0,750.0,942.0,1076.0,1066.0,963.0,803.0,1205.0,1223.0,1034.0,868.0,1187.0,955.0,1425.0,1193.0,1023.0,944.0,864.0,1324.0,873.0,921.0,1126.0,1090.0,885.0,847.0,793.0,1415.0,925.0,838.0,1435.0,1097.0,880.0,741.0,938.0,1271.0,918.0,795.0,1342.0,1273.0,838.0,1370.0,992.0,1167.0,889.0,921.0,915.0,1185.0,1011.0,1301.0,699.0,730.0,803.0,1291.0,840.0,902.0,1235.0,816.0,1185.0,998.0,000000000000000001b5,78.0716970374046,C0204P07
915.0,1304.0,1374.0,754.0,947.0,1085.0,1071.0,968.0,806.0,1211.0,1225.0,1042.0,880.0,1211.0,965.0,1432.0,1202.0,1033.0,951.0,875.0,1333.0,872.0,926.0,1133.0,1102.0,909.0,854.0,796.0,1423.0,933.0,843.0,1433.0,1105.0,892.0,749.0,948.0,1271.0,928.0,808.0,1346.0,1284.0,843.0,1339.0,998.0,1170.0,895.0,921.0,908.0,1188.0,1021.0,1303.0,707.0,744.0,818.0,1294.0,849.0,906.0,1234.0,829.0,1188.0,1006.0,000000000000000001b6,46.588144311588,C0204P08
917.0,1269.0,1386.0,759.0,969.0,1112.0,1068.0,959.0,811.0,1215.0,1214.0,1046.0,858.0,1282.0,964.0,1405.0,1207.0,1040.0,943.0,878.0,1299.0,877.0,918.0,1145.0,1103.0,961.0,846.0,801.0,1391.0,923.0,845.0,1420.0,1116.0,890.0,750.0,944.0,1266.0,924.0,807.0,1357.0,1248.0,863.0,1345.0,957.0,1160.0,887.0,926.0,914.0,1179.0,1030.0,1286.0,708.0,744.0,815.0,1276.0,854.0,907.0,1257.0,828.0,1179.0,1004.0,000000000000000001b8,16.0849723610768,C0204R02
780.0,1144.0,1118.0,653.0,900.0,1024.0,993.0,906.0,796.0,1092.0,973.0,880.0,766.0,1317.0,784.0,1212.0,1072.0,979.0,800.0,837.0,1068.0,708.0,774.0,935.0,1154.0,935.0,751.0,738.0,1058.0,885.0,781.0,1095.0,960.0,718.0,625.0,869.0,1089.0,880.0,818.0,1084.0,1142.0,795.0,1290.0,812.0,1097.0,758.0,771.0,771.0,960.0,883.0,1067.0,659.0,668.0,773.0,1200.0,738.0,813.0,1156.0,756.0,1006.0,827.0,000000000000000001b9,74.4287674407659,C0204R04
862.0,1558.0,1486.0,697.0,962.0,1241.0,1283.0,1057.0,849.0,1498.0,1189.0,955.0,894.0,1693.0,835.0,1668.0,1445.0,1224.0,1066.0,972.0,1488.0,786.0,923.0,1119.0,1626.0,972.0,856.0,778.0,1431.0,1171.0,844.0,1524.0,1206.0,735.0,683.0,1043.0,1357.0,1083.0,926.0,1410.0,1491.0,818.0,1601.0,1001.0,1389.0,885.0,858.0,807.0,1209.0,1071.0,1547.0,751.0,741.0,1033.0,1698.0,845.0,877.0,1333.0,808.0,1275.0,974.0,000000000000000001bb,9.52809138070656,C0204R07
814.0,1325.0,1200.0,693.0,944.0,1051.0,1085.0,1056.0,858.0,1092.0,1018.0,942.0,816.0,1314.0,869.0,1412.0,1221.0,1080.0,839.0,912.0,1184.0,791.0,882.0,1028.0,1270.0,954.0,843.0,765.0,1172.0,992.0,892.0,1191.0,1057.0,746.0,647.0,990.0,1184.0,1016.0,962.0,1113.0,1184.0,807.0,1293.0,839.0,1192.0,834.0,855.0,828.0,1026.0,950.0,1170.0,690.0,720.0,873.0,1294.0,804.0,937.0,1106.0,822.0,1060.0,916.0,000000000000000001bc,32.0143878813846,C0204R08
946.0,1295.0,1429.0,782.0,996.0,1138.0,1101.0,989.0,835.0,1285.0,1243.0,1076.0,870.0,1349.0,989.0,1426.0,1251.0,1074.0,976.0,907.0,1325.0,899.0,948.0,1179.0,1148.0,1011.0,876.0,824.0,1415.0,957.0,864.0,1453.0,1151.0,917.0,770.0,976.0,1292.0,956.0,834.0,1400.0,1275.0,891.0,1377.0,952.0,1187.0,917.0,949.0,939.0,1207.0,1065.0,1321.0,728.0,772.0,847.0,1312.0,887.0,926.0,1295.0,855.0,1207.0,1035.0,000000000000000001bd,33.9277490853605,C0204R09
852.0,1321.0,1239.0,724.0,984.0,1092.0,1121.0,1081.0,901.0,1138.0,1051.0,968.0,862.0,1375.0,901.0,1408.0,1254.0,1123.0,895.0,943.0,1206.0,819.0,919.0,1076.0,1297.0,1009.0,875.0,796.0,1186.0,1021.0,925.0,1217.0,1100.0,773.0,687.0,1019.0,1202.0,1044.0,989.0,1161.0,1198.0,844.0,1339.0,891.0,1214.0,867.0,892.0,864.0,1063.0,998.0,1197.0,734.0,751.0,913.0,1303.0,836.0,972.0,1170.0,848.0,1088.0,946.0,000000000000000001be,243.173232406901,C0204R10
391.0,576.0,672.0,303.0,499.0,628.0,583.0,487.0,380.0,635.0,550.0,490.0,348.0,829.0,415.0,743.0,473.0,510.0,430.0,418.0,590.0,395.0,414.0,489.0,583.0,505.0,350.0,344.0,606.0,435.0,394.0,621.0,499.0,347.0,285.0,439.0,692.0,440.0,388.0,592.0,605.0,436.0,793.0,376.0,636.0,390.0,426.0,431.0,565.0,430.0,509.0,302.0,293.0,380.0,626.0,342.0,431.0,716.0,347.0,594.0,432.0,000000000000000001bf,33.0132789828643,C0204R12
797.0,1169.0,1147.0,667.0,925.0,1049.0,1014.0,929.0,813.0,1121.0,997.0,901.0,785.0,1348.0,804.0,1242.0,1097.0,1001.0,819.0,855.0,1094.0,724.0,794.0,958.0,1177.0,952.0,769.0,753.0,1085.0,902.0,797.0,1125.0,983.0,736.0,637.0,889.0,1115.0,899.0,835.0,1111.0,1161.0,813.0,1319.0,833.0,1121.0,777.0,788.0,790.0,983.0,905.0,1092.0,672.0,682.0,790.0,1229.0,754.0,830.0,1190.0,773.0,1028.0,846.0,000000000000000001c0,43.8512749519762,C0204R13
919.0,1265.0,1333.0,760.0,1085.0,1202.0,1150.0,1063.0,880.0,1320.0,1138.0,1042.0,888.0,1536.0,949.0,1387.0,1175.0,1127.0,974.0,971.0,1245.0,865.0,948.0,1088.0,1298.0,1079.0,883.0,831.0,1246.0,1008.0,887.0,1296.0,1089.0,858.0,728.0,996.0,1284.0,1000.0,937.0,1264.0,1306.0,941.0,1528.0,951.0,1252.0,928.0,914.0,917.0,1150.0,1030.0,1217.0,760.0,794.0,920.0,1344.0,862.0,927.0,1356.0,874.0,1196.0,969.0,000000000000000001c1,13.0966001366688,C0204R14
902.0,1508.0,1463.0,754.0,1056.0,1278.0,1310.0,1162.0,930.0,1421.0,1204.0,1022.0,922.0,1667.0,912.0,1616.0,1419.0,1296.0,1056.0,1020.0,1396.0,838.0,980.0,1199.0,1580.0,1074.0,932.0,837.0,1355.0,1190.0,917.0,1420.0,1235.0,801.0,704.0,1120.0,1413.0,1149.0,1015.0,1360.0,1445.0,871.0,1559.0,1036.0,1442.0,949.0,914.0,874.0,1249.0,1145.0,1408.0,765.0,789.0,1044.0,1573.0,881.0,967.0,1377.0,875.0,1298.0,1034.0,000000000000000001c2,28.1135753169071,C0204R16
871.0,1205.0,1291.0,717.0,1015.0,1138.0,1093.0,1001.0,808.0,1259.0,1116.0,992.0,829.0,1411.0,913.0,1347.0,1104.0,1054.0,944.0,900.0,1215.0,838.0,912.0,1047.0,1190.0,1001.0,834.0,769.0,1237.0,948.0,820.0,1268.0,1044.0,824.0,683.0,932.0,1244.0,932.0,861.0,1221.0,1231.0,874.0,1418.0,897.0,1186.0,884.0,877.0,879.0,1126.0,977.0,1166.0,701.0,747.0,860.0,1261.0,814.0,866.0,1270.0,817.0,1157.0,927.0,000000000000000001c3,39.073752570131,C0204R17
870.0,1239.0,1251.0,728.0,1049.0,1145.0,1102.0,1042.0,870.0,1259.0,1068.0,982.0,841.0,1484.0,897.0,1350.0,1130.0,1075.0,909.0,934.0,1193.0,812.0,902.0,1013.0,1269.0,1049.0,857.0,811.0,1179.0,976.0,863.0,1218.0,1025.0,809.0,690.0,957.0,1225.0,966.0,919.0,1186.0,1290.0,904.0,1472.0,887.0,1214.0,887.0,880.0,872.0,1082.0,959.0,1169.0,738.0,760.0,882.0,1309.0,818.0,903.0,1273.0,842.0,1132.0,916.0,000000000000000001c4,36.8250340094348,C0204R18
907.0,1278.0,1365.0,752.0,951.0,1093.0,1061.0,955.0,804.0,1195.0,1212.0,1034.0,869.0,1219.0,957.0,1411.0,1191.0,1027.0,939.0,869.0,1308.0,869.0,914.0,1130.0,1091.0,918.0,842.0,793.0,1398.0,920.0,842.0,1420.0,1102.0,884.0,748.0,938.0,1261.0,918.0,801.0,1337.0,1258.0,844.0,1324.0,986.0,1159.0,883.0,917.0,904.0,1177.0,1018.0,1288.0,706.0,739.0,810.0,1279.0,843.0,905.0,1226.0,822.0,1177.0,996.0,000000000000000001c5,67.9513042878384,C0204R24
775.0,1299.0,1161.0,655.0,902.0,996.0,1038.0,997.0,797.0,1070.0,997.0,900.0,775.0,1260.0,826.0,1369.0,1185.0,1033.0,789.0,871.0,1151.0,741.0,831.0,983.0,1238.0,907.0,803.0,722.0,1144.0,948.0,835.0,1165.0,1015.0,713.0,604.0,938.0,1148.0,954.0,907.0,1083.0,1158.0,765.0,1253.0,802.0,1151.0,794.0,793.0,785.0,990.0,908.0,1142.0,647.0,682.0,820.0,1287.0,769.0,874.0,1059.0,783.0,1033.0,863.0,000000000000000001c6,54.6844114967842,C0204R31
949.0,1248.0,1372.0,800.0,1092.0,1229.0,1174.0,1054.0,881.0,1328.0,1195.0,1077.0,919.0,1495.0,987.0,1380.0,1162.0,1136.0,1008.0,966.0,1258.0,906.0,966.0,1143.0,1233.0,1086.0,895.0,851.0,1289.0,1025.0,883.0,1332.0,1104.0,905.0,754.0,1016.0,1340.0,997.0,921.0,1310.0,1335.0,952.0,1522.0,990.0,1264.0,955.0,955.0,964.0,1205.0,1067.0,1228.0,762.0,811.0,925.0,1300.0,891.0,924.0,1383.0,883.0,1247.0,1019.0,000000000000000001c7,21.2558100922716,C0204X99
835.0,1513.0,1460.0,686.0,1002.0,1301.0,1353.0,1099.0,851.0,1459.0,1209.0,946.0,865.0,1691.0,839.0,1620.0,1394.0,1237.0,1060.0,949.0,1397.0,771.0,922.0,1110.0,1625.0,968.0,875.0,775.0,1343.0,1215.0,824.0,1431.0,1171.0,735.0,630.0,1071.0,1450.0,1095.0,938.0,1365.0,1481.0,790.0,1537.0,1008.0,1477.0,898.0,842.0,804.0,1236.0,1062.0,1441.0,701.0,724.0,1013.0,1642.0,803.0,851.0,1343.0,809.0,1327.0,975.0,000000000000000001c8,82.1897860139588,C0205C01
940.0,1530.0,1395.0,783.0,1081.0,1173.0,1224.0,1157.0,940.0,1299.0,1186.0,1071.0,918.0,1522.0,979.0,1587.0,1414.0,1225.0,923.0,1035.0,1356.0,866.0,974.0,1165.0,1495.0,1097.0,955.0,864.0,1354.0,1110.0,978.0,1397.0,1207.0,862.0,717.0,1099.0,1343.0,1102.0,1061.0,1317.0,1394.0,922.0,1516.0,955.0,1345.0,939.0,920.0,934.0,1161.0,1083.0,1374.0,771.0,815.0,953.0,1571.0,918.0,1007.0,1283.0,936.0,1222.0,1014.0,000000000000000001c9,18.723195687458,C0205C02
957.0,1412.0,1366.0,798.0,1120.0,1236.0,1201.0,1128.0,971.0,1359.0,1183.0,1075.0,938.0,1611.0,966.0,1484.0,1329.0,1192.0,973.0,1030.0,1321.0,859.0,967.0,1136.0,1426.0,1147.0,944.0,904.0,1305.0,1086.0,962.0,1356.0,1169.0,885.0,770.0,1067.0,1318.0,1079.0,1016.0,1335.0,1416.0,981.0,1588.0,992.0,1330.0,947.0,944.0,935.0,1172.0,1071.0,1336.0,816.0,831.0,953.0,1485.0,906.0,1004.0,1386.0,939.0,1225.0,1013.0,000000000000000001ca,68.7225443316228,C0205C05
948.0,1376.0,1365.0,788.0,1124.0,1234.0,1186.0,1118.0,948.0,1361.0,1181.0,1072.0,933.0,1593.0,965.0,1467.0,1293.0,1174.0,977.0,1012.0,1308.0,861.0,967.0,1129.0,1389.0,1118.0,931.0,882.0,1300.0,1054.0,931.0,1355.0,1152.0,882.0,750.0,1048.0,1309.0,1058.0,989.0,1322.0,1368.0,965.0,1574.0,991.0,1313.0,947.0,929.0,938.0,1170.0,1065.0,1305.0,788.0,817.0,940.0,1457.0,891.0,973.0,1408.0,919.0,1217.0,1004.0,000000000000000001cb,50.0960124668218,C0205C06
929.0,1366.0,1321.0,780.0,1099.0,1198.0,1163.0,1106.0,948.0,1319.0,1146.0,1044.0,908.0,1557.0,946.0,1442.0,1273.0,1150.0,946.0,999.0,1284.0,843.0,949.0,1093.0,1373.0,1114.0,923.0,881.0,1269.0,1052.0,936.0,1309.0,1122.0,864.0,748.0,1033.0,1282.0,1045.0,992.0,1285.0,1380.0,957.0,1538.0,959.0,1291.0,931.0,925.0,916.0,1141.0,1032.0,1287.0,794.0,813.0,929.0,1430.0,879.0,978.0,1338.0,915.0,1192.0,982.0,000000000000000001cc,30.5374488136312,C0205C07
976.0,1371.0,1404.0,812.0,1141.0,1271.0,1221.0,1135.0,972.0,1367.0,1199.0,1105.0,956.0,1632.0,989.0,1476.0,1309.0,1217.0,1001.0,1040.0,1307.0,894.0,982.0,1171.0,1407.0,1151.0,940.0,906.0,1301.0,1077.0,958.0,1368.0,1191.0,905.0,773.0,1076.0,1343.0,1084.0,1008.0,1349.0,1368.0,988.0,1592.0,1010.0,1333.0,961.0,960.0,968.0,1188.0,1109.0,1309.0,810.0,833.0,964.0,1467.0,922.0,999.0,1463.0,938.0,1237.0,1031.0,000000000000000001cd,28.3823978174393,C0205R01
951.0,1476.0,1417.0,802.0,1104.0,1230.0,1261.0,1213.0,1011.0,1312.0,1177.0,1091.0,971.0,1590.0,999.0,1581.0,1429.0,1288.0,1009.0,1064.0,1358.0,905.0,1027.0,1226.0,1482.0,1149.0,977.0,884.0,1328.0,1144.0,1026.0,1390.0,1259.0,852.0,761.0,1146.0,1351.0,1176.0,1100.0,1328.0,1341.0,947.0,1536.0,1002.0,1370.0,969.0,996.0,963.0,1203.0,1143.0,1362.0,820.0,838.0,1034.0,1482.0,940.0,1093.0,1353.0,942.0,1222.0,1059.0,000000000000000001ce,79.8832909249558,C0205R02
925.0,1442.0,1399.0,776.0,1069.0,1208.0,1243.0,1180.0,982.0,1297.0,1149.0,1061.0,943.0,1575.0,959.0,1555.0,1396.0,1274.0,999.0,1035.0,1337.0,881.0,1000.0,1205.0,1468.0,1122.0,946.0,861.0,1302.0,1124.0,989.0,1358.0,1240.0,823.0,737.0,1119.0,1333.0,1153.0,1062.0,1304.0,1326.0,920.0,1505.0,990.0,1351.0,948.0,964.0,926.0,1187.0,1131.0,1331.0,800.0,813.0,1020.0,1453.0,915.0,1053.0,1343.0,909.0,1207.0,1034.0,000000000000000001cf,72.8822794836772,C0205R03
942.0,1467.0,1434.0,786.0,1080.0,1232.0,1270.0,1195.0,993.0,1333.0,1173.0,1078.0,956.0,1618.0,967.0,1585.0,1421.0,1309.0,1024.0,1053.0,1365.0,894.0,1014.0,1235.0,1509.0,1142.0,956.0,873.0,1328.0,1147.0,997.0,1385.0,1269.0,833.0,748.0,1135.0,1365.0,1173.0,1073.0,1335.0,1358.0,932.0,1539.0,1012.0,1386.0,966.0,975.0,933.0,1217.0,1162.0,1359.0,812.0,823.0,1042.0,1487.0,931.0,1061.0,1382.0,920.0,1238.0,1049.0,000000000000000001d0,31.690832024003,C0205R09
975.0,1326.0,1458.0,805.0,1030.0,1172.0,1140.0,1027.0,862.0,1333.0,1271.0,1107.0,899.0,1390.0,1013.0,1457.0,1274.0,1115.0,1009.0,942.0,1354.0,922.0,979.0,1208.0,1193.0,1045.0,906.0,849.0,1435.0,994.0,886.0,1477.0,1177.0,938.0,786.0,1010.0,1332.0,990.0,868.0,1425.0,1321.0,913.0,1420.0,985.0,1230.0,951.0,974.0,964.0,1240.0,1097.0,1347.0,751.0,798.0,884.0,1349.0,914.0,946.0,1330.0,881.0,1245.0,1062.0,000000000000000001d1,83.6110350535346,C0206C01
964.0,1301.0,1420.0,811.0,1070.0,1205.0,1162.0,1056.0,880.0,1341.0,1249.0,1091.0,909.0,1442.0,1011.0,1430.0,1227.0,1132.0,1018.0,956.0,1320.0,922.0,988.0,1178.0,1223.0,1064.0,916.0,859.0,1375.0,1020.0,887.0,1417.0,1144.0,933.0,773.0,1018.0,1351.0,998.0,905.0,1373.0,1343.0,934.0,1488.0,1009.0,1264.0,968.0,973.0,970.0,1238.0,1086.0,1303.0,759.0,816.0,911.0,1339.0,902.0,937.0,1352.0,893.0,1262.0,1044.0,000000000000000001d2,135.464371169396,C0206C02
950.0,1338.0,1423.0,790.0,993.0,1132.0,1107.0,1008.0,843.0,1276.0,1261.0,1078.0,892.0,1299.0,1006.0,1465.0,1251.0,1078.0,989.0,911.0,1367.0,906.0,967.0,1176.0,1151.0,980.0,894.0,832.0,1455.0,970.0,873.0,1471.0,1148.0,932.0,778.0,981.0,1307.0,962.0,848.0,1396.0,1318.0,882.0,1359.0,1010.0,1206.0,936.0,959.0,940.0,1224.0,1064.0,1343.0,736.0,785.0,855.0,1333.0,883.0,936.0,1270.0,869.0,1224.0,1040.0,000000000000000001d3,121.216296436451,C0206C03
943.0,1263.0,1372.0,796.0,1102.0,1230.0,1172.0,1060.0,876.0,1345.0,1202.0,1065.0,918.0,1498.0,991.0,1396.0,1165.0,1134.0,1012.0,962.0,1277.0,898.0,972.0,1138.0,1241.0,1080.0,902.0,846.0,1304.0,1029.0,881.0,1340.0,1099.0,910.0,752.0,1014.0,1347.0,995.0,926.0,1308.0,1355.0,953.0,1535.0,995.0,1273.0,961.0,949.0,959.0,1213.0,1064.0,1241.0,760.0,816.0,927.0,1312.0,885.0,922.0,1377.0,888.0,1256.0,1013.0,000000000000000001d4,137.320466749948,C0206C04
1001.0,1467.0,1446.0,826.0,1122.0,1257.0,1267.0,1161.0,995.0,1362.0,1214.0,1128.0,967.0,1655.0,1002.0,1535.0,1421.0,1289.0,993.0,1084.0,1334.0,900.0,989.0,1226.0,1525.0,1196.0,961.0,925.0,1325.0,1142.0,1011.0,1397.0,1262.0,904.0,790.0,1127.0,1372.0,1140.0,1066.0,1388.0,1419.0,995.0,1610.0,1010.0,1380.0,962.0,974.0,965.0,1197.0,1146.0,1376.0,837.0,853.0,996.0,1556.0,958.0,1048.0,1433.0,965.0,1262.0,1058.0,000000000000000001d5,133.402873814121,C0206C05
1011.0,1257.0,1455.0,819.0,1011.0,1175.0,1111.0,975.0,871.0,1236.0,1231.0,1141.0,906.0,1468.0,992.0,1381.0,1280.0,1152.0,979.0,972.0,1275.0,942.0,934.0,1258.0,1179.0,1131.0,859.0,861.0,1361.0,970.0,918.0,1430.0,1229.0,923.0,825.0,975.0,1297.0,966.0,844.0,1427.0,1228.0,987.0,1509.0,977.0,1195.0,898.0,983.0,976.0,1203.0,1142.0,1300.0,784.0,783.0,849.0,1301.0,951.0,979.0,1413.0,863.0,1204.0,1032.0,000000000000000001d6,130.549029858276,C0206F01
770.0,1150.0,1271.0,605.0,758.0,944.0,956.0,811.0,658.0,1082.0,1108.0,903.0,737.0,1067.0,779.0,1309.0,1077.0,887.0,818.0,730.0,1183.0,731.0,758.0,997.0,961.0,740.0,684.0,647.0,1284.0,799.0,704.0,1348.0,967.0,707.0,610.0,810.0,1178.0,800.0,625.0,1244.0,1126.0,699.0,1303.0,871.0,1068.0,727.0,773.0,774.0,1077.0,876.0,1192.0,568.0,563.0,663.0,1182.0,710.0,767.0,1119.0,646.0,1077.0,872.0,000000000000000001d7,151.936248704441,C0206F02
1019.0,1272.0,1471.0,826.0,1022.0,1186.0,1124.0,987.0,879.0,1249.0,1246.0,1152.0,909.0,1476.0,1004.0,1401.0,1290.0,1163.0,988.0,978.0,1291.0,952.0,942.0,1273.0,1186.0,1131.0,868.0,868.0,1381.0,979.0,928.0,1449.0,1243.0,932.0,833.0,983.0,1313.0,973.0,851.0,1442.0,1242.0,996.0,1526.0,983.0,1208.0,907.0,994.0,989.0,1217.0,1153.0,1315.0,791.0,789.0,851.0,1316.0,957.0,991.0,1443.0,871.0,1217.0,1041.0,000000000000000001d9,163.133426567262,C0206F06
836.0,1207.0,1357.0,668.0,819.0,998.0,1023.0,873.0,726.0,1144.0,1155.0,971.0,791.0,1144.0,843.0,1355.0,1154.0,967.0,868.0,794.0,1227.0,798.0,819.0,1078.0,1033.0,804.0,739.0,711.0,1324.0,857.0,766.0,1409.0,1047.0,765.0,669.0,866.0,1237.0,855.0,684.0,1321.0,1172.0,755.0,1367.0,924.0,1124.0,786.0,841.0,845.0,1118.0,952.0,1250.0,626.0,621.0,716.0,1250.0,773.0,831.0,1208.0,705.0,1126.0,922.0,000000000000000001da,116.679591464082,C0206P01
864.0,1244.0,1386.0,691.0,837.0,1023.0,1053.0,889.0,755.0,1196.0,1171.0,995.0,819.0,1186.0,860.0,1380.0,1196.0,1008.0,894.0,824.0,1259.0,818.0,837.0,1108.0,1077.0,834.0,755.0,733.0,1338.0,885.0,789.0,1441.0,1078.0,778.0,695.0,889.0,1260.0,879.0,707.0,1346.0,1213.0,779.0,1410.0,954.0,1161.0,806.0,861.0,871.0,1142.0,988.0,1288.0,653.0,645.0,748.0,1288.0,804.0,847.0,1243.0,727.0,1151.0,930.0,000000000000000001db,144.979212212054,C0206P04
911.0,1301.0,1455.0,723.0,880.0,1074.0,1106.0,933.0,789.0,1254.0,1225.0,1047.0,861.0,1250.0,903.0,1440.0,1260.0,1061.0,940.0,869.0,1317.0,854.0,880.0,1165.0,1137.0,879.0,794.0,767.0,1397.0,932.0,830.0,1507.0,1134.0,818.0,731.0,934.0,1317.0,924.0,744.0,1414.0,1269.0,819.0,1475.0,1003.0,1216.0,848.0,898.0,909.0,1194.0,1041.0,1350.0,688.0,679.0,788.0,1350.0,848.0,890.0,1306.0,765.0,1204.0,976.0,000000000000000001dc,162.203264784226,C0206P05
983.0,1301.0,1408.0,818.0,1130.0,1258.0,1209.0,1109.0,936.0,1369.0,1191.0,1109.0,949.0,1603.0,998.0,1433.0,1246.0,1204.0,1023.0,1031.0,1283.0,920.0,991.0,1169.0,1358.0,1144.0,926.0,886.0,1286.0,1063.0,942.0,1352.0,1165.0,910.0,779.0,1059.0,1343.0,1062.0,986.0,1336.0,1341.0,990.0,1579.0,1003.0,1305.0,971.0,970.0,973.0,1204.0,1106.0,1272.0,806.0,840.0,976.0,1400.0,927.0,982.0,1440.0,923.0,1246.0,1031.0,000000000000000001dd,1192.80182603231,C0206P06
1032.0,1339.0,1413.0,849.0,1099.0,1243.0,1208.0,1101.0,995.0,1291.0,1210.0,1156.0,942.0,1578.0,1010.0,1417.0,1326.0,1229.0,993.0,1071.0,1274.0,928.0,967.0,1212.0,1378.0,1208.0,932.0,946.0,1295.0,1081.0,997.0,1375.0,1217.0,928.0,820.0,1094.0,1338.0,1091.0,1001.0,1389.0,1375.0,1025.0,1564.0,1017.0,1311.0,949.0,1005.0,998.0,1195.0,1128.0,1327.0,840.0,845.0,969.0,1428.0,973.0,1038.0,1431.0,951.0,1242.0,1059.0,000000000000000001de,94.6271748165509,C0206R01
956.0,1262.0,1380.0,799.0,1112.0,1235.0,1182.0,1078.0,891.0,1353.0,1186.0,1078.0,921.0,1548.0,989.0,1402.0,1179.0,1159.0,1019.0,993.0,1273.0,911.0,983.0,1136.0,1293.0,1104.0,907.0,854.0,1283.0,1037.0,903.0,1330.0,1115.0,902.0,760.0,1022.0,1339.0,1017.0,950.0,1303.0,1336.0,967.0,1552.0,988.0,1279.0,966.0,955.0,958.0,1205.0,1074.0,1235.0,781.0,827.0,951.0,1336.0,899.0,943.0,1391.0,896.0,1248.0,1007.0,000000000000000001df,69.7165667049727,C0206R03
772.0,1019.0,1131.0,644.0,850.0,980.0,928.0,821.0,706.0,1051.0,984.0,885.0,722.0,1195.0,794.0,1140.0,956.0,911.0,797.0,773.0,1035.0,741.0,758.0,943.0,970.0,873.0,700.0,685.0,1077.0,803.0,718.0,1106.0,911.0,726.0,617.0,809.0,1087.0,792.0,716.0,1088.0,1067.0,771.0,1214.0,782.0,1014.0,745.0,777.0,780.0,984.0,869.0,1004.0,610.0,636.0,718.0,1050.0,723.0,757.0,1125.0,698.0,1007.0,824.0,000000000000000001e0,209.960192636416,C0206R04
874.0,1223.0,1337.0,720.0,942.0,1084.0,1025.0,915.0,773.0,1136.0,1172.0,1005.0,829.0,1188.0,925.0,1372.0,1150.0,993.0,894.0,833.0,1255.0,845.0,873.0,1102.0,1042.0,893.0,799.0,763.0,1353.0,874.0,814.0,1381.0,1072.0,849.0,717.0,901.0,1230.0,880.0,763.0,1308.0,1201.0,822.0,1322.0,944.0,1119.0,841.0,890.0,885.0,1139.0,983.0,1238.0,674.0,699.0,766.0,1228.0,810.0,879.0,1204.0,785.0,1139.0,962.0,000000000000000001e1,212.744667481045,C0206R05
749.0,1412.0,1346.0,620.0,907.0,1182.0,1229.0,989.0,766.0,1357.0,1113.0,839.0,795.0,1540.0,760.0,1504.0,1294.0,1104.0,984.0,847.0,1323.0,702.0,842.0,1001.0,1483.0,861.0,794.0,703.0,1276.0,1112.0,741.0,1347.0,1060.0,665.0,576.0,966.0,1310.0,994.0,847.0,1267.0,1376.0,709.0,1431.0,935.0,1330.0,814.0,765.0,729.0,1134.0,956.0,1360.0,637.0,658.0,927.0,1518.0,726.0,764.0,1198.0,729.0,1211.0,892.0,000000000000000001e2,39.8665553406896,C0206R06
565.0,1148.0,970.0,451.0,692.0,753.0,763.0,717.0,602.0,1166.0,722.0,668.0,520.0,1106.0,580.0,1167.0,996.0,773.0,579.0,660.0,1035.0,518.0,613.0,712.0,1060.0,657.0,573.0,553.0,1032.0,749.0,636.0,1142.0,766.0,489.0,444.0,661.0,860.0,671.0,656.0,957.0,1157.0,574.0,1107.0,567.0,839.0,573.0,625.0,573.0,715.0,623.0,1237.0,483.0,461.0,606.0,1250.0,558.0,646.0,854.0,551.0,798.0,626.0,000000000000000001e3,91.3743353478113,C0206W01
966.0,1445.0,1382.0,810.0,1126.0,1238.0,1221.0,1151.0,985.0,1353.0,1190.0,1085.0,946.0,1615.0,981.0,1512.0,1358.0,1219.0,976.0,1046.0,1337.0,874.0,983.0,1156.0,1460.0,1163.0,962.0,917.0,1319.0,1112.0,974.0,1365.0,1194.0,896.0,772.0,1086.0,1335.0,1095.0,1043.0,1347.0,1439.0,978.0,1590.0,994.0,1342.0,961.0,960.0,945.0,1178.0,1088.0,1354.0,821.0,846.0,967.0,1508.0,922.0,1012.0,1374.0,957.0,1237.0,1024.0,000000000000000001e4,55.3620617034654,C0206W02
971.0,1495.0,1402.0,809.0,1117.0,1221.0,1244.0,1167.0,972.0,1337.0,1207.0,1099.0,949.0,1576.0,998.0,1556.0,1404.0,1242.0,962.0,1061.0,1352.0,885.0,992.0,1180.0,1493.0,1148.0,968.0,902.0,1339.0,1132.0,994.0,1391.0,1220.0,893.0,762.0,1106.0,1360.0,1115.0,1067.0,1346.0,1414.0,967.0,1556.0,990.0,1360.0,962.0,953.0,959.0,1182.0,1102.0,1372.0,811.0,844.0,973.0,1551.0,939.0,1027.0,1346.0,962.0,1248.0,1030.0,000000000000000001e5,25.162619110787,C0206W04
903.0,1465.0,1307.0,778.0,1058.0,1154.0,1125.0,1111.0,967.0,1324.0,1113.0,981.0,898.0,1501.0,937.0,1535.0,1308.0,1126.0,942.0,970.0,1352.0,853.0,966.0,1076.0,1369.0,1049.0,936.0,863.0,1324.0,1051.0,946.0,1355.0,1101.0,840.0,732.0,1029.0,1267.0,1064.0,1024.0,1244.0,1377.0,888.0,1525.0,932.0,1293.0,928.0,949.0,911.0,1141.0,1009.0,1361.0,778.0,814.0,947.0,1452.0,856.0,976.0,1238.0,908.0,1168.0,972.0,000000000000000001e6,139.405303101199,C0206W09
680.0,1168.0,1074.0,565.0,820.0,950.0,986.0,908.0,730.0,1001.0,883.0,786.0,699.0,1249.0,709.0,1263.0,1067.0,966.0,745.0,773.0,1046.0,639.0,746.0,898.0,1165.0,833.0,709.0,640.0,1011.0,877.0,733.0,1038.0,927.0,601.0,530.0,870.0,1071.0,905.0,800.0,989.0,1067.0,680.0,1172.0,729.0,1095.0,708.0,717.0,680.0,916.0,831.0,1027.0,581.0,583.0,782.0,1157.0,658.0,774.0,1032.0,675.0,951.0,794.0,000000000000000001e7,25.6287878460036,C0207R01
907.0,1289.0,1358.0,754.0,940.0,1078.0,1064.0,957.0,805.0,1204.0,1214.0,1030.0,873.0,1203.0,953.0,1414.0,1192.0,1024.0,946.0,869.0,1318.0,870.0,917.0,1124.0,1095.0,903.0,847.0,794.0,1404.0,927.0,840.0,1419.0,1096.0,882.0,749.0,939.0,1259.0,920.0,801.0,1332.0,1270.0,841.0,1332.0,991.0,1161.0,887.0,916.0,904.0,1178.0,1015.0,1294.0,708.0,740.0,813.0,1285.0,844.0,902.0,1221.0,821.0,1178.0,995.0,000000000000000001e8,35.2399263013321,C0207R98
963.0,1257.0,1382.0,806.0,1108.0,1238.0,1186.0,1074.0,896.0,1340.0,1191.0,1089.0,924.0,1529.0,994.0,1388.0,1186.0,1157.0,1015.0,990.0,1259.0,910.0,978.0,1149.0,1275.0,1111.0,908.0,861.0,1281.0,1040.0,906.0,1336.0,1120.0,910.0,766.0,1026.0,1339.0,1014.0,946.0,1317.0,1336.0,970.0,1545.0,994.0,1275.0,964.0,958.0,964.0,1204.0,1078.0,1243.0,781.0,825.0,942.0,1330.0,907.0,946.0,1395.0,899.0,1247.0,1018.0,000000000000000001ea,97.9206094013276,C0208C01
941.0,1389.0,1352.0,784.0,1114.0,1222.0,1178.0,1110.0,953.0,1353.0,1171.0,1062.0,924.0,1588.0,954.0,1467.0,1305.0,1164.0,961.0,1008.0,1306.0,847.0,954.0,1117.0,1393.0,1114.0,926.0,884.0,1296.0,1053.0,939.0,1348.0,1145.0,871.0,752.0,1044.0,1298.0,1059.0,992.0,1317.0,1375.0,967.0,1566.0,983.0,1312.0,935.0,924.0,930.0,1159.0,1053.0,1312.0,792.0,811.0,932.0,1465.0,885.0,984.0,1390.0,918.0,1206.0,996.0,000000000000000001eb,70.1489545866418,C0208C02
943.0,1324.0,1430.0,795.0,1047.0,1183.0,1139.0,1035.0,857.0,1332.0,1267.0,1070.0,897.0,1396.0,1009.0,1452.0,1239.0,1102.0,1014.0,922.0,1351.0,909.0,983.0,1173.0,1197.0,1022.0,911.0,840.0,1427.0,1005.0,868.0,1447.0,1141.0,932.0,764.0,1002.0,1344.0,983.0,877.0,1391.0,1341.0,909.0,1444.0,999.0,1243.0,958.0,958.0,953.0,1244.0,1068.0,1324.0,736.0,800.0,889.0,1339.0,878.0,921.0,1304.0,881.0,1260.0,1047.0,000000000000000001ec,68.2987314590015,C0208C03
944.0,1258.0,1375.0,801.0,1104.0,1238.0,1179.0,1061.0,884.0,1343.0,1196.0,1067.0,919.0,1513.0,988.0,1392.0,1167.0,1134.0,1017.0,968.0,1271.0,905.0,971.0,1133.0,1252.0,1086.0,900.0,853.0,1295.0,1035.0,884.0,1330.0,1094.0,907.0,753.0,1013.0,1346.0,995.0,929.0,1308.0,1353.0,958.0,1538.0,998.0,1274.0,960.0,956.0,966.0,1209.0,1061.0,1233.0,763.0,816.0,929.0,1309.0,888.0,924.0,1378.0,887.0,1255.0,1009.0,000000000000000001ed,50.0989978439446,C0208C04
616.0,972.0,1065.0,478.0,610.0,782.0,792.0,653.0,524.0,889.0,943.0,736.0,588.0,873.0,632.0,1124.0,883.0,709.0,665.0,580.0,1006.0,587.0,610.0,811.0,773.0,589.0,544.0,515.0,1108.0,645.0,565.0,1150.0,783.0,568.0,480.0,656.0,1003.0,640.0,494.0,1043.0,949.0,560.0,1106.0,714.0,893.0,582.0,627.0,627.0,910.0,699.0,998.0,443.0,438.0,521.0,987.0,561.0,621.0,923.0,512.0,910.0,713.0,000000000000000001ee,210.351471170793,C0208F01
836.0,1215.0,1344.0,664.0,809.0,994.0,1024.0,858.0,724.0,1168.0,1142.0,962.0,795.0,1156.0,826.0,1343.0,1164.0,975.0,870.0,798.0,1228.0,784.0,809.0,1072.0,1053.0,808.0,731.0,704.0,1303.0,864.0,759.0,1401.0,1043.0,749.0,669.0,862.0,1227.0,852.0,681.0,1306.0,1185.0,749.0,1372.0,928.0,1134.0,780.0,825.0,835.0,1114.0,958.0,1256.0,630.0,621.0,728.0,1256.0,779.0,814.0,1201.0,700.0,1123.0,900.0,000000000000000001ef,180.112058094669,C0208F02
754.0,1130.0,1242.0,591.0,739.0,923.0,939.0,789.0,644.0,1071.0,1082.0,881.0,721.0,1050.0,757.0,1278.0,1060.0,871.0,802.0,715.0,1159.0,712.0,739.0,975.0,947.0,725.0,666.0,631.0,1251.0,785.0,686.0,1323.0,946.0,686.0,596.0,792.0,1150.0,782.0,610.0,1217.0,1105.0,680.0,1283.0,854.0,1050.0,709.0,752.0,755.0,1053.0,859.0,1173.0,556.0,551.0,651.0,1166.0,695.0,746.0,1093.0,630.0,1055.0,846.0,000000000000000001f0,122.90572648762,C0208F04
879.0,1256.0,1409.0,702.0,850.0,1037.0,1069.0,901.0,765.0,1212.0,1186.0,1010.0,833.0,1213.0,870.0,1389.0,1221.0,1026.0,907.0,839.0,1268.0,829.0,850.0,1128.0,1104.0,849.0,768.0,744.0,1348.0,902.0,801.0,1457.0,1098.0,789.0,707.0,903.0,1275.0,893.0,717.0,1370.0,1225.0,791.0,1427.0,968.0,1179.0,819.0,871.0,881.0,1157.0,1008.0,1306.0,665.0,654.0,762.0,1306.0,819.0,858.0,1266.0,738.0,1167.0,943.0,000000000000000001f1,227.939800893908,C0208F05
893.0,1158.0,1288.0,750.0,1020.0,1155.0,1100.0,982.0,832.0,1227.0,1111.0,1023.0,856.0,1416.0,920.0,1288.0,1079.0,1069.0,933.0,913.0,1165.0,857.0,893.0,1076.0,1152.0,1027.0,826.0,801.0,1192.0,954.0,833.0,1237.0,1034.0,841.0,705.0,952.0,1258.0,934.0,863.0,1227.0,1242.0,899.0,1428.0,916.0,1186.0,883.0,899.0,908.0,1127.0,1003.0,1132.0,716.0,754.0,858.0,1213.0,837.0,872.0,1312.0,824.0,1165.0,950.0,000000000000000001f2,213.867325792562,C0208F10
808.0,1183.0,1162.0,679.0,932.0,1059.0,1029.0,940.0,828.0,1132.0,1005.0,912.0,795.0,1369.0,813.0,1253.0,1115.0,1017.0,828.0,868.0,1103.0,736.0,803.0,971.0,1201.0,972.0,779.0,768.0,1093.0,919.0,812.0,1135.0,997.0,745.0,650.0,903.0,1126.0,915.0,849.0,1127.0,1184.0,827.0,1340.0,840.0,1135.0,786.0,803.0,801.0,992.0,916.0,1108.0,685.0,694.0,804.0,1245.0,766.0,846.0,1197.0,785.0,1040.0,859.0,000000000000000001f3,114.814805002594,C0208F11
935.0,1383.0,1345.0,782.0,1114.0,1221.0,1176.0,1109.0,950.0,1347.0,1168.0,1057.0,923.0,1578.0,953.0,1461.0,1297.0,1156.0,960.0,1001.0,1301.0,845.0,953.0,1110.0,1383.0,1105.0,925.0,881.0,1292.0,1049.0,930.0,1342.0,1137.0,870.0,745.0,1042.0,1293.0,1057.0,989.0,1309.0,1365.0,959.0,1557.0,983.0,1308.0,934.0,921.0,929.0,1155.0,1046.0,1303.0,784.0,808.0,929.0,1457.0,879.0,975.0,1386.0,915.0,1202.0,995.0,000000000000000001f4,89.0887589382357,C0208P02
940.0,1337.0,1436.0,780.0,994.0,1141.0,1106.0,1008.0,834.0,1288.0,1272.0,1070.0,877.0,1309.0,1005.0,1466.0,1252.0,1075.0,993.0,899.0,1370.0,899.0,969.0,1174.0,1154.0,975.0,894.0,824.0,1466.0,974.0,864.0,1477.0,1145.0,930.0,767.0,979.0,1320.0,959.0,843.0,1408.0,1320.0,881.0,1384.0,1005.0,1209.0,937.0,950.0,936.0,1234.0,1056.0,1343.0,724.0,778.0,852.0,1334.0,869.0,926.0,1264.0,865.0,1237.0,1042.0,000000000000000001f5,88.7324017150243,C0208P06
867.0,1207.0,1327.0,715.0,933.0,1076.0,1014.0,905.0,768.0,1124.0,1161.0,998.0,818.0,1189.0,917.0,1356.0,1141.0,984.0,883.0,827.0,1240.0,838.0,863.0,1093.0,1032.0,893.0,790.0,757.0,1337.0,863.0,808.0,1366.0,1063.0,842.0,712.0,891.0,1219.0,871.0,757.0,1298.0,1185.0,817.0,1304.0,931.0,1108.0,832.0,884.0,877.0,1128.0,974.0,1224.0,669.0,693.0,758.0,1214.0,803.0,873.0,1195.0,778.0,1128.0,952.0,000000000000000001f7,72.7133881824844,C0208R01
894.0,1285.0,1349.0,743.0,936.0,1065.0,1057.0,953.0,794.0,1199.0,1207.0,1017.0,865.0,1179.0,942.0,1411.0,1182.0,1012.0,939.0,856.0,1314.0,862.0,913.0,1111.0,1085.0,878.0,842.0,784.0,1400.0,920.0,829.0,1417.0,1084.0,871.0,738.0,932.0,1253.0,913.0,790.0,1323.0,1265.0,830.0,1357.0,984.0,1154.0,882.0,905.0,900.0,1172.0,1003.0,1290.0,697.0,729.0,802.0,1281.0,835.0,890.0,1214.0,810.0,1172.0,988.0,000000000000000001f8,19.7828039005105,C0208R02
968.0,1305.0,1364.0,809.0,1072.0,1212.0,1172.0,1069.0,953.0,1266.0,1169.0,1092.0,908.0,1542.0,968.0,1382.0,1285.0,1174.0,963.0,1017.0,1239.0,883.0,936.0,1144.0,1350.0,1145.0,902.0,903.0,1255.0,1054.0,949.0,1335.0,1160.0,889.0,777.0,1051.0,1294.0,1052.0,969.0,1336.0,1330.0,974.0,1525.0,983.0,1274.0,917.0,957.0,950.0,1155.0,1074.0,1292.0,806.0,814.0,934.0,1399.0,919.0,990.0,1368.0,917.0,1201.0,1014.0,000000000000000001f9,159.282475277427,C0208R03
956.0,1291.0,1349.0,801.0,1060.0,1195.0,1157.0,1057.0,942.0,1248.0,1159.0,1079.0,895.0,1522.0,958.0,1366.0,1270.0,1157.0,950.0,1003.0,1226.0,874.0,927.0,1129.0,1333.0,1132.0,892.0,893.0,1243.0,1041.0,938.0,1322.0,1144.0,879.0,767.0,1039.0,1283.0,1039.0,955.0,1323.0,1320.0,962.0,1509.0,970.0,1261.0,908.0,948.0,940.0,1146.0,1059.0,1279.0,795.0,804.0,923.0,1382.0,908.0,977.0,1346.0,905.0,1190.0,1003.0,000000000000000001fa,151.390837203955,C0208R06
893.0,1235.0,1359.0,735.0,956.0,1100.0,1041.0,932.0,789.0,1162.0,1187.0,1025.0,839.0,1237.0,941.0,1382.0,1172.0,1012.0,910.0,852.0,1267.0,859.0,890.0,1121.0,1064.0,929.0,816.0,778.0,1365.0,890.0,827.0,1395.0,1091.0,866.0,731.0,917.0,1243.0,897.0,781.0,1329.0,1214.0,843.0,1334.0,946.0,1133.0,858.0,906.0,897.0,1153.0,1002.0,1254.0,688.0,716.0,784.0,1244.0,829.0,892.0,1232.0,802.0,1153.0,979.0,000000000000000001fb,29.6312827610936,C0208R09
750.0,1216.0,1101.0,652.0,892.0,994.0,987.0,962.0,821.0,1069.0,940.0,840.0,777.0,1271.0,794.0,1297.0,1104.0,982.0,809.0,829.0,1123.0,722.0,821.0,931.0,1159.0,897.0,787.0,725.0,1099.0,910.0,810.0,1107.0,960.0,698.0,616.0,902.0,1089.0,938.0,882.0,1039.0,1121.0,754.0,1251.0,803.0,1105.0,779.0,804.0,772.0,969.0,876.0,1103.0,657.0,683.0,825.0,1183.0,725.0,852.0,1062.0,764.0,991.0,843.0,000000000000000001fc,74.4732862067487,C0208X99
966.0,1432.0,1390.0,805.0,1133.0,1254.0,1218.0,1140.0,979.0,1379.0,1198.0,1087.0,952.0,1644.0,975.0,1508.0,1348.0,1213.0,987.0,1041.0,1338.0,869.0,977.0,1158.0,1453.0,1161.0,953.0,913.0,1322.0,1097.0,969.0,1378.0,1192.0,894.0,777.0,1083.0,1337.0,1094.0,1025.0,1358.0,1433.0,991.0,1620.0,1002.0,1348.0,957.0,954.0,945.0,1185.0,1091.0,1355.0,823.0,837.0,965.0,1509.0,914.0,1010.0,1416.0,948.0,1240.0,1027.0,000000000000000001fd,82.0085199029057,C0209C01
812.0,1313.0,1196.0,684.0,926.0,1038.0,1080.0,1031.0,836.0,1081.0,1018.0,946.0,804.0,1302.0,857.0,1393.0,1218.0,1080.0,820.0,913.0,1164.0,776.0,858.0,1027.0,1273.0,952.0,824.0,755.0,1157.0,984.0,880.0,1181.0,1060.0,739.0,638.0,978.0,1180.0,1000.0,945.0,1111.0,1170.0,801.0,1276.0,828.0,1185.0,818.0,833.0,818.0,1016.0,948.0,1156.0,681.0,708.0,857.0,1302.0,806.0,924.0,1104.0,813.0,1059.0,902.0,000000000000000001fe,76.7086065648395,C0209C02
939.0,1339.0,1440.0,780.0,1001.0,1146.0,1110.0,1011.0,834.0,1301.0,1280.0,1070.0,879.0,1318.0,1008.0,1469.0,1254.0,1080.0,997.0,899.0,1373.0,899.0,972.0,1181.0,1158.0,979.0,898.0,824.0,1471.0,978.0,863.0,1485.0,1152.0,932.0,766.0,982.0,1328.0,962.0,846.0,1412.0,1323.0,883.0,1395.0,1002.0,1215.0,940.0,949.0,937.0,1242.0,1061.0,1349.0,723.0,781.0,855.0,1340.0,869.0,924.0,1270.0,867.0,1246.0,1047.0,000000000000000001ff,76.2892711503263,C0209C03
924.0,1438.0,1335.0,780.0,1079.0,1170.0,1177.0,1121.0,947.0,1298.0,1158.0,1042.0,901.0,1523.0,949.0,1499.0,1328.0,1169.0,925.0,1006.0,1311.0,849.0,952.0,1108.0,1421.0,1100.0,932.0,876.0,1300.0,1072.0,944.0,1339.0,1146.0,856.0,725.0,1051.0,1301.0,1062.0,1016.0,1287.0,1391.0,926.0,1519.0,945.0,1311.0,926.0,922.0,917.0,1142.0,1038.0,1329.0,776.0,809.0,931.0,1488.0,888.0,979.0,1283.0,920.0,1199.0,983.0,00000000000000000200,37.9716275106849,C0209C04
924.0,1505.0,1367.0,777.0,1065.0,1148.0,1193.0,1143.0,941.0,1300.0,1163.0,1054.0,899.0,1496.0,964.0,1568.0,1381.0,1200.0,918.0,1021.0,1346.0,858.0,963.0,1140.0,1462.0,1079.0,941.0,861.0,1338.0,1089.0,964.0,1384.0,1181.0,851.0,714.0,1075.0,1321.0,1084.0,1045.0,1295.0,1386.0,902.0,1499.0,936.0,1326.0,928.0,920.0,926.0,1150.0,1062.0,1366.0,768.0,808.0,941.0,1542.0,902.0,1000.0,1252.0,924.0,1204.0,995.0,00000000000000000201,21.1007709183252,C0209C05
820.0,1180.0,1321.0,656.0,793.0,968.0,997.0,843.0,716.0,1132.0,1112.0,946.0,773.0,1127.0,816.0,1313.0,1137.0,954.0,841.0,781.0,1193.0,777.0,793.0,1050.0,1021.0,791.0,714.0,696.0,1272.0,834.0,748.0,1371.0,1022.0,738.0,658.0,841.0,1199.0,831.0,669.0,1282.0,1150.0,738.0,1341.0,901.0,1103.0,763.0,818.0,828.0,1084.0,935.0,1222.0,618.0,610.0,705.0,1222.0,762.0,804.0,1183.0,689.0,1093.0,879.0,00000000000000000202,304.337525008055,C0209F03
743.0,1086.0,1063.0,624.0,844.0,971.0,946.0,853.0,761.0,1031.0,923.0,838.0,727.0,1253.0,742.0,1149.0,1020.0,931.0,759.0,797.0,1010.0,675.0,729.0,888.0,1099.0,895.0,706.0,705.0,1001.0,845.0,748.0,1033.0,912.0,679.0,599.0,827.0,1036.0,839.0,776.0,1030.0,1089.0,760.0,1224.0,770.0,1045.0,713.0,737.0,734.0,912.0,837.0,1010.0,631.0,634.0,737.0,1136.0,704.0,779.0,1093.0,716.0,957.0,787.0,00000000000000000203,197.969827109793,C0209F04
450.0,870.0,755.0,372.0,571.0,690.0,712.0,630.0,481.0,737.0,645.0,525.0,486.0,881.0,472.0,928.0,753.0,661.0,529.0,520.0,773.0,419.0,513.0,601.0,837.0,549.0,490.0,431.0,751.0,639.0,497.0,747.0,631.0,406.0,354.0,622.0,783.0,642.0,537.0,699.0,821.0,464.0,819.0,516.0,798.0,490.0,468.0,448.0,655.0,561.0,747.0,391.0,394.0,555.0,850.0,439.0,522.0,704.0,455.0,703.0,565.0,00000000000000000204,44.2333714522235,C0209F06
738.0,1085.0,1204.0,592.0,715.0,881.0,908.0,761.0,648.0,1034.0,1019.0,854.0,699.0,1023.0,737.0,1211.0,1032.0,859.0,760.0,703.0,1097.0,704.0,715.0,947.0,924.0,712.0,642.0,629.0,1172.0,756.0,674.0,1260.0,921.0,665.0,592.0,762.0,1101.0,753.0,602.0,1167.0,1056.0,665.0,1230.0,819.0,1010.0,688.0,741.0,750.0,993.0,841.0,1119.0,555.0,548.0,636.0,1119.0,685.0,727.0,1069.0,620.0,1001.0,798.0,00000000000000000205,149.111716222246,C0209F08
729.0,1044.0,1169.0,593.0,766.0,914.0,879.0,762.0,642.0,964.0,1011.0,852.0,683.0,1000.0,760.0,1196.0,983.0,836.0,749.0,691.0,1077.0,710.0,717.0,941.0,876.0,721.0,649.0,632.0,1175.0,735.0,679.0,1209.0,913.0,691.0,590.0,751.0,1080.0,737.0,613.0,1139.0,1023.0,685.0,1175.0,797.0,967.0,688.0,749.0,749.0,982.0,826.0,1066.0,550.0,554.0,616.0,1056.0,672.0,738.0,1050.0,633.0,982.0,809.0,00000000000000000206,213.825594559523,C0209F10
856.0,1254.0,1385.0,673.0,830.0,1030.0,1059.0,880.0,735.0,1207.0,1183.0,986.0,822.0,1190.0,846.0,1388.0,1200.0,1002.0,903.0,816.0,1269.0,798.0,830.0,1101.0,1082.0,826.0,750.0,713.0,1348.0,893.0,775.0,1447.0,1071.0,766.0,682.0,891.0,1268.0,881.0,696.0,1347.0,1225.0,764.0,1416.0,961.0,1171.0,800.0,839.0,848.0,1154.0,983.0,1298.0,640.0,636.0,752.0,1297.0,796.0,829.0,1235.0,716.0,1162.0,932.0,00000000000000000208,221.76725190011,C0209F13
1002.0,1281.0,1385.0,817.0,1038.0,1183.0,1164.0,1045.0,933.0,1235.0,1172.0,1138.0,908.0,1499.0,980.0,1378.0,1273.0,1198.0,954.0,1041.0,1228.0,912.0,929.0,1192.0,1317.0,1159.0,881.0,890.0,1255.0,1031.0,959.0,1324.0,1182.0,888.0,783.0,1054.0,1306.0,1043.0,953.0,1338.0,1288.0,977.0,1482.0,963.0,1260.0,907.0,966.0,965.0,1159.0,1105.0,1252.0,798.0,804.0,929.0,1356.0,951.0,996.0,1361.0,896.0,1202.0,1025.0,00000000000000000209,174.51436213376,C0209F14
739.0,1088.0,1174.0,606.0,833.0,961.0,916.0,820.0,666.0,1091.0,1038.0,853.0,694.0,1143.0,791.0,1216.0,995.0,874.0,806.0,722.0,1117.0,714.0,776.0,940.0,963.0,811.0,708.0,646.0,1191.0,794.0,682.0,1194.0,923.0,720.0,584.0,782.0,1106.0,770.0,678.0,1136.0,1082.0,717.0,1170.0,766.0,1010.0,743.0,751.0,753.0,1016.0,839.0,1072.0,563.0,605.0,684.0,1096.0,680.0,730.0,1059.0,682.0,1029.0,822.0,0000000000000000020a,373.374988588792,C0209F16
962.0,1392.0,1379.0,793.0,1053.0,1191.0,1208.0,1096.0,949.0,1287.0,1156.0,1082.0,921.0,1561.0,953.0,1455.0,1357.0,1238.0,947.0,1039.0,1264.0,864.0,936.0,1179.0,1449.0,1141.0,908.0,881.0,1259.0,1091.0,972.0,1328.0,1210.0,861.0,760.0,1072.0,1302.0,1086.0,1012.0,1320.0,1338.0,949.0,1516.0,964.0,1309.0,909.0,928.0,923.0,1139.0,1102.0,1305.0,802.0,813.0,948.0,1476.0,924.0,1006.0,1365.0,916.0,1199.0,1009.0,0000000000000000020c,256.692100670158,C0209F24
919.0,1260.0,1276.0,765.0,992.0,1132.0,1118.0,1011.0,917.0,1214.0,1082.0,1024.0,879.0,1483.0,896.0,1322.0,1236.0,1147.0,907.0,981.0,1170.0,827.0,872.0,1096.0,1322.0,1100.0,847.0,854.0,1168.0,1007.0,916.0,1230.0,1122.0,824.0,745.0,995.0,1203.0,1012.0,941.0,1241.0,1272.0,923.0,1441.0,917.0,1213.0,854.0,891.0,882.0,1073.0,1035.0,1206.0,781.0,779.0,897.0,1344.0,876.0,952.0,1306.0,868.0,1125.0,950.0,0000000000000000020d,233.336255312426,C0209F27
942.0,1475.0,1439.0,786.0,1084.0,1236.0,1275.0,1200.0,994.0,1338.0,1175.0,1079.0,954.0,1627.0,967.0,1593.0,1426.0,1313.0,1024.0,1054.0,1368.0,894.0,1016.0,1237.0,1517.0,1143.0,958.0,875.0,1330.0,1151.0,998.0,1390.0,1272.0,832.0,747.0,1137.0,1371.0,1176.0,1075.0,1338.0,1363.0,932.0,1546.0,1011.0,1393.0,967.0,977.0,934.0,1219.0,1163.0,1364.0,812.0,821.0,1042.0,1495.0,930.0,1062.0,1387.0,920.0,1242.0,1050.0,0000000000000000020e,90.3007033521606,C0209P01
856.0,1231.0,1388.0,684.0,840.0,1020.0,1047.0,895.0,745.0,1170.0,1174.0,995.0,810.0,1171.0,865.0,1381.0,1182.0,991.0,885.0,814.0,1251.0,817.0,840.0,1103.0,1057.0,824.0,757.0,728.0,1345.0,875.0,785.0,1439.0,1071.0,783.0,686.0,886.0,1262.0,875.0,703.0,1350.0,1196.0,774.0,1397.0,945.0,1149.0,807.0,861.0,867.0,1140.0,975.0,1276.0,642.0,637.0,734.0,1276.0,792.0,851.0,1238.0,724.0,1148.0,939.0,0000000000000000020f,65.854524174032,C0209P02
952.0,1283.0,1482.0,775.0,964.0,1138.0,1121.0,977.0,838.0,1244.0,1223.0,1091.0,892.0,1275.0,951.0,1421.0,1285.0,1108.0,958.0,909.0,1297.0,908.0,923.0,1215.0,1160.0,920.0,836.0,819.0,1379.0,948.0,877.0,1494.0,1183.0,865.0,777.0,967.0,1315.0,956.0,789.0,1441.0,1251.0,866.0,1459.0,1020.0,1210.0,890.0,953.0,964.0,1193.0,1090.0,1338.0,732.0,725.0,818.0,1338.0,887.0,944.0,1360.0,811.0,1203.0,1010.0,00000000000000000210,164.185273974668,C0209P03
619.0,1246.0,1158.0,512.0,767.0,1011.0,1055.0,852.0,663.0,1184.0,896.0,713.0,631.0,1373.0,632.0,1341.0,1110.0,926.0,787.0,727.0,1143.0,592.0,704.0,819.0,1303.0,735.0,648.0,595.0,1092.0,940.0,646.0,1170.0,884.0,536.0,477.0,817.0,1127.0,845.0,722.0,1079.0,1210.0,610.0,1248.0,731.0,1147.0,674.0,663.0,622.0,920.0,763.0,1199.0,535.0,532.0,777.0,1354.0,599.0,669.0,1028.0,608.0,1017.0,742.0,00000000000000000211,30.0905051562567,C0209R02
526.0,991.0,870.0,430.0,666.0,795.0,820.0,735.0,556.0,841.0,740.0,613.0,568.0,1015.0,549.0,1058.0,866.0,768.0,611.0,607.0,882.0,484.0,598.0,698.0,965.0,641.0,572.0,498.0,856.0,736.0,576.0,851.0,732.0,473.0,412.0,724.0,898.0,748.0,625.0,807.0,936.0,538.0,935.0,597.0,915.0,573.0,540.0,517.0,752.0,652.0,851.0,454.0,460.0,648.0,969.0,512.0,604.0,819.0,530.0,806.0,658.0,00000000000000000212,141.834819658733,C0209R04
825.0,1315.0,1203.0,716.0,976.0,1079.0,1076.0,1055.0,897.0,1156.0,1019.0,924.0,845.0,1379.0,873.0,1402.0,1208.0,1074.0,879.0,910.0,1212.0,796.0,901.0,1020.0,1266.0,982.0,863.0,795.0,1187.0,991.0,890.0,1204.0,1050.0,766.0,675.0,984.0,1180.0,1022.0,968.0,1132.0,1210.0,824.0,1355.0,872.0,1195.0,854.0,881.0,847.0,1047.0,958.0,1198.0,718.0,747.0,897.0,1289.0,797.0,933.0,1154.0,838.0,1073.0,920.0,00000000000000000213,58.2281744048498,C0209R05
839.0,1475.0,1438.0,698.0,981.0,1262.0,1308.0,1069.0,838.0,1444.0,1218.0,931.0,886.0,1633.0,838.0,1571.0,1379.0,1226.0,1087.0,939.0,1395.0,781.0,920.0,1120.0,1574.0,954.0,875.0,773.0,1351.0,1190.0,811.0,1421.0,1171.0,746.0,648.0,1053.0,1400.0,1072.0,922.0,1361.0,1454.0,786.0,1514.0,1032.0,1427.0,901.0,831.0,798.0,1245.0,1087.0,1422.0,710.0,745.0,1018.0,1590.0,816.0,834.0,1315.0,812.0,1308.0,974.0,00000000000000000214,28.2164060520537,C0209R06
1066.0,1420.0,1462.0,875.0,1121.0,1271.0,1263.0,1148.0,1042.0,1371.0,1216.0,1190.0,1003.0,1677.0,1026.0,1487.0,1422.0,1328.0,1022.0,1141.0,1315.0,949.0,992.0,1272.0,1513.0,1267.0,963.0,973.0,1314.0,1139.0,1062.0,1401.0,1302.0,940.0,860.0,1140.0,1352.0,1155.0,1078.0,1417.0,1412.0,1064.0,1615.0,1036.0,1358.0,970.0,1016.0,1009.0,1203.0,1201.0,1371.0,902.0,889.0,1024.0,1528.0,1022.0,1101.0,1497.0,992.0,1260.0,1086.0,00000000000000000215,107.319811254188,C0209R08
792.0,1297.0,1192.0,678.0,944.0,1053.0,1067.0,1031.0,862.0,1129.0,1005.0,904.0,819.0,1358.0,843.0,1388.0,1204.0,1067.0,849.0,885.0,1187.0,761.0,870.0,1012.0,1255.0,959.0,830.0,753.0,1162.0,972.0,860.0,1189.0,1043.0,723.0,637.0,970.0,1167.0,1002.0,933.0,1116.0,1179.0,796.0,1328.0,845.0,1185.0,822.0,845.0,813.0,1032.0,944.0,1173.0,685.0,711.0,875.0,1275.0,775.0,911.0,1136.0,799.0,1054.0,898.0,00000000000000000216,53.8823976390812,C0209R10
855.0,1379.0,1253.0,725.0,983.0,1097.0,1133.0,1107.0,898.0,1132.0,1061.0,997.0,851.0,1369.0,910.0,1472.0,1276.0,1135.0,872.0,964.0,1229.0,830.0,920.0,1080.0,1327.0,1004.0,880.0,801.0,1218.0,1038.0,938.0,1240.0,1112.0,781.0,678.0,1036.0,1237.0,1065.0,1010.0,1160.0,1229.0,846.0,1342.0,872.0,1246.0,873.0,896.0,867.0,1071.0,997.0,1216.0,723.0,753.0,913.0,1350.0,850.0,988.0,1157.0,862.0,1106.0,958.0,00000000000000000217,146.099695616355,C0209R11
896.0,1413.0,1345.0,759.0,1052.0,1172.0,1200.0,1157.0,961.0,1245.0,1122.0,1030.0,921.0,1511.0,948.0,1513.0,1359.0,1218.0,957.0,1004.0,1297.0,858.0,978.0,1160.0,1407.0,1085.0,930.0,838.0,1269.0,1089.0,974.0,1321.0,1191.0,807.0,719.0,1089.0,1291.0,1117.0,1044.0,1261.0,1280.0,898.0,1461.0,952.0,1309.0,921.0,945.0,915.0,1147.0,1080.0,1295.0,775.0,793.0,979.0,1409.0,887.0,1037.0,1280.0,892.0,1165.0,1005.0,00000000000000000218,220.324120954056,C0209R12
956.0,1625.0,1604.0,791.0,1093.0,1396.0,1447.0,1195.0,948.0,1604.0,1341.0,1060.0,988.0,1823.0,943.0,1734.0,1535.0,1389.0,1202.0,1071.0,1539.0,883.0,1029.0,1267.0,1757.0,1088.0,978.0,874.0,1488.0,1314.0,920.0,1577.0,1326.0,840.0,737.0,1172.0,1544.0,1194.0,1036.0,1514.0,1602.0,894.0,1685.0,1141.0,1574.0,1007.0,939.0,902.0,1374.0,1230.0,1574.0,808.0,840.0,1135.0,1767.0,930.0,948.0,1490.0,914.0,1442.0,1084.0,00000000000000000219,48.6474922115473,C0209R15
824.0,1312.0,1210.0,707.0,972.0,1075.0,1086.0,1059.0,888.0,1142.0,1024.0,932.0,844.0,1372.0,874.0,1400.0,1220.0,1085.0,874.0,913.0,1204.0,793.0,900.0,1033.0,1271.0,984.0,859.0,783.0,1180.0,994.0,892.0,1203.0,1061.0,757.0,668.0,991.0,1182.0,1024.0,966.0,1136.0,1197.0,822.0,1343.0,870.0,1197.0,851.0,874.0,843.0,1047.0,965.0,1190.0,713.0,740.0,896.0,1288.0,803.0,939.0,1152.0,832.0,1071.0,923.0,0000000000000000021a,66.1992408507054,C0209R18
944.0,1287.0,1349.0,786.0,1078.0,1211.0,1165.0,1069.0,924.0,1294.0,1149.0,1066.0,912.0,1547.0,952.0,1390.0,1243.0,1166.0,965.0,998.0,1237.0,867.0,935.0,1128.0,1333.0,1109.0,891.0,869.0,1239.0,1031.0,919.0,1303.0,1140.0,871.0,752.0,1028.0,1287.0,1034.0,959.0,1297.0,1299.0,953.0,1511.0,968.0,1267.0,916.0,928.0,932.0,1145.0,1068.0,1245.0,783.0,802.0,928.0,1378.0,894.0,959.0,1391.0,896.0,1188.0,991.0,0000000000000000021b,116.477880836306,C0209R23
940.0,1330.0,1407.0,782.0,981.0,1121.0,1096.0,999.0,835.0,1257.0,1256.0,1068.0,890.0,1275.0,997.0,1457.0,1236.0,1069.0,979.0,901.0,1359.0,898.0,957.0,1167.0,1136.0,962.0,885.0,824.0,1447.0,961.0,874.0,1461.0,1139.0,923.0,778.0,972.0,1302.0,952.0,839.0,1380.0,1310.0,880.0,1341.0,1010.0,1201.0,926.0,951.0,931.0,1219.0,1054.0,1333.0,735.0,775.0,845.0,1324.0,873.0,937.0,1260.0,860.0,1219.0,1030.0,0000000000000000021c,131.924728944118,C0209W01
929.0,1170.0,1350.0,764.0,982.0,1134.0,1065.0,947.0,829.0,1183.0,1149.0,1062.0,842.0,1407.0,938.0,1313.0,1154.0,1070.0,920.0,915.0,1193.0,883.0,885.0,1138.0,1119.0,1055.0,813.0,810.0,1261.0,917.0,852.0,1315.0,1102.0,862.0,744.0,939.0,1250.0,919.0,819.0,1307.0,1194.0,920.0,1426.0,908.0,1155.0,861.0,924.0,920.0,1137.0,1036.0,1189.0,720.0,740.0,824.0,1216.0,869.0,905.0,1334.0,816.0,1154.0,972.0,0000000000000000021d,98.2423324260244,C0209W02
681.0,1251.0,1079.0,559.0,896.0,1025.0,1024.0,934.0,756.0,1036.0,855.0,829.0,623.0,1425.0,720.0,1345.0,1073.0,935.0,621.0,800.0,1017.0,642.0,719.0,832.0,1244.0,889.0,696.0,679.0,992.0,854.0,769.0,1047.0,892.0,607.0,505.0,855.0,1111.0,876.0,820.0,990.0,1179.0,736.0,1313.0,643.0,1148.0,691.0,721.0,717.0,837.0,737.0,1043.0,569.0,560.0,699.0,1307.0,640.0,802.0,1121.0,694.0,943.0,757.0,0000000000000000021e,65.0633431004287,C0209W04
794.0,1177.0,1310.0,626.0,785.0,971.0,984.0,840.0,681.0,1108.0,1134.0,931.0,759.0,1097.0,808.0,1339.0,1108.0,914.0,842.0,752.0,1210.0,756.0,785.0,1029.0,988.0,763.0,708.0,670.0,1314.0,823.0,728.0,1380.0,997.0,732.0,630.0,835.0,1208.0,824.0,648.0,1280.0,1151.0,720.0,1334.0,896.0,1093.0,752.0,800.0,800.0,1101.0,903.0,1220.0,587.0,583.0,684.0,1211.0,731.0,793.0,1155.0,669.0,1102.0,898.0,0000000000000000021f,34.8842335924727,C0209W05
816.0,1310.0,1206.0,702.0,967.0,1074.0,1080.0,1052.0,888.0,1147.0,1018.0,924.0,841.0,1377.0,865.0,1400.0,1215.0,1081.0,871.0,907.0,1205.0,785.0,893.0,1026.0,1267.0,981.0,853.0,779.0,1179.0,988.0,883.0,1203.0,1057.0,749.0,662.0,986.0,1179.0,1020.0,958.0,1133.0,1197.0,818.0,1348.0,866.0,1195.0,844.0,871.0,839.0,1046.0,961.0,1190.0,708.0,735.0,893.0,1286.0,795.0,933.0,1155.0,824.0,1068.0,916.0,00000000000000000220,54.2452156942711,C0209X01
821.0,1308.0,1197.0,710.0,969.0,1071.0,1073.0,1050.0,889.0,1143.0,1015.0,920.0,840.0,1366.0,868.0,1395.0,1203.0,1069.0,872.0,905.0,1203.0,791.0,896.0,1016.0,1259.0,975.0,857.0,788.0,1180.0,986.0,885.0,1195.0,1045.0,760.0,669.0,980.0,1174.0,1016.0,962.0,1125.0,1201.0,818.0,1342.0,867.0,1189.0,848.0,874.0,841.0,1041.0,953.0,1188.0,713.0,741.0,891.0,1280.0,794.0,928.0,1144.0,832.0,1067.0,916.0,00000000000000000221,63.6211571782292,C0209X02
885.0,1482.0,1355.0,749.0,1047.0,1168.0,1199.0,1133.0,938.0,1340.0,1133.0,1000.0,892.0,1537.0,917.0,1565.0,1365.0,1180.0,957.0,983.0,1355.0,831.0,959.0,1113.0,1452.0,1045.0,924.0,846.0,1327.0,1091.0,923.0,1379.0,1149.0,808.0,699.0,1062.0,1305.0,1099.0,1018.0,1280.0,1375.0,864.0,1515.0,946.0,1332.0,922.0,917.0,881.0,1153.0,1047.0,1374.0,751.0,783.0,966.0,1508.0,861.0,971.0,1255.0,891.0,1197.0,990.0,00000000000000000222,42.9426918979561,C0210C01
677.0,1576.0,1411.0,575.0,802.0,962.0,979.0,855.0,708.0,1641.0,965.0,769.0,666.0,1552.0,704.0,1642.0,1400.0,994.0,809.0,779.0,1502.0,637.0,749.0,930.0,1494.0,763.0,700.0,664.0,1472.0,933.0,706.0,1634.0,981.0,613.0,555.0,788.0,1100.0,805.0,776.0,1379.0,1580.0,665.0,1624.0,779.0,1107.0,712.0,726.0,689.0,965.0,860.0,1713.0,604.0,597.0,771.0,1754.0,677.0,722.0,1077.0,675.0,1046.0,751.0,00000000000000000223,7.66748700534669,C0210C03
835.0,1682.0,1573.0,680.0,951.0,1195.0,1228.0,1027.0,822.0,1703.0,1195.0,924.0,843.0,1740.0,830.0,1766.0,1546.0,1181.0,1039.0,935.0,1611.0,758.0,899.0,1097.0,1677.0,933.0,843.0,766.0,1566.0,1147.0,825.0,1712.0,1165.0,732.0,666.0,981.0,1344.0,1008.0,912.0,1520.0,1655.0,792.0,1747.0,992.0,1364.0,862.0,832.0,787.0,1205.0,1040.0,1758.0,725.0,725.0,962.0,1853.0,820.0,850.0,1272.0,801.0,1272.0,926.0,00000000000000000224,75.6379095521019,C0210C04
684.0,1585.0,1418.0,577.0,807.0,951.0,966.0,859.0,712.0,1664.0,961.0,778.0,665.0,1558.0,709.0,1651.0,1407.0,1000.0,801.0,788.0,1514.0,640.0,756.0,935.0,1497.0,770.0,704.0,671.0,1484.0,926.0,709.0,1653.0,989.0,616.0,559.0,787.0,1098.0,801.0,783.0,1391.0,1601.0,667.0,1632.0,771.0,1100.0,715.0,734.0,697.0,961.0,862.0,1740.0,609.0,599.0,769.0,1767.0,684.0,725.0,1085.0,681.0,1044.0,750.0,00000000000000000225,16.1791659590017,C0210C05
471.0,959.0,865.0,398.0,603.0,763.0,793.0,657.0,513.0,906.0,697.0,543.0,486.0,1013.0,494.0,1018.0,843.0,689.0,588.0,544.0,868.0,453.0,542.0,617.0,974.0,554.0,511.0,465.0,839.0,714.0,505.0,891.0,658.0,422.0,367.0,629.0,855.0,644.0,561.0,813.0,939.0,478.0,940.0,561.0,868.0,523.0,507.0,483.0,706.0,575.0,916.0,413.0,413.0,581.0,1027.0,454.0,523.0,758.0,477.0,777.0,570.0,00000000000000000226,13.6405403207068,C0210R01
510.0,1111.0,938.0,410.0,608.0,655.0,658.0,628.0,543.0,1187.0,630.0,598.0,456.0,1061.0,524.0,1138.0,951.0,710.0,506.0,598.0,1033.0,465.0,546.0,654.0,1010.0,584.0,502.0,508.0,1018.0,658.0,570.0,1149.0,706.0,438.0,417.0,573.0,765.0,587.0,586.0,942.0,1155.0,508.0,1076.0,493.0,743.0,508.0,574.0,536.0,628.0,567.0,1262.0,454.0,413.0,544.0,1234.0,507.0,580.0,790.0,499.0,715.0,552.0,00000000000000000227,35.9168383639116,C0210R02
381.0,636.0,784.0,295.0,425.0,563.0,517.0,436.0,341.0,627.0,666.0,487.0,303.0,683.0,430.0,783.0,574.0,473.0,419.0,354.0,676.0,386.0,410.0,554.0,499.0,428.0,349.0,326.0,783.0,383.0,362.0,786.0,545.0,370.0,283.0,413.0,712.0,398.0,316.0,748.0,610.0,379.0,696.0,397.0,588.0,375.0,423.0,411.0,619.0,445.0,637.0,256.0,260.0,309.0,643.0,324.0,405.0,643.0,332.0,627.0,469.0,00000000000000000228,266.465050811166,C0211F01
414.0,681.0,834.0,320.0,444.0,596.0,547.0,461.0,362.0,641.0,713.0,526.0,367.0,666.0,465.0,819.0,620.0,503.0,457.0,379.0,723.0,413.0,439.0,603.0,529.0,421.0,381.0,354.0,840.0,419.0,386.0,841.0,579.0,404.0,313.0,444.0,755.0,425.0,334.0,803.0,670.0,399.0,772.0,472.0,623.0,408.0,454.0,447.0,663.0,484.0,692.0,278.0,282.0,332.0,682.0,353.0,434.0,689.0,360.0,674.0,510.0,00000000000000000229,268.190519805842,C0211F02
425.0,696.0,888.0,328.0,467.0,618.0,563.0,479.0,373.0,687.0,743.0,547.0,342.0,738.0,484.0,852.0,645.0,521.0,463.0,387.0,744.0,427.0,458.0,628.0,541.0,463.0,391.0,364.0,876.0,419.0,404.0,885.0,606.0,418.0,320.0,457.0,789.0,436.0,342.0,854.0,684.0,421.0,780.0,458.0,638.0,420.0,472.0,457.0,685.0,500.0,717.0,283.0,285.0,333.0,706.0,359.0,452.0,715.0,370.0,696.0,529.0,0000000000000000022a,444.86154756576,C0211F03
480.0,698.0,772.0,384.0,598.0,724.0,678.0,582.0,461.0,760.0,653.0,578.0,450.0,937.0,501.0,843.0,593.0,612.0,537.0,512.0,708.0,479.0,506.0,588.0,708.0,601.0,443.0,428.0,716.0,541.0,477.0,731.0,587.0,431.0,363.0,533.0,790.0,533.0,479.0,701.0,747.0,526.0,926.0,491.0,744.0,487.0,509.0,516.0,673.0,536.0,641.0,383.0,381.0,481.0,751.0,433.0,511.0,810.0,435.0,703.0,522.0,0000000000000000022b,480.906422323388,C0211F04
505.0,805.0,857.0,408.0,524.0,656.0,642.0,541.0,447.0,710.0,784.0,602.0,485.0,695.0,540.0,920.0,708.0,588.0,549.0,476.0,833.0,492.0,511.0,665.0,625.0,483.0,458.0,439.0,915.0,533.0,471.0,905.0,642.0,486.0,402.0,538.0,824.0,523.0,424.0,834.0,788.0,471.0,873.0,588.0,732.0,488.0,530.0,531.0,751.0,573.0,790.0,371.0,377.0,437.0,782.0,453.0,517.0,753.0,439.0,752.0,586.0,0000000000000000022c,199.392600328904,C0211F05
968.0,1277.0,1392.0,807.0,1123.0,1244.0,1195.0,1098.0,913.0,1366.0,1186.0,1092.0,935.0,1579.0,992.0,1413.0,1210.0,1183.0,1022.0,1014.0,1275.0,918.0,992.0,1149.0,1332.0,1123.0,919.0,868.0,1278.0,1049.0,926.0,1343.0,1140.0,904.0,772.0,1041.0,1338.0,1042.0,970.0,1316.0,1331.0,981.0,1571.0,993.0,1291.0,972.0,962.0,963.0,1204.0,1089.0,1254.0,798.0,834.0,968.0,1373.0,912.0,965.0,1412.0,909.0,1245.0,1018.0,0000000000000000022d,1029.35535010182,C0212C01
969.0,1354.0,1399.0,809.0,1135.0,1266.0,1216.0,1124.0,954.0,1372.0,1198.0,1096.0,950.0,1616.0,990.0,1464.0,1284.0,1206.0,1012.0,1029.0,1307.0,898.0,985.0,1163.0,1390.0,1137.0,936.0,894.0,1302.0,1074.0,948.0,1365.0,1177.0,906.0,772.0,1064.0,1340.0,1071.0,998.0,1341.0,1365.0,986.0,1589.0,1010.0,1323.0,964.0,958.0,964.0,1194.0,1101.0,1298.0,807.0,835.0,964.0,1445.0,914.0,988.0,1445.0,931.0,1241.0,1026.0,0000000000000000022e,334.937280528805,C0212C02
976.0,1319.0,1406.0,816.0,1131.0,1261.0,1211.0,1112.0,942.0,1371.0,1193.0,1102.0,946.0,1608.0,996.0,1445.0,1255.0,1205.0,1020.0,1028.0,1294.0,916.0,989.0,1167.0,1367.0,1139.0,928.0,889.0,1294.0,1066.0,945.0,1357.0,1168.0,909.0,778.0,1058.0,1342.0,1061.0,989.0,1337.0,1352.0,991.0,1584.0,1005.0,1309.0,969.0,969.0,972.0,1201.0,1105.0,1280.0,808.0,839.0,970.0,1413.0,920.0,985.0,1442.0,925.0,1245.0,1027.0,0000000000000000022f,796.72285462303,C0212C03
975.0,1292.0,1400.0,811.0,1128.0,1256.0,1207.0,1105.0,922.0,1365.0,1190.0,1100.0,941.0,1590.0,1000.0,1426.0,1228.0,1193.0,1027.0,1022.0,1282.0,917.0,993.0,1159.0,1345.0,1133.0,924.0,875.0,1285.0,1060.0,931.0,1345.0,1153.0,912.0,774.0,1049.0,1342.0,1051.0,983.0,1326.0,1339.0,983.0,1572.0,1002.0,1299.0,973.0,964.0,966.0,1206.0,1097.0,1261.0,800.0,842.0,971.0,1384.0,919.0,971.0,1426.0,920.0,1247.0,1023.0,00000000000000000230,1335.22917290223,C0212C04
971.0,1342.0,1400.0,810.0,1133.0,1265.0,1215.0,1120.0,950.0,1371.0,1197.0,1098.0,949.0,1612.0,992.0,1458.0,1273.0,1206.0,1015.0,1028.0,1302.0,903.0,986.0,1165.0,1381.0,1138.0,933.0,892.0,1299.0,1072.0,947.0,1361.0,1174.0,907.0,774.0,1063.0,1341.0,1068.0,995.0,1338.0,1361.0,988.0,1586.0,1008.0,1318.0,965.0,961.0,966.0,1196.0,1103.0,1291.0,807.0,836.0,967.0,1433.0,916.0,987.0,1444.0,929.0,1242.0,1027.0,00000000000000000231,1617.68062466588,C0212C05
977.0,1354.0,1405.0,814.0,1142.0,1267.0,1217.0,1131.0,960.0,1376.0,1198.0,1105.0,956.0,1624.0,990.0,1465.0,1289.0,1208.0,1011.0,1037.0,1306.0,903.0,990.0,1165.0,1395.0,1147.0,941.0,900.0,1302.0,1074.0,953.0,1369.0,1178.0,906.0,776.0,1072.0,1341.0,1078.0,998.0,1347.0,1365.0,991.0,1595.0,1010.0,1323.0,970.0,964.0,970.0,1194.0,1103.0,1302.0,810.0,835.0,971.0,1450.0,922.0,993.0,1448.0,931.0,1241.0,1033.0,00000000000000000232,653.156676121497,C0212C06
974.0,1308.0,1397.0,807.0,1130.0,1259.0,1209.0,1109.0,925.0,1368.0,1192.0,1099.0,942.0,1593.0,998.0,1437.0,1237.0,1194.0,1024.0,1024.0,1290.0,909.0,991.0,1158.0,1352.0,1134.0,926.0,876.0,1291.0,1064.0,931.0,1351.0,1155.0,911.0,770.0,1051.0,1342.0,1054.0,986.0,1326.0,1348.0,980.0,1577.0,1004.0,1304.0,971.0,959.0,962.0,1203.0,1096.0,1270.0,799.0,840.0,969.0,1398.0,918.0,971.0,1427.0,923.0,1246.0,1023.0,00000000000000000233,966.607726862449,C0212C07
978.0,1367.0,1406.0,814.0,1146.0,1269.0,1219.0,1138.0,967.0,1377.0,1206.0,1107.0,958.0,1630.0,998.0,1475.0,1301.0,1217.0,1007.0,1040.0,1311.0,899.0,990.0,1173.0,1403.0,1151.0,945.0,903.0,1306.0,1076.0,956.0,1374.0,1190.0,913.0,775.0,1075.0,1349.0,1082.0,1011.0,1350.0,1371.0,990.0,1600.0,1011.0,1335.0,970.0,963.0,970.0,1198.0,1110.0,1311.0,811.0,841.0,969.0,1464.0,923.0,996.0,1461.0,942.0,1246.0,1033.0,00000000000000000234,718.780581806784,C0212C08
968.0,1260.0,1394.0,809.0,1115.0,1241.0,1192.0,1085.0,903.0,1360.0,1180.0,1090.0,929.0,1571.0,995.0,1404.0,1196.0,1180.0,1027.0,1008.0,1270.0,923.0,988.0,1151.0,1318.0,1118.0,911.0,863.0,1276.0,1045.0,920.0,1334.0,1135.0,907.0,773.0,1032.0,1335.0,1031.0,964.0,1314.0,1326.0,980.0,1560.0,991.0,1279.0,969.0,964.0,965.0,1204.0,1090.0,1240.0,796.0,836.0,965.0,1350.0,911.0,960.0,1409.0,906.0,1244.0,1014.0,00000000000000000236,134.167934077744,C0213C04
969.0,1354.0,1395.0,804.0,1133.0,1264.0,1214.0,1122.0,949.0,1371.0,1199.0,1096.0,948.0,1612.0,990.0,1464.0,1281.0,1206.0,1011.0,1029.0,1307.0,893.0,983.0,1163.0,1388.0,1137.0,935.0,890.0,1302.0,1073.0,942.0,1363.0,1176.0,906.0,767.0,1061.0,1339.0,1067.0,998.0,1338.0,1366.0,980.0,1587.0,1009.0,1322.0,963.0,953.0,959.0,1194.0,1100.0,1297.0,802.0,835.0,962.0,1443.0,914.0,982.0,1444.0,931.0,1241.0,1023.0,00000000000000000237,240.744944134883,C0213C06
976.0,1276.0,1403.0,810.0,1127.0,1253.0,1205.0,1102.0,913.0,1365.0,1189.0,1101.0,939.0,1587.0,1002.0,1415.0,1220.0,1192.0,1030.0,1020.0,1274.0,918.0,995.0,1161.0,1338.0,1132.0,922.0,869.0,1279.0,1058.0,926.0,1342.0,1150.0,913.0,772.0,1046.0,1343.0,1047.0,979.0,1326.0,1330.0,980.0,1569.0,1000.0,1295.0,975.0,962.0,964.0,1208.0,1098.0,1255.0,797.0,843.0,973.0,1373.0,920.0,965.0,1424.0,918.0,1249.0,1023.0,00000000000000000238,246.97739293098,C0213C07
933.0,1291.0,1348.0,773.0,1100.0,1219.0,1167.0,1080.0,900.0,1336.0,1155.0,1057.0,904.0,1555.0,959.0,1409.0,1202.0,1146.0,985.0,988.0,1265.0,874.0,960.0,1106.0,1321.0,1095.0,899.0,848.0,1264.0,1026.0,903.0,1315.0,1110.0,870.0,740.0,1013.0,1299.0,1018.0,952.0,1283.0,1325.0,955.0,1545.0,967.0,1272.0,940.0,927.0,931.0,1164.0,1047.0,1239.0,773.0,804.0,932.0,1371.0,876.0,944.0,1377.0,888.0,1210.0,984.0,00000000000000000239,86.9143680457965,C0213C09
957.0,1261.0,1376.0,797.0,1108.0,1234.0,1181.0,1077.0,892.0,1351.0,1178.0,1079.0,920.0,1553.0,986.0,1400.0,1178.0,1160.0,1019.0,999.0,1271.0,912.0,981.0,1131.0,1301.0,1106.0,904.0,853.0,1276.0,1037.0,906.0,1326.0,1115.0,899.0,761.0,1022.0,1332.0,1019.0,953.0,1297.0,1329.0,968.0,1552.0,985.0,1275.0,963.0,954.0,955.0,1199.0,1072.0,1231.0,785.0,827.0,954.0,1339.0,901.0,946.0,1388.0,896.0,1241.0,1004.0,0000000000000000023a,135.19309368669,C0213C13
978.0,1367.0,1405.0,814.0,1146.0,1269.0,1219.0,1137.0,967.0,1378.0,1200.0,1107.0,958.0,1629.0,991.0,1474.0,1301.0,1216.0,1008.0,1040.0,1311.0,899.0,991.0,1172.0,1404.0,1150.0,945.0,903.0,1306.0,1077.0,956.0,1374.0,1188.0,907.0,775.0,1075.0,1341.0,1082.0,1004.0,1349.0,1371.0,991.0,1599.0,1011.0,1328.0,970.0,963.0,970.0,1192.0,1109.0,1311.0,811.0,836.0,969.0,1464.0,923.0,996.0,1459.0,936.0,1239.0,1033.0,0000000000000000023b,109.912811915521,C0213C14
942.0,1267.0,1357.0,776.0,1100.0,1223.0,1170.0,1074.0,885.0,1340.0,1159.0,1065.0,910.0,1550.0,972.0,1398.0,1177.0,1151.0,1002.0,992.0,1265.0,890.0,969.0,1114.0,1306.0,1096.0,898.0,841.0,1264.0,1027.0,896.0,1315.0,1109.0,883.0,744.0,1015.0,1308.0,1016.0,950.0,1281.0,1321.0,952.0,1545.0,972.0,1263.0,950.0,933.0,935.0,1174.0,1058.0,1225.0,775.0,815.0,944.0,1346.0,886.0,935.0,1378.0,889.0,1219.0,992.0,0000000000000000023c,79.9024054899526,C0213C99
592.0,1198.0,1016.0,476.0,718.0,773.0,783.0,737.0,627.0,1245.0,747.0,692.0,546.0,1153.0,608.0,1218.0,1038.0,804.0,607.0,686.0,1095.0,538.0,640.0,742.0,1105.0,676.0,598.0,580.0,1088.0,777.0,664.0,1208.0,798.0,511.0,476.0,681.0,892.0,695.0,680.0,1013.0,1227.0,595.0,1152.0,594.0,865.0,598.0,656.0,604.0,743.0,648.0,1319.0,518.0,487.0,635.0,1307.0,585.0,674.0,888.0,579.0,831.0,653.0,0000000000000000023d,37.0933798176581,C0213R97
1040.0,1381.0,1445.0,866.0,1131.0,1278.0,1240.0,1134.0,1025.0,1328.0,1234.0,1169.0,967.0,1630.0,1028.0,1451.0,1377.0,1255.0,1014.0,1090.0,1302.0,939.0,989.0,1226.0,1436.0,1230.0,959.0,971.0,1319.0,1118.0,1023.0,1415.0,1244.0,946.0,836.0,1124.0,1362.0,1125.0,1032.0,1423.0,1405.0,1045.0,1610.0,1043.0,1345.0,969.0,1023.0,1014.0,1215.0,1147.0,1376.0,865.0,865.0,993.0,1486.0,987.0,1065.0,1454.0,978.0,1264.0,1083.0,0000000000000000023e,147.945889028089,C0213R98
414.0,680.0,842.0,320.0,443.0,599.0,548.0,461.0,363.0,644.0,716.0,528.0,367.0,670.0,468.0,821.0,623.0,503.0,456.0,379.0,723.0,415.0,439.0,604.0,529.0,421.0,380.0,355.0,842.0,417.0,388.0,848.0,580.0,405.0,313.0,446.0,758.0,427.0,334.0,811.0,669.0,401.0,778.0,472.0,623.0,407.0,457.0,450.0,664.0,483.0,695.0,278.0,280.0,331.0,685.0,352.0,437.0,691.0,361.0,675.0,513.0,0000000000000000023f,78.0365198353231,C0214F01
395.0,659.0,829.0,308.0,448.0,591.0,538.0,460.0,354.0,655.0,689.0,511.0,311.0,717.0,454.0,817.0,600.0,493.0,435.0,366.0,701.0,403.0,427.0,584.0,516.0,447.0,364.0,338.0,813.0,398.0,381.0,822.0,573.0,387.0,294.0,430.0,739.0,416.0,329.0,790.0,628.0,399.0,728.0,410.0,604.0,392.0,439.0,430.0,640.0,462.0,662.0,267.0,267.0,318.0,672.0,333.0,429.0,679.0,346.0,649.0,490.0,00000000000000000240,458.424384806958,C0214F02
396.0,656.0,803.0,311.0,419.0,564.0,522.0,442.0,350.0,612.0,689.0,507.0,360.0,623.0,448.0,790.0,595.0,481.0,439.0,362.0,697.0,401.0,420.0,581.0,502.0,392.0,363.0,342.0,810.0,401.0,372.0,811.0,555.0,387.0,298.0,426.0,728.0,408.0,317.0,773.0,646.0,381.0,754.0,460.0,597.0,390.0,442.0,438.0,640.0,462.0,667.0,264.0,265.0,316.0,658.0,336.0,418.0,664.0,343.0,650.0,493.0,00000000000000000241,54.1959861048562,C0214F03
439.0,716.0,917.0,341.0,480.0,634.0,576.0,495.0,385.0,705.0,762.0,567.0,358.0,751.0,502.0,874.0,667.0,537.0,477.0,400.0,765.0,442.0,471.0,650.0,556.0,473.0,404.0,376.0,899.0,432.0,418.0,912.0,624.0,432.0,331.0,472.0,809.0,450.0,353.0,881.0,704.0,435.0,810.0,476.0,652.0,434.0,487.0,474.0,703.0,515.0,740.0,292.0,293.0,344.0,728.0,370.0,468.0,738.0,382.0,715.0,547.0,00000000000000000242,763.303406192226,C0214F04
437.0,714.0,909.0,339.0,476.0,632.0,576.0,492.0,385.0,695.0,756.0,562.0,365.0,741.0,498.0,870.0,664.0,535.0,477.0,399.0,762.0,441.0,469.0,646.0,558.0,464.0,403.0,375.0,894.0,433.0,413.0,903.0,621.0,430.0,329.0,471.0,803.0,450.0,352.0,874.0,702.0,430.0,809.0,480.0,651.0,433.0,486.0,474.0,699.0,514.0,735.0,291.0,294.0,345.0,723.0,370.0,464.0,736.0,381.0,710.0,545.0,00000000000000000243,258.678831728436,C0214F05
660.0,1032.0,1130.0,519.0,668.0,845.0,847.0,703.0,569.0,932.0,998.0,789.0,629.0,919.0,685.0,1194.0,930.0,755.0,709.0,621.0,1069.0,636.0,659.0,865.0,812.0,631.0,587.0,559.0,1179.0,688.0,611.0,1209.0,835.0,615.0,519.0,701.0,1063.0,681.0,534.0,1101.0,1007.0,610.0,1163.0,762.0,944.0,628.0,679.0,679.0,963.0,745.0,1047.0,478.0,474.0,556.0,1036.0,601.0,672.0,986.0,554.0,963.0,762.0,00000000000000000244,43.7272017131128,C0214R01
416.0,683.0,837.0,322.0,441.0,597.0,549.0,464.0,364.0,636.0,717.0,531.0,377.0,651.0,469.0,822.0,621.0,503.0,460.0,380.0,726.0,416.0,440.0,606.0,527.0,411.0,382.0,356.0,843.0,419.0,389.0,847.0,580.0,406.0,314.0,446.0,758.0,427.0,334.0,807.0,672.0,400.0,788.0,483.0,623.0,409.0,459.0,454.0,666.0,484.0,696.0,279.0,280.0,331.0,686.0,354.0,439.0,695.0,361.0,676.0,514.0,00000000000000000245,50.6842250904258,C0214R02
418.0,685.0,839.0,324.0,445.0,601.0,551.0,467.0,367.0,637.0,719.0,532.0,381.0,654.0,471.0,824.0,624.0,506.0,461.0,383.0,728.0,419.0,443.0,608.0,532.0,413.0,385.0,359.0,845.0,422.0,390.0,848.0,582.0,409.0,316.0,448.0,761.0,429.0,337.0,808.0,674.0,401.0,789.0,485.0,628.0,412.0,462.0,457.0,669.0,486.0,698.0,281.0,284.0,334.0,688.0,356.0,440.0,697.0,364.0,679.0,515.0,00000000000000000246,17.5512108024261,C0214R03
383.0,640.0,774.0,301.0,406.0,550.0,509.0,430.0,339.0,589.0,670.0,489.0,355.0,595.0,435.0,769.0,575.0,465.0,429.0,350.0,680.0,388.0,408.0,561.0,488.0,373.0,354.0,331.0,789.0,392.0,360.0,786.0,536.0,376.0,290.0,413.0,707.0,395.0,309.0,745.0,631.0,368.0,736.0,453.0,582.0,379.0,428.0,425.0,622.0,448.0,648.0,257.0,259.0,307.0,638.0,326.0,405.0,643.0,334.0,632.0,476.0,00000000000000000247,68.7255676699846,C0214R04
945.0,1346.0,1446.0,790.0,1009.0,1154.0,1119.0,1015.0,843.0,1321.0,1285.0,1073.0,878.0,1340.0,1013.0,1472.0,1265.0,1088.0,1008.0,906.0,1379.0,907.0,977.0,1186.0,1171.0,995.0,905.0,833.0,1474.0,989.0,872.0,1490.0,1157.0,939.0,776.0,987.0,1332.0,968.0,854.0,1419.0,1330.0,896.0,1404.0,1002.0,1222.0,946.0,956.0,944.0,1248.0,1069.0,1358.0,734.0,791.0,864.0,1349.0,876.0,931.0,1271.0,876.0,1252.0,1050.0,00000000000000000248,73.5790995940442,C0215C01
959.0,1326.0,1438.0,796.0,997.0,1144.0,1118.0,1005.0,849.0,1292.0,1265.0,1087.0,897.0,1326.0,1005.0,1453.0,1264.0,1087.0,996.0,920.0,1355.0,912.0,964.0,1190.0,1164.0,1000.0,893.0,838.0,1443.0,977.0,879.0,1473.0,1162.0,932.0,785.0,990.0,1312.0,971.0,849.0,1411.0,1306.0,892.0,1367.0,996.0,1209.0,934.0,964.0,949.0,1228.0,1077.0,1344.0,743.0,787.0,863.0,1335.0,896.0,942.0,1289.0,870.0,1228.0,1049.0,00000000000000000249,102.869097466013,C0215C02
951.0,1328.0,1430.0,797.0,1045.0,1180.0,1140.0,1041.0,858.0,1338.0,1269.0,1076.0,896.0,1394.0,1009.0,1454.0,1246.0,1112.0,1015.0,929.0,1353.0,908.0,988.0,1180.0,1201.0,1028.0,916.0,841.0,1424.0,1007.0,880.0,1455.0,1149.0,934.0,775.0,1008.0,1344.0,988.0,880.0,1393.0,1343.0,917.0,1454.0,1009.0,1248.0,962.0,959.0,950.0,1246.0,1078.0,1335.0,748.0,804.0,894.0,1349.0,886.0,934.0,1310.0,883.0,1260.0,1050.0,0000000000000000024a,97.8045937147286,C0215C04
961.0,1331.0,1432.0,807.0,1041.0,1178.0,1142.0,1043.0,867.0,1337.0,1270.0,1086.0,894.0,1393.0,1017.0,1456.0,1252.0,1113.0,1015.0,939.0,1354.0,918.0,988.0,1179.0,1204.0,1037.0,917.0,851.0,1422.0,1007.0,882.0,1455.0,1149.0,942.0,778.0,1009.0,1345.0,990.0,888.0,1395.0,1344.0,917.0,1456.0,1015.0,1252.0,963.0,970.0,958.0,1246.0,1079.0,1338.0,752.0,812.0,896.0,1352.0,897.0,938.0,1308.0,891.0,1260.0,1050.0,0000000000000000024b,57.3854375376963,C0215C05
970.0,1457.0,1393.0,809.0,1125.0,1238.0,1230.0,1153.0,981.0,1355.0,1195.0,1091.0,953.0,1621.0,985.0,1524.0,1372.0,1234.0,975.0,1052.0,1339.0,876.0,984.0,1172.0,1476.0,1165.0,962.0,915.0,1322.0,1115.0,985.0,1376.0,1210.0,894.0,776.0,1103.0,1346.0,1111.0,1049.0,1352.0,1434.0,983.0,1597.0,993.0,1352.0,960.0,959.0,946.0,1181.0,1100.0,1363.0,825.0,844.0,977.0,1525.0,926.0,1022.0,1384.0,958.0,1243.0,1036.0,0000000000000000024c,103.242127116157,C0215C07
988.0,1286.0,1391.0,823.0,1092.0,1234.0,1186.0,1074.0,945.0,1292.0,1188.0,1122.0,922.0,1546.0,994.0,1390.0,1248.0,1180.0,987.0,1023.0,1251.0,916.0,956.0,1171.0,1312.0,1154.0,906.0,903.0,1276.0,1051.0,948.0,1348.0,1158.0,911.0,787.0,1055.0,1327.0,1045.0,963.0,1350.0,1344.0,993.0,1542.0,994.0,1280.0,940.0,980.0,980.0,1186.0,1092.0,1273.0,805.0,824.0,939.0,1368.0,932.0,989.0,1405.0,917.0,1230.0,1034.0,0000000000000000024e,139.220273027026,C0215F01
940.0,1197.0,1376.0,766.0,959.0,1116.0,1046.0,923.0,817.0,1165.0,1173.0,1067.0,844.0,1368.0,939.0,1328.0,1201.0,1071.0,919.0,901.0,1220.0,887.0,879.0,1176.0,1099.0,1038.0,809.0,807.0,1308.0,907.0,859.0,1365.0,1148.0,870.0,769.0,920.0,1239.0,908.0,792.0,1348.0,1172.0,920.0,1418.0,918.0,1136.0,847.0,927.0,920.0,1145.0,1062.0,1234.0,728.0,733.0,794.0,1230.0,882.0,919.0,1332.0,811.0,1145.0,976.0,0000000000000000024f,129.859736103117,C0215F03
842.0,1161.0,1323.0,686.0,846.0,1012.0,1000.0,861.0,743.0,1116.0,1102.0,967.0,787.0,1133.0,840.0,1290.0,1143.0,979.0,852.0,804.0,1174.0,807.0,812.0,1074.0,1029.0,813.0,734.0,726.0,1250.0,843.0,775.0,1346.0,1045.0,763.0,685.0,855.0,1187.0,845.0,695.0,1285.0,1131.0,765.0,1314.0,909.0,1089.0,783.0,847.0,857.0,1074.0,963.0,1202.0,645.0,637.0,720.0,1202.0,784.0,835.0,1204.0,714.0,1083.0,893.0,00000000000000000250,162.122621352823,C0215F04
582.0,910.0,965.0,470.0,605.0,744.0,732.0,623.0,513.0,807.0,880.0,689.0,558.0,788.0,621.0,1035.0,805.0,672.0,628.0,549.0,939.0,565.0,588.0,756.0,711.0,557.0,528.0,505.0,1026.0,610.0,541.0,1019.0,731.0,560.0,463.0,618.0,924.0,601.0,491.0,940.0,890.0,541.0,984.0,671.0,827.0,562.0,607.0,607.0,845.0,656.0,895.0,428.0,438.0,502.0,886.0,524.0,593.0,855.0,508.0,845.0,670.0,00000000000000000251,169.911983619184,C0215F05
749.0,1117.0,1078.0,631.0,870.0,990.0,961.0,875.0,768.0,1059.0,946.0,844.0,739.0,1272.0,756.0,1181.0,1038.0,940.0,776.0,805.0,1042.0,683.0,749.0,897.0,1119.0,900.0,728.0,714.0,1032.0,860.0,751.0,1061.0,923.0,693.0,602.0,840.0,1057.0,849.0,791.0,1049.0,1116.0,768.0,1250.0,787.0,1066.0,734.0,746.0,743.0,934.0,846.0,1038.0,636.0,646.0,748.0,1162.0,708.0,783.0,1104.0,731.0,978.0,798.0,00000000000000000252,182.358550706858,C0215F06
778.0,1159.0,1287.0,612.0,771.0,956.0,967.0,825.0,666.0,1090.0,1120.0,913.0,745.0,1076.0,791.0,1323.0,1087.0,895.0,828.0,737.0,1194.0,741.0,771.0,1009.0,969.0,747.0,694.0,655.0,1300.0,807.0,715.0,1362.0,978.0,717.0,618.0,820.0,1192.0,809.0,633.0,1259.0,1136.0,708.0,1317.0,881.0,1078.0,738.0,784.0,784.0,1088.0,884.0,1203.0,575.0,570.0,670.0,1193.0,716.0,779.0,1133.0,654.0,1088.0,884.0,00000000000000000253,146.677703095697,C0215P02
708.0,1080.0,1183.0,556.0,700.0,880.0,890.0,750.0,606.0,1010.0,1042.0,832.0,678.0,989.0,720.0,1234.0,999.0,816.0,761.0,670.0,1113.0,674.0,700.0,921.0,890.0,679.0,631.0,596.0,1212.0,742.0,649.0,1265.0,892.0,652.0,561.0,747.0,1107.0,737.0,575.0,1159.0,1058.0,644.0,1222.0,811.0,1001.0,671.0,714.0,714.0,1012.0,807.0,1116.0,521.0,517.0,609.0,1106.0,651.0,708.0,1035.0,594.0,1012.0,806.0,00000000000000000254,135.578687968739,C0215P03
965.0,1258.0,1386.0,814.0,1106.0,1236.0,1186.0,1073.0,902.0,1349.0,1193.0,1088.0,933.0,1540.0,991.0,1396.0,1188.0,1166.0,1019.0,994.0,1265.0,920.0,979.0,1151.0,1286.0,1112.0,906.0,866.0,1283.0,1040.0,909.0,1334.0,1125.0,906.0,768.0,1034.0,1344.0,1025.0,948.0,1315.0,1334.0,972.0,1548.0,993.0,1281.0,964.0,966.0,971.0,1211.0,1083.0,1241.0,784.0,827.0,957.0,1332.0,908.0,948.0,1401.0,898.0,1252.0,1023.0,00000000000000000255,188.24457161145,C0215P04
949.0,1240.0,1367.0,801.0,1097.0,1231.0,1175.0,1058.0,885.0,1324.0,1187.0,1078.0,918.0,1502.0,985.0,1373.0,1156.0,1140.0,1005.0,969.0,1249.0,907.0,965.0,1142.0,1235.0,1090.0,895.0,853.0,1277.0,1025.0,883.0,1323.0,1103.0,903.0,751.0,1015.0,1337.0,997.0,925.0,1304.0,1330.0,952.0,1526.0,986.0,1263.0,955.0,955.0,965.0,1200.0,1068.0,1220.0,762.0,811.0,925.0,1298.0,891.0,923.0,1390.0,884.0,1243.0,1014.0,00000000000000000256,72.6948622705552,C0215P05
963.0,1253.0,1376.0,805.0,1099.0,1237.0,1184.0,1065.0,896.0,1330.0,1193.0,1091.0,923.0,1521.0,993.0,1382.0,1181.0,1157.0,1009.0,989.0,1253.0,908.0,967.0,1152.0,1264.0,1111.0,900.0,861.0,1277.0,1038.0,905.0,1334.0,1121.0,909.0,765.0,1028.0,1342.0,1014.0,943.0,1314.0,1333.0,969.0,1540.0,993.0,1276.0,955.0,958.0,965.0,1205.0,1079.0,1239.0,779.0,822.0,937.0,1325.0,906.0,946.0,1399.0,898.0,1248.0,1020.0,00000000000000000257,138.490867879799,C0215P06
963.0,1317.0,1362.0,800.0,1080.0,1221.0,1176.0,1078.0,953.0,1295.0,1157.0,1085.0,929.0,1567.0,957.0,1403.0,1291.0,1192.0,965.0,1024.0,1247.0,871.0,931.0,1150.0,1371.0,1133.0,900.0,895.0,1248.0,1048.0,944.0,1315.0,1173.0,880.0,771.0,1048.0,1287.0,1055.0,978.0,1324.0,1305.0,970.0,1514.0,982.0,1281.0,912.0,939.0,945.0,1141.0,1091.0,1268.0,807.0,811.0,936.0,1407.0,915.0,987.0,1416.0,915.0,1187.0,1004.0,00000000000000000258,97.4747504030013,C0215R01
1021.0,1362.0,1409.0,845.0,1098.0,1246.0,1215.0,1109.0,1007.0,1335.0,1183.0,1141.0,974.0,1625.0,993.0,1435.0,1356.0,1265.0,996.0,1088.0,1276.0,914.0,959.0,1214.0,1441.0,1209.0,931.0,943.0,1276.0,1091.0,1007.0,1351.0,1241.0,915.0,826.0,1095.0,1312.0,1109.0,1032.0,1372.0,1359.0,1025.0,1564.0,1011.0,1316.0,940.0,983.0,982.0,1169.0,1152.0,1316.0,864.0,857.0,984.0,1460.0,973.0,1050.0,1465.0,959.0,1220.0,1047.0,00000000000000000259,74.8870734478121,C0215R02
907.0,1569.0,1540.0,752.0,1051.0,1344.0,1393.0,1145.0,902.0,1546.0,1296.0,1006.0,947.0,1750.0,900.0,1673.0,1476.0,1321.0,1158.0,1015.0,1485.0,840.0,985.0,1207.0,1686.0,1032.0,938.0,832.0,1438.0,1266.0,874.0,1520.0,1261.0,802.0,699.0,1125.0,1490.0,1144.0,989.0,1457.0,1549.0,848.0,1620.0,1100.0,1519.0,966.0,894.0,858.0,1326.0,1172.0,1520.0,766.0,801.0,1087.0,1701.0,882.0,899.0,1417.0,873.0,1393.0,1040.0,0000000000000000025a,27.3016509352821,C0215R03
1015.0,1366.0,1436.0,844.0,1139.0,1280.0,1234.0,1132.0,993.0,1355.0,1219.0,1144.0,972.0,1638.0,1017.0,1461.0,1340.0,1242.0,1019.0,1072.0,1304.0,925.0,989.0,1204.0,1424.0,1194.0,949.0,937.0,1311.0,1100.0,989.0,1387.0,1220.0,933.0,810.0,1104.0,1358.0,1108.0,1025.0,1393.0,1377.0,1020.0,1597.0,1030.0,1340.0,969.0,995.0,996.0,1209.0,1138.0,1333.0,843.0,858.0,990.0,1464.0,963.0,1032.0,1468.0,962.0,1256.0,1063.0,0000000000000000025b,108.147902429364,C0215R05
939.0,1446.0,1379.0,796.0,1088.0,1204.0,1232.0,1193.0,996.0,1276.0,1158.0,1073.0,954.0,1540.0,988.0,1543.0,1396.0,1253.0,992.0,1046.0,1328.0,897.0,1013.0,1200.0,1440.0,1125.0,965.0,876.0,1303.0,1123.0,1017.0,1355.0,1227.0,845.0,758.0,1122.0,1320.0,1150.0,1084.0,1298.0,1313.0,934.0,1493.0,985.0,1336.0,956.0,985.0,955.0,1176.0,1115.0,1330.0,812.0,826.0,1010.0,1444.0,927.0,1079.0,1312.0,930.0,1196.0,1040.0,0000000000000000025c,92.5661575321028,C0215R06
949.0,1248.0,1372.0,800.0,1092.0,1229.0,1174.0,1054.0,881.0,1328.0,1195.0,1077.0,919.0,1495.0,987.0,1380.0,1162.0,1136.0,1008.0,966.0,1258.0,906.0,966.0,1143.0,1233.0,1086.0,895.0,851.0,1289.0,1025.0,883.0,1332.0,1104.0,905.0,754.0,1016.0,1340.0,997.0,921.0,1310.0,1335.0,952.0,1522.0,990.0,1264.0,955.0,955.0,964.0,1205.0,1067.0,1228.0,762.0,811.0,925.0,1300.0,891.0,924.0,1383.0,883.0,1247.0,1019.0,0000000000000000025d,65.7007071296257,C0215X01
931.0,1300.0,1395.0,771.0,971.0,1115.0,1085.0,978.0,823.0,1232.0,1234.0,1058.0,884.0,1266.0,979.0,1431.0,1222.0,1054.0,963.0,892.0,1330.0,887.0,937.0,1156.0,1122.0,955.0,865.0,813.0,1419.0,944.0,860.0,1442.0,1128.0,906.0,766.0,960.0,1282.0,941.0,823.0,1368.0,1281.0,867.0,1337.0,994.0,1180.0,906.0,938.0,921.0,1199.0,1044.0,1312.0,724.0,761.0,834.0,1303.0,866.0,923.0,1254.0,844.0,1199.0,1019.0,0000000000000000025e,60.6939390607681,C0215X99
838.0,1465.0,1339.0,704.0,1019.0,1169.0,1201.0,1121.0,898.0,1319.0,1101.0,970.0,846.0,1540.0,873.0,1562.0,1337.0,1170.0,920.0,960.0,1318.0,792.0,922.0,1077.0,1466.0,1017.0,889.0,809.0,1284.0,1084.0,892.0,1341.0,1123.0,755.0,650.0,1048.0,1311.0,1081.0,982.0,1249.0,1377.0,836.0,1473.0,908.0,1335.0,889.0,871.0,839.0,1124.0,1011.0,1338.0,715.0,736.0,947.0,1505.0,818.0,939.0,1239.0,844.0,1185.0,957.0,0000000000000000025f,68.6536971665475,C0216C01
933.0,1550.0,1399.0,783.0,1080.0,1170.0,1226.0,1179.0,946.0,1298.0,1186.0,1075.0,918.0,1514.0,989.0,1620.0,1427.0,1233.0,927.0,1042.0,1370.0,878.0,987.0,1176.0,1496.0,1089.0,961.0,861.0,1366.0,1116.0,990.0,1411.0,1215.0,858.0,715.0,1108.0,1353.0,1119.0,1082.0,1309.0,1387.0,914.0,1516.0,952.0,1355.0,946.0,934.0,936.0,1169.0,1087.0,1384.0,771.0,817.0,964.0,1574.0,922.0,1029.0,1269.0,938.0,1226.0,1020.0,00000000000000000260,61.5395778580827,C0216C02
878.0,1488.0,1363.0,739.0,1039.0,1172.0,1206.0,1132.0,926.0,1342.0,1134.0,997.0,886.0,1545.0,910.0,1574.0,1370.0,1189.0,951.0,982.0,1353.0,823.0,950.0,1114.0,1469.0,1041.0,916.0,835.0,1324.0,1096.0,917.0,1378.0,1152.0,798.0,685.0,1067.0,1316.0,1101.0,1013.0,1283.0,1385.0,857.0,1509.0,941.0,1341.0,915.0,904.0,870.0,1153.0,1046.0,1373.0,741.0,773.0,967.0,1519.0,855.0,962.0,1258.0,882.0,1203.0,989.0,00000000000000000261,60.9970884999668,C0216C03
729.0,1235.0,1140.0,607.0,874.0,1005.0,1041.0,967.0,781.0,1064.0,938.0,842.0,744.0,1323.0,758.0,1334.0,1135.0,1028.0,793.0,827.0,1108.0,685.0,798.0,959.0,1232.0,893.0,757.0,686.0,1072.0,929.0,784.0,1108.0,991.0,643.0,569.0,922.0,1129.0,960.0,854.0,1052.0,1124.0,727.0,1249.0,776.0,1155.0,756.0,770.0,729.0,971.0,889.0,1094.0,621.0,625.0,829.0,1226.0,708.0,830.0,1096.0,722.0,1005.0,842.0,00000000000000000262,40.6135197943811,C0216C04
830.0,1430.0,1283.0,705.0,1001.0,1118.0,1140.0,1083.0,891.0,1273.0,1071.0,951.0,835.0,1469.0,866.0,1513.0,1296.0,1116.0,894.0,935.0,1295.0,785.0,906.0,1046.0,1388.0,995.0,875.0,802.0,1268.0,1038.0,880.0,1309.0,1086.0,758.0,656.0,1010.0,1248.0,1046.0,967.0,1208.0,1328.0,824.0,1442.0,884.0,1272.0,871.0,870.0,835.0,1090.0,980.0,1308.0,708.0,735.0,914.0,1445.0,811.0,929.0,1189.0,841.0,1138.0,935.0,00000000000000000263,14.971440497581,C0216C05
809.0,1424.0,1293.0,681.0,990.0,1129.0,1158.0,1086.0,867.0,1280.0,1070.0,934.0,819.0,1481.0,846.0,1515.0,1295.0,1125.0,889.0,925.0,1281.0,765.0,893.0,1036.0,1415.0,979.0,863.0,782.0,1251.0,1049.0,862.0,1302.0,1081.0,733.0,628.0,1014.0,1268.0,1044.0,949.0,1209.0,1340.0,808.0,1425.0,879.0,1289.0,863.0,840.0,811.0,1089.0,972.0,1301.0,690.0,714.0,916.0,1461.0,791.0,907.0,1188.0,818.0,1149.0,927.0,00000000000000000264,26.7702173027808,C0216C06
754.0,1272.0,1176.0,629.0,903.0,1032.0,1067.0,998.0,807.0,1100.0,970.0,869.0,768.0,1361.0,786.0,1373.0,1174.0,1057.0,817.0,853.0,1144.0,709.0,826.0,989.0,1268.0,921.0,785.0,709.0,1109.0,956.0,811.0,1147.0,1022.0,668.0,590.0,948.0,1160.0,985.0,884.0,1087.0,1156.0,750.0,1290.0,801.0,1187.0,782.0,796.0,753.0,1002.0,917.0,1133.0,642.0,649.0,853.0,1264.0,733.0,857.0,1127.0,748.0,1036.0,866.0,00000000000000000265,49.1869589117433,C0216C07
530.0,1017.0,941.0,443.0,667.0,849.0,884.0,730.0,565.0,959.0,777.0,608.0,555.0,1098.0,548.0,1083.0,910.0,770.0,666.0,608.0,922.0,499.0,602.0,687.0,1057.0,621.0,573.0,509.0,889.0,793.0,555.0,940.0,728.0,473.0,409.0,705.0,946.0,721.0,618.0,880.0,992.0,527.0,1005.0,638.0,964.0,585.0,555.0,530.0,788.0,649.0,955.0,457.0,461.0,652.0,1089.0,508.0,574.0,841.0,528.0,860.0,637.0,00000000000000000266,24.6797290520756,C0216R01
509.0,1091.0,914.0,420.0,617.0,661.0,665.0,636.0,548.0,1146.0,637.0,593.0,459.0,1036.0,523.0,1118.0,930.0,706.0,509.0,590.0,1005.0,478.0,549.0,648.0,994.0,582.0,512.0,511.0,996.0,661.0,572.0,1107.0,694.0,439.0,416.0,581.0,772.0,596.0,586.0,912.0,1125.0,514.0,1050.0,500.0,746.0,512.0,575.0,535.0,633.0,565.0,1213.0,451.0,421.0,546.0,1197.0,500.0,581.0,780.0,502.0,716.0,555.0,00000000000000000267,4.82578716434803,C0216R02
463.0,1069.0,906.0,381.0,561.0,612.0,621.0,586.0,507.0,1148.0,593.0,547.0,425.0,1021.0,479.0,1096.0,915.0,665.0,475.0,547.0,997.0,434.0,506.0,614.0,970.0,531.0,461.0,471.0,980.0,612.0,522.0,1114.0,663.0,399.0,387.0,537.0,725.0,548.0,533.0,906.0,1112.0,471.0,1047.0,456.0,707.0,470.0,534.0,504.0,586.0,531.0,1223.0,421.0,373.0,509.0,1199.0,463.0,532.0,746.0,452.0,679.0,517.0,00000000000000000268,16.4850798898485,C0216R04
444.0,997.0,832.0,374.0,539.0,587.0,591.0,555.0,485.0,1060.0,566.0,514.0,411.0,941.0,459.0,1021.0,843.0,626.0,458.0,514.0,926.0,418.0,483.0,575.0,900.0,507.0,447.0,454.0,914.0,587.0,496.0,1026.0,618.0,389.0,371.0,508.0,682.0,524.0,514.0,835.0,1032.0,448.0,971.0,446.0,663.0,451.0,509.0,473.0,566.0,504.0,1120.0,402.0,369.0,483.0,1102.0,440.0,508.0,690.0,439.0,639.0,487.0,00000000000000000269,13.4850808902549,C0216R06
491.0,1104.0,938.0,395.0,595.0,643.0,649.0,619.0,530.0,1189.0,621.0,581.0,446.0,1059.0,504.0,1132.0,948.0,698.0,495.0,581.0,1029.0,452.0,535.0,644.0,1004.0,564.0,487.0,495.0,1011.0,647.0,557.0,1152.0,697.0,419.0,407.0,566.0,760.0,577.0,562.0,939.0,1150.0,498.0,1077.0,480.0,740.0,497.0,562.0,528.0,616.0,555.0,1269.0,444.0,391.0,536.0,1239.0,490.0,567.0,783.0,476.0,710.0,545.0,0000000000000000026a,18.6781443288611,C0216R07
485.0,1061.0,887.0,405.0,583.0,629.0,633.0,601.0,525.0,1122.0,608.0,562.0,442.0,1004.0,499.0,1086.0,899.0,674.0,490.0,561.0,984.0,455.0,522.0,620.0,961.0,554.0,484.0,491.0,971.0,628.0,542.0,1085.0,665.0,422.0,402.0,549.0,733.0,566.0,558.0,888.0,1096.0,489.0,1029.0,478.0,712.0,488.0,551.0,512.0,607.0,543.0,1185.0,436.0,401.0,521.0,1168.0,479.0,553.0,744.0,477.0,686.0,526.0,0000000000000000026b,12.1630311063179,C0216R08
453.0,952.0,766.0,379.0,670.0,843.0,803.0,699.0,579.0,787.0,570.0,587.0,419.0,1187.0,493.0,1050.0,765.0,671.0,419.0,576.0,746.0,441.0,502.0,562.0,958.0,662.0,472.0,500.0,689.0,653.0,571.0,737.0,626.0,397.0,351.0,638.0,871.0,671.0,595.0,696.0,919.0,560.0,1003.0,424.0,910.0,472.0,542.0,519.0,585.0,476.0,781.0,411.0,364.0,518.0,981.0,417.0,618.0,881.0,479.0,694.0,544.0,0000000000000000026c,96.6460224104665,C0216R09
472.0,1046.0,873.0,397.0,571.0,616.0,622.0,589.0,513.0,1105.0,595.0,547.0,433.0,988.0,487.0,1070.0,883.0,662.0,482.0,546.0,970.0,444.0,512.0,608.0,945.0,539.0,473.0,480.0,956.0,615.0,528.0,1070.0,652.0,413.0,393.0,538.0,717.0,553.0,544.0,872.0,1079.0,478.0,1018.0,469.0,698.0,479.0,538.0,499.0,594.0,535.0,1165.0,427.0,392.0,511.0,1151.0,467.0,539.0,729.0,465.0,672.0,514.0,0000000000000000026d,21.1422121135926,C0216R10
629.0,1404.0,1209.0,529.0,736.0,816.0,826.0,772.0,659.0,1478.0,814.0,718.0,589.0,1338.0,642.0,1446.0,1209.0,887.0,677.0,724.0,1329.0,586.0,682.0,828.0,1285.0,709.0,633.0,621.0,1304.0,801.0,677.0,1451.0,877.0,558.0,526.0,705.0,946.0,719.0,715.0,1197.0,1438.0,626.0,1409.0,651.0,934.0,637.0,686.0,647.0,814.0,755.0,1547.0,570.0,536.0,679.0,1550.0,631.0,687.0,968.0,619.0,892.0,672.0,0000000000000000026e,0.178608124613778,C0216R11
595.0,1107.0,1035.0,507.0,755.0,935.0,971.0,830.0,642.0,1029.0,858.0,684.0,631.0,1203.0,626.0,1176.0,1005.0,862.0,732.0,685.0,999.0,565.0,678.0,771.0,1160.0,702.0,652.0,582.0,962.0,874.0,622.0,1007.0,812.0,545.0,458.0,799.0,1044.0,816.0,707.0,968.0,1078.0,588.0,1090.0,703.0,1063.0,662.0,625.0,604.0,869.0,730.0,1018.0,510.0,530.0,730.0,1174.0,572.0,644.0,938.0,606.0,943.0,721.0,0000000000000000026f,19.280766485669,C0216R19
536.0,1008.0,940.0,450.0,675.0,856.0,891.0,744.0,571.0,937.0,776.0,615.0,569.0,1099.0,557.0,1078.0,904.0,784.0,671.0,616.0,912.0,505.0,609.0,697.0,1057.0,629.0,583.0,516.0,874.0,799.0,562.0,914.0,738.0,483.0,413.0,724.0,954.0,740.0,628.0,874.0,983.0,533.0,989.0,641.0,972.0,594.0,560.0,537.0,789.0,660.0,925.0,463.0,469.0,667.0,1068.0,513.0,582.0,855.0,536.0,858.0,651.0,00000000000000000270,8.20120923706623,C0216R20
997.0,1319.0,1370.0,822.0,1065.0,1208.0,1178.0,1074.0,978.0,1293.0,1149.0,1116.0,947.0,1574.0,967.0,1390.0,1318.0,1229.0,964.0,1062.0,1237.0,890.0,930.0,1183.0,1398.0,1179.0,903.0,917.0,1237.0,1058.0,982.0,1311.0,1207.0,890.0,805.0,1066.0,1275.0,1078.0,1002.0,1335.0,1315.0,1000.0,1512.0,980.0,1277.0,911.0,956.0,957.0,1134.0,1120.0,1277.0,842.0,832.0,955.0,1413.0,951.0,1024.0,1424.0,932.0,1184.0,1020.0,00000000000000000271,158.990673206186,C0217F01
850.0,1108.0,1256.0,698.0,872.0,1013.0,958.0,844.0,745.0,1071.0,1080.0,967.0,767.0,1233.0,854.0,1230.0,1093.0,973.0,837.0,815.0,1128.0,810.0,799.0,1070.0,998.0,924.0,737.0,735.0,1211.0,828.0,787.0,1260.0,1044.0,790.0,703.0,835.0,1141.0,827.0,717.0,1231.0,1082.0,837.0,1310.0,836.0,1045.0,772.0,847.0,847.0,1053.0,964.0,1136.0,665.0,663.0,713.0,1135.0,797.0,843.0,1229.0,736.0,1053.0,888.0,00000000000000000272,200.195559285485,C0217F02
915.0,1170.0,1345.0,745.0,939.0,1094.0,1018.0,902.0,795.0,1141.0,1148.0,1039.0,817.0,1353.0,917.0,1302.0,1173.0,1038.0,896.0,877.0,1196.0,864.0,859.0,1140.0,1073.0,1017.0,790.0,785.0,1282.0,881.0,834.0,1334.0,1112.0,850.0,745.0,900.0,1213.0,885.0,773.0,1318.0,1147.0,900.0,1385.0,886.0,1111.0,828.0,903.0,894.0,1120.0,1028.0,1206.0,706.0,715.0,779.0,1200.0,858.0,893.0,1303.0,792.0,1120.0,956.0,00000000000000000274,60.9231569907232,C0217F04
937.0,1168.0,1318.0,764.0,946.0,1098.0,1048.0,926.0,843.0,1146.0,1124.0,1060.0,838.0,1375.0,910.0,1277.0,1173.0,1075.0,899.0,928.0,1164.0,866.0,859.0,1135.0,1133.0,1068.0,797.0,818.0,1223.0,914.0,867.0,1285.0,1111.0,844.0,757.0,929.0,1210.0,920.0,818.0,1285.0,1170.0,920.0,1397.0,907.0,1139.0,832.0,913.0,908.0,1103.0,1039.0,1182.0,739.0,730.0,812.0,1219.0,881.0,919.0,1299.0,812.0,1121.0,953.0,00000000000000000275,104.183324431919,C0217F05
1071.0,1395.0,1463.0,868.0,1095.0,1245.0,1239.0,1121.0,1010.0,1291.0,1239.0,1209.0,959.0,1590.0,1034.0,1470.0,1403.0,1288.0,998.0,1122.0,1305.0,954.0,981.0,1270.0,1441.0,1242.0,946.0,959.0,1329.0,1109.0,1040.0,1412.0,1278.0,937.0,835.0,1135.0,1371.0,1130.0,1034.0,1425.0,1371.0,1037.0,1563.0,1018.0,1343.0,955.0,1021.0,1015.0,1214.0,1176.0,1361.0,858.0,856.0,992.0,1483.0,1021.0,1078.0,1429.0,965.0,1262.0,1089.0,00000000000000000276,129.902631150233,C0217R01
1048.0,1362.0,1421.0,854.0,1089.0,1233.0,1212.0,1104.0,1005.0,1280.0,1213.0,1173.0,946.0,1576.0,1013.0,1429.0,1361.0,1252.0,986.0,1092.0,1280.0,930.0,966.0,1232.0,1405.0,1224.0,935.0,953.0,1299.0,1087.0,1017.0,1380.0,1242.0,928.0,828.0,1108.0,1338.0,1107.0,1015.0,1397.0,1371.0,1029.0,1554.0,1012.0,1317.0,944.0,1007.0,998.0,1192.0,1144.0,1340.0,850.0,849.0,975.0,1449.0,992.0,1057.0,1424.0,959.0,1239.0,1066.0,00000000000000000277,96.0642780786983,C0217R02
1068.0,1390.0,1457.0,866.0,1099.0,1246.0,1235.0,1121.0,1011.0,1294.0,1237.0,1203.0,959.0,1593.0,1031.0,1463.0,1395.0,1283.0,999.0,1117.0,1303.0,950.0,981.0,1265.0,1435.0,1242.0,947.0,959.0,1326.0,1106.0,1036.0,1409.0,1272.0,938.0,835.0,1131.0,1368.0,1128.0,1031.0,1423.0,1378.0,1038.0,1568.0,1021.0,1341.0,956.0,1020.0,1013.0,1213.0,1172.0,1360.0,858.0,856.0,991.0,1477.0,1016.0,1074.0,1436.0,966.0,1261.0,1087.0,00000000000000000278,209.492591270383,C0217R10
950.0,1339.0,1428.0,791.0,993.0,1134.0,1107.0,1008.0,844.0,1282.0,1269.0,1077.0,889.0,1306.0,1005.0,1466.0,1255.0,1079.0,990.0,911.0,1368.0,907.0,967.0,1177.0,1156.0,983.0,895.0,833.0,1456.0,972.0,873.0,1473.0,1149.0,932.0,778.0,983.0,1316.0,963.0,848.0,1401.0,1319.0,884.0,1364.0,1008.0,1214.0,936.0,960.0,941.0,1232.0,1064.0,1345.0,736.0,785.0,856.0,1335.0,884.0,936.0,1270.0,869.0,1232.0,1041.0,00000000000000000279,122.927133911908,C0218C01
968.0,1343.0,1454.0,804.0,1019.0,1157.0,1128.0,1028.0,858.0,1329.0,1283.0,1096.0,888.0,1362.0,1021.0,1469.0,1279.0,1108.0,1008.0,931.0,1371.0,919.0,985.0,1203.0,1185.0,1025.0,913.0,846.0,1456.0,991.0,887.0,1487.0,1174.0,947.0,791.0,1005.0,1334.0,985.0,868.0,1425.0,1328.0,910.0,1412.0,1000.0,1233.0,955.0,972.0,957.0,1248.0,1091.0,1360.0,751.0,804.0,879.0,1354.0,904.0,949.0,1303.0,886.0,1250.0,1061.0,0000000000000000027a,133.90352659486,C0218C02
964.0,1300.0,1422.0,811.0,1072.0,1207.0,1164.0,1056.0,880.0,1341.0,1246.0,1093.0,910.0,1446.0,1015.0,1431.0,1226.0,1132.0,1017.0,956.0,1318.0,923.0,987.0,1179.0,1221.0,1065.0,915.0,858.0,1374.0,1019.0,895.0,1417.0,1144.0,937.0,779.0,1018.0,1349.0,998.0,909.0,1375.0,1341.0,943.0,1488.0,1005.0,1261.0,967.0,973.0,971.0,1236.0,1087.0,1301.0,765.0,818.0,910.0,1339.0,902.0,946.0,1356.0,896.0,1259.0,1045.0,0000000000000000027b,64.215526486424,C0218C03
947.0,1341.0,1425.0,786.0,991.0,1131.0,1104.0,1009.0,839.0,1280.0,1270.0,1075.0,885.0,1301.0,1007.0,1467.0,1253.0,1081.0,990.0,908.0,1370.0,902.0,968.0,1177.0,1153.0,978.0,895.0,828.0,1457.0,971.0,874.0,1474.0,1149.0,933.0,779.0,982.0,1317.0,962.0,849.0,1398.0,1321.0,885.0,1365.0,1012.0,1215.0,937.0,955.0,935.0,1233.0,1064.0,1346.0,737.0,785.0,855.0,1337.0,879.0,938.0,1268.0,870.0,1233.0,1040.0,0000000000000000027c,92.2328430246499,C0218C05
668.0,1007.0,1134.0,534.0,690.0,854.0,839.0,713.0,583.0,915.0,977.0,795.0,630.0,922.0,692.0,1175.0,932.0,768.0,700.0,629.0,1042.0,652.0,662.0,877.0,816.0,639.0,591.0,573.0,1151.0,682.0,622.0,1188.0,848.0,623.0,532.0,702.0,1052.0,684.0,544.0,1102.0,981.0,619.0,1142.0,752.0,934.0,631.0,692.0,692.0,945.0,758.0,1028.0,492.0,485.0,559.0,1020.0,609.0,682.0,997.0,564.0,945.0,763.0,0000000000000000027d,148.260818869579,C0218P01
961.0,1430.0,1377.0,809.0,1129.0,1242.0,1212.0,1143.0,986.0,1363.0,1190.0,1078.0,949.0,1627.0,976.0,1500.0,1343.0,1208.0,979.0,1037.0,1333.0,870.0,979.0,1148.0,1447.0,1159.0,957.0,919.0,1315.0,1100.0,969.0,1362.0,1185.0,895.0,776.0,1083.0,1331.0,1093.0,1032.0,1348.0,1441.0,984.0,1603.0,996.0,1341.0,959.0,959.0,943.0,1180.0,1083.0,1349.0,824.0,844.0,967.0,1497.0,912.0,1009.0,1389.0,953.0,1236.0,1026.0,0000000000000000027e,219.964834863529,C0218P02
964.0,1427.0,1388.0,804.0,1133.0,1254.0,1215.0,1138.0,977.0,1381.0,1197.0,1086.0,950.0,1636.0,976.0,1504.0,1343.0,1208.0,987.0,1036.0,1337.0,868.0,976.0,1154.0,1443.0,1152.0,951.0,909.0,1322.0,1092.0,966.0,1379.0,1187.0,895.0,774.0,1078.0,1333.0,1089.0,1022.0,1354.0,1423.0,990.0,1614.0,1005.0,1344.0,956.0,950.0,946.0,1185.0,1088.0,1351.0,819.0,836.0,961.0,1506.0,910.0,1008.0,1419.0,946.0,1237.0,1025.0,0000000000000000027f,132.274982119905,C0218P05
501.0,792.0,969.0,392.0,532.0,703.0,647.0,563.0,442.0,724.0,825.0,634.0,476.0,734.0,566.0,944.0,729.0,597.0,545.0,460.0,839.0,503.0,532.0,717.0,626.0,474.0,467.0,432.0,968.0,503.0,466.0,978.0,684.0,492.0,381.0,534.0,872.0,512.0,408.0,935.0,780.0,476.0,931.0,588.0,726.0,499.0,553.0,553.0,771.0,575.0,811.0,340.0,345.0,402.0,800.0,429.0,527.0,825.0,439.0,782.0,610.0,00000000000000000280,348.519324701068,C0218R04
1012.0,1314.0,1373.0,830.0,1064.0,1206.0,1175.0,1070.0,981.0,1257.0,1174.0,1131.0,924.0,1542.0,981.0,1380.0,1311.0,1208.0,961.0,1056.0,1240.0,899.0,936.0,1186.0,1361.0,1190.0,908.0,929.0,1255.0,1056.0,984.0,1334.0,1197.0,903.0,806.0,1071.0,1296.0,1073.0,985.0,1352.0,1341.0,1004.0,1519.0,989.0,1279.0,917.0,977.0,969.0,1156.0,1106.0,1299.0,829.0,827.0,947.0,1402.0,957.0,1023.0,1395.0,934.0,1203.0,1033.0,00000000000000000281,143.664892692052,C0218R06
675.0,1045.0,1145.0,536.0,699.0,874.0,859.0,721.0,586.0,942.0,1006.0,802.0,641.0,933.0,701.0,1209.0,944.0,772.0,723.0,635.0,1081.0,657.0,675.0,882.0,827.0,645.0,602.0,576.0,1190.0,702.0,627.0,1214.0,852.0,630.0,535.0,713.0,1076.0,693.0,550.0,1113.0,1020.0,626.0,1169.0,775.0,958.0,644.0,697.0,697.0,973.0,762.0,1055.0,494.0,489.0,569.0,1044.0,615.0,688.0,1002.0,570.0,973.0,775.0,00000000000000000282,218.981556052526,C0218R07
988.0,1309.0,1409.0,825.0,1124.0,1256.0,1211.0,1107.0,948.0,1348.0,1196.0,1114.0,946.0,1596.0,1002.0,1426.0,1267.0,1207.0,1018.0,1035.0,1278.0,919.0,985.0,1174.0,1365.0,1154.0,928.0,899.0,1287.0,1072.0,954.0,1357.0,1175.0,916.0,789.0,1066.0,1342.0,1069.0,992.0,1349.0,1347.0,997.0,1573.0,1008.0,1307.0,966.0,976.0,976.0,1203.0,1108.0,1287.0,815.0,843.0,974.0,1407.0,934.0,995.0,1431.0,931.0,1245.0,1036.0,00000000000000000283,437.064301017628,C0218W01
955.0,1256.0,1386.0,802.0,1109.0,1236.0,1183.0,1073.0,889.0,1356.0,1194.0,1078.0,924.0,1541.0,993.0,1393.0,1182.0,1157.0,1019.0,986.0,1266.0,910.0,979.0,1144.0,1283.0,1101.0,906.0,854.0,1283.0,1038.0,895.0,1338.0,1115.0,908.0,758.0,1023.0,1346.0,1012.0,946.0,1314.0,1337.0,962.0,1554.0,993.0,1281.0,965.0,956.0,961.0,1211.0,1076.0,1242.0,773.0,826.0,946.0,1333.0,899.0,935.0,1395.0,897.0,1254.0,1013.0,00000000000000000284,158.926834646643,C0218W02
911.0,1478.0,1316.0,776.0,1061.0,1163.0,1144.0,1125.0,964.0,1322.0,1121.0,1001.0,902.0,1502.0,949.0,1553.0,1321.0,1145.0,948.0,988.0,1358.0,855.0,971.0,1094.0,1382.0,1063.0,939.0,861.0,1332.0,1066.0,950.0,1365.0,1121.0,845.0,728.0,1041.0,1279.0,1076.0,1040.0,1249.0,1377.0,887.0,1527.0,940.0,1303.0,932.0,948.0,911.0,1147.0,1024.0,1365.0,775.0,819.0,954.0,1466.0,871.0,985.0,1246.0,916.0,1176.0,981.0,00000000000000000285,126.781190252022,C0218W03
980.0,1304.0,1399.0,818.0,1119.0,1250.0,1204.0,1102.0,943.0,1347.0,1188.0,1106.0,941.0,1590.0,995.0,1424.0,1258.0,1201.0,1011.0,1029.0,1274.0,912.0,979.0,1167.0,1358.0,1145.0,922.0,892.0,1280.0,1063.0,946.0,1349.0,1168.0,909.0,781.0,1059.0,1335.0,1062.0,987.0,1337.0,1338.0,989.0,1567.0,1000.0,1301.0,959.0,968.0,970.0,1195.0,1103.0,1278.0,808.0,837.0,967.0,1403.0,926.0,986.0,1430.0,925.0,1237.0,1027.0,00000000000000000286,384.25684417769,C0218W05
951.0,1252.0,1377.0,804.0,1100.0,1238.0,1183.0,1061.0,887.0,1341.0,1199.0,1076.0,928.0,1512.0,988.0,1383.0,1170.0,1145.0,1016.0,971.0,1261.0,908.0,970.0,1145.0,1251.0,1093.0,900.0,856.0,1288.0,1035.0,883.0,1334.0,1108.0,907.0,753.0,1024.0,1347.0,1006.0,929.0,1313.0,1343.0,952.0,1539.0,997.0,1274.0,960.0,958.0,968.0,1210.0,1072.0,1235.0,763.0,816.0,937.0,1309.0,894.0,923.0,1391.0,888.0,1255.0,1023.0,00000000000000000287,176.018706126348,C0219C02
953.0,1254.0,1376.0,804.0,1108.0,1239.0,1185.0,1071.0,888.0,1344.0,1194.0,1075.0,927.0,1516.0,993.0,1386.0,1174.0,1147.0,1019.0,975.0,1262.0,908.0,979.0,1142.0,1260.0,1096.0,908.0,856.0,1286.0,1038.0,888.0,1333.0,1110.0,911.0,755.0,1024.0,1342.0,1009.0,939.0,1310.0,1340.0,955.0,1540.0,998.0,1273.0,967.0,957.0,965.0,1207.0,1071.0,1237.0,767.0,824.0,941.0,1316.0,896.0,928.0,1388.0,895.0,1250.0,1020.0,00000000000000000288,76.1357138096967,C0219C03
959.0,1338.0,1438.0,793.0,1004.0,1143.0,1116.0,1018.0,846.0,1301.0,1273.0,1087.0,889.0,1324.0,1015.0,1465.0,1265.0,1088.0,999.0,920.0,1368.0,909.0,977.0,1186.0,1165.0,1000.0,904.0,835.0,1455.0,980.0,882.0,1482.0,1158.0,941.0,787.0,991.0,1319.0,972.0,857.0,1411.0,1319.0,897.0,1382.0,1007.0,1217.0,946.0,961.0,944.0,1236.0,1074.0,1354.0,745.0,794.0,865.0,1345.0,893.0,945.0,1279.0,878.0,1236.0,1050.0,00000000000000000289,135.152351396309,C0219C04
965.0,1424.0,1379.0,806.0,1132.0,1248.0,1213.0,1139.0,981.0,1371.0,1194.0,1085.0,948.0,1628.0,975.0,1498.0,1340.0,1203.0,983.0,1039.0,1332.0,869.0,977.0,1147.0,1441.0,1158.0,953.0,914.0,1316.0,1095.0,963.0,1369.0,1182.0,893.0,771.0,1078.0,1331.0,1089.0,1025.0,1348.0,1427.0,983.0,1605.0,1001.0,1343.0,957.0,954.0,945.0,1183.0,1082.0,1347.0,817.0,838.0,962.0,1499.0,913.0,1005.0,1402.0,948.0,1236.0,1023.0,0000000000000000028a,96.4262108127908,C0219C05
914.0,1492.0,1358.0,770.0,1063.0,1141.0,1182.0,1143.0,935.0,1300.0,1157.0,1043.0,892.0,1488.0,962.0,1558.0,1371.0,1184.0,918.0,1010.0,1339.0,850.0,962.0,1125.0,1452.0,1067.0,939.0,855.0,1330.0,1083.0,952.0,1378.0,1166.0,850.0,709.0,1065.0,1317.0,1076.0,1044.0,1289.0,1381.0,888.0,1491.0,930.0,1323.0,928.0,915.0,917.0,1149.0,1050.0,1362.0,761.0,808.0,936.0,1529.0,892.0,991.0,1235.0,924.0,1201.0,987.0,0000000000000000028b,24.8720791203207,C0219C06
530.0,857.0,914.0,419.0,531.0,689.0,689.0,565.0,462.0,754.0,845.0,640.0,506.0,732.0,560.0,995.0,751.0,613.0,579.0,497.0,889.0,514.0,530.0,699.0,651.0,505.0,470.0,453.0,985.0,561.0,493.0,987.0,673.0,499.0,415.0,568.0,893.0,550.0,431.0,896.0,836.0,493.0,948.0,625.0,789.0,504.0,556.0,556.0,808.0,596.0,851.0,380.0,379.0,444.0,841.0,472.0,545.0,801.0,448.0,808.0,622.0,0000000000000000028c,225.909350494565,C0219F02
539.0,847.0,907.0,431.0,540.0,686.0,682.0,559.0,468.0,774.0,807.0,632.0,508.0,754.0,544.0,962.0,762.0,623.0,577.0,510.0,865.0,519.0,523.0,703.0,677.0,517.0,472.0,460.0,944.0,569.0,495.0,972.0,681.0,494.0,428.0,560.0,863.0,553.0,437.0,884.0,821.0,488.0,939.0,614.0,775.0,501.0,549.0,549.0,780.0,616.0,857.0,399.0,394.0,456.0,856.0,496.0,539.0,790.0,451.0,783.0,605.0,0000000000000000028d,108.057579037536,C0219F03
766.0,1020.0,1152.0,631.0,827.0,967.0,894.0,786.0,683.0,1005.0,994.0,881.0,694.0,1193.0,788.0,1153.0,981.0,883.0,772.0,745.0,1045.0,736.0,740.0,956.0,927.0,869.0,679.0,669.0,1115.0,763.0,706.0,1146.0,927.0,722.0,616.0,784.0,1069.0,766.0,674.0,1120.0,1027.0,769.0,1217.0,757.0,978.0,718.0,772.0,767.0,977.0,861.0,1028.0,590.0,609.0,677.0,1040.0,714.0,755.0,1134.0,677.0,986.0,823.0,0000000000000000028f,164.592538585151,C0219F05
732.0,996.0,1128.0,597.0,776.0,915.0,848.0,744.0,642.0,929.0,977.0,846.0,672.0,1010.0,753.0,1132.0,960.0,837.0,732.0,697.0,1025.0,705.0,700.0,934.0,863.0,752.0,639.0,633.0,1112.0,723.0,682.0,1146.0,907.0,691.0,600.0,734.0,1041.0,725.0,619.0,1102.0,976.0,695.0,1125.0,772.0,941.0,674.0,742.0,742.0,950.0,828.0,1018.0,564.0,565.0,611.0,1010.0,680.0,737.0,1036.0,637.0,950.0,787.0,00000000000000000290,260.463555254492,C0219F06
884.0,1145.0,1313.0,721.0,918.0,1071.0,991.0,881.0,770.0,1110.0,1125.0,1008.0,788.0,1306.0,893.0,1282.0,1139.0,1001.0,869.0,846.0,1173.0,839.0,835.0,1104.0,1038.0,973.0,768.0,760.0,1262.0,853.0,808.0,1310.0,1076.0,826.0,720.0,875.0,1190.0,859.0,749.0,1286.0,1124.0,870.0,1344.0,861.0,1087.0,806.0,879.0,870.0,1096.0,992.0,1179.0,680.0,691.0,752.0,1171.0,827.0,867.0,1269.0,768.0,1096.0,932.0,00000000000000000291,114.311183503406,C0219F07
805.0,1179.0,1266.0,662.0,845.0,997.0,963.0,868.0,714.0,1093.0,1128.0,932.0,773.0,1098.0,868.0,1311.0,1078.0,925.0,853.0,766.0,1215.0,776.0,832.0,1025.0,985.0,802.0,760.0,703.0,1316.0,834.0,748.0,1313.0,996.0,795.0,655.0,842.0,1176.0,822.0,711.0,1238.0,1164.0,751.0,1227.0,894.0,1061.0,802.0,822.0,817.0,1090.0,906.0,1176.0,613.0,649.0,718.0,1167.0,737.0,805.0,1118.0,732.0,1095.0,906.0,00000000000000000292,138.25234338649,C0219F08
688.0,938.0,1038.0,559.0,856.0,969.0,910.0,827.0,661.0,1031.0,863.0,809.0,652.0,1265.0,716.0,1096.0,829.0,858.0,739.0,738.0,941.0,671.0,723.0,814.0,986.0,851.0,649.0,619.0,940.0,755.0,679.0,972.0,807.0,625.0,529.0,754.0,1036.0,755.0,700.0,949.0,1016.0,745.0,1246.0,692.0,991.0,705.0,714.0,720.0,893.0,759.0,877.0,563.0,569.0,695.0,1017.0,631.0,718.0,1100.0,637.0,937.0,731.0,00000000000000000293,85.7781233115576,C0219F09
773.0,1131.0,1224.0,640.0,858.0,985.0,938.0,838.0,691.0,1125.0,1087.0,888.0,729.0,1159.0,826.0,1252.0,1043.0,901.0,838.0,743.0,1166.0,745.0,806.0,987.0,982.0,833.0,740.0,679.0,1257.0,823.0,707.0,1253.0,961.0,759.0,618.0,811.0,1140.0,794.0,693.0,1194.0,1130.0,739.0,1194.0,803.0,1031.0,777.0,784.0,785.0,1057.0,879.0,1128.0,585.0,631.0,706.0,1129.0,711.0,753.0,1080.0,708.0,1068.0,867.0,00000000000000000294,63.2927907337136,C0219F10
663.0,1005.0,1112.0,539.0,716.0,862.0,816.0,721.0,586.0,956.0,980.0,782.0,630.0,965.0,722.0,1133.0,917.0,776.0,717.0,627.0,1044.0,643.0,697.0,876.0,834.0,676.0,629.0,577.0,1153.0,698.0,614.0,1145.0,849.0,654.0,527.0,699.0,1027.0,680.0,576.0,1084.0,995.0,628.0,1082.0,723.0,905.0,664.0,681.0,686.0,943.0,757.0,1006.0,489.0,518.0,585.0,997.0,599.0,662.0,964.0,600.0,952.0,765.0,00000000000000000295,204.620773715794,C0219F11
623.0,971.0,1043.0,493.0,613.0,778.0,787.0,654.0,535.0,898.0,930.0,730.0,595.0,870.0,632.0,1106.0,879.0,716.0,673.0,590.0,998.0,595.0,611.0,807.0,784.0,598.0,551.0,527.0,1087.0,658.0,569.0,1121.0,783.0,573.0,492.0,654.0,992.0,646.0,506.0,1017.0,949.0,561.0,1084.0,716.0,894.0,586.0,629.0,629.0,900.0,708.0,991.0,458.0,456.0,535.0,984.0,573.0,620.0,907.0,523.0,903.0,705.0,00000000000000000296,93.1389209040515,C0219F12
835.0,1209.0,1342.0,666.0,808.0,991.0,1019.0,858.0,727.0,1162.0,1138.0,961.0,792.0,1151.0,829.0,1339.0,1160.0,973.0,867.0,797.0,1223.0,788.0,808.0,1069.0,1046.0,806.0,730.0,707.0,1299.0,858.0,760.0,1398.0,1040.0,751.0,670.0,859.0,1223.0,850.0,682.0,1303.0,1179.0,750.0,1368.0,924.0,1129.0,779.0,828.0,839.0,1109.0,955.0,1251.0,629.0,623.0,724.0,1251.0,778.0,815.0,1198.0,702.0,1119.0,898.0,00000000000000000297,115.920355376861,C0219P01
939.0,1338.0,1443.0,780.0,1008.0,1146.0,1109.0,1013.0,834.0,1308.0,1280.0,1069.0,879.0,1329.0,1006.0,1466.0,1256.0,1081.0,998.0,899.0,1372.0,898.0,976.0,1182.0,1162.0,984.0,901.0,823.0,1471.0,978.0,862.0,1485.0,1153.0,931.0,766.0,984.0,1328.0,964.0,845.0,1415.0,1323.0,885.0,1397.0,993.0,1214.0,944.0,947.0,936.0,1242.0,1062.0,1350.0,723.0,780.0,858.0,1340.0,869.0,921.0,1269.0,866.0,1247.0,1049.0,00000000000000000298,50.6150485457661,C0219P02
911.0,1318.0,1308.0,762.0,1089.0,1186.0,1142.0,1080.0,918.0,1310.0,1120.0,1030.0,885.0,1543.0,932.0,1411.0,1223.0,1120.0,935.0,977.0,1253.0,835.0,932.0,1067.0,1333.0,1087.0,895.0,854.0,1241.0,1014.0,908.0,1284.0,1086.0,844.0,726.0,1004.0,1262.0,1017.0,962.0,1257.0,1333.0,944.0,1520.0,938.0,1265.0,915.0,909.0,910.0,1123.0,1008.0,1240.0,770.0,789.0,909.0,1389.0,856.0,953.0,1339.0,884.0,1170.0,960.0,00000000000000000299,43.230523095424,C0219P04
779.0,1135.0,1225.0,645.0,869.0,996.0,948.0,848.0,698.0,1134.0,1089.0,894.0,736.0,1175.0,832.0,1257.0,1044.0,910.0,845.0,754.0,1168.0,750.0,812.0,990.0,993.0,844.0,746.0,685.0,1254.0,832.0,714.0,1251.0,964.0,764.0,622.0,819.0,1149.0,803.0,705.0,1193.0,1139.0,748.0,1210.0,811.0,1044.0,784.0,789.0,790.0,1062.0,884.0,1129.0,593.0,639.0,716.0,1136.0,718.0,760.0,1092.0,716.0,1076.0,870.0,0000000000000000029a,58.7033902553205,C0219P06
846.0,1320.0,1221.0,719.0,1020.0,1110.0,1085.0,1037.0,890.0,1236.0,1069.0,951.0,824.0,1455.0,870.0,1382.0,1200.0,1057.0,866.0,919.0,1218.0,777.0,876.0,995.0,1305.0,1030.0,857.0,823.0,1199.0,990.0,869.0,1234.0,1031.0,793.0,682.0,958.0,1211.0,976.0,932.0,1193.0,1333.0,875.0,1454.0,875.0,1225.0,861.0,862.0,844.0,1060.0,933.0,1238.0,730.0,750.0,857.0,1367.0,797.0,907.0,1210.0,855.0,1119.0,902.0,0000000000000000029b,49.5250694043504,C0219R01
517.0,958.0,887.0,437.0,653.0,811.0,841.0,716.0,549.0,870.0,743.0,594.0,557.0,1029.0,539.0,1016.0,858.0,755.0,634.0,596.0,862.0,484.0,585.0,678.0,994.0,612.0,564.0,499.0,831.0,754.0,547.0,851.0,708.0,471.0,405.0,704.0,901.0,719.0,609.0,828.0,933.0,518.0,929.0,611.0,919.0,571.0,533.0,518.0,753.0,645.0,856.0,450.0,460.0,643.0,996.0,497.0,565.0,821.0,524.0,815.0,638.0,0000000000000000029d,36.8955149250256,C0219R05
638.0,990.0,955.0,532.0,801.0,905.0,867.0,796.0,669.0,976.0,815.0,737.0,605.0,1201.0,662.0,1088.0,865.0,807.0,666.0,701.0,923.0,602.0,663.0,746.0,999.0,804.0,629.0,614.0,907.0,753.0,656.0,931.0,765.0,585.0,499.0,726.0,979.0,737.0,702.0,902.0,1037.0,684.0,1182.0,654.0,970.0,654.0,665.0,657.0,825.0,693.0,905.0,543.0,547.0,648.0,1039.0,587.0,691.0,986.0,628.0,884.0,679.0,000000000000000002a0,32.6251989566977,C0219R11
846.0,1138.0,1203.0,710.0,941.0,1071.0,1031.0,928.0,821.0,1122.0,1043.0,960.0,795.0,1343.0,852.0,1221.0,1091.0,1019.0,854.0,878.0,1099.0,788.0,823.0,1007.0,1146.0,992.0,783.0,783.0,1120.0,917.0,819.0,1177.0,1001.0,782.0,677.0,912.0,1163.0,905.0,831.0,1170.0,1183.0,854.0,1346.0,863.0,1126.0,809.0,846.0,844.0,1039.0,940.0,1118.0,696.0,708.0,810.0,1202.0,799.0,854.0,1208.0,791.0,1078.0,891.0,000000000000000002a1,272.606939306781,C0219R12
669.0,1203.0,1141.0,566.0,834.0,1033.0,1069.0,916.0,707.0,1115.0,946.0,767.0,705.0,1324.0,696.0,1283.0,1101.0,977.0,815.0,770.0,1088.0,629.0,755.0,882.0,1273.0,794.0,726.0,641.0,1050.0,958.0,693.0,1093.0,917.0,607.0,516.0,886.0,1145.0,907.0,783.0,1063.0,1170.0,659.0,1199.0,789.0,1171.0,735.0,689.0,666.0,966.0,840.0,1094.0,573.0,596.0,815.0,1267.0,644.0,720.0,1059.0,673.0,1038.0,805.0,000000000000000002a2,32.6888612785065,C0219R18
755.0,1270.0,1166.0,632.0,902.0,1019.0,1049.0,991.0,805.0,1097.0,972.0,864.0,766.0,1336.0,789.0,1362.0,1174.0,1043.0,812.0,848.0,1147.0,710.0,826.0,983.0,1250.0,918.0,789.0,710.0,1118.0,948.0,811.0,1150.0,1016.0,672.0,593.0,940.0,1144.0,975.0,883.0,1082.0,1151.0,748.0,1285.0,800.0,1170.0,783.0,796.0,753.0,995.0,912.0,1139.0,642.0,655.0,845.0,1258.0,733.0,854.0,1109.0,749.0,1028.0,861.0,000000000000000002a3,80.188325761965,C0219R21
893.0,1426.0,1305.0,754.0,1017.0,1143.0,1182.0,1151.0,933.0,1170.0,1099.0,1048.0,884.0,1425.0,945.0,1526.0,1331.0,1189.0,905.0,1012.0,1269.0,863.0,955.0,1132.0,1384.0,1049.0,911.0,834.0,1259.0,1080.0,983.0,1286.0,1167.0,810.0,709.0,1078.0,1282.0,1112.0,1050.0,1207.0,1269.0,883.0,1391.0,905.0,1291.0,907.0,933.0,903.0,1109.0,1045.0,1259.0,756.0,781.0,950.0,1403.0,892.0,1039.0,1207.0,896.0,1146.0,998.0,000000000000000002a4,48.3935993036932,C0219R22
772.0,1261.0,1153.0,662.0,920.0,1024.0,1030.0,1000.0,839.0,1101.0,975.0,874.0,797.0,1319.0,818.0,1348.0,1162.0,1027.0,828.0,858.0,1158.0,739.0,847.0,974.0,1214.0,930.0,810.0,736.0,1133.0,943.0,833.0,1153.0,1004.0,708.0,623.0,938.0,1131.0,971.0,907.0,1082.0,1153.0,773.0,1292.0,823.0,1149.0,802.0,822.0,791.0,1003.0,911.0,1141.0,668.0,695.0,851.0,1235.0,751.0,880.0,1100.0,780.0,1025.0,871.0,000000000000000002a5,64.3030778016388,C0219R23
486.0,771.0,855.0,388.0,501.0,642.0,622.0,524.0,428.0,679.0,769.0,590.0,463.0,674.0,527.0,898.0,681.0,567.0,523.0,454.0,806.0,476.0,496.0,654.0,596.0,462.0,438.0,420.0,906.0,506.0,455.0,894.0,630.0,469.0,381.0,516.0,813.0,499.0,403.0,829.0,757.0,455.0,858.0,567.0,704.0,471.0,512.0,517.0,733.0,551.0,763.0,348.0,353.0,412.0,754.0,430.0,499.0,744.0,420.0,738.0,572.0,000000000000000002a7,196.489448079583,C0220F01
526.0,853.0,910.0,412.0,520.0,677.0,683.0,553.0,451.0,773.0,826.0,625.0,503.0,747.0,539.0,985.0,755.0,606.0,575.0,495.0,883.0,502.0,518.0,692.0,663.0,503.0,462.0,443.0,971.0,558.0,483.0,993.0,669.0,485.0,412.0,559.0,879.0,546.0,423.0,889.0,834.0,479.0,956.0,616.0,784.0,494.0,537.0,537.0,797.0,598.0,864.0,381.0,376.0,447.0,855.0,480.0,530.0,786.0,438.0,797.0,606.0,000000000000000002a8,313.875422774236,C0220F02
396.0,656.0,832.0,312.0,433.0,573.0,519.0,447.0,349.0,643.0,696.0,514.0,320.0,676.0,457.0,800.0,603.0,484.0,433.0,359.0,700.0,401.0,422.0,592.0,496.0,427.0,363.0,340.0,822.0,392.0,377.0,831.0,564.0,392.0,297.0,425.0,739.0,405.0,317.0,800.0,644.0,392.0,737.0,431.0,591.0,391.0,440.0,431.0,642.0,464.0,673.0,261.0,262.0,307.0,663.0,332.0,423.0,668.0,345.0,653.0,494.0,000000000000000002aa,137.107867918447,C0220R01
386.0,642.0,784.0,300.0,414.0,561.0,513.0,428.0,340.0,607.0,673.0,491.0,340.0,632.0,434.0,774.0,582.0,471.0,428.0,354.0,683.0,387.0,409.0,564.0,496.0,398.0,354.0,332.0,794.0,393.0,362.0,792.0,542.0,377.0,292.0,418.0,713.0,400.0,312.0,755.0,632.0,375.0,722.0,438.0,587.0,379.0,426.0,418.0,626.0,453.0,650.0,260.0,263.0,312.0,641.0,329.0,406.0,644.0,336.0,635.0,480.0,000000000000000002ab,201.876792551462,C0220R02
475.0,1025.0,996.0,357.0,497.0,681.0,693.0,558.0,451.0,1023.0,806.0,616.0,518.0,930.0,494.0,1086.0,861.0,669.0,633.0,556.0,1007.0,406.0,535.0,705.0,819.0,471.0,507.0,426.0,1025.0,634.0,474.0,1119.0,729.0,425.0,373.0,555.0,870.0,555.0,438.0,988.0,1048.0,419.0,993.0,599.0,767.0,481.0,490.0,462.0,772.0,566.0,1105.0,381.0,330.0,553.0,1023.0,469.0,497.0,742.0,441.0,823.0,642.0,000000000000000002ac,64.7136318088332,C0301C01
393.0,905.0,816.0,275.0,467.0,621.0,610.0,517.0,393.0,918.0,597.0,512.0,429.0,892.0,410.0,965.0,738.0,588.0,492.0,510.0,865.0,334.0,450.0,551.0,768.0,463.0,392.0,365.0,846.0,562.0,467.0,942.0,607.0,320.0,312.0,494.0,714.0,511.0,442.0,778.0,921.0,399.0,863.0,442.0,671.0,401.0,447.0,432.0,588.0,441.0,993.0,344.0,268.0,507.0,966.0,417.0,478.0,688.0,354.0,665.0,512.0,000000000000000002ad,75.2276453853576,C0301C02
453.0,948.0,963.0,355.0,481.0,674.0,645.0,487.0,409.0,941.0,798.0,577.0,500.0,882.0,474.0,1010.0,758.0,622.0,628.0,484.0,941.0,398.0,497.0,682.0,707.0,453.0,496.0,382.0,1014.0,559.0,424.0,1065.0,711.0,427.0,370.0,491.0,819.0,491.0,355.0,924.0,938.0,408.0,982.0,583.0,698.0,460.0,447.0,447.0,767.0,562.0,962.0,354.0,322.0,486.0,900.0,424.0,467.0,716.0,422.0,774.0,608.0,000000000000000002ae,62.8916393257354,C0301C03
469.0,745.0,1023.0,376.0,535.0,682.0,599.0,536.0,420.0,744.0,800.0,621.0,353.0,878.0,558.0,919.0,718.0,579.0,494.0,423.0,805.0,487.0,524.0,719.0,580.0,546.0,444.0,408.0,976.0,437.0,442.0,1004.0,693.0,479.0,352.0,504.0,839.0,469.0,381.0,983.0,734.0,483.0,854.0,467.0,658.0,475.0,540.0,508.0,731.0,548.0,789.0,305.0,326.0,358.0,773.0,389.0,509.0,821.0,419.0,743.0,602.0,000000000000000002af,44.9164231927447,C0301C05
430.0,641.0,817.0,336.0,452.0,595.0,552.0,484.0,380.0,638.0,715.0,565.0,441.0,618.0,504.0,783.0,576.0,499.0,510.0,394.0,702.0,434.0,474.0,606.0,482.0,399.0,442.0,369.0,814.0,436.0,400.0,813.0,591.0,439.0,333.0,463.0,735.0,442.0,330.0,775.0,641.0,412.0,797.0,510.0,586.0,442.0,478.0,467.0,675.0,469.0,667.0,288.0,297.0,368.0,623.0,357.0,468.0,668.0,384.0,665.0,568.0,000000000000000002b0,67.0831387273423,C0301C06
471.0,754.0,997.0,372.0,542.0,691.0,623.0,552.0,429.0,746.0,788.0,616.0,359.0,883.0,554.0,940.0,709.0,587.0,497.0,436.0,805.0,491.0,521.0,704.0,602.0,549.0,437.0,406.0,949.0,452.0,448.0,978.0,698.0,470.0,347.0,506.0,842.0,481.0,399.0,946.0,710.0,484.0,846.0,456.0,683.0,472.0,540.0,515.0,729.0,546.0,769.0,315.0,330.0,369.0,786.0,393.0,516.0,833.0,420.0,739.0,587.0,000000000000000002b1,69.1948778317505,C0301C07
407.0,706.0,746.0,309.0,498.0,635.0,632.0,546.0,417.0,718.0,586.0,520.0,345.0,845.0,454.0,883.0,577.0,550.0,457.0,459.0,693.0,416.0,458.0,520.0,692.0,508.0,381.0,371.0,698.0,475.0,423.0,730.0,569.0,361.0,288.0,472.0,740.0,487.0,443.0,666.0,669.0,423.0,749.0,374.0,686.0,409.0,466.0,458.0,592.0,434.0,651.0,324.0,311.0,425.0,760.0,362.0,470.0,698.0,378.0,640.0,467.0,000000000000000002b2,13.8559693867097,C0301C08
354.0,611.0,818.0,277.0,455.0,597.0,470.0,412.0,325.0,629.0,623.0,487.0,375.0,591.0,433.0,720.0,519.0,468.0,446.0,331.0,665.0,372.0,412.0,571.0,424.0,396.0,389.0,301.0,763.0,337.0,336.0,808.0,570.0,375.0,276.0,384.0,623.0,373.0,245.0,746.0,598.0,349.0,798.0,423.0,455.0,378.0,407.0,407.0,578.0,434.0,651.0,238.0,233.0,305.0,579.0,277.0,409.0,617.0,327.0,544.0,509.0,000000000000000002b3,52.113938496554,C0301C09
376.0,649.0,829.0,307.0,471.0,616.0,494.0,435.0,353.0,685.0,626.0,509.0,411.0,728.0,451.0,758.0,547.0,485.0,458.0,349.0,698.0,399.0,430.0,588.0,459.0,434.0,408.0,330.0,793.0,362.0,360.0,836.0,583.0,394.0,302.0,399.0,626.0,392.0,273.0,761.0,633.0,404.0,812.0,473.0,473.0,397.0,434.0,434.0,583.0,452.0,686.0,261.0,257.0,322.0,629.0,305.0,430.0,687.0,348.0,551.0,519.0,000000000000000002b4,25.8801374446673,C0301C10
554.0,908.0,983.0,422.0,543.0,727.0,729.0,586.0,467.0,816.0,896.0,671.0,526.0,785.0,573.0,1059.0,803.0,637.0,609.0,518.0,943.0,521.0,549.0,737.0,693.0,527.0,484.0,458.0,1047.0,589.0,506.0,1080.0,709.0,510.0,424.0,592.0,948.0,573.0,438.0,963.0,885.0,506.0,1036.0,658.0,835.0,521.0,566.0,566.0,856.0,626.0,919.0,388.0,384.0,461.0,915.0,493.0,561.0,847.0,456.0,856.0,648.0,000000000000000002b6,98.4105730235502,C0301P03
481.0,729.0,889.0,377.0,485.0,647.0,625.0,526.0,419.0,644.0,800.0,615.0,465.0,654.0,533.0,876.0,654.0,543.0,534.0,440.0,776.0,482.0,504.0,656.0,542.0,450.0,433.0,402.0,913.0,489.0,449.0,904.0,633.0,460.0,361.0,519.0,838.0,491.0,370.0,855.0,717.0,456.0,859.0,580.0,695.0,464.0,531.0,535.0,746.0,521.0,735.0,318.0,313.0,389.0,721.0,409.0,509.0,763.0,408.0,757.0,601.0,000000000000000002b7,141.76232922004,C0301P04
450.0,950.0,949.0,351.0,477.0,667.0,642.0,488.0,408.0,940.0,792.0,571.0,497.0,868.0,469.0,1009.0,764.0,621.0,624.0,485.0,938.0,393.0,496.0,676.0,715.0,450.0,491.0,383.0,1005.0,566.0,424.0,1060.0,704.0,422.0,365.0,492.0,816.0,492.0,362.0,919.0,942.0,402.0,969.0,582.0,701.0,457.0,444.0,443.0,762.0,558.0,966.0,353.0,322.0,488.0,909.0,426.0,461.0,704.0,420.0,774.0,601.0,000000000000000002b8,24.4580257150156,C0301P07
463.0,1014.0,985.0,345.0,483.0,663.0,676.0,542.0,439.0,1013.0,801.0,606.0,507.0,918.0,482.0,1076.0,854.0,660.0,619.0,546.0,998.0,393.0,521.0,700.0,806.0,459.0,493.0,415.0,1016.0,620.0,465.0,1113.0,725.0,414.0,366.0,541.0,863.0,541.0,427.0,980.0,1034.0,409.0,982.0,585.0,757.0,466.0,479.0,450.0,764.0,556.0,1102.0,373.0,318.0,540.0,1015.0,460.0,488.0,734.0,430.0,816.0,630.0,000000000000000002b9,41.924198408915,C0301P08
372.0,620.0,715.0,300.0,380.0,508.0,491.0,411.0,330.0,562.0,644.0,469.0,362.0,547.0,419.0,726.0,547.0,443.0,426.0,342.0,654.0,376.0,392.0,528.0,467.0,350.0,342.0,323.0,749.0,394.0,350.0,733.0,505.0,364.0,282.0,401.0,673.0,382.0,301.0,691.0,612.0,350.0,702.0,451.0,563.0,365.0,415.0,415.0,603.0,428.0,617.0,252.0,255.0,308.0,609.0,320.0,388.0,601.0,325.0,611.0,463.0,000000000000000002ba,72.6503914434142,C0301P09
400.0,749.0,801.0,305.0,451.0,590.0,558.0,493.0,390.0,744.0,613.0,527.0,389.0,766.0,448.0,858.0,632.0,534.0,474.0,435.0,751.0,395.0,452.0,574.0,607.0,444.0,408.0,356.0,803.0,450.0,405.0,850.0,605.0,375.0,306.0,450.0,651.0,461.0,371.0,750.0,724.0,401.0,759.0,439.0,561.0,403.0,450.0,434.0,588.0,452.0,792.0,310.0,282.0,411.0,764.0,355.0,460.0,656.0,371.0,595.0,518.0,000000000000000002bb,82.0103816397523,C0301R03
444.0,665.0,824.0,341.0,461.0,614.0,567.0,487.0,384.0,647.0,734.0,575.0,453.0,633.0,509.0,799.0,587.0,509.0,532.0,409.0,725.0,437.0,482.0,611.0,502.0,414.0,451.0,373.0,834.0,460.0,397.0,822.0,597.0,445.0,339.0,477.0,753.0,457.0,338.0,784.0,665.0,414.0,799.0,532.0,610.0,451.0,479.0,469.0,696.0,480.0,675.0,296.0,306.0,385.0,633.0,373.0,467.0,674.0,392.0,686.0,580.0,000000000000000002bc,40.3902922105341,C0301R05
376.0,707.0,811.0,295.0,401.0,586.0,514.0,401.0,330.0,689.0,727.0,494.0,429.0,633.0,432.0,790.0,545.0,491.0,548.0,367.0,751.0,350.0,430.0,576.0,486.0,362.0,430.0,301.0,857.0,424.0,348.0,840.0,595.0,388.0,318.0,401.0,718.0,401.0,261.0,742.0,694.0,359.0,840.0,500.0,573.0,401.0,388.0,389.0,690.0,472.0,689.0,282.0,281.0,376.0,605.0,317.0,409.0,623.0,358.0,662.0,534.0,000000000000000002bd,32.0819462192903,C0301R06
445.0,715.0,883.0,365.0,488.0,630.0,569.0,501.0,402.0,669.0,747.0,574.0,396.0,773.0,524.0,851.0,656.0,548.0,497.0,408.0,767.0,459.0,491.0,645.0,573.0,484.0,434.0,393.0,893.0,446.0,422.0,901.0,626.0,461.0,347.0,474.0,768.0,450.0,366.0,862.0,715.0,445.0,831.0,494.0,626.0,444.0,497.0,473.0,696.0,510.0,743.0,300.0,327.0,369.0,723.0,380.0,473.0,729.0,404.0,697.0,551.0,000000000000000002be,11.4388258832326,C0301R07
419.0,922.0,981.0,328.0,480.0,664.0,604.0,464.0,380.0,925.0,775.0,562.0,472.0,883.0,446.0,985.0,705.0,592.0,599.0,442.0,934.0,374.0,469.0,667.0,645.0,435.0,478.0,347.0,1000.0,486.0,392.0,1049.0,698.0,401.0,352.0,451.0,796.0,454.0,296.0,916.0,898.0,382.0,960.0,533.0,651.0,435.0,423.0,421.0,741.0,536.0,913.0,324.0,282.0,451.0,833.0,378.0,451.0,710.0,387.0,733.0,593.0,000000000000000002bf,72.9112495514091,C0301R08
453.0,662.0,825.0,362.0,471.0,613.0,572.0,503.0,399.0,643.0,738.0,585.0,448.0,630.0,529.0,794.0,595.0,520.0,530.0,412.0,716.0,458.0,498.0,623.0,510.0,422.0,455.0,388.0,839.0,463.0,421.0,824.0,609.0,462.0,350.0,481.0,757.0,461.0,354.0,790.0,662.0,432.0,796.0,536.0,614.0,455.0,501.0,496.0,695.0,485.0,678.0,307.0,321.0,384.0,648.0,382.0,487.0,689.0,408.0,690.0,582.0,000000000000000002c0,25.797557421675,C0301R09
417.0,882.0,795.0,299.0,501.0,639.0,632.0,547.0,429.0,908.0,587.0,532.0,409.0,900.0,431.0,949.0,734.0,606.0,495.0,526.0,859.0,370.0,473.0,552.0,807.0,497.0,413.0,390.0,808.0,592.0,467.0,919.0,598.0,338.0,313.0,519.0,724.0,531.0,480.0,784.0,919.0,414.0,872.0,463.0,692.0,421.0,466.0,428.0,592.0,467.0,961.0,359.0,298.0,521.0,974.0,421.0,476.0,701.0,391.0,672.0,515.0,000000000000000002c1,41.1917119307585,C0301R10
492.0,767.0,999.0,400.0,554.0,693.0,613.0,554.0,444.0,765.0,815.0,646.0,401.0,875.0,579.0,932.0,720.0,604.0,527.0,448.0,830.0,511.0,543.0,722.0,617.0,556.0,475.0,433.0,983.0,466.0,464.0,1002.0,698.0,508.0,377.0,521.0,840.0,495.0,396.0,973.0,766.0,494.0,896.0,504.0,668.0,487.0,556.0,530.0,753.0,558.0,810.0,323.0,351.0,394.0,786.0,415.0,527.0,812.0,441.0,754.0,614.0,000000000000000002c2,6.51749023229538,C0301R12
414.0,632.0,786.0,319.0,437.0,582.0,536.0,463.0,360.0,625.0,704.0,541.0,429.0,599.0,483.0,762.0,554.0,484.0,501.0,384.0,690.0,412.0,458.0,581.0,471.0,385.0,427.0,350.0,797.0,431.0,377.0,792.0,570.0,421.0,320.0,450.0,723.0,430.0,318.0,746.0,632.0,393.0,774.0,501.0,581.0,427.0,453.0,443.0,666.0,455.0,648.0,278.0,287.0,360.0,607.0,346.0,446.0,639.0,370.0,657.0,549.0,000000000000000002c3,20.3730439000385,C0301R16
443.0,878.0,960.0,360.0,455.0,673.0,645.0,472.0,391.0,884.0,824.0,564.0,508.0,794.0,473.0,951.0,683.0,601.0,649.0,443.0,903.0,401.0,492.0,679.0,638.0,420.0,512.0,360.0,997.0,523.0,395.0,1014.0,698.0,434.0,374.0,479.0,824.0,479.0,304.0,874.0,859.0,405.0,1029.0,591.0,689.0,472.0,432.0,431.0,795.0,573.0,868.0,343.0,324.0,469.0,796.0,387.0,454.0,701.0,410.0,766.0,614.0,000000000000000002c5,213.339575523648,C0301W02
507.0,764.0,934.0,405.0,514.0,676.0,653.0,558.0,450.0,681.0,836.0,648.0,488.0,690.0,564.0,918.0,690.0,578.0,558.0,464.0,813.0,516.0,535.0,700.0,573.0,475.0,459.0,433.0,953.0,511.0,481.0,951.0,671.0,487.0,386.0,544.0,876.0,517.0,395.0,899.0,752.0,487.0,904.0,605.0,729.0,492.0,568.0,572.0,779.0,555.0,775.0,341.0,334.0,409.0,763.0,432.0,544.0,810.0,432.0,791.0,628.0,000000000000000002c6,209.165926387502,C0301W04
492.0,978.0,1040.0,391.0,510.0,757.0,719.0,522.0,422.0,974.0,918.0,616.0,561.0,875.0,513.0,1053.0,760.0,667.0,720.0,492.0,1006.0,433.0,542.0,744.0,712.0,480.0,563.0,391.0,1100.0,594.0,435.0,1105.0,763.0,473.0,414.0,532.0,918.0,532.0,342.0,953.0,959.0,445.0,1122.0,662.0,781.0,522.0,464.0,456.0,889.0,639.0,956.0,382.0,362.0,522.0,881.0,435.0,498.0,763.0,451.0,859.0,668.0,000000000000000002c7,27.2686870415002,C0301W05
482.0,1023.0,1093.0,380.0,499.0,752.0,732.0,528.0,425.0,992.0,932.0,621.0,556.0,893.0,499.0,1082.0,759.0,665.0,732.0,491.0,1030.0,427.0,532.0,752.0,703.0,456.0,564.0,380.0,1127.0,578.0,416.0,1150.0,783.0,472.0,412.0,514.0,941.0,523.0,316.0,983.0,984.0,438.0,1162.0,665.0,793.0,518.0,462.0,450.0,907.0,632.0,971.0,366.0,339.0,512.0,877.0,427.0,497.0,774.0,440.0,865.0,668.0,000000000000000002c8,811.737156521481,C0301W07
434.0,870.0,744.0,368.0,659.0,821.0,786.0,674.0,554.0,784.0,539.0,567.0,414.0,1157.0,478.0,985.0,685.0,636.0,407.0,552.0,689.0,430.0,481.0,524.0,903.0,642.0,449.0,485.0,641.0,600.0,544.0,680.0,580.0,386.0,333.0,600.0,818.0,625.0,569.0,663.0,905.0,548.0,961.0,415.0,857.0,456.0,521.0,524.0,550.0,447.0,694.0,393.0,345.0,492.0,938.0,391.0,583.0,889.0,457.0,654.0,511.0,000000000000000002c9,36.2685875669392,C0301W08
336.0,538.0,689.0,268.0,416.0,535.0,470.0,401.0,316.0,580.0,561.0,446.0,272.0,692.0,387.0,680.0,469.0,434.0,373.0,325.0,575.0,350.0,372.0,486.0,462.0,417.0,320.0,299.0,664.0,344.0,331.0,672.0,471.0,331.0,251.0,373.0,627.0,360.0,291.0,648.0,562.0,364.0,679.0,341.0,512.0,336.0,385.0,373.0,534.0,381.0,535.0,230.0,238.0,288.0,561.0,282.0,374.0,608.0,299.0,547.0,416.0,000000000000000002ca,13.8065256506699,C0302F01
299.0,465.0,561.0,235.0,402.0,519.0,464.0,380.0,298.0,538.0,455.0,390.0,262.0,686.0,333.0,601.0,367.0,402.0,341.0,316.0,479.0,311.0,328.0,396.0,457.0,401.0,280.0,271.0,511.0,340.0,307.0,525.0,387.0,275.0,216.0,345.0,575.0,340.0,293.0,499.0,519.0,348.0,661.0,308.0,504.0,302.0,344.0,340.0,462.0,330.0,422.0,222.0,220.0,288.0,503.0,254.0,339.0,579.0,268.0,489.0,347.0,000000000000000002cb,50.6124444194892,C0302F02
286.0,412.0,545.0,219.0,393.0,517.0,457.0,369.0,287.0,500.0,411.0,383.0,244.0,714.0,315.0,570.0,317.0,387.0,308.0,310.0,427.0,296.0,309.0,371.0,438.0,400.0,257.0,258.0,453.0,310.0,300.0,470.0,365.0,252.0,202.0,332.0,566.0,328.0,285.0,461.0,481.0,345.0,670.0,272.0,495.0,288.0,331.0,328.0,428.0,305.0,358.0,212.0,199.0,272.0,468.0,238.0,332.0,594.0,250.0,464.0,326.0,000000000000000002cc,84.6530841105702,C0302F03
396.0,598.0,741.0,317.0,413.0,549.0,511.0,442.0,351.0,580.0,666.0,514.0,400.0,564.0,460.0,721.0,531.0,462.0,473.0,360.0,648.0,403.0,436.0,557.0,453.0,369.0,400.0,341.0,760.0,411.0,368.0,743.0,543.0,402.0,306.0,428.0,684.0,409.0,306.0,708.0,598.0,377.0,721.0,477.0,552.0,400.0,441.0,436.0,627.0,431.0,610.0,267.0,278.0,340.0,582.0,333.0,426.0,615.0,354.0,622.0,520.0,000000000000000002cd,26.2436917387386,C0302F05
364.0,564.0,718.0,275.0,380.0,525.0,479.0,402.0,314.0,543.0,648.0,486.0,376.0,530.0,418.0,693.0,483.0,422.0,446.0,334.0,623.0,363.0,400.0,518.0,401.0,336.0,370.0,304.0,729.0,377.0,329.0,722.0,506.0,361.0,276.0,395.0,660.0,376.0,259.0,679.0,564.0,346.0,701.0,446.0,521.0,370.0,402.0,393.0,611.0,394.0,574.0,237.0,237.0,310.0,534.0,299.0,396.0,576.0,313.0,602.0,489.0,000000000000000002ce,31.8526183002872,C0302R02
493.0,773.0,896.0,371.0,502.0,693.0,642.0,521.0,410.0,718.0,857.0,623.0,498.0,673.0,536.0,906.0,671.0,568.0,599.0,454.0,830.0,471.0,522.0,673.0,580.0,464.0,463.0,391.0,974.0,545.0,445.0,964.0,656.0,470.0,371.0,539.0,877.0,508.0,372.0,865.0,773.0,455.0,901.0,609.0,727.0,471.0,521.0,512.0,806.0,546.0,781.0,320.0,334.0,429.0,761.0,416.0,507.0,753.0,413.0,806.0,631.0,000000000000000002cf,42.9036119207638,C0302R03
481.0,778.0,880.0,365.0,483.0,650.0,632.0,510.0,408.0,696.0,800.0,593.0,462.0,677.0,505.0,922.0,678.0,559.0,535.0,447.0,822.0,460.0,483.0,656.0,590.0,455.0,429.0,399.0,943.0,516.0,448.0,948.0,629.0,445.0,367.0,517.0,849.0,499.0,376.0,851.0,766.0,448.0,906.0,583.0,723.0,457.0,495.0,503.0,761.0,541.0,790.0,331.0,325.0,407.0,780.0,421.0,493.0,750.0,394.0,771.0,580.0,000000000000000002d0,36.9775234720438,C0302R04
410.0,689.0,774.0,310.0,421.0,607.0,544.0,433.0,345.0,662.0,768.0,515.0,435.0,612.0,440.0,805.0,572.0,494.0,546.0,383.0,748.0,389.0,441.0,575.0,510.0,391.0,418.0,328.0,869.0,471.0,358.0,826.0,572.0,389.0,308.0,450.0,768.0,433.0,294.0,748.0,703.0,372.0,801.0,537.0,634.0,409.0,419.0,425.0,722.0,461.0,687.0,273.0,287.0,380.0,647.0,350.0,416.0,632.0,353.0,717.0,542.0,000000000000000002d1,7.38587684119256,C0302R06
488.0,779.0,891.0,367.0,497.0,690.0,639.0,517.0,408.0,720.0,861.0,613.0,495.0,672.0,523.0,912.0,672.0,575.0,597.0,450.0,835.0,468.0,516.0,681.0,582.0,459.0,457.0,388.0,974.0,545.0,443.0,971.0,663.0,465.0,372.0,534.0,882.0,505.0,370.0,861.0,779.0,454.0,911.0,612.0,735.0,467.0,519.0,517.0,811.0,556.0,789.0,320.0,332.0,426.0,768.0,411.0,505.0,763.0,412.0,812.0,622.0,000000000000000002d2,69.8283352930783,C0302R07
440.0,745.0,769.0,360.0,622.0,764.0,767.0,649.0,505.0,795.0,526.0,575.0,412.0,1071.0,484.0,926.0,582.0,636.0,454.0,547.0,649.0,450.0,494.0,528.0,834.0,616.0,431.0,447.0,612.0,567.0,512.0,647.0,554.0,383.0,332.0,565.0,814.0,581.0,541.0,647.0,834.0,515.0,869.0,405.0,821.0,463.0,521.0,524.0,576.0,454.0,621.0,386.0,347.0,501.0,835.0,402.0,546.0,839.0,427.0,674.0,493.0,000000000000000002d3,84.8831730923466,C0303C01
486.0,753.0,887.0,375.0,487.0,664.0,642.0,527.0,417.0,662.0,816.0,612.0,474.0,662.0,520.0,900.0,662.0,555.0,552.0,447.0,801.0,476.0,498.0,664.0,555.0,456.0,437.0,401.0,931.0,508.0,449.0,922.0,634.0,452.0,367.0,529.0,863.0,502.0,375.0,854.0,741.0,459.0,878.0,595.0,717.0,467.0,521.0,525.0,767.0,535.0,755.0,326.0,317.0,406.0,744.0,417.0,510.0,763.0,404.0,778.0,601.0,000000000000000002d4,83.9322621909777,C0303C04
427.0,750.0,776.0,335.0,621.0,820.0,788.0,646.0,498.0,738.0,479.0,584.0,366.0,1221.0,475.0,978.0,581.0,627.0,368.0,538.0,596.0,435.0,472.0,513.0,863.0,632.0,407.0,433.0,546.0,524.0,499.0,623.0,559.0,366.0,305.0,557.0,849.0,581.0,523.0,636.0,810.0,515.0,954.0,329.0,867.0,437.0,507.0,510.0,502.0,418.0,571.0,364.0,317.0,458.0,860.0,373.0,543.0,916.0,412.0,635.0,478.0,000000000000000002d5,76.8838010976772,C0303C05
487.0,718.0,878.0,376.0,504.0,666.0,617.0,525.0,419.0,673.0,807.0,631.0,478.0,661.0,556.0,859.0,641.0,559.0,569.0,446.0,783.0,483.0,525.0,661.0,550.0,456.0,471.0,408.0,917.0,504.0,446.0,905.0,646.0,482.0,370.0,521.0,827.0,499.0,376.0,852.0,723.0,457.0,857.0,580.0,681.0,471.0,526.0,527.0,757.0,518.0,732.0,327.0,343.0,416.0,706.0,415.0,511.0,742.0,429.0,757.0,625.0,000000000000000002d6,33.3856033479364,C0303C07
481.0,776.0,953.0,367.0,574.0,718.0,673.0,594.0,451.0,776.0,772.0,619.0,374.0,906.0,553.0,997.0,690.0,612.0,508.0,466.0,815.0,504.0,526.0,676.0,656.0,565.0,436.0,408.0,908.0,482.0,468.0,932.0,711.0,461.0,345.0,522.0,852.0,522.0,438.0,887.0,673.0,491.0,857.0,433.0,730.0,472.0,542.0,537.0,730.0,539.0,734.0,337.0,342.0,401.0,812.0,406.0,540.0,855.0,425.0,734.0,568.0,000000000000000002d7,84.4747899715716,C0303C09
488.0,782.0,970.0,373.0,579.0,723.0,673.0,599.0,454.0,784.0,785.0,629.0,378.0,907.0,562.0,1000.0,702.0,618.0,515.0,469.0,824.0,508.0,533.0,691.0,654.0,570.0,444.0,414.0,924.0,485.0,472.0,949.0,718.0,469.0,350.0,527.0,862.0,525.0,437.0,906.0,689.0,496.0,867.0,446.0,732.0,481.0,548.0,542.0,739.0,549.0,750.0,339.0,343.0,402.0,818.0,412.0,543.0,861.0,430.0,745.0,579.0,000000000000000002d8,63.176741890778,C0303P01
481.0,776.0,953.0,367.0,574.0,718.0,673.0,594.0,451.0,776.0,772.0,619.0,374.0,906.0,553.0,997.0,690.0,612.0,508.0,466.0,815.0,504.0,526.0,676.0,656.0,565.0,436.0,408.0,908.0,482.0,468.0,932.0,711.0,461.0,345.0,522.0,852.0,522.0,438.0,887.0,673.0,491.0,857.0,433.0,730.0,472.0,542.0,537.0,730.0,539.0,734.0,337.0,342.0,401.0,812.0,406.0,540.0,855.0,425.0,734.0,568.0,000000000000000002d9,97.8984308379933,C0303P02
472.0,749.0,1018.0,379.0,533.0,683.0,602.0,538.0,423.0,740.0,803.0,622.0,360.0,872.0,561.0,918.0,720.0,581.0,497.0,427.0,807.0,490.0,524.0,721.0,582.0,546.0,444.0,411.0,974.0,443.0,442.0,1004.0,696.0,481.0,353.0,505.0,842.0,470.0,385.0,978.0,737.0,483.0,851.0,474.0,664.0,476.0,543.0,510.0,735.0,553.0,792.0,307.0,328.0,360.0,777.0,392.0,508.0,824.0,422.0,747.0,603.0,000000000000000002da,60.7111866456108,C0303P04
480.0,760.0,1033.0,386.0,545.0,693.0,611.0,549.0,430.0,753.0,812.0,633.0,369.0,887.0,572.0,931.0,732.0,589.0,507.0,434.0,819.0,497.0,535.0,729.0,594.0,554.0,455.0,417.0,987.0,450.0,449.0,1018.0,703.0,492.0,359.0,515.0,850.0,480.0,392.0,993.0,748.0,490.0,866.0,483.0,671.0,486.0,551.0,518.0,744.0,559.0,804.0,312.0,336.0,369.0,789.0,399.0,516.0,831.0,431.0,755.0,613.0,000000000000000002db,90.6974409586646,C0303P06
483.0,742.0,878.0,395.0,514.0,656.0,609.0,538.0,434.0,701.0,784.0,614.0,471.0,705.0,569.0,860.0,671.0,577.0,551.0,446.0,792.0,494.0,530.0,671.0,589.0,472.0,472.0,425.0,905.0,501.0,450.0,903.0,652.0,504.0,379.0,517.0,802.0,490.0,402.0,860.0,743.0,461.0,827.0,568.0,674.0,481.0,534.0,523.0,738.0,539.0,758.0,337.0,363.0,414.0,739.0,418.0,506.0,747.0,450.0,738.0,596.0,000000000000000002dc,7.58554428398753,C0303R03
477.0,754.0,897.0,390.0,510.0,660.0,612.0,532.0,430.0,702.0,786.0,605.0,461.0,725.0,559.0,876.0,686.0,570.0,538.0,439.0,798.0,490.0,516.0,673.0,594.0,487.0,456.0,414.0,916.0,494.0,445.0,919.0,653.0,488.0,367.0,510.0,811.0,481.0,392.0,871.0,748.0,459.0,790.0,558.0,682.0,478.0,535.0,507.0,738.0,542.0,772.0,324.0,351.0,398.0,757.0,411.0,501.0,745.0,433.0,744.0,588.0,000000000000000002de,1.73955467545105,C0303R07
477.0,758.0,957.0,389.0,528.0,673.0,605.0,540.0,431.0,722.0,795.0,617.0,411.0,835.0,563.0,906.0,705.0,586.0,523.0,436.0,813.0,493.0,528.0,697.0,607.0,526.0,462.0,419.0,953.0,469.0,451.0,968.0,675.0,493.0,369.0,508.0,820.0,480.0,391.0,932.0,755.0,479.0,872.0,514.0,664.0,478.0,536.0,508.0,738.0,548.0,792.0,320.0,347.0,388.0,773.0,405.0,509.0,787.0,432.0,741.0,593.0,000000000000000002df,7.57432637734608,C0303R08
527.0,824.0,965.0,427.0,547.0,686.0,665.0,589.0,469.0,761.0,849.0,659.0,508.0,749.0,601.0,951.0,748.0,618.0,583.0,487.0,865.0,532.0,560.0,731.0,645.0,497.0,495.0,458.0,988.0,542.0,498.0,978.0,701.0,525.0,404.0,560.0,881.0,531.0,438.0,934.0,813.0,499.0,937.0,613.0,748.0,526.0,584.0,584.0,798.0,598.0,830.0,363.0,374.0,437.0,820.0,456.0,551.0,830.0,471.0,808.0,642.0,000000000000000002e0,15.0606144254454,C0303R09
493.0,790.0,991.0,379.0,582.0,726.0,674.0,601.0,456.0,796.0,799.0,636.0,384.0,915.0,573.0,1005.0,718.0,622.0,520.0,471.0,833.0,513.0,538.0,702.0,661.0,573.0,450.0,420.0,938.0,488.0,481.0,967.0,722.0,480.0,358.0,534.0,875.0,530.0,441.0,929.0,704.0,504.0,881.0,457.0,738.0,487.0,553.0,547.0,751.0,557.0,767.0,343.0,348.0,406.0,827.0,416.0,550.0,864.0,439.0,757.0,590.0,000000000000000002e2,103.82721351045,C0303W03
482.0,781.0,980.0,395.0,537.0,690.0,622.0,557.0,436.0,731.0,805.0,617.0,425.0,843.0,566.0,924.0,730.0,592.0,533.0,442.0,830.0,499.0,541.0,712.0,617.0,531.0,468.0,420.0,972.0,486.0,456.0,994.0,689.0,492.0,373.0,521.0,836.0,489.0,397.0,947.0,771.0,489.0,848.0,527.0,687.0,496.0,548.0,512.0,748.0,565.0,815.0,329.0,346.0,393.0,802.0,411.0,517.0,802.0,437.0,757.0,608.0,000000000000000002e3,102.567100085455,C0303W04
335.0,589.0,780.0,266.0,432.0,575.0,448.0,389.0,311.0,610.0,590.0,461.0,357.0,583.0,409.0,693.0,496.0,447.0,425.0,313.0,640.0,355.0,388.0,544.0,406.0,380.0,367.0,288.0,734.0,320.0,324.0,776.0,544.0,354.0,266.0,364.0,590.0,353.0,232.0,712.0,577.0,341.0,764.0,410.0,430.0,356.0,389.0,389.0,547.0,414.0,626.0,230.0,221.0,289.0,559.0,262.0,394.0,597.0,309.0,515.0,482.0,000000000000000002e4,163.227477195676,C0303W05
453.0,937.0,1035.0,366.0,486.0,709.0,648.0,485.0,403.0,937.0,831.0,596.0,506.0,924.0,487.0,1013.0,703.0,617.0,654.0,455.0,966.0,413.0,498.0,706.0,646.0,450.0,523.0,366.0,1065.0,499.0,404.0,1087.0,733.0,445.0,383.0,470.0,833.0,472.0,294.0,931.0,907.0,426.0,1075.0,580.0,679.0,477.0,449.0,456.0,798.0,584.0,916.0,346.0,318.0,461.0,830.0,389.0,477.0,769.0,420.0,762.0,623.0,000000000000000002e5,71.1715748915262,C0304C01
474.0,1020.0,1101.0,377.0,511.0,753.0,704.0,519.0,419.0,1006.0,899.0,618.0,540.0,931.0,496.0,1079.0,757.0,659.0,708.0,483.0,1040.0,422.0,521.0,749.0,699.0,473.0,554.0,375.0,1123.0,545.0,410.0,1161.0,781.0,469.0,405.0,497.0,908.0,506.0,310.0,988.0,979.0,432.0,1157.0,635.0,757.0,509.0,457.0,448.0,872.0,626.0,981.0,362.0,342.0,494.0,884.0,417.0,491.0,784.0,436.0,829.0,653.0,000000000000000002e6,57.5919646214357,C0304C02
450.0,920.0,1004.0,361.0,465.0,692.0,665.0,483.0,396.0,927.0,846.0,577.0,515.0,828.0,475.0,990.0,706.0,614.0,665.0,453.0,944.0,404.0,498.0,692.0,655.0,429.0,521.0,361.0,1035.0,529.0,398.0,1065.0,715.0,439.0,382.0,482.0,848.0,484.0,301.0,910.0,895.0,411.0,1082.0,604.0,707.0,480.0,436.0,433.0,817.0,584.0,908.0,346.0,324.0,474.0,828.0,394.0,466.0,712.0,415.0,784.0,624.0,000000000000000002e7,46.6035920414956,C0304C03
489.0,780.0,954.0,396.0,526.0,681.0,627.0,552.0,438.0,720.0,808.0,622.0,460.0,775.0,572.0,914.0,722.0,587.0,540.0,448.0,824.0,501.0,530.0,705.0,612.0,511.0,463.0,419.0,955.0,497.0,457.0,965.0,683.0,496.0,372.0,521.0,841.0,491.0,399.0,921.0,769.0,478.0,809.0,556.0,703.0,495.0,554.0,517.0,755.0,566.0,805.0,330.0,350.0,394.0,794.0,417.0,518.0,785.0,441.0,766.0,605.0,000000000000000002e8,49.563573933548,C0304C05
343.0,560.0,716.0,281.0,424.0,552.0,437.0,398.0,321.0,623.0,568.0,461.0,365.0,663.0,421.0,689.0,495.0,425.0,397.0,317.0,611.0,368.0,388.0,524.0,407.0,393.0,359.0,311.0,716.0,330.0,330.0,735.0,509.0,363.0,272.0,371.0,588.0,352.0,269.0,678.0,555.0,377.0,706.0,418.0,445.0,359.0,408.0,410.0,530.0,395.0,603.0,234.0,238.0,285.0,562.0,280.0,387.0,629.0,316.0,521.0,466.0,000000000000000002e9,138.996437493609,C0304C07
475.0,1007.0,1085.0,382.0,511.0,753.0,702.0,518.0,423.0,999.0,892.0,613.0,540.0,928.0,495.0,1068.0,757.0,657.0,705.0,482.0,1025.0,427.0,523.0,744.0,701.0,474.0,553.0,382.0,1113.0,550.0,411.0,1152.0,772.0,465.0,403.0,500.0,899.0,507.0,314.0,979.0,970.0,434.0,1153.0,635.0,753.0,507.0,461.0,458.0,865.0,625.0,978.0,361.0,343.0,496.0,888.0,418.0,487.0,784.0,436.0,825.0,649.0,000000000000000002ea,136.078329773014,C0304C10
430.0,911.0,984.0,344.0,470.0,673.0,614.0,466.0,387.0,908.0,783.0,568.0,480.0,903.0,462.0,983.0,695.0,594.0,614.0,441.0,929.0,390.0,477.0,674.0,639.0,433.0,490.0,355.0,1017.0,488.0,397.0,1049.0,699.0,415.0,362.0,455.0,792.0,455.0,295.0,906.0,888.0,405.0,1003.0,546.0,650.0,447.0,431.0,439.0,749.0,549.0,903.0,332.0,296.0,448.0,826.0,378.0,458.0,736.0,399.0,731.0,593.0,000000000000000002eb,86.7913212636942,C0304P01
472.0,971.0,950.0,369.0,493.0,684.0,661.0,516.0,427.0,955.0,805.0,589.0,509.0,870.0,486.0,1025.0,791.0,639.0,637.0,512.0,951.0,409.0,516.0,688.0,747.0,472.0,506.0,404.0,1013.0,594.0,439.0,1069.0,713.0,440.0,378.0,513.0,831.0,513.0,394.0,931.0,965.0,414.0,973.0,606.0,727.0,476.0,461.0,460.0,777.0,574.0,989.0,369.0,345.0,510.0,936.0,449.0,469.0,716.0,438.0,795.0,613.0,000000000000000002ec,43.997107524877,C0304P03
440.0,697.0,809.0,362.0,467.0,609.0,566.0,488.0,398.0,652.0,732.0,557.0,430.0,654.0,514.0,806.0,621.0,528.0,507.0,407.0,740.0,452.0,478.0,614.0,547.0,437.0,426.0,387.0,845.0,464.0,411.0,839.0,597.0,454.0,344.0,472.0,750.0,447.0,364.0,790.0,696.0,420.0,754.0,524.0,632.0,437.0,489.0,474.0,689.0,496.0,707.0,304.0,328.0,377.0,691.0,381.0,459.0,682.0,404.0,691.0,541.0,000000000000000002ed,57.1018363572601,C0304P05
446.0,923.0,1025.0,362.0,482.0,699.0,630.0,475.0,400.0,924.0,810.0,593.0,495.0,942.0,486.0,1002.0,691.0,607.0,637.0,449.0,953.0,411.0,490.0,697.0,632.0,447.0,512.0,364.0,1054.0,482.0,406.0,1075.0,723.0,438.0,379.0,462.0,812.0,462.0,289.0,924.0,894.0,427.0,1048.0,560.0,655.0,465.0,449.0,460.0,774.0,570.0,906.0,343.0,308.0,451.0,820.0,381.0,478.0,774.0,415.0,742.0,615.0,000000000000000002ee,136.466085847817,C0304P09
466.0,944.0,958.0,373.0,492.0,689.0,653.0,502.0,423.0,937.0,805.0,588.0,512.0,880.0,491.0,1006.0,755.0,628.0,641.0,492.0,939.0,415.0,509.0,691.0,711.0,466.0,507.0,396.0,1015.0,567.0,429.0,1060.0,715.0,446.0,381.0,504.0,822.0,504.0,368.0,915.0,934.0,423.0,994.0,599.0,705.0,476.0,461.0,466.0,776.0,576.0,955.0,364.0,343.0,499.0,894.0,431.0,468.0,734.0,435.0,778.0,619.0,000000000000000002ef,15.9695555296441,C0304R02
374.0,555.0,673.0,294.0,510.0,639.0,573.0,481.0,378.0,656.0,535.0,484.0,330.0,851.0,417.0,715.0,442.0,498.0,418.0,402.0,566.0,389.0,410.0,478.0,572.0,507.0,350.0,341.0,593.0,424.0,385.0,616.0,470.0,343.0,269.0,428.0,688.0,423.0,379.0,591.0,625.0,438.0,803.0,379.0,614.0,379.0,431.0,427.0,550.0,405.0,499.0,284.0,282.0,365.0,610.0,319.0,423.0,716.0,339.0,585.0,422.0,000000000000000002f0,70.195315979168,C0304R04
471.0,756.0,941.0,385.0,515.0,665.0,601.0,533.0,425.0,703.0,785.0,603.0,414.0,814.0,553.0,895.0,703.0,573.0,519.0,432.0,806.0,485.0,519.0,684.0,601.0,515.0,453.0,411.0,940.0,471.0,441.0,955.0,663.0,483.0,361.0,501.0,813.0,472.0,388.0,913.0,750.0,470.0,839.0,515.0,667.0,474.0,531.0,498.0,731.0,543.0,786.0,317.0,341.0,382.0,771.0,402.0,498.0,772.0,427.0,737.0,583.0,000000000000000002f1,5.01888555674535,C0304R06
488.0,778.0,914.0,406.0,522.0,680.0,627.0,546.0,445.0,704.0,798.0,615.0,467.0,779.0,573.0,902.0,705.0,589.0,556.0,451.0,825.0,504.0,534.0,685.0,624.0,509.0,475.0,433.0,941.0,510.0,458.0,943.0,666.0,504.0,381.0,516.0,819.0,488.0,407.0,892.0,776.0,475.0,841.0,574.0,690.0,489.0,546.0,514.0,751.0,556.0,796.0,335.0,366.0,411.0,780.0,423.0,508.0,764.0,447.0,753.0,590.0,000000000000000002f2,12.3735498865938,C0304R12
422.0,640.0,871.0,333.0,522.0,660.0,579.0,506.0,394.0,699.0,676.0,563.0,330.0,874.0,490.0,820.0,579.0,538.0,447.0,408.0,685.0,438.0,468.0,609.0,564.0,528.0,397.0,372.0,798.0,413.0,414.0,825.0,591.0,414.0,312.0,464.0,769.0,444.0,370.0,810.0,669.0,460.0,838.0,409.0,626.0,425.0,485.0,467.0,643.0,474.0,645.0,288.0,295.0,351.0,686.0,351.0,470.0,777.0,375.0,664.0,519.0,000000000000000002f3,160.524805904329,C0304W01
429.0,951.0,989.0,328.0,492.0,671.0,618.0,476.0,387.0,949.0,786.0,572.0,482.0,889.0,448.0,1011.0,745.0,610.0,604.0,462.0,950.0,374.0,479.0,678.0,684.0,448.0,481.0,357.0,1009.0,516.0,406.0,1072.0,713.0,400.0,354.0,469.0,815.0,472.0,317.0,946.0,933.0,380.0,959.0,545.0,674.0,439.0,430.0,425.0,751.0,543.0,953.0,330.0,284.0,472.0,877.0,398.0,457.0,710.0,392.0,758.0,606.0,000000000000000002f4,200.399504108754,C0304W04
471.0,1028.0,1066.0,363.0,488.0,771.0,732.0,521.0,400.0,957.0,955.0,617.0,559.0,859.0,468.0,1090.0,721.0,644.0,735.0,481.0,1034.0,402.0,524.0,734.0,663.0,459.0,558.0,360.0,1129.0,576.0,402.0,1123.0,767.0,442.0,400.0,514.0,965.0,524.0,286.0,951.0,988.0,426.0,1136.0,659.0,816.0,515.0,437.0,417.0,924.0,610.0,934.0,360.0,319.0,513.0,835.0,413.0,486.0,757.0,410.0,890.0,676.0,000000000000000002f5,97.2124455434837,C0304W06
430.0,942.0,894.0,312.0,489.0,672.0,638.0,547.0,430.0,932.0,680.0,579.0,454.0,904.0,452.0,1036.0,791.0,615.0,543.0,544.0,931.0,372.0,491.0,626.0,782.0,497.0,435.0,395.0,920.0,566.0,458.0,1030.0,680.0,360.0,327.0,516.0,749.0,539.0,450.0,871.0,944.0,422.0,911.0,495.0,691.0,434.0,477.0,430.0,646.0,493.0,1059.0,373.0,291.0,527.0,989.0,429.0,494.0,736.0,394.0,703.0,576.0,000000000000000002f6,341.801660120625,C0304W07
436.0,974.0,969.0,326.0,498.0,672.0,632.0,488.0,396.0,959.0,794.0,570.0,491.0,878.0,450.0,1028.0,792.0,625.0,607.0,481.0,949.0,373.0,489.0,677.0,734.0,456.0,477.0,371.0,1005.0,561.0,426.0,1085.0,712.0,397.0,358.0,492.0,832.0,493.0,354.0,963.0,966.0,381.0,950.0,561.0,706.0,440.0,436.0,428.0,759.0,543.0,997.0,341.0,292.0,500.0,935.0,422.0,462.0,694.0,400.0,788.0,611.0,000000000000000002f7,105.76096037236,C0304W10
412.0,859.0,934.0,333.0,449.0,646.0,589.0,439.0,370.0,861.0,749.0,541.0,459.0,859.0,445.0,931.0,651.0,564.0,589.0,418.0,881.0,376.0,454.0,641.0,599.0,413.0,470.0,339.0,971.0,464.0,377.0,995.0,668.0,402.0,348.0,432.0,754.0,432.0,279.0,852.0,838.0,390.0,961.0,526.0,614.0,429.0,413.0,421.0,717.0,527.0,850.0,318.0,288.0,424.0,776.0,358.0,438.0,704.0,384.0,694.0,568.0,000000000000000002f8,39.1869082245132,C0304X01
444.0,926.0,1032.0,360.0,481.0,702.0,635.0,479.0,397.0,927.0,818.0,590.0,496.0,936.0,482.0,1003.0,690.0,610.0,643.0,445.0,957.0,408.0,492.0,701.0,632.0,444.0,517.0,360.0,1057.0,483.0,399.0,1079.0,727.0,437.0,377.0,460.0,819.0,461.0,284.0,925.0,895.0,423.0,1062.0,565.0,663.0,469.0,444.0,454.0,783.0,575.0,906.0,340.0,309.0,449.0,819.0,378.0,473.0,775.0,413.0,747.0,613.0,000000000000000002f9,148.929014857303,C0305C02
451.0,993.0,965.0,334.0,468.0,646.0,659.0,525.0,426.0,993.0,785.0,592.0,493.0,897.0,470.0,1054.0,837.0,643.0,604.0,533.0,977.0,380.0,506.0,683.0,787.0,446.0,478.0,403.0,996.0,605.0,452.0,1094.0,709.0,402.0,356.0,525.0,845.0,525.0,415.0,961.0,1011.0,397.0,962.0,570.0,739.0,452.0,466.0,437.0,747.0,541.0,1085.0,362.0,308.0,525.0,996.0,449.0,475.0,715.0,419.0,798.0,613.0,000000000000000002fa,42.6864759392557,C0305C03
462.0,993.0,1031.0,357.0,478.0,750.0,714.0,505.0,392.0,934.0,921.0,599.0,543.0,839.0,461.0,1053.0,709.0,630.0,714.0,469.0,1001.0,395.0,511.0,714.0,655.0,451.0,542.0,357.0,1090.0,566.0,396.0,1088.0,743.0,434.0,390.0,503.0,929.0,511.0,289.0,925.0,956.0,416.0,1102.0,649.0,789.0,497.0,428.0,411.0,891.0,598.0,913.0,353.0,318.0,500.0,822.0,406.0,472.0,735.0,405.0,857.0,655.0,000000000000000002fb,196.365260400222,C0305C04
464.0,1011.0,1048.0,358.0,479.0,760.0,721.0,513.0,397.0,946.0,943.0,608.0,547.0,844.0,460.0,1074.0,707.0,634.0,725.0,474.0,1018.0,398.0,514.0,723.0,651.0,453.0,549.0,356.0,1113.0,568.0,392.0,1112.0,756.0,436.0,390.0,503.0,953.0,513.0,282.0,935.0,973.0,415.0,1124.0,648.0,805.0,507.0,433.0,414.0,914.0,601.0,924.0,349.0,314.0,502.0,825.0,408.0,474.0,746.0,404.0,880.0,661.0,000000000000000002fc,118.880191927473,C0305C05
479.0,1037.0,1077.0,368.0,495.0,781.0,742.0,527.0,406.0,966.0,965.0,627.0,566.0,869.0,474.0,1100.0,730.0,652.0,744.0,489.0,1044.0,408.0,531.0,743.0,672.0,468.0,565.0,366.0,1140.0,584.0,407.0,1133.0,776.0,448.0,403.0,521.0,974.0,531.0,291.0,962.0,997.0,430.0,1146.0,669.0,825.0,522.0,443.0,424.0,933.0,618.0,944.0,364.0,323.0,519.0,844.0,420.0,491.0,766.0,415.0,899.0,684.0,000000000000000002fd,23.3093681203185,C0305C07
467.0,1015.0,1049.0,358.0,482.0,762.0,724.0,514.0,396.0,948.0,944.0,610.0,552.0,847.0,463.0,1078.0,712.0,637.0,727.0,476.0,1023.0,397.0,517.0,726.0,656.0,456.0,551.0,357.0,1117.0,571.0,397.0,1111.0,757.0,438.0,393.0,508.0,954.0,518.0,285.0,938.0,977.0,419.0,1124.0,652.0,808.0,508.0,432.0,414.0,914.0,604.0,926.0,354.0,317.0,507.0,828.0,410.0,478.0,748.0,406.0,881.0,666.0,000000000000000002fe,91.4786581934853,C0305C10
467.0,1015.0,1049.0,358.0,482.0,762.0,724.0,514.0,396.0,948.0,944.0,610.0,552.0,847.0,463.0,1078.0,712.0,637.0,727.0,476.0,1023.0,397.0,517.0,726.0,656.0,456.0,551.0,357.0,1117.0,571.0,397.0,1111.0,757.0,438.0,393.0,508.0,954.0,518.0,285.0,938.0,977.0,419.0,1124.0,652.0,808.0,508.0,432.0,414.0,914.0,604.0,926.0,354.0,317.0,507.0,828.0,410.0,478.0,748.0,406.0,881.0,666.0,000000000000000002ff,117.202917547356,C0305C11
468.0,977.0,1046.0,371.0,487.0,729.0,698.0,504.0,410.0,968.0,886.0,598.0,535.0,863.0,484.0,1038.0,739.0,641.0,698.0,474.0,993.0,414.0,512.0,722.0,687.0,454.0,540.0,371.0,1082.0,555.0,405.0,1113.0,748.0,455.0,396.0,498.0,892.0,504.0,312.0,946.0,945.0,422.0,1126.0,635.0,752.0,497.0,447.0,439.0,861.0,611.0,948.0,357.0,338.0,494.0,863.0,414.0,477.0,742.0,428.0,823.0,642.0,00000000000000000300,34.961516781437,C0305C12
388.0,649.0,807.0,307.0,438.0,578.0,524.0,452.0,351.0,631.0,672.0,501.0,312.0,702.0,449.0,800.0,587.0,484.0,426.0,359.0,689.0,400.0,420.0,574.0,504.0,439.0,358.0,333.0,798.0,392.0,369.0,807.0,565.0,382.0,287.0,421.0,719.0,405.0,324.0,769.0,616.0,390.0,705.0,401.0,589.0,385.0,436.0,422.0,625.0,452.0,649.0,261.0,265.0,311.0,661.0,326.0,420.0,668.0,342.0,634.0,481.0,00000000000000000301,16.6084699466982,C0305F01
370.0,852.0,818.0,262.0,436.0,605.0,580.0,485.0,373.0,872.0,606.0,508.0,393.0,843.0,390.0,932.0,710.0,555.0,475.0,484.0,834.0,314.0,425.0,548.0,721.0,436.0,374.0,342.0,819.0,516.0,416.0,934.0,588.0,303.0,284.0,465.0,706.0,479.0,395.0,789.0,881.0,369.0,831.0,432.0,643.0,376.0,421.0,384.0,582.0,428.0,973.0,321.0,239.0,470.0,912.0,377.0,435.0,664.0,333.0,650.0,506.0,00000000000000000302,31.6063132406467,C0305F02
546.0,854.0,940.0,429.0,539.0,715.0,705.0,576.0,475.0,757.0,864.0,662.0,523.0,743.0,578.0,992.0,743.0,621.0,600.0,510.0,896.0,529.0,548.0,720.0,658.0,519.0,484.0,466.0,1013.0,581.0,507.0,994.0,693.0,514.0,423.0,578.0,912.0,560.0,441.0,913.0,843.0,507.0,954.0,648.0,787.0,520.0,566.0,575.0,825.0,603.0,846.0,386.0,386.0,467.0,836.0,483.0,554.0,810.0,459.0,835.0,644.0,00000000000000000303,114.781572311593,C0305F06
548.0,859.0,944.0,432.0,541.0,716.0,706.0,578.0,477.0,761.0,867.0,664.0,526.0,746.0,581.0,996.0,746.0,624.0,602.0,513.0,901.0,532.0,551.0,723.0,661.0,522.0,486.0,468.0,1018.0,583.0,508.0,998.0,696.0,517.0,425.0,582.0,915.0,563.0,444.0,916.0,848.0,508.0,958.0,650.0,790.0,523.0,568.0,577.0,828.0,606.0,850.0,387.0,389.0,470.0,840.0,486.0,555.0,813.0,462.0,838.0,647.0,00000000000000000304,129.641550896679,C0305F08
423.0,926.0,872.0,308.0,483.0,659.0,623.0,538.0,423.0,911.0,665.0,567.0,445.0,887.0,446.0,1017.0,774.0,604.0,533.0,535.0,914.0,369.0,482.0,612.0,769.0,494.0,427.0,389.0,903.0,558.0,452.0,1005.0,666.0,357.0,324.0,508.0,734.0,531.0,448.0,847.0,924.0,416.0,890.0,484.0,677.0,428.0,469.0,425.0,634.0,485.0,1035.0,366.0,291.0,517.0,969.0,422.0,485.0,721.0,391.0,687.0,561.0,00000000000000000305,75.1031197466184,C0305F09
417.0,872.0,939.0,321.0,434.0,671.0,619.0,444.0,354.0,846.0,839.0,536.0,479.0,757.0,438.0,962.0,645.0,576.0,632.0,417.0,902.0,364.0,464.0,663.0,605.0,408.0,480.0,324.0,1022.0,504.0,374.0,1000.0,682.0,409.0,353.0,450.0,837.0,450.0,275.0,851.0,861.0,385.0,1000.0,573.0,701.0,444.0,393.0,393.0,808.0,547.0,839.0,313.0,294.0,431.0,759.0,362.0,433.0,693.0,371.0,788.0,584.0,00000000000000000306,22.4536575351363,C0305F10
376.0,533.0,736.0,291.0,503.0,642.0,565.0,477.0,369.0,629.0,548.0,507.0,306.0,885.0,424.0,727.0,442.0,496.0,391.0,393.0,561.0,391.0,412.0,506.0,541.0,511.0,343.0,337.0,619.0,382.0,386.0,646.0,496.0,344.0,268.0,427.0,713.0,416.0,362.0,640.0,601.0,441.0,827.0,349.0,607.0,382.0,437.0,427.0,551.0,405.0,491.0,271.0,260.0,338.0,601.0,312.0,431.0,759.0,331.0,591.0,438.0,00000000000000000307,153.077882998456,C0305P01
444.0,926.0,1032.0,360.0,481.0,702.0,635.0,479.0,397.0,927.0,818.0,590.0,496.0,936.0,482.0,1003.0,690.0,610.0,643.0,445.0,957.0,408.0,492.0,701.0,632.0,444.0,517.0,360.0,1057.0,483.0,399.0,1079.0,727.0,437.0,377.0,460.0,819.0,461.0,284.0,925.0,895.0,423.0,1062.0,565.0,663.0,469.0,444.0,454.0,783.0,575.0,906.0,340.0,309.0,449.0,819.0,378.0,473.0,775.0,413.0,747.0,613.0,00000000000000000308,39.7432944279313,C0305P05
480.0,760.0,1033.0,386.0,545.0,693.0,611.0,549.0,430.0,753.0,812.0,633.0,369.0,887.0,572.0,931.0,732.0,589.0,507.0,434.0,819.0,497.0,535.0,729.0,594.0,554.0,455.0,417.0,987.0,450.0,449.0,1018.0,703.0,492.0,359.0,515.0,850.0,480.0,392.0,993.0,748.0,490.0,866.0,483.0,671.0,486.0,551.0,518.0,744.0,559.0,804.0,312.0,336.0,369.0,789.0,399.0,516.0,831.0,431.0,755.0,613.0,00000000000000000309,116.895831404999,C0305P06
501.0,766.0,893.0,393.0,499.0,677.0,655.0,539.0,435.0,676.0,826.0,628.0,489.0,675.0,541.0,913.0,675.0,562.0,568.0,463.0,812.0,495.0,512.0,667.0,575.0,472.0,449.0,418.0,936.0,525.0,467.0,924.0,640.0,472.0,383.0,543.0,871.0,523.0,393.0,862.0,755.0,474.0,881.0,610.0,728.0,479.0,542.0,545.0,777.0,543.0,764.0,342.0,333.0,420.0,754.0,434.0,525.0,766.0,422.0,787.0,616.0,0000000000000000030a,134.017373833439,C0305P07
484.0,1018.0,1079.0,380.0,501.0,765.0,735.0,527.0,422.0,980.0,937.0,621.0,557.0,886.0,496.0,1081.0,756.0,662.0,735.0,491.0,1028.0,425.0,534.0,746.0,701.0,467.0,564.0,380.0,1122.0,587.0,420.0,1132.0,774.0,467.0,413.0,518.0,944.0,525.0,317.0,974.0,983.0,440.0,1146.0,670.0,801.0,519.0,460.0,448.0,912.0,630.0,959.0,370.0,343.0,514.0,869.0,428.0,498.0,767.0,438.0,872.0,669.0,0000000000000000030b,110.387448357602,C0305P08
454.0,998.0,960.0,337.0,472.0,652.0,660.0,520.0,422.0,990.0,794.0,587.0,500.0,885.0,467.0,1055.0,837.0,644.0,614.0,528.0,975.0,382.0,508.0,685.0,785.0,450.0,483.0,400.0,1004.0,611.0,452.0,1097.0,712.0,406.0,360.0,524.0,846.0,524.0,410.0,962.0,1009.0,397.0,961.0,581.0,743.0,455.0,459.0,436.0,758.0,548.0,1072.0,364.0,313.0,524.0,996.0,454.0,473.0,704.0,420.0,805.0,613.0,0000000000000000030c,44.0826386278961,C0305R01
480.0,742.0,861.0,373.0,475.0,638.0,618.0,513.0,420.0,644.0,780.0,602.0,462.0,653.0,521.0,888.0,653.0,543.0,517.0,443.0,787.0,477.0,490.0,648.0,561.0,452.0,427.0,410.0,910.0,490.0,451.0,893.0,619.0,454.0,365.0,511.0,831.0,492.0,378.0,835.0,730.0,451.0,852.0,568.0,697.0,456.0,515.0,524.0,738.0,524.0,737.0,327.0,321.0,392.0,727.0,415.0,499.0,744.0,407.0,749.0,581.0,0000000000000000030d,93.7510287884945,C0305R02
464.0,952.0,994.0,365.0,484.0,732.0,698.0,497.0,396.0,935.0,887.0,580.0,537.0,836.0,475.0,1021.0,725.0,631.0,698.0,465.0,976.0,404.0,513.0,703.0,679.0,453.0,534.0,365.0,1065.0,575.0,405.0,1062.0,722.0,441.0,388.0,507.0,888.0,509.0,317.0,910.0,932.0,416.0,1078.0,642.0,762.0,495.0,433.0,424.0,860.0,604.0,917.0,357.0,336.0,499.0,845.0,411.0,466.0,721.0,420.0,831.0,637.0,0000000000000000030e,65.1974534202091,C0305R03
440.0,930.0,950.0,337.0,461.0,710.0,667.0,470.0,364.0,895.0,876.0,553.0,516.0,792.0,445.0,1003.0,689.0,602.0,673.0,440.0,957.0,373.0,489.0,673.0,644.0,432.0,507.0,337.0,1049.0,554.0,384.0,1020.0,690.0,409.0,364.0,489.0,876.0,489.0,294.0,869.0,912.0,393.0,1032.0,618.0,752.0,470.0,400.0,397.0,849.0,575.0,877.0,336.0,311.0,480.0,806.0,389.0,438.0,696.0,392.0,821.0,615.0,0000000000000000030f,34.7265786607369,C0305R05
463.0,742.0,1008.0,371.0,525.0,675.0,598.0,532.0,416.0,730.0,790.0,610.0,352.0,865.0,549.0,913.0,712.0,571.0,489.0,420.0,798.0,480.0,516.0,708.0,576.0,537.0,435.0,402.0,962.0,437.0,434.0,991.0,686.0,469.0,345.0,498.0,832.0,463.0,380.0,965.0,724.0,476.0,837.0,464.0,659.0,469.0,534.0,501.0,723.0,543.0,779.0,303.0,321.0,354.0,770.0,385.0,501.0,814.0,414.0,736.0,592.0,00000000000000000310,199.179214428982,C0305R06
487.0,991.0,1044.0,385.0,506.0,762.0,726.0,519.0,418.0,974.0,921.0,610.0,563.0,878.0,499.0,1063.0,761.0,660.0,726.0,489.0,1015.0,427.0,537.0,736.0,713.0,476.0,559.0,385.0,1109.0,598.0,422.0,1106.0,756.0,462.0,404.0,533.0,922.0,534.0,332.0,955.0,969.0,434.0,1123.0,668.0,789.0,518.0,458.0,448.0,893.0,632.0,956.0,371.0,352.0,524.0,880.0,432.0,486.0,755.0,441.0,862.0,670.0,00000000000000000311,19.7844110266004,C0305R07
452.0,973.0,996.0,344.0,472.0,737.0,698.0,492.0,377.0,920.0,912.0,580.0,534.0,820.0,451.0,1041.0,699.0,619.0,701.0,457.0,991.0,382.0,503.0,698.0,649.0,443.0,529.0,345.0,1084.0,564.0,389.0,1064.0,723.0,421.0,377.0,499.0,916.0,504.0,287.0,900.0,946.0,405.0,1079.0,636.0,783.0,488.0,413.0,400.0,884.0,589.0,900.0,342.0,312.0,494.0,816.0,398.0,453.0,718.0,396.0,854.0,640.0,00000000000000000312,74.1481460235793,C0305R13
482.0,778.0,989.0,394.0,539.0,692.0,621.0,557.0,436.0,735.0,805.0,620.0,416.0,850.0,568.0,927.0,730.0,591.0,530.0,440.0,829.0,499.0,541.0,715.0,613.0,535.0,466.0,420.0,975.0,480.0,456.0,998.0,692.0,493.0,371.0,520.0,838.0,488.0,396.0,954.0,768.0,490.0,851.0,520.0,684.0,495.0,549.0,514.0,747.0,564.0,814.0,327.0,344.0,389.0,800.0,409.0,518.0,808.0,436.0,756.0,609.0,00000000000000000313,88.0205956257816,C0305W01
493.0,1029.0,1092.0,382.0,503.0,770.0,745.0,530.0,424.0,997.0,944.0,632.0,566.0,897.0,505.0,1093.0,765.0,669.0,745.0,500.0,1040.0,428.0,537.0,755.0,710.0,471.0,567.0,382.0,1137.0,594.0,422.0,1152.0,783.0,475.0,414.0,526.0,951.0,533.0,323.0,985.0,994.0,441.0,1166.0,678.0,805.0,522.0,462.0,451.0,918.0,637.0,976.0,371.0,347.0,522.0,885.0,436.0,500.0,776.0,446.0,878.0,679.0,00000000000000000314,77.6889400310333,C0305W02
352.0,639.0,769.0,281.0,424.0,562.0,467.0,405.0,332.0,679.0,581.0,471.0,382.0,729.0,415.0,734.0,526.0,468.0,436.0,343.0,690.0,364.0,397.0,548.0,457.0,402.0,376.0,309.0,756.0,347.0,342.0,798.0,554.0,359.0,281.0,379.0,588.0,374.0,263.0,711.0,625.0,380.0,752.0,439.0,451.0,365.0,401.0,393.0,543.0,428.0,678.0,256.0,241.0,320.0,623.0,290.0,400.0,648.0,326.0,521.0,485.0,00000000000000000315,178.014330782952,C0305W03
475.0,1035.0,1077.0,369.0,491.0,781.0,743.0,524.0,406.0,967.0,961.0,624.0,566.0,867.0,474.0,1097.0,727.0,650.0,744.0,486.0,1041.0,408.0,527.0,742.0,668.0,464.0,562.0,366.0,1136.0,582.0,403.0,1136.0,775.0,449.0,400.0,520.0,971.0,531.0,289.0,961.0,994.0,427.0,1149.0,668.0,821.0,519.0,444.0,423.0,928.0,616.0,944.0,361.0,323.0,519.0,843.0,417.0,488.0,765.0,415.0,894.0,685.0,00000000000000000316,326.369829854783,C0305W05
484.0,1042.0,1082.0,373.0,499.0,786.0,749.0,532.0,408.0,967.0,968.0,633.0,566.0,874.0,478.0,1104.0,735.0,658.0,749.0,494.0,1047.0,410.0,536.0,749.0,676.0,473.0,570.0,372.0,1141.0,588.0,413.0,1134.0,782.0,452.0,409.0,521.0,978.0,531.0,295.0,967.0,1000.0,436.0,1147.0,678.0,828.0,523.0,446.0,424.0,934.0,624.0,945.0,371.0,327.0,520.0,846.0,425.0,497.0,772.0,420.0,900.0,685.0,00000000000000000317,50.8373671673795,C0305W06
457.0,971.0,997.0,348.0,477.0,739.0,696.0,491.0,380.0,929.0,914.0,580.0,535.0,824.0,462.0,1047.0,709.0,623.0,700.0,458.0,998.0,388.0,508.0,700.0,660.0,447.0,530.0,350.0,1095.0,569.0,397.0,1066.0,721.0,427.0,380.0,504.0,916.0,506.0,298.0,906.0,950.0,409.0,1081.0,639.0,782.0,489.0,418.0,412.0,887.0,594.0,909.0,346.0,319.0,496.0,829.0,401.0,458.0,724.0,405.0,857.0,641.0,00000000000000000318,51.6115094835589,C0305X01
451.0,934.0,1005.0,360.0,468.0,699.0,671.0,485.0,397.0,930.0,853.0,577.0,516.0,830.0,471.0,998.0,710.0,616.0,671.0,455.0,953.0,402.0,497.0,693.0,660.0,434.0,522.0,360.0,1041.0,535.0,391.0,1069.0,717.0,439.0,379.0,482.0,857.0,486.0,302.0,910.0,906.0,406.0,1084.0,610.0,720.0,481.0,434.0,428.0,827.0,587.0,911.0,343.0,326.0,476.0,830.0,397.0,459.0,713.0,414.0,792.0,622.0,00000000000000000319,48.1867024691623,C0305X02
432.0,956.0,977.0,326.0,445.0,711.0,671.0,477.0,366.0,894.0,888.0,560.0,511.0,791.0,426.0,1018.0,667.0,592.0,680.0,441.0,966.0,366.0,477.0,672.0,616.0,422.0,509.0,335.0,1059.0,535.0,366.0,1048.0,702.0,406.0,366.0,470.0,898.0,480.0,267.0,874.0,925.0,387.0,1059.0,608.0,757.0,467.0,397.0,386.0,867.0,561.0,873.0,323.0,296.0,470.0,780.0,382.0,442.0,693.0,376.0,836.0,613.0,0000000000000000031a,80.2466795342171,C0305X03
457.0,982.0,1008.0,349.0,475.0,744.0,707.0,498.0,381.0,924.0,918.0,590.0,540.0,826.0,454.0,1047.0,701.0,622.0,707.0,463.0,996.0,385.0,507.0,704.0,649.0,447.0,535.0,349.0,1088.0,565.0,393.0,1072.0,730.0,425.0,383.0,503.0,924.0,509.0,286.0,909.0,950.0,411.0,1086.0,643.0,788.0,493.0,417.0,401.0,888.0,591.0,903.0,349.0,312.0,498.0,816.0,402.0,462.0,724.0,398.0,857.0,650.0,0000000000000000031b,82.8432115097339,C0305X04
442.0,964.0,987.0,337.0,457.0,723.0,686.0,484.0,372.0,903.0,898.0,573.0,523.0,803.0,438.0,1027.0,678.0,603.0,689.0,449.0,976.0,375.0,489.0,684.0,627.0,431.0,519.0,338.0,1067.0,546.0,377.0,1053.0,712.0,412.0,371.0,484.0,905.0,492.0,273.0,886.0,932.0,396.0,1066.0,621.0,769.0,478.0,406.0,391.0,871.0,572.0,882.0,334.0,301.0,481.0,793.0,389.0,449.0,705.0,385.0,840.0,630.0,0000000000000000031c,32.81014080408,C0305X05
467.0,984.0,1008.0,354.0,489.0,752.0,709.0,501.0,385.0,943.0,927.0,590.0,546.0,838.0,472.0,1061.0,724.0,636.0,713.0,468.0,1012.0,394.0,519.0,713.0,676.0,457.0,541.0,355.0,1109.0,583.0,407.0,1078.0,733.0,435.0,387.0,516.0,928.0,517.0,307.0,920.0,964.0,418.0,1094.0,652.0,797.0,500.0,424.0,417.0,899.0,607.0,923.0,355.0,328.0,507.0,845.0,411.0,465.0,736.0,415.0,869.0,652.0,0000000000000000031d,50.660841558159,C0305X06
393.0,704.0,820.0,311.0,464.0,608.0,530.0,467.0,375.0,727.0,626.0,525.0,410.0,776.0,454.0,816.0,591.0,511.0,467.0,394.0,730.0,403.0,444.0,587.0,532.0,449.0,411.0,347.0,806.0,408.0,387.0,852.0,597.0,390.0,310.0,427.0,644.0,430.0,325.0,761.0,683.0,417.0,792.0,466.0,522.0,403.0,447.0,439.0,591.0,455.0,744.0,289.0,273.0,367.0,702.0,335.0,451.0,690.0,363.0,577.0,523.0,0000000000000000031e,30.4768365574309,C0306C02
331.0,507.0,627.0,260.0,437.0,557.0,495.0,415.0,325.0,583.0,505.0,434.0,284.0,737.0,370.0,653.0,413.0,437.0,369.0,344.0,526.0,343.0,362.0,443.0,491.0,437.0,310.0,298.0,572.0,363.0,337.0,590.0,432.0,308.0,241.0,377.0,622.0,370.0,316.0,565.0,558.0,379.0,711.0,334.0,538.0,332.0,379.0,373.0,506.0,364.0,473.0,241.0,241.0,309.0,549.0,280.0,373.0,629.0,295.0,532.0,387.0,0000000000000000031f,7.59021840748131,C0306F01
330.0,615.0,709.0,265.0,352.0,510.0,465.0,366.0,297.0,606.0,626.0,435.0,376.0,554.0,379.0,693.0,479.0,431.0,472.0,322.0,662.0,314.0,371.0,511.0,427.0,315.0,371.0,271.0,740.0,370.0,306.0,735.0,516.0,338.0,273.0,358.0,623.0,358.0,231.0,653.0,607.0,315.0,735.0,436.0,496.0,352.0,349.0,349.0,593.0,414.0,606.0,245.0,242.0,330.0,541.0,282.0,359.0,546.0,312.0,568.0,464.0,00000000000000000320,45.1820128695135,C0306F02
372.0,740.0,823.0,291.0,390.0,591.0,533.0,397.0,321.0,715.0,740.0,485.0,426.0,646.0,406.0,827.0,554.0,503.0,554.0,366.0,775.0,338.0,418.0,586.0,507.0,360.0,425.0,298.0,890.0,433.0,335.0,864.0,605.0,375.0,318.0,399.0,731.0,399.0,250.0,749.0,733.0,350.0,864.0,501.0,597.0,397.0,368.0,372.0,708.0,478.0,715.0,281.0,269.0,381.0,638.0,320.0,392.0,623.0,342.0,683.0,526.0,00000000000000000321,45.1248444239942,C0306F03
354.0,649.0,760.0,280.0,377.0,546.0,486.0,386.0,318.0,634.0,679.0,469.0,402.0,588.0,412.0,738.0,503.0,459.0,505.0,345.0,700.0,338.0,401.0,545.0,445.0,336.0,400.0,290.0,795.0,390.0,329.0,780.0,555.0,364.0,295.0,380.0,674.0,379.0,246.0,698.0,640.0,339.0,779.0,464.0,529.0,377.0,375.0,375.0,643.0,440.0,635.0,260.0,259.0,346.0,558.0,296.0,389.0,587.0,335.0,615.0,501.0,00000000000000000322,28.8022127985372,C0306F04
399.0,779.0,876.0,313.0,417.0,625.0,563.0,424.0,345.0,756.0,783.0,520.0,453.0,686.0,438.0,871.0,589.0,534.0,586.0,391.0,817.0,363.0,447.0,623.0,537.0,385.0,454.0,320.0,940.0,458.0,360.0,915.0,643.0,404.0,341.0,424.0,773.0,424.0,269.0,797.0,772.0,376.0,915.0,530.0,630.0,424.0,396.0,401.0,749.0,508.0,756.0,302.0,289.0,405.0,673.0,343.0,421.0,664.0,368.0,722.0,560.0,00000000000000000323,24.6797882872279,C0306F05
451.0,946.0,971.0,346.0,474.0,726.0,683.0,484.0,374.0,912.0,892.0,565.0,528.0,810.0,459.0,1019.0,706.0,617.0,689.0,451.0,973.0,384.0,502.0,689.0,661.0,443.0,521.0,346.0,1065.0,568.0,394.0,1038.0,707.0,423.0,375.0,501.0,892.0,501.0,304.0,889.0,928.0,404.0,1050.0,633.0,767.0,484.0,411.0,408.0,865.0,591.0,894.0,345.0,322.0,492.0,823.0,399.0,450.0,713.0,404.0,837.0,629.0,00000000000000000324,30.8500500648832,C0306P01
417.0,736.0,766.0,321.0,635.0,860.0,797.0,645.0,495.0,705.0,446.0,586.0,345.0,1317.0,467.0,983.0,561.0,620.0,319.0,532.0,554.0,422.0,456.0,498.0,871.0,650.0,393.0,426.0,495.0,500.0,497.0,591.0,550.0,355.0,289.0,556.0,861.0,580.0,514.0,615.0,796.0,529.0,1020.0,293.0,882.0,423.0,495.0,502.0,459.0,398.0,521.0,352.0,300.0,434.0,858.0,353.0,545.0,974.0,405.0,607.0,469.0,00000000000000000325,6.61611721789091,C0306P02
407.0,634.0,765.0,321.0,411.0,558.0,538.0,445.0,358.0,555.0,698.0,524.0,395.0,558.0,453.0,760.0,558.0,462.0,458.0,371.0,676.0,413.0,427.0,562.0,460.0,380.0,365.0,339.0,802.0,418.0,379.0,785.0,545.0,390.0,305.0,442.0,727.0,414.0,308.0,736.0,624.0,388.0,744.0,498.0,601.0,393.0,452.0,459.0,649.0,443.0,634.0,267.0,263.0,329.0,622.0,343.0,435.0,656.0,344.0,659.0,518.0,00000000000000000326,23.1248677461807,C0306R01
448.0,672.0,809.0,359.0,471.0,611.0,573.0,493.0,398.0,634.0,742.0,575.0,441.0,624.0,524.0,792.0,606.0,523.0,523.0,412.0,727.0,455.0,490.0,613.0,523.0,421.0,439.0,388.0,839.0,469.0,415.0,833.0,596.0,459.0,348.0,481.0,760.0,459.0,362.0,785.0,680.0,425.0,796.0,536.0,635.0,442.0,494.0,494.0,698.0,487.0,689.0,310.0,330.0,386.0,665.0,385.0,473.0,689.0,411.0,698.0,569.0,00000000000000000327,8.28699123947284,C0306R02
427.0,638.0,804.0,332.0,449.0,592.0,548.0,478.0,375.0,631.0,712.0,558.0,437.0,611.0,498.0,776.0,568.0,495.0,509.0,392.0,698.0,428.0,470.0,598.0,479.0,396.0,438.0,364.0,807.0,436.0,393.0,804.0,584.0,434.0,329.0,459.0,731.0,439.0,327.0,763.0,638.0,406.0,786.0,509.0,586.0,438.0,471.0,460.0,673.0,465.0,659.0,286.0,295.0,367.0,617.0,356.0,460.0,659.0,381.0,663.0,562.0,00000000000000000328,19.7777461165453,C0306R04
451.0,868.0,929.0,357.0,472.0,701.0,627.0,476.0,394.0,841.0,879.0,573.0,504.0,748.0,490.0,962.0,659.0,583.0,661.0,442.0,914.0,415.0,501.0,675.0,604.0,436.0,506.0,367.0,1042.0,534.0,404.0,1000.0,688.0,447.0,378.0,481.0,869.0,481.0,317.0,856.0,862.0,419.0,997.0,608.0,720.0,473.0,452.0,456.0,844.0,555.0,835.0,340.0,337.0,456.0,759.0,389.0,467.0,713.0,416.0,816.0,618.0,00000000000000000329,67.8953674897195,C0306R05
373.0,642.0,818.0,299.0,461.0,606.0,488.0,426.0,344.0,672.0,625.0,504.0,406.0,705.0,449.0,750.0,540.0,479.0,451.0,345.0,690.0,389.0,421.0,581.0,454.0,428.0,399.0,321.0,784.0,358.0,355.0,825.0,576.0,393.0,298.0,397.0,625.0,390.0,272.0,751.0,625.0,395.0,802.0,463.0,473.0,388.0,422.0,422.0,582.0,447.0,677.0,257.0,257.0,321.0,620.0,303.0,424.0,673.0,347.0,550.0,516.0,0000000000000000032a,13.5806379239647,C0306R06
305.0,545.0,674.0,240.0,348.0,487.0,424.0,348.0,277.0,542.0,561.0,410.0,336.0,503.0,358.0,635.0,443.0,397.0,410.0,290.0,594.0,309.0,348.0,479.0,373.0,309.0,335.0,256.0,672.0,318.0,285.0,685.0,478.0,313.0,241.0,337.0,561.0,330.0,211.0,619.0,533.0,294.0,679.0,386.0,430.0,324.0,339.0,339.0,526.0,374.0,557.0,211.0,207.0,282.0,501.0,248.0,341.0,516.0,279.0,500.0,436.0,0000000000000000032b,48.8641667546175,C0306R09
459.0,675.0,834.0,360.0,478.0,626.0,578.0,509.0,396.0,642.0,757.0,592.0,450.0,634.0,543.0,800.0,604.0,525.0,539.0,420.0,727.0,458.0,509.0,622.0,524.0,430.0,457.0,386.0,862.0,478.0,422.0,840.0,612.0,469.0,348.0,490.0,775.0,467.0,363.0,804.0,675.0,432.0,806.0,547.0,632.0,457.0,499.0,499.0,710.0,486.0,685.0,305.0,331.0,390.0,664.0,390.0,485.0,689.0,416.0,710.0,589.0,0000000000000000032c,5.09300172238353,C0306R11
422.0,822.0,901.0,330.0,440.0,663.0,591.0,445.0,367.0,797.0,835.0,548.0,472.0,711.0,461.0,920.0,619.0,553.0,622.0,413.0,869.0,388.0,470.0,647.0,562.0,408.0,475.0,341.0,998.0,491.0,379.0,962.0,662.0,421.0,357.0,448.0,825.0,448.0,287.0,824.0,817.0,395.0,962.0,567.0,672.0,445.0,425.0,430.0,800.0,523.0,792.0,314.0,307.0,423.0,709.0,360.0,443.0,687.0,386.0,771.0,584.0,0000000000000000032d,96.7751145190679,C0306R12
555.0,888.0,984.0,421.0,547.0,732.0,722.0,584.0,468.0,795.0,896.0,678.0,527.0,773.0,581.0,1043.0,781.0,634.0,609.0,518.0,931.0,524.0,552.0,737.0,680.0,527.0,487.0,458.0,1053.0,588.0,511.0,1064.0,708.0,514.0,423.0,590.0,949.0,570.0,439.0,959.0,872.0,511.0,1019.0,660.0,820.0,523.0,565.0,571.0,854.0,617.0,898.0,385.0,382.0,465.0,889.0,489.0,563.0,839.0,458.0,861.0,655.0,0000000000000000032e,80.4665955017023,C0307C02
485.0,734.0,880.0,394.0,516.0,652.0,605.0,538.0,435.0,695.0,785.0,619.0,466.0,701.0,571.0,856.0,669.0,570.0,551.0,447.0,788.0,496.0,533.0,665.0,583.0,470.0,477.0,425.0,903.0,497.0,452.0,899.0,646.0,506.0,380.0,510.0,803.0,485.0,402.0,861.0,736.0,464.0,829.0,565.0,673.0,483.0,537.0,528.0,738.0,532.0,752.0,338.0,364.0,409.0,731.0,418.0,511.0,741.0,452.0,738.0,595.0,0000000000000000032f,231.981752352724,C0307C03
542.0,880.0,964.0,419.0,541.0,715.0,710.0,580.0,465.0,779.0,882.0,661.0,519.0,758.0,573.0,1033.0,771.0,626.0,594.0,505.0,920.0,520.0,545.0,726.0,667.0,514.0,480.0,456.0,1035.0,574.0,506.0,1044.0,698.0,508.0,420.0,583.0,934.0,563.0,433.0,942.0,860.0,506.0,1000.0,645.0,812.0,516.0,563.0,567.0,840.0,609.0,883.0,382.0,377.0,454.0,875.0,478.0,560.0,832.0,452.0,844.0,644.0,00000000000000000330,437.442386531115,C0307C04
488.0,765.0,912.0,403.0,521.0,677.0,621.0,543.0,443.0,704.0,797.0,618.0,469.0,778.0,575.0,890.0,700.0,591.0,559.0,450.0,817.0,502.0,535.0,685.0,619.0,506.0,477.0,433.0,933.0,508.0,458.0,942.0,666.0,505.0,382.0,515.0,816.0,487.0,406.0,893.0,769.0,476.0,841.0,576.0,685.0,487.0,542.0,512.0,750.0,553.0,794.0,338.0,366.0,413.0,776.0,423.0,509.0,763.0,450.0,750.0,593.0,00000000000000000331,129.698461779353,C0307C05
485.0,1037.0,1070.0,370.0,503.0,783.0,745.0,529.0,404.0,968.0,968.0,627.0,567.0,873.0,484.0,1104.0,739.0,659.0,745.0,492.0,1049.0,408.0,538.0,747.0,683.0,474.0,569.0,369.0,1145.0,593.0,415.0,1126.0,776.0,454.0,406.0,526.0,975.0,534.0,303.0,962.0,1002.0,435.0,1141.0,677.0,831.0,523.0,442.0,424.0,936.0,626.0,947.0,369.0,333.0,522.0,854.0,426.0,491.0,769.0,425.0,902.0,683.0,00000000000000000332,106.07227634813,C0307C06
464.0,1018.0,1061.0,357.0,479.0,761.0,724.0,515.0,395.0,948.0,944.0,613.0,552.0,850.0,462.0,1078.0,709.0,637.0,726.0,475.0,1021.0,395.0,516.0,729.0,650.0,452.0,552.0,351.0,1115.0,564.0,395.0,1118.0,763.0,438.0,394.0,505.0,955.0,516.0,278.0,944.0,976.0,420.0,1130.0,647.0,806.0,511.0,431.0,409.0,912.0,603.0,925.0,354.0,312.0,505.0,823.0,406.0,482.0,752.0,404.0,878.0,669.0,00000000000000000333,56.5260671294628,C0307C08
456.0,1009.0,1050.0,354.0,472.0,751.0,715.0,508.0,392.0,935.0,933.0,605.0,543.0,838.0,454.0,1067.0,697.0,628.0,716.0,468.0,1010.0,392.0,508.0,719.0,638.0,445.0,545.0,346.0,1102.0,554.0,387.0,1105.0,754.0,431.0,387.0,497.0,944.0,508.0,271.0,932.0,965.0,412.0,1117.0,637.0,796.0,506.0,428.0,405.0,900.0,594.0,912.0,348.0,305.0,497.0,810.0,399.0,475.0,742.0,397.0,866.0,660.0,00000000000000000334,33.4022440320167,C0307C10
493.0,784.0,1027.0,390.0,561.0,707.0,635.0,575.0,442.0,790.0,824.0,642.0,378.0,869.0,580.0,969.0,739.0,606.0,521.0,452.0,836.0,506.0,533.0,732.0,617.0,555.0,457.0,424.0,977.0,474.0,476.0,1004.0,708.0,494.0,368.0,525.0,882.0,504.0,409.0,981.0,755.0,499.0,881.0,497.0,709.0,494.0,550.0,539.0,763.0,572.0,807.0,329.0,333.0,381.0,810.0,412.0,536.0,838.0,437.0,774.0,605.0,00000000000000000335,97.7092057817452,C0307P01
489.0,785.0,958.0,374.0,582.0,727.0,684.0,604.0,460.0,789.0,782.0,626.0,385.0,915.0,561.0,1006.0,699.0,624.0,518.0,475.0,824.0,512.0,534.0,684.0,669.0,573.0,443.0,416.0,914.0,491.0,478.0,942.0,721.0,468.0,352.0,533.0,863.0,534.0,448.0,892.0,681.0,500.0,870.0,441.0,744.0,480.0,550.0,546.0,741.0,549.0,746.0,346.0,350.0,414.0,826.0,414.0,549.0,866.0,434.0,745.0,578.0,00000000000000000336,165.510995241692,C0307P02
486.0,777.0,1010.0,382.0,556.0,702.0,635.0,571.0,438.0,782.0,813.0,633.0,375.0,869.0,571.0,966.0,727.0,601.0,514.0,449.0,827.0,500.0,526.0,717.0,619.0,551.0,449.0,417.0,959.0,470.0,469.0,986.0,701.0,484.0,361.0,521.0,873.0,503.0,410.0,961.0,737.0,493.0,871.0,483.0,708.0,485.0,543.0,533.0,754.0,561.0,790.0,327.0,331.0,381.0,804.0,407.0,531.0,832.0,432.0,765.0,595.0,00000000000000000337,65.5380623164295,C0307P05
459.0,973.0,1009.0,349.0,474.0,739.0,703.0,496.0,382.0,925.0,907.0,588.0,536.0,831.0,458.0,1038.0,709.0,623.0,703.0,464.0,988.0,387.0,506.0,702.0,658.0,449.0,532.0,349.0,1078.0,565.0,394.0,1068.0,727.0,428.0,383.0,500.0,912.0,505.0,292.0,912.0,943.0,410.0,1083.0,642.0,781.0,490.0,418.0,404.0,879.0,593.0,906.0,348.0,317.0,495.0,822.0,404.0,461.0,722.0,403.0,846.0,643.0,00000000000000000339,203.144197036912,C0307P10
444.0,666.0,821.0,342.0,469.0,614.0,569.0,497.0,384.0,646.0,734.0,573.0,454.0,632.0,519.0,800.0,589.0,509.0,532.0,408.0,725.0,436.0,490.0,612.0,503.0,414.0,458.0,373.0,833.0,461.0,407.0,821.0,596.0,454.0,346.0,481.0,753.0,460.0,346.0,781.0,666.0,422.0,797.0,532.0,611.0,458.0,478.0,467.0,696.0,480.0,677.0,303.0,314.0,389.0,633.0,374.0,476.0,675.0,400.0,686.0,583.0,0000000000000000033a,37.03024506492,C0307R06
490.0,773.0,885.0,371.0,496.0,686.0,641.0,521.0,411.0,711.0,847.0,614.0,495.0,669.0,523.0,904.0,669.0,571.0,594.0,452.0,827.0,470.0,515.0,670.0,581.0,462.0,457.0,391.0,960.0,543.0,445.0,960.0,656.0,465.0,375.0,534.0,872.0,505.0,371.0,856.0,773.0,455.0,905.0,613.0,732.0,467.0,520.0,518.0,797.0,552.0,782.0,325.0,333.0,427.0,767.0,414.0,506.0,759.0,409.0,803.0,622.0,0000000000000000033b,224.006502244691,C0307R07
488.0,779.0,923.0,406.0,518.0,676.0,624.0,545.0,445.0,697.0,797.0,615.0,469.0,798.0,572.0,904.0,712.0,591.0,555.0,451.0,826.0,503.0,534.0,685.0,632.0,508.0,475.0,433.0,943.0,508.0,458.0,951.0,667.0,503.0,382.0,517.0,817.0,489.0,406.0,902.0,777.0,477.0,878.0,572.0,687.0,487.0,543.0,513.0,750.0,556.0,803.0,335.0,366.0,414.0,786.0,423.0,507.0,771.0,446.0,751.0,592.0,0000000000000000033d,10.6666614098565,C0307W05
469.0,976.0,1069.0,376.0,500.0,732.0,675.0,503.0,415.0,969.0,864.0,613.0,524.0,938.0,497.0,1047.0,732.0,640.0,681.0,472.0,1001.0,423.0,513.0,729.0,674.0,466.0,540.0,376.0,1097.0,523.0,413.0,1122.0,756.0,458.0,396.0,486.0,868.0,490.0,304.0,961.0,942.0,436.0,1115.0,606.0,714.0,494.0,459.0,462.0,833.0,606.0,948.0,357.0,331.0,479.0,859.0,406.0,488.0,785.0,431.0,794.0,640.0,0000000000000000033e,204.443205817285,C0307W07
462.0,1003.0,1044.0,358.0,476.0,755.0,720.0,509.0,393.0,936.0,929.0,605.0,545.0,842.0,459.0,1061.0,707.0,631.0,720.0,472.0,1007.0,394.0,511.0,719.0,651.0,451.0,545.0,358.0,1096.0,564.0,395.0,1098.0,751.0,435.0,393.0,501.0,939.0,511.0,283.0,932.0,962.0,418.0,1110.0,653.0,794.0,498.0,428.0,408.0,897.0,598.0,914.0,355.0,315.0,500.0,818.0,406.0,477.0,741.0,403.0,862.0,660.0,0000000000000000033f,335.209978214584,C0307W10
486.0,764.0,879.0,379.0,491.0,670.0,641.0,523.0,419.0,682.0,829.0,610.0,483.0,666.0,529.0,900.0,666.0,557.0,565.0,448.0,810.0,478.0,510.0,663.0,565.0,458.0,441.0,399.0,942.0,523.0,448.0,928.0,643.0,462.0,366.0,533.0,863.0,503.0,378.0,848.0,753.0,458.0,885.0,607.0,726.0,462.0,528.0,528.0,778.0,538.0,761.0,326.0,336.0,412.0,747.0,419.0,509.0,759.0,414.0,788.0,610.0,00000000000000000340,39.4288373694104,C0307W11
457.0,1007.0,1047.0,353.0,471.0,753.0,716.0,507.0,390.0,935.0,934.0,604.0,543.0,838.0,454.0,1065.0,698.0,627.0,718.0,468.0,1009.0,390.0,507.0,718.0,640.0,445.0,543.0,346.0,1102.0,557.0,388.0,1105.0,752.0,430.0,387.0,497.0,945.0,508.0,272.0,931.0,964.0,413.0,1116.0,639.0,797.0,503.0,426.0,405.0,902.0,593.0,913.0,348.0,306.0,497.0,811.0,400.0,475.0,740.0,397.0,869.0,659.0,00000000000000000341,60.3166816540116,C0307X01
421.0,911.0,957.0,324.0,441.0,691.0,645.0,451.0,354.0,881.0,865.0,543.0,487.0,776.0,436.0,998.0,659.0,583.0,651.0,421.0,942.0,365.0,470.0,668.0,613.0,411.0,490.0,324.0,1055.0,520.0,375.0,1027.0,683.0,406.0,354.0,458.0,865.0,458.0,269.0,864.0,891.0,386.0,1036.0,591.0,727.0,451.0,395.0,395.0,835.0,554.0,865.0,322.0,289.0,443.0,783.0,364.0,439.0,698.0,372.0,811.0,593.0,00000000000000000342,95.1835206951545,C0308C01
451.0,965.0,990.0,341.0,466.0,729.0,687.0,484.0,375.0,919.0,908.0,577.0,527.0,814.0,450.0,1038.0,695.0,614.0,692.0,454.0,988.0,381.0,497.0,693.0,644.0,441.0,521.0,344.0,1085.0,557.0,391.0,1061.0,717.0,419.0,377.0,494.0,912.0,497.0,286.0,896.0,941.0,406.0,1076.0,628.0,775.0,480.0,412.0,405.0,882.0,585.0,899.0,341.0,309.0,487.0,815.0,396.0,457.0,717.0,394.0,852.0,633.0,00000000000000000343,65.7463612976668,C0308C03
456.0,1003.0,1044.0,353.0,471.0,750.0,714.0,506.0,389.0,932.0,929.0,604.0,542.0,835.0,453.0,1061.0,696.0,626.0,715.0,467.0,1005.0,389.0,507.0,717.0,637.0,445.0,543.0,346.0,1097.0,555.0,387.0,1100.0,750.0,429.0,386.0,496.0,940.0,508.0,272.0,928.0,960.0,412.0,1112.0,638.0,794.0,502.0,425.0,403.0,897.0,592.0,909.0,348.0,305.0,496.0,808.0,399.0,474.0,739.0,396.0,863.0,658.0,00000000000000000344,108.006742680497,C0308C07
455.0,1005.0,1036.0,348.0,471.0,748.0,708.0,507.0,389.0,935.0,932.0,598.0,541.0,832.0,453.0,1066.0,696.0,624.0,714.0,466.0,1011.0,389.0,507.0,712.0,639.0,444.0,542.0,349.0,1105.0,557.0,385.0,1101.0,745.0,431.0,385.0,496.0,942.0,507.0,276.0,922.0,965.0,409.0,1113.0,635.0,795.0,501.0,423.0,406.0,904.0,590.0,912.0,343.0,309.0,496.0,812.0,400.0,470.0,735.0,398.0,871.0,654.0,00000000000000000345,123.892353373342,C0308C09
502.0,800.0,908.0,379.0,495.0,676.0,651.0,531.0,420.0,725.0,832.0,618.0,485.0,706.0,524.0,938.0,706.0,584.0,563.0,466.0,844.0,474.0,504.0,683.0,613.0,475.0,449.0,405.0,965.0,533.0,459.0,978.0,656.0,462.0,380.0,542.0,876.0,522.0,391.0,883.0,789.0,464.0,936.0,607.0,748.0,476.0,515.0,519.0,787.0,566.0,820.0,343.0,338.0,429.0,809.0,439.0,510.0,778.0,413.0,797.0,607.0,00000000000000000346,47.479839294867,C0308C10
394.0,671.0,706.0,306.0,384.0,524.0,529.0,412.0,339.0,592.0,661.0,476.0,376.0,568.0,405.0,783.0,576.0,456.0,439.0,369.0,696.0,379.0,386.0,528.0,498.0,375.0,340.0,332.0,774.0,425.0,363.0,785.0,508.0,361.0,305.0,423.0,700.0,410.0,311.0,691.0,653.0,362.0,753.0,475.0,617.0,366.0,410.0,410.0,632.0,449.0,670.0,279.0,273.0,330.0,665.0,354.0,402.0,607.0,323.0,632.0,463.0,00000000000000000348,147.037700198297,C0308F02
539.0,880.0,954.0,410.0,527.0,711.0,707.0,568.0,454.0,792.0,877.0,654.0,513.0,758.0,559.0,1027.0,772.0,620.0,596.0,504.0,917.0,507.0,534.0,719.0,671.0,512.0,473.0,445.0,1023.0,576.0,493.0,1048.0,692.0,497.0,412.0,575.0,927.0,557.0,426.0,932.0,860.0,493.0,1006.0,644.0,813.0,507.0,549.0,551.0,837.0,609.0,888.0,376.0,372.0,450.0,886.0,477.0,545.0,824.0,443.0,839.0,632.0,00000000000000000349,128.828882048802,C0308F03
486.0,805.0,870.0,371.0,480.0,645.0,643.0,515.0,411.0,719.0,802.0,590.0,465.0,689.0,506.0,941.0,700.0,564.0,538.0,453.0,838.0,460.0,483.0,651.0,608.0,461.0,426.0,403.0,935.0,521.0,447.0,958.0,626.0,449.0,372.0,524.0,849.0,507.0,384.0,851.0,785.0,447.0,918.0,583.0,744.0,458.0,500.0,501.0,765.0,550.0,808.0,339.0,336.0,407.0,807.0,429.0,496.0,748.0,401.0,766.0,576.0,0000000000000000034a,263.182190287361,C0308F04
523.0,861.0,926.0,404.0,517.0,683.0,688.0,554.0,446.0,768.0,846.0,632.0,498.0,742.0,543.0,1004.0,756.0,603.0,572.0,490.0,894.0,498.0,519.0,697.0,653.0,498.0,459.0,438.0,993.0,554.0,482.0,1016.0,671.0,484.0,405.0,559.0,895.0,542.0,417.0,906.0,839.0,482.0,975.0,618.0,789.0,493.0,540.0,540.0,809.0,593.0,868.0,371.0,366.0,436.0,861.0,469.0,534.0,800.0,433.0,809.0,612.0,0000000000000000034b,54.9504016705969,C0308F06
512.0,818.0,937.0,388.0,514.0,687.0,667.0,543.0,434.0,733.0,842.0,632.0,490.0,720.0,539.0,970.0,720.0,592.0,565.0,475.0,865.0,489.0,514.0,695.0,627.0,485.0,457.0,425.0,994.0,544.0,475.0,999.0,667.0,474.0,390.0,548.0,894.0,529.0,401.0,906.0,807.0,476.0,955.0,616.0,760.0,486.0,526.0,535.0,801.0,573.0,833.0,351.0,346.0,432.0,822.0,448.0,523.0,794.0,420.0,811.0,616.0,0000000000000000034c,223.931629944212,C0308F07
511.0,846.0,907.0,390.0,501.0,675.0,674.0,542.0,432.0,755.0,835.0,620.0,489.0,723.0,531.0,985.0,739.0,588.0,566.0,478.0,879.0,483.0,508.0,680.0,640.0,486.0,448.0,424.0,976.0,547.0,469.0,999.0,654.0,472.0,393.0,549.0,882.0,532.0,405.0,888.0,825.0,469.0,958.0,611.0,777.0,482.0,524.0,525.0,797.0,578.0,847.0,359.0,355.0,428.0,846.0,453.0,520.0,781.0,422.0,797.0,602.0,0000000000000000034d,153.876889927566,C0308F08
538.0,886.0,954.0,415.0,531.0,705.0,709.0,571.0,459.0,793.0,871.0,651.0,513.0,766.0,561.0,1032.0,781.0,621.0,591.0,504.0,919.0,512.0,535.0,718.0,675.0,513.0,473.0,450.0,1021.0,572.0,496.0,1048.0,691.0,500.0,417.0,577.0,921.0,559.0,430.0,935.0,863.0,496.0,1005.0,638.0,812.0,508.0,555.0,555.0,832.0,611.0,894.0,381.0,378.0,450.0,888.0,482.0,549.0,825.0,447.0,832.0,631.0,0000000000000000034e,67.2978557480019,C0308F09
444.0,695.0,806.0,345.0,440.0,592.0,574.0,476.0,389.0,602.0,730.0,559.0,424.0,610.0,485.0,835.0,610.0,508.0,476.0,409.0,739.0,442.0,450.0,608.0,522.0,418.0,394.0,380.0,857.0,456.0,419.0,841.0,581.0,422.0,338.0,472.0,779.0,453.0,351.0,785.0,685.0,419.0,801.0,524.0,650.0,422.0,478.0,487.0,690.0,490.0,692.0,302.0,297.0,359.0,682.0,382.0,463.0,700.0,377.0,700.0,537.0,0000000000000000034f,128.57358925973,C0308F10
506.0,837.0,899.0,388.0,498.0,665.0,669.0,535.0,429.0,749.0,825.0,612.0,483.0,721.0,524.0,976.0,734.0,584.0,557.0,473.0,869.0,480.0,501.0,675.0,635.0,481.0,442.0,421.0,965.0,539.0,464.0,991.0,650.0,467.0,389.0,543.0,873.0,526.0,401.0,881.0,815.0,463.0,951.0,602.0,769.0,476.0,520.0,520.0,788.0,575.0,845.0,356.0,352.0,423.0,840.0,452.0,514.0,776.0,418.0,788.0,594.0,00000000000000000350,238.068974049217,C0308F11
507.0,841.0,900.0,388.0,497.0,668.0,669.0,537.0,429.0,751.0,829.0,614.0,484.0,719.0,526.0,979.0,735.0,585.0,560.0,474.0,872.0,479.0,503.0,675.0,637.0,482.0,444.0,421.0,968.0,542.0,466.0,992.0,650.0,468.0,390.0,544.0,877.0,527.0,402.0,882.0,819.0,466.0,952.0,605.0,773.0,478.0,521.0,521.0,792.0,574.0,842.0,356.0,353.0,424.0,842.0,450.0,516.0,776.0,419.0,792.0,596.0,00000000000000000351,191.843606264279,C0308F16
475.0,742.0,866.0,365.0,475.0,652.0,632.0,514.0,408.0,652.0,798.0,597.0,463.0,650.0,510.0,887.0,650.0,543.0,542.0,438.0,788.0,465.0,486.0,647.0,549.0,447.0,426.0,395.0,914.0,500.0,441.0,906.0,619.0,444.0,361.0,519.0,846.0,496.0,369.0,836.0,730.0,450.0,863.0,583.0,707.0,455.0,506.0,511.0,753.0,524.0,744.0,322.0,313.0,399.0,734.0,410.0,499.0,744.0,397.0,763.0,589.0,00000000000000000353,174.989065459012,C0308F19
444.0,942.0,983.0,342.0,462.0,715.0,658.0,472.0,378.0,904.0,901.0,569.0,505.0,796.0,464.0,1038.0,681.0,600.0,674.0,444.0,977.0,389.0,492.0,689.0,638.0,434.0,512.0,348.0,1102.0,542.0,395.0,1068.0,705.0,432.0,374.0,476.0,901.0,476.0,294.0,896.0,929.0,406.0,1069.0,613.0,761.0,472.0,419.0,419.0,871.0,570.0,899.0,335.0,314.0,458.0,814.0,386.0,453.0,717.0,394.0,850.0,613.0,00000000000000000354,103.077517719699,C0308P01
391.0,857.0,929.0,313.0,442.0,627.0,565.0,430.0,355.0,862.0,728.0,526.0,439.0,839.0,421.0,922.0,639.0,548.0,567.0,404.0,880.0,356.0,436.0,626.0,582.0,401.0,452.0,321.0,951.0,438.0,361.0,984.0,653.0,379.0,331.0,413.0,739.0,415.0,260.0,849.0,830.0,365.0,924.0,498.0,598.0,410.0,396.0,398.0,696.0,506.0,840.0,302.0,264.0,408.0,760.0,342.0,423.0,680.0,361.0,675.0,551.0,00000000000000000355,129.687442865174,C0308P02
373.0,653.0,795.0,287.0,399.0,563.0,509.0,412.0,328.0,636.0,698.0,496.0,411.0,601.0,434.0,755.0,523.0,473.0,508.0,357.0,711.0,360.0,421.0,567.0,450.0,349.0,411.0,303.0,811.0,395.0,347.0,803.0,572.0,380.0,300.0,404.0,693.0,399.0,258.0,730.0,647.0,357.0,796.0,476.0,541.0,393.0,396.0,396.0,657.0,447.0,651.0,266.0,261.0,350.0,577.0,307.0,411.0,614.0,346.0,628.0,526.0,00000000000000000356,65.7781448087936,C0308P03
375.0,797.0,852.0,286.0,390.0,610.0,556.0,399.0,321.0,762.0,772.0,488.0,431.0,680.0,395.0,883.0,574.0,515.0,573.0,375.0,826.0,330.0,417.0,597.0,536.0,367.0,432.0,294.0,940.0,453.0,338.0,915.0,614.0,368.0,319.0,404.0,769.0,404.0,244.0,774.0,787.0,348.0,915.0,518.0,641.0,399.0,358.0,358.0,742.0,488.0,761.0,281.0,262.0,386.0,684.0,324.0,388.0,624.0,333.0,723.0,529.0,00000000000000000358,67.375671460333,C0308R01
487.0,771.0,889.0,370.0,499.0,694.0,635.0,513.0,404.0,717.0,859.0,618.0,494.0,674.0,534.0,902.0,661.0,573.0,600.0,448.0,833.0,465.0,519.0,674.0,577.0,458.0,466.0,390.0,975.0,542.0,440.0,952.0,661.0,466.0,368.0,533.0,873.0,504.0,369.0,858.0,771.0,450.0,896.0,611.0,717.0,469.0,509.0,505.0,803.0,541.0,773.0,323.0,336.0,431.0,746.0,416.0,502.0,752.0,414.0,803.0,629.0,00000000000000000359,40.7865175830785,C0308R03
486.0,750.0,879.0,378.0,484.0,662.0,640.0,524.0,419.0,661.0,817.0,613.0,474.0,656.0,522.0,895.0,656.0,551.0,551.0,447.0,797.0,478.0,495.0,659.0,550.0,457.0,434.0,401.0,926.0,507.0,448.0,917.0,630.0,454.0,366.0,528.0,862.0,500.0,376.0,847.0,738.0,458.0,873.0,594.0,715.0,464.0,526.0,527.0,766.0,531.0,751.0,325.0,317.0,404.0,740.0,418.0,509.0,758.0,405.0,777.0,599.0,0000000000000000035a,79.161891460248,C0308R04
367.0,625.0,705.0,278.0,385.0,552.0,488.0,394.0,311.0,598.0,699.0,468.0,395.0,556.0,401.0,735.0,511.0,445.0,493.0,348.0,684.0,353.0,403.0,524.0,447.0,349.0,384.0,295.0,798.0,419.0,324.0,750.0,522.0,353.0,278.0,404.0,693.0,388.0,260.0,674.0,640.0,339.0,731.0,478.0,564.0,376.0,379.0,379.0,659.0,415.0,618.0,245.0,256.0,340.0,578.0,311.0,382.0,576.0,320.0,651.0,493.0,0000000000000000035b,74.4220370262026,C0308R05
384.0,697.0,810.0,300.0,408.0,594.0,519.0,404.0,340.0,678.0,753.0,507.0,420.0,623.0,433.0,796.0,539.0,487.0,548.0,371.0,751.0,368.0,430.0,583.0,474.0,365.0,426.0,313.0,877.0,426.0,345.0,845.0,594.0,381.0,315.0,407.0,736.0,399.0,259.0,747.0,699.0,364.0,833.0,505.0,582.0,400.0,405.0,405.0,707.0,458.0,679.0,277.0,268.0,368.0,608.0,318.0,417.0,631.0,353.0,678.0,535.0,0000000000000000035c,50.9917167414405,C0308R06
380.0,627.0,738.0,288.0,396.0,561.0,501.0,411.0,323.0,597.0,711.0,490.0,401.0,565.0,421.0,743.0,524.0,458.0,498.0,351.0,686.0,369.0,420.0,545.0,453.0,356.0,390.0,306.0,815.0,422.0,340.0,772.0,538.0,368.0,281.0,417.0,709.0,398.0,268.0,708.0,638.0,352.0,742.0,485.0,570.0,382.0,402.0,401.0,663.0,425.0,628.0,246.0,255.0,341.0,590.0,316.0,398.0,598.0,325.0,659.0,512.0,0000000000000000035d,50.8436256259939,C0308R07
497.0,789.0,904.0,378.0,513.0,706.0,655.0,533.0,419.0,734.0,878.0,622.0,503.0,686.0,544.0,920.0,686.0,588.0,612.0,458.0,844.0,480.0,533.0,694.0,596.0,468.0,473.0,399.0,984.0,561.0,455.0,978.0,675.0,481.0,382.0,542.0,899.0,513.0,384.0,875.0,789.0,466.0,916.0,624.0,749.0,483.0,531.0,526.0,828.0,568.0,798.0,330.0,345.0,434.0,778.0,420.0,518.0,774.0,426.0,828.0,630.0,0000000000000000035e,72.8921468039904,C0308R10
382.0,759.0,829.0,298.0,399.0,607.0,544.0,405.0,330.0,732.0,770.0,496.0,431.0,651.0,413.0,853.0,565.0,506.0,570.0,373.0,802.0,349.0,427.0,591.0,514.0,369.0,433.0,308.0,924.0,449.0,341.0,886.0,607.0,380.0,324.0,407.0,761.0,407.0,256.0,756.0,756.0,357.0,886.0,517.0,619.0,405.0,382.0,388.0,739.0,478.0,729.0,285.0,274.0,386.0,652.0,326.0,400.0,629.0,347.0,711.0,533.0,0000000000000000035f,84.9997572392723,C0308R11
364.0,617.0,701.0,274.0,375.0,544.0,487.0,387.0,307.0,586.0,694.0,464.0,388.0,546.0,393.0,726.0,507.0,443.0,486.0,336.0,673.0,349.0,395.0,521.0,446.0,344.0,370.0,290.0,791.0,416.0,321.0,746.0,517.0,346.0,271.0,402.0,694.0,385.0,256.0,677.0,629.0,333.0,719.0,478.0,566.0,362.0,378.0,382.0,650.0,411.0,612.0,237.0,247.0,333.0,576.0,306.0,375.0,573.0,308.0,646.0,489.0,00000000000000000360,69.2308953831649,C0308R12
441.0,980.0,1008.0,339.0,457.0,729.0,690.0,491.0,378.0,911.0,910.0,581.0,525.0,810.0,438.0,1040.0,677.0,606.0,696.0,452.0,986.0,378.0,491.0,692.0,622.0,431.0,526.0,340.0,1078.0,542.0,373.0,1073.0,723.0,417.0,373.0,481.0,919.0,492.0,266.0,897.0,941.0,397.0,1085.0,619.0,777.0,485.0,412.0,395.0,882.0,573.0,889.0,332.0,298.0,481.0,791.0,388.0,456.0,714.0,384.0,850.0,635.0,00000000000000000362,71.4264502414052,C0308X01
440.0,966.0,992.0,333.0,456.0,722.0,679.0,484.0,373.0,907.0,901.0,571.0,517.0,805.0,439.0,1033.0,678.0,601.0,688.0,448.0,981.0,375.0,488.0,684.0,626.0,430.0,519.0,341.0,1078.0,543.0,375.0,1060.0,712.0,417.0,371.0,477.0,909.0,486.0,273.0,889.0,936.0,395.0,1073.0,616.0,765.0,475.0,406.0,398.0,878.0,571.0,886.0,329.0,302.0,475.0,793.0,388.0,450.0,706.0,386.0,847.0,623.0,00000000000000000363,77.5261987235765,C0308X03
506.0,808.0,909.0,389.0,500.0,681.0,653.0,537.0,427.0,731.0,842.0,624.0,486.0,706.0,533.0,941.0,706.0,585.0,573.0,470.0,852.0,483.0,509.0,685.0,610.0,479.0,454.0,409.0,973.0,536.0,461.0,984.0,658.0,470.0,385.0,542.0,883.0,523.0,398.0,881.0,797.0,470.0,942.0,613.0,755.0,481.0,528.0,529.0,794.0,567.0,826.0,347.0,344.0,430.0,814.0,443.0,517.0,776.0,424.0,804.0,608.0,00000000000000000365,63.5134997316377,C0309C01
375.0,579.0,744.0,292.0,399.0,530.0,483.0,423.0,333.0,590.0,633.0,503.0,390.0,562.0,442.0,713.0,515.0,448.0,450.0,345.0,637.0,384.0,420.0,544.0,432.0,345.0,389.0,322.0,742.0,380.0,343.0,755.0,534.0,381.0,287.0,410.0,645.0,390.0,278.0,711.0,579.0,361.0,737.0,450.0,507.0,389.0,425.0,415.0,594.0,419.0,611.0,245.0,248.0,320.0,571.0,306.0,414.0,594.0,330.0,579.0,511.0,00000000000000000366,51.1191467710943,C0309C02
375.0,585.0,745.0,292.0,399.0,533.0,486.0,424.0,333.0,590.0,635.0,502.0,390.0,561.0,447.0,720.0,515.0,448.0,452.0,345.0,644.0,384.0,420.0,544.0,432.0,345.0,389.0,323.0,751.0,382.0,344.0,756.0,534.0,386.0,287.0,410.0,648.0,390.0,282.0,711.0,585.0,361.0,737.0,452.0,509.0,389.0,424.0,415.0,596.0,419.0,611.0,245.0,252.0,320.0,570.0,306.0,414.0,595.0,334.0,582.0,510.0,00000000000000000367,130.193521546932,C0309C03
365.0,572.0,735.0,292.0,403.0,538.0,478.0,417.0,333.0,579.0,615.0,489.0,384.0,550.0,441.0,708.0,507.0,448.0,442.0,336.0,630.0,384.0,410.0,546.0,421.0,348.0,380.0,323.0,737.0,371.0,346.0,744.0,535.0,380.0,287.0,405.0,630.0,384.0,279.0,699.0,572.0,361.0,726.0,442.0,491.0,380.0,425.0,415.0,577.0,419.0,602.0,246.0,249.0,314.0,561.0,297.0,413.0,599.0,330.0,563.0,505.0,00000000000000000368,67.3955439505171,C0309C04
364.0,576.0,734.0,292.0,405.0,538.0,478.0,418.0,333.0,579.0,614.0,489.0,388.0,550.0,441.0,712.0,507.0,448.0,442.0,336.0,634.0,384.0,412.0,546.0,422.0,348.0,382.0,323.0,741.0,372.0,345.0,743.0,535.0,381.0,287.0,409.0,629.0,388.0,279.0,699.0,576.0,360.0,726.0,442.0,491.0,382.0,425.0,415.0,576.0,419.0,602.0,245.0,249.0,317.0,561.0,297.0,412.0,597.0,330.0,562.0,510.0,00000000000000000369,64.0839450771347,C0309C05
365.0,572.0,735.0,292.0,403.0,538.0,478.0,417.0,333.0,579.0,615.0,489.0,384.0,550.0,441.0,708.0,507.0,448.0,442.0,336.0,630.0,384.0,410.0,546.0,421.0,348.0,380.0,323.0,737.0,371.0,346.0,744.0,535.0,380.0,287.0,405.0,630.0,384.0,279.0,699.0,572.0,361.0,726.0,442.0,491.0,380.0,425.0,415.0,577.0,419.0,602.0,246.0,249.0,314.0,561.0,297.0,413.0,599.0,330.0,563.0,505.0,0000000000000000036a,40.0594294597596,C0309C06
365.0,576.0,734.0,292.0,405.0,532.0,478.0,423.0,333.0,579.0,623.0,490.0,390.0,550.0,441.0,712.0,507.0,448.0,442.0,336.0,634.0,384.0,417.0,545.0,422.0,343.0,387.0,323.0,741.0,372.0,346.0,744.0,535.0,380.0,287.0,410.0,638.0,390.0,279.0,699.0,576.0,360.0,726.0,442.0,498.0,387.0,425.0,415.0,585.0,419.0,603.0,246.0,249.0,318.0,561.0,297.0,413.0,598.0,330.0,571.0,512.0,0000000000000000036b,56.1267911131766,C0309C07
506.0,800.0,910.0,390.0,500.0,684.0,654.0,535.0,428.0,725.0,848.0,624.0,489.0,706.0,534.0,931.0,706.0,586.0,576.0,470.0,844.0,484.0,509.0,686.0,609.0,479.0,453.0,409.0,966.0,537.0,461.0,972.0,660.0,470.0,385.0,544.0,887.0,522.0,396.0,881.0,790.0,470.0,931.0,615.0,757.0,479.0,531.0,531.0,798.0,568.0,816.0,347.0,345.0,431.0,803.0,442.0,518.0,776.0,425.0,808.0,611.0,0000000000000000036c,63.4151284399407,C0309C08
506.0,808.0,909.0,389.0,500.0,681.0,653.0,537.0,427.0,731.0,842.0,624.0,486.0,706.0,533.0,941.0,706.0,585.0,573.0,470.0,852.0,483.0,509.0,685.0,610.0,479.0,454.0,409.0,973.0,536.0,461.0,984.0,658.0,470.0,385.0,542.0,883.0,523.0,398.0,881.0,797.0,470.0,942.0,613.0,755.0,481.0,528.0,529.0,794.0,567.0,826.0,347.0,344.0,430.0,814.0,443.0,517.0,776.0,424.0,804.0,608.0,0000000000000000036d,46.5159462374357,C0309C10
486.0,781.0,890.0,367.0,497.0,693.0,641.0,517.0,407.0,725.0,863.0,610.0,494.0,673.0,521.0,913.0,673.0,574.0,600.0,448.0,836.0,468.0,517.0,680.0,584.0,458.0,458.0,387.0,977.0,548.0,443.0,971.0,661.0,462.0,371.0,533.0,884.0,504.0,368.0,860.0,781.0,453.0,908.0,612.0,735.0,467.0,518.0,516.0,813.0,554.0,790.0,320.0,331.0,426.0,769.0,410.0,504.0,759.0,412.0,814.0,620.0,0000000000000000036e,23.1993003992633,C0309P02
365.0,577.0,732.0,292.0,406.0,532.0,477.0,423.0,333.0,581.0,623.0,489.0,390.0,551.0,442.0,712.0,506.0,448.0,443.0,336.0,635.0,384.0,418.0,544.0,423.0,343.0,388.0,323.0,741.0,373.0,344.0,745.0,534.0,381.0,287.0,410.0,637.0,390.0,279.0,698.0,577.0,360.0,727.0,443.0,499.0,388.0,425.0,415.0,585.0,419.0,603.0,245.0,248.0,319.0,563.0,298.0,412.0,596.0,330.0,569.0,511.0,0000000000000000036f,143.814973568054,C0309P03
506.0,808.0,916.0,388.0,500.0,692.0,665.0,538.0,428.0,730.0,846.0,625.0,495.0,708.0,535.0,946.0,708.0,586.0,580.0,470.0,853.0,484.0,510.0,687.0,610.0,479.0,453.0,411.0,976.0,543.0,462.0,987.0,659.0,471.0,385.0,553.0,889.0,533.0,398.0,887.0,797.0,470.0,945.0,622.0,758.0,482.0,528.0,531.0,798.0,567.0,827.0,347.0,343.0,437.0,816.0,442.0,518.0,779.0,424.0,809.0,621.0,00000000000000000370,77.2380393263434,C0309R02
485.0,773.0,887.0,371.0,479.0,671.0,634.0,509.0,408.0,709.0,827.0,602.0,484.0,685.0,511.0,912.0,685.0,571.0,563.0,450.0,825.0,463.0,495.0,672.0,589.0,459.0,434.0,389.0,945.0,524.0,440.0,961.0,652.0,450.0,364.0,532.0,866.0,504.0,372.0,858.0,770.0,449.0,919.0,603.0,730.0,452.0,509.0,509.0,777.0,553.0,795.0,326.0,334.0,420.0,782.0,423.0,497.0,763.0,406.0,787.0,604.0,00000000000000000371,42.8142060387577,C0309R04
486.0,763.0,889.0,370.0,500.0,688.0,634.0,519.0,408.0,710.0,856.0,617.0,490.0,666.0,535.0,897.0,660.0,569.0,593.0,447.0,822.0,470.0,521.0,673.0,571.0,456.0,463.0,390.0,967.0,537.0,443.0,956.0,658.0,468.0,369.0,530.0,874.0,500.0,369.0,858.0,763.0,453.0,894.0,603.0,722.0,470.0,518.0,511.0,803.0,543.0,772.0,319.0,333.0,422.0,751.0,410.0,506.0,755.0,412.0,803.0,624.0,00000000000000000372,63.3931402457595,C0309R05
369.0,577.0,730.0,287.0,393.0,527.0,483.0,418.0,327.0,578.0,634.0,492.0,386.0,550.0,440.0,707.0,507.0,441.0,448.0,340.0,634.0,377.0,413.0,535.0,424.0,340.0,383.0,317.0,738.0,380.0,340.0,740.0,526.0,380.0,283.0,406.0,648.0,386.0,277.0,696.0,577.0,355.0,722.0,448.0,509.0,383.0,414.0,407.0,596.0,413.0,601.0,242.0,251.0,318.0,557.0,303.0,406.0,587.0,330.0,585.0,503.0,00000000000000000373,27.2330658695218,C0309R09
386.0,584.0,722.0,305.0,404.0,540.0,503.0,432.0,342.0,568.0,653.0,502.0,393.0,551.0,449.0,708.0,516.0,448.0,466.0,351.0,636.0,390.0,424.0,544.0,437.0,360.0,394.0,332.0,738.0,402.0,357.0,726.0,527.0,392.0,299.0,417.0,670.0,399.0,298.0,687.0,584.0,367.0,708.0,467.0,540.0,394.0,427.0,419.0,617.0,421.0,598.0,261.0,270.0,334.0,563.0,324.0,414.0,601.0,345.0,609.0,508.0,00000000000000000374,49.6310633747124,C0309R10
494.0,1011.0,1059.0,381.0,508.0,778.0,741.0,524.0,415.0,981.0,937.0,620.0,569.0,887.0,503.0,1082.0,768.0,666.0,741.0,496.0,1033.0,423.0,539.0,743.0,718.0,483.0,562.0,381.0,1126.0,609.0,425.0,1117.0,765.0,467.0,409.0,537.0,939.0,539.0,333.0,967.0,987.0,438.0,1133.0,681.0,809.0,521.0,454.0,444.0,910.0,637.0,962.0,374.0,355.0,529.0,883.0,438.0,492.0,763.0,445.0,877.0,677.0,00000000000000000375,213.795150714549,C0310C02
494.0,1022.0,1065.0,382.0,514.0,779.0,742.0,532.0,417.0,980.0,948.0,623.0,569.0,888.0,504.0,1091.0,766.0,666.0,742.0,497.0,1042.0,424.0,546.0,745.0,715.0,484.0,571.0,382.0,1134.0,606.0,425.0,1120.0,768.0,469.0,411.0,535.0,951.0,538.0,331.0,970.0,995.0,440.0,1136.0,681.0,819.0,528.0,456.0,445.0,920.0,637.0,961.0,374.0,355.0,528.0,880.0,438.0,494.0,765.0,445.0,887.0,677.0,00000000000000000376,63.8627530982771,C0310C05
516.0,773.0,931.0,406.0,514.0,686.0,662.0,556.0,450.0,685.0,846.0,655.0,498.0,690.0,559.0,929.0,690.0,579.0,569.0,473.0,822.0,515.0,530.0,696.0,575.0,483.0,459.0,431.0,961.0,523.0,481.0,953.0,669.0,484.0,389.0,554.0,887.0,528.0,394.0,896.0,761.0,489.0,906.0,616.0,737.0,492.0,569.0,570.0,789.0,557.0,778.0,344.0,333.0,419.0,764.0,441.0,544.0,807.0,430.0,801.0,636.0,00000000000000000377,229.015830996384,C0310C07
494.0,1011.0,1059.0,381.0,508.0,778.0,741.0,524.0,415.0,981.0,937.0,620.0,569.0,887.0,503.0,1082.0,768.0,666.0,741.0,496.0,1033.0,423.0,539.0,743.0,718.0,483.0,562.0,381.0,1126.0,609.0,425.0,1117.0,765.0,467.0,409.0,537.0,939.0,539.0,333.0,967.0,987.0,438.0,1133.0,681.0,809.0,521.0,454.0,444.0,910.0,637.0,962.0,374.0,355.0,529.0,883.0,438.0,492.0,763.0,445.0,877.0,677.0,00000000000000000378,28.4659167912764,C0310C10
410.0,724.0,749.0,315.0,503.0,638.0,648.0,559.0,428.0,734.0,575.0,523.0,351.0,851.0,455.0,897.0,590.0,562.0,459.0,473.0,696.0,416.0,461.0,521.0,719.0,513.0,388.0,380.0,693.0,491.0,437.0,727.0,569.0,361.0,295.0,483.0,743.0,499.0,458.0,667.0,697.0,427.0,740.0,373.0,702.0,414.0,469.0,462.0,587.0,437.0,667.0,334.0,316.0,438.0,782.0,369.0,480.0,698.0,385.0,643.0,468.0,00000000000000000379,73.5971583937441,C0310P01
494.0,1025.0,1072.0,383.0,512.0,780.0,742.0,532.0,419.0,980.0,949.0,627.0,568.0,890.0,504.0,1094.0,765.0,667.0,742.0,498.0,1043.0,425.0,544.0,748.0,712.0,484.0,571.0,383.0,1136.0,602.0,425.0,1124.0,773.0,471.0,412.0,533.0,953.0,537.0,328.0,973.0,997.0,441.0,1139.0,680.0,818.0,527.0,458.0,446.0,921.0,637.0,960.0,374.0,354.0,527.0,876.0,437.0,496.0,768.0,445.0,886.0,679.0,0000000000000000037a,76.2471674511948,C0310P02
484.0,1006.0,1057.0,380.0,505.0,767.0,733.0,525.0,417.0,974.0,933.0,613.0,559.0,878.0,495.0,1073.0,755.0,659.0,733.0,488.0,1024.0,423.0,537.0,739.0,704.0,472.0,563.0,380.0,1116.0,595.0,424.0,1116.0,763.0,463.0,411.0,524.0,937.0,528.0,323.0,960.0,978.0,439.0,1132.0,671.0,802.0,520.0,456.0,445.0,906.0,630.0,955.0,373.0,347.0,518.0,872.0,429.0,495.0,759.0,437.0,871.0,667.0,0000000000000000037b,213.292161484687,C0310P04
386.0,616.0,754.0,317.0,410.0,547.0,503.0,430.0,354.0,542.0,654.0,500.0,386.0,637.0,455.0,739.0,549.0,468.0,456.0,351.0,673.0,399.0,421.0,566.0,466.0,395.0,385.0,344.0,768.0,399.0,357.0,762.0,548.0,400.0,294.0,422.0,672.0,404.0,309.0,726.0,615.0,387.0,735.0,465.0,543.0,393.0,436.0,414.0,616.0,440.0,632.0,258.0,281.0,331.0,598.0,325.0,411.0,643.0,354.0,608.0,505.0,0000000000000000037c,49.1660396526982,C0310P05
436.0,968.0,976.0,331.0,500.0,673.0,629.0,489.0,397.0,961.0,793.0,573.0,489.0,883.0,456.0,1025.0,779.0,621.0,607.0,477.0,951.0,378.0,491.0,678.0,720.0,455.0,483.0,371.0,1009.0,548.0,426.0,1088.0,713.0,404.0,362.0,485.0,828.0,487.0,347.0,958.0,957.0,387.0,961.0,557.0,697.0,445.0,439.0,432.0,758.0,544.0,990.0,342.0,294.0,492.0,923.0,416.0,467.0,701.0,403.0,780.0,609.0,0000000000000000037d,278.397818761442,C0310P06
523.0,847.0,945.0,398.0,523.0,697.0,684.0,556.0,443.0,760.0,858.0,640.0,501.0,738.0,549.0,997.0,744.0,606.0,578.0,487.0,889.0,497.0,525.0,706.0,648.0,496.0,466.0,434.0,1008.0,558.0,485.0,1022.0,679.0,486.0,401.0,561.0,909.0,542.0,414.0,918.0,832.0,485.0,978.0,627.0,784.0,497.0,537.0,542.0,818.0,590.0,858.0,363.0,359.0,441.0,851.0,460.0,535.0,807.0,432.0,824.0,624.0,0000000000000000037e,79.436022729226,C0310P07
347.0,554.0,700.0,261.0,364.0,510.0,454.0,379.0,295.0,540.0,634.0,460.0,363.0,517.0,398.0,677.0,465.0,410.0,438.0,320.0,615.0,343.0,383.0,505.0,392.0,320.0,359.0,286.0,727.0,363.0,313.0,711.0,496.0,342.0,261.0,377.0,640.0,359.0,241.0,657.0,558.0,328.0,692.0,434.0,498.0,354.0,376.0,371.0,598.0,383.0,563.0,226.0,223.0,303.0,522.0,284.0,376.0,552.0,300.0,584.0,477.0,0000000000000000037f,288.771965008186,C0310R02
454.0,670.0,832.0,363.0,472.0,624.0,583.0,503.0,402.0,643.0,746.0,584.0,452.0,640.0,532.0,803.0,604.0,522.0,542.0,414.0,725.0,459.0,496.0,625.0,518.0,424.0,457.0,391.0,843.0,473.0,422.0,823.0,610.0,464.0,353.0,485.0,765.0,465.0,356.0,796.0,670.0,432.0,793.0,545.0,624.0,457.0,502.0,495.0,705.0,490.0,680.0,310.0,324.0,391.0,644.0,384.0,486.0,692.0,410.0,699.0,586.0,00000000000000000380,32.180693564376,C0310R03
494.0,1019.0,1059.0,382.0,518.0,779.0,741.0,534.0,415.0,981.0,947.0,621.0,569.0,887.0,503.0,1090.0,767.0,666.0,741.0,497.0,1041.0,423.0,550.0,743.0,718.0,484.0,573.0,382.0,1134.0,609.0,425.0,1117.0,765.0,468.0,409.0,537.0,949.0,539.0,333.0,967.0,995.0,439.0,1134.0,681.0,820.0,531.0,454.0,444.0,919.0,637.0,962.0,375.0,356.0,529.0,883.0,438.0,492.0,762.0,445.0,887.0,677.0,00000000000000000381,29.9463179636218,C0310R04
378.0,593.0,737.0,287.0,398.0,544.0,494.0,417.0,325.0,579.0,670.0,499.0,397.0,556.0,437.0,716.0,507.0,445.0,467.0,351.0,650.0,374.0,418.0,538.0,431.0,351.0,389.0,315.0,756.0,398.0,338.0,747.0,529.0,379.0,288.0,415.0,683.0,396.0,277.0,697.0,593.0,357.0,728.0,467.0,544.0,388.0,413.0,404.0,633.0,417.0,601.0,249.0,254.0,331.0,562.0,314.0,406.0,591.0,332.0,622.0,511.0,00000000000000000382,366.453183928829,C0310R05
494.0,1011.0,1059.0,382.0,513.0,778.0,741.0,528.0,415.0,981.0,943.0,620.0,569.0,887.0,503.0,1082.0,768.0,666.0,741.0,496.0,1033.0,423.0,544.0,743.0,718.0,484.0,567.0,382.0,1126.0,609.0,425.0,1117.0,765.0,467.0,409.0,537.0,945.0,539.0,333.0,967.0,987.0,438.0,1133.0,681.0,815.0,525.0,454.0,444.0,915.0,637.0,962.0,374.0,355.0,529.0,883.0,438.0,492.0,762.0,445.0,883.0,677.0,00000000000000000383,56.2860229994767,C0310R06
365.0,563.0,752.0,292.0,403.0,533.0,470.0,419.0,333.0,553.0,619.0,495.0,371.0,564.0,441.0,703.0,505.0,439.0,427.0,331.0,620.0,385.0,409.0,546.0,410.0,358.0,378.0,323.0,735.0,353.0,340.0,742.0,531.0,379.0,278.0,397.0,639.0,373.0,275.0,709.0,558.0,355.0,726.0,427.0,487.0,378.0,427.0,413.0,577.0,408.0,596.0,237.0,244.0,299.0,552.0,295.0,401.0,611.0,327.0,567.0,495.0,00000000000000000384,270.107736512208,C0310W01
353.0,565.0,744.0,291.0,449.0,570.0,461.0,421.0,333.0,578.0,607.0,475.0,371.0,550.0,442.0,704.0,509.0,438.0,421.0,325.0,625.0,385.0,410.0,541.0,417.0,379.0,379.0,322.0,734.0,350.0,339.0,744.0,526.0,380.0,279.0,391.0,627.0,371.0,279.0,703.0,565.0,350.0,729.0,421.0,478.0,379.0,427.0,416.0,567.0,409.0,602.0,238.0,248.0,301.0,559.0,288.0,401.0,590.0,329.0,553.0,490.0,00000000000000000386,176.396137486637,C0310W04
485.0,1033.0,1066.0,362.0,502.0,782.0,737.0,530.0,403.0,973.0,968.0,623.0,567.0,872.0,482.0,1105.0,741.0,658.0,745.0,492.0,1051.0,406.0,536.0,744.0,686.0,474.0,567.0,370.0,1151.0,595.0,413.0,1131.0,773.0,454.0,406.0,527.0,976.0,535.0,306.0,960.0,1004.0,433.0,1145.0,672.0,828.0,521.0,439.0,429.0,943.0,625.0,951.0,363.0,335.0,524.0,857.0,428.0,488.0,766.0,424.0,911.0,680.0,00000000000000000387,109.840771240731,C0310W05
290.0,459.0,533.0,221.0,458.0,637.0,568.0,435.0,330.0,513.0,321.0,405.0,246.0,958.0,322.0,664.0,314.0,434.0,250.0,359.0,372.0,297.0,310.0,343.0,575.0,464.0,262.0,285.0,330.0,346.0,333.0,390.0,360.0,243.0,192.0,379.0,636.0,388.0,342.0,405.0,556.0,379.0,790.0,220.0,623.0,298.0,339.0,347.0,352.0,287.0,300.0,235.0,206.0,300.0,552.0,238.0,365.0,715.0,270.0,452.0,321.0,00000000000000000388,230.964627744873,C0310W06
488.0,770.0,904.0,407.0,522.0,678.0,625.0,544.0,445.0,711.0,796.0,614.0,470.0,770.0,574.0,891.0,700.0,590.0,559.0,451.0,817.0,504.0,535.0,681.0,626.0,506.0,478.0,436.0,929.0,512.0,459.0,937.0,663.0,505.0,383.0,515.0,814.0,488.0,408.0,886.0,771.0,472.0,835.0,578.0,687.0,487.0,543.0,513.0,750.0,554.0,794.0,336.0,369.0,416.0,776.0,424.0,507.0,755.0,447.0,750.0,588.0,00000000000000000389,57.6376689517071,C0311C02
486.0,741.0,879.0,395.0,517.0,654.0,606.0,539.0,435.0,703.0,785.0,619.0,467.0,704.0,572.0,864.0,669.0,580.0,551.0,447.0,794.0,496.0,534.0,676.0,585.0,475.0,477.0,425.0,910.0,498.0,453.0,909.0,657.0,506.0,380.0,512.0,804.0,486.0,403.0,860.0,743.0,464.0,829.0,566.0,674.0,484.0,536.0,525.0,739.0,542.0,761.0,338.0,364.0,410.0,740.0,419.0,511.0,753.0,452.0,739.0,595.0,0000000000000000038a,328.646458428388,C0311C03
487.0,778.0,911.0,406.0,518.0,675.0,624.0,544.0,444.0,700.0,795.0,615.0,468.0,786.0,572.0,902.0,703.0,588.0,556.0,451.0,826.0,503.0,534.0,681.0,627.0,506.0,476.0,434.0,941.0,508.0,459.0,948.0,662.0,503.0,383.0,514.0,814.0,486.0,407.0,891.0,778.0,476.0,877.0,575.0,685.0,487.0,542.0,512.0,749.0,553.0,802.0,335.0,367.0,413.0,784.0,423.0,507.0,764.0,446.0,749.0,587.0,0000000000000000038b,36.0485440204452,C0311C04
479.0,728.0,865.0,393.0,501.0,643.0,603.0,525.0,434.0,692.0,783.0,612.0,465.0,678.0,559.0,849.0,657.0,569.0,550.0,441.0,782.0,496.0,520.0,663.0,572.0,453.0,466.0,424.0,897.0,496.0,439.0,895.0,644.0,497.0,370.0,507.0,801.0,484.0,394.0,846.0,729.0,450.0,853.0,564.0,672.0,471.0,537.0,535.0,737.0,531.0,748.0,330.0,359.0,408.0,725.0,413.0,499.0,743.0,445.0,737.0,593.0,0000000000000000038c,46.8125675012108,C0311C05
483.0,730.0,877.0,394.0,509.0,648.0,604.0,532.0,434.0,693.0,783.0,616.0,466.0,695.0,568.0,850.0,667.0,570.0,550.0,445.0,783.0,495.0,526.0,664.0,582.0,464.0,471.0,424.0,897.0,496.0,449.0,895.0,645.0,504.0,378.0,510.0,802.0,485.0,401.0,858.0,731.0,460.0,835.0,564.0,673.0,477.0,536.0,530.0,737.0,532.0,749.0,337.0,363.0,409.0,728.0,416.0,508.0,742.0,451.0,737.0,594.0,0000000000000000038d,231.834473528954,C0311C06
488.0,779.0,910.0,406.0,520.0,678.0,625.0,545.0,445.0,702.0,796.0,615.0,467.0,780.0,572.0,904.0,702.0,589.0,556.0,451.0,826.0,504.0,534.0,683.0,624.0,508.0,476.0,434.0,942.0,509.0,458.0,944.0,664.0,504.0,382.0,515.0,816.0,487.0,407.0,889.0,778.0,475.0,857.0,574.0,687.0,488.0,544.0,513.0,750.0,554.0,798.0,335.0,367.0,412.0,781.0,423.0,507.0,763.0,446.0,751.0,588.0,0000000000000000038e,50.5971022082227,C0311C08
372.0,582.0,743.0,291.0,397.0,530.0,487.0,424.0,331.0,585.0,638.0,497.0,389.0,558.0,449.0,716.0,515.0,446.0,451.0,343.0,640.0,382.0,418.0,541.0,430.0,343.0,387.0,321.0,747.0,381.0,345.0,751.0,532.0,388.0,286.0,409.0,653.0,389.0,284.0,707.0,582.0,359.0,732.0,451.0,512.0,387.0,421.0,413.0,600.0,417.0,610.0,245.0,255.0,320.0,566.0,305.0,411.0,594.0,337.0,588.0,508.0,0000000000000000038f,575.613435965587,C0311P04
369.0,614.0,807.0,307.0,413.0,558.0,487.0,440.0,357.0,538.0,629.0,502.0,312.0,700.0,450.0,752.0,584.0,476.0,406.0,354.0,659.0,391.0,422.0,585.0,477.0,417.0,374.0,346.0,761.0,373.0,362.0,803.0,567.0,383.0,280.0,409.0,667.0,391.0,315.0,784.0,627.0,377.0,605.0,368.0,516.0,381.0,444.0,404.0,583.0,422.0,679.0,250.0,256.0,312.0,622.0,315.0,413.0,651.0,343.0,592.0,494.0,00000000000000000390,107.209777516658,C0311P05
358.0,574.0,737.0,295.0,389.0,527.0,470.0,405.0,331.0,500.0,619.0,474.0,347.0,632.0,426.0,702.0,521.0,441.0,419.0,323.0,633.0,378.0,398.0,542.0,432.0,382.0,360.0,322.0,736.0,362.0,338.0,742.0,523.0,370.0,275.0,389.0,638.0,370.0,281.0,708.0,576.0,371.0,680.0,420.0,502.0,367.0,414.0,385.0,578.0,411.0,602.0,239.0,255.0,297.0,568.0,297.0,392.0,621.0,326.0,570.0,473.0,00000000000000000391,152.859606182097,C0311P06
488.0,781.0,915.0,406.0,521.0,679.0,626.0,546.0,445.0,707.0,797.0,615.0,466.0,783.0,573.0,905.0,706.0,589.0,556.0,451.0,827.0,504.0,534.0,685.0,625.0,509.0,475.0,433.0,944.0,509.0,458.0,951.0,666.0,504.0,381.0,515.0,818.0,487.0,407.0,894.0,778.0,476.0,856.0,573.0,689.0,489.0,546.0,514.0,750.0,556.0,804.0,335.0,366.0,411.0,787.0,423.0,508.0,765.0,446.0,753.0,590.0,00000000000000000392,2.34886815939924,C0311R05
461.0,682.0,848.0,367.0,486.0,632.0,586.0,512.0,408.0,646.0,761.0,599.0,454.0,645.0,552.0,811.0,620.0,538.0,540.0,422.0,742.0,470.0,512.0,636.0,534.0,432.0,460.0,398.0,866.0,478.0,429.0,856.0,621.0,478.0,356.0,494.0,780.0,474.0,372.0,818.0,687.0,439.0,822.0,550.0,642.0,460.0,512.0,512.0,713.0,499.0,700.0,314.0,341.0,395.0,676.0,393.0,492.0,710.0,425.0,713.0,594.0,00000000000000000393,21.7963460374189,C0311R07
388.0,592.0,716.0,303.0,407.0,545.0,507.0,433.0,340.0,570.0,659.0,500.0,395.0,553.0,448.0,712.0,517.0,447.0,473.0,355.0,644.0,385.0,425.0,538.0,441.0,363.0,397.0,330.0,739.0,410.0,355.0,726.0,522.0,393.0,301.0,420.0,676.0,402.0,300.0,682.0,592.0,366.0,702.0,473.0,550.0,397.0,421.0,412.0,626.0,422.0,601.0,264.0,273.0,340.0,561.0,328.0,412.0,596.0,347.0,617.0,508.0,00000000000000000394,53.9646986838893,C0311W02
481.0,776.0,969.0,395.0,527.0,688.0,621.0,547.0,436.0,721.0,802.0,616.0,422.0,835.0,566.0,919.0,723.0,592.0,533.0,441.0,826.0,498.0,532.0,710.0,613.0,529.0,461.0,421.0,966.0,485.0,457.0,981.0,688.0,492.0,374.0,515.0,832.0,484.0,396.0,938.0,768.0,489.0,845.0,528.0,684.0,486.0,547.0,512.0,746.0,564.0,806.0,329.0,346.0,390.0,792.0,410.0,517.0,801.0,436.0,754.0,600.0,00000000000000000395,36.6599128299168,C0311W03
335.0,536.0,724.0,273.0,367.0,508.0,436.0,379.0,308.0,477.0,589.0,453.0,312.0,619.0,405.0,670.0,495.0,419.0,381.0,300.0,595.0,356.0,374.0,522.0,401.0,370.0,334.0,299.0,710.0,324.0,317.0,723.0,502.0,348.0,255.0,362.0,610.0,343.0,259.0,693.0,538.0,347.0,603.0,368.0,466.0,339.0,391.0,359.0,544.0,385.0,572.0,219.0,232.0,268.0,538.0,273.0,370.0,596.0,303.0,538.0,448.0,00000000000000000396,98.6590842703944,C0311W06
424.0,935.0,886.0,307.0,485.0,668.0,633.0,541.0,425.0,926.0,673.0,571.0,450.0,901.0,447.0,1028.0,787.0,610.0,537.0,539.0,923.0,366.0,484.0,619.0,779.0,493.0,427.0,390.0,911.0,563.0,456.0,1022.0,674.0,355.0,323.0,511.0,745.0,535.0,449.0,863.0,936.0,418.0,904.0,488.0,688.0,428.0,472.0,427.0,640.0,487.0,1053.0,370.0,287.0,523.0,986.0,425.0,490.0,731.0,390.0,698.0,569.0,00000000000000000397,66.124038581796,C0312C01
446.0,958.0,900.0,332.0,511.0,685.0,646.0,568.0,450.0,941.0,689.0,594.0,466.0,909.0,470.0,1052.0,794.0,636.0,559.0,559.0,948.0,397.0,511.0,647.0,790.0,518.0,456.0,414.0,937.0,582.0,480.0,1038.0,700.0,379.0,349.0,532.0,756.0,555.0,468.0,871.0,956.0,444.0,921.0,507.0,695.0,455.0,497.0,450.0,657.0,515.0,1067.0,390.0,310.0,537.0,997.0,440.0,516.0,756.0,413.0,706.0,586.0,00000000000000000398,75.1514452708917,C0312C02
467.0,994.0,1040.0,360.0,489.0,758.0,712.0,500.0,393.0,957.0,940.0,600.0,544.0,851.0,483.0,1079.0,725.0,639.0,715.0,467.0,1025.0,404.0,521.0,723.0,670.0,457.0,543.0,360.0,1132.0,575.0,412.0,1102.0,744.0,448.0,390.0,512.0,940.0,512.0,302.0,942.0,972.0,424.0,1120.0,651.0,794.0,500.0,436.0,436.0,909.0,607.0,936.0,355.0,324.0,502.0,849.0,406.0,481.0,754.0,420.0,877.0,659.0,00000000000000000399,81.3593647728454,C0312C03
419.0,836.0,802.0,312.0,499.0,635.0,625.0,561.0,445.0,880.0,572.0,555.0,390.0,889.0,430.0,939.0,689.0,597.0,493.0,536.0,816.0,389.0,467.0,547.0,779.0,505.0,412.0,401.0,782.0,554.0,461.0,890.0,579.0,334.0,311.0,513.0,709.0,524.0,465.0,758.0,892.0,417.0,859.0,451.0,669.0,432.0,488.0,434.0,573.0,457.0,920.0,363.0,292.0,513.0,931.0,410.0,481.0,697.0,379.0,647.0,512.0,0000000000000000039a,47.0653667913272,C0312C05
465.0,743.0,1022.0,368.0,538.0,684.0,606.0,542.0,419.0,744.0,793.0,616.0,342.0,889.0,552.0,929.0,713.0,579.0,485.0,424.0,800.0,483.0,521.0,714.0,582.0,548.0,435.0,402.0,965.0,434.0,439.0,997.0,698.0,468.0,343.0,503.0,842.0,471.0,386.0,973.0,713.0,481.0,853.0,449.0,666.0,471.0,537.0,507.0,726.0,544.0,775.0,304.0,322.0,356.0,777.0,384.0,508.0,835.0,414.0,739.0,596.0,0000000000000000039b,41.8950998086405,C0312C08
360.0,612.0,755.0,285.0,410.0,546.0,496.0,423.0,328.0,591.0,632.0,465.0,292.0,662.0,417.0,756.0,549.0,452.0,402.0,334.0,650.0,374.0,393.0,534.0,474.0,409.0,334.0,310.0,752.0,370.0,343.0,758.0,529.0,355.0,266.0,393.0,676.0,378.0,303.0,718.0,578.0,363.0,662.0,376.0,557.0,360.0,407.0,394.0,589.0,421.0,608.0,243.0,249.0,292.0,623.0,303.0,391.0,626.0,318.0,596.0,448.0,0000000000000000039d,13.0770916023368,C0312F01
459.0,960.0,969.0,362.0,486.0,682.0,652.0,493.0,417.0,951.0,809.0,584.0,506.0,888.0,481.0,1023.0,764.0,631.0,635.0,490.0,953.0,406.0,502.0,690.0,714.0,459.0,501.0,390.0,1026.0,566.0,428.0,1075.0,720.0,434.0,374.0,497.0,830.0,497.0,361.0,930.0,950.0,412.0,993.0,590.0,708.0,466.0,456.0,456.0,778.0,570.0,972.0,358.0,328.0,492.0,910.0,429.0,471.0,725.0,428.0,785.0,614.0,0000000000000000039e,43.718329351875,C0312P01
446.0,976.0,927.0,334.0,477.0,655.0,643.0,493.0,404.0,957.0,786.0,562.0,497.0,843.0,452.0,1024.0,806.0,627.0,615.0,498.0,941.0,375.0,494.0,667.0,757.0,452.0,476.0,383.0,991.0,599.0,434.0,1069.0,695.0,402.0,358.0,505.0,823.0,505.0,387.0,935.0,975.0,386.0,936.0,583.0,723.0,446.0,435.0,426.0,756.0,545.0,1009.0,353.0,312.0,508.0,962.0,443.0,456.0,670.0,411.0,792.0,597.0,0000000000000000039f,60.1167271007233,C0312P02
471.0,1020.0,995.0,347.0,488.0,670.0,685.0,553.0,443.0,1023.0,801.0,619.0,510.0,931.0,490.0,1085.0,859.0,668.0,622.0,558.0,1007.0,396.0,528.0,705.0,814.0,466.0,498.0,418.0,1020.0,625.0,477.0,1119.0,730.0,418.0,373.0,549.0,869.0,549.0,434.0,986.0,1046.0,420.0,992.0,587.0,762.0,472.0,484.0,453.0,765.0,560.0,1114.0,381.0,321.0,548.0,1022.0,467.0,500.0,747.0,435.0,818.0,637.0,000000000000000003a0,61.9742978070603,C0312P03
411.0,950.0,924.0,301.0,461.0,624.0,613.0,482.0,382.0,939.0,752.0,549.0,464.0,851.0,425.0,1005.0,799.0,602.0,565.0,482.0,923.0,342.0,470.0,640.0,743.0,421.0,444.0,361.0,949.0,561.0,418.0,1055.0,674.0,362.0,330.0,489.0,808.0,489.0,367.0,934.0,957.0,360.0,911.0,529.0,700.0,419.0,421.0,398.0,712.0,501.0,1029.0,327.0,269.0,497.0,949.0,411.0,440.0,665.0,377.0,764.0,582.0,000000000000000003a1,123.056283266427,C0312P05
470.0,1016.0,966.0,353.0,486.0,675.0,676.0,526.0,430.0,1000.0,813.0,593.0,516.0,885.0,482.0,1067.0,847.0,659.0,636.0,534.0,984.0,395.0,518.0,696.0,800.0,469.0,496.0,408.0,1023.0,630.0,462.0,1107.0,723.0,427.0,375.0,535.0,858.0,535.0,423.0,971.0,1022.0,410.0,972.0,608.0,759.0,467.0,462.0,447.0,782.0,569.0,1063.0,377.0,335.0,535.0,1007.0,467.0,483.0,708.0,438.0,824.0,624.0,000000000000000003a2,41.481260319978,C0312P06
479.0,767.0,1008.0,379.0,550.0,698.0,629.0,562.0,436.0,754.0,799.0,624.0,372.0,889.0,564.0,951.0,721.0,595.0,506.0,443.0,818.0,498.0,531.0,713.0,612.0,555.0,447.0,413.0,963.0,461.0,455.0,990.0,706.0,479.0,355.0,515.0,852.0,490.0,406.0,959.0,726.0,491.0,855.0,469.0,692.0,482.0,548.0,522.0,740.0,555.0,783.0,321.0,336.0,377.0,798.0,401.0,524.0,839.0,428.0,750.0,598.0,000000000000000003a3,61.5923050877155,C0312P07
488.0,782.0,970.0,373.0,579.0,723.0,673.0,599.0,454.0,784.0,785.0,629.0,378.0,907.0,562.0,1000.0,702.0,618.0,515.0,469.0,824.0,508.0,533.0,691.0,654.0,570.0,444.0,414.0,924.0,485.0,472.0,949.0,718.0,469.0,350.0,527.0,862.0,525.0,437.0,906.0,689.0,496.0,867.0,446.0,732.0,481.0,548.0,542.0,739.0,549.0,750.0,339.0,343.0,402.0,818.0,412.0,543.0,861.0,430.0,745.0,579.0,000000000000000003a4,95.2913789010768,C0312P10
427.0,643.0,806.0,327.0,451.0,597.0,549.0,476.0,369.0,630.0,725.0,558.0,438.0,612.0,497.0,777.0,565.0,492.0,514.0,394.0,704.0,422.0,472.0,594.0,479.0,397.0,440.0,358.0,814.0,442.0,387.0,810.0,580.0,433.0,329.0,461.0,742.0,441.0,324.0,765.0,643.0,405.0,787.0,514.0,597.0,440.0,465.0,454.0,686.0,462.0,659.0,286.0,294.0,369.0,616.0,357.0,459.0,656.0,379.0,676.0,563.0,000000000000000003a5,51.6066453699813,C0312R01
488.0,780.0,1002.0,394.0,541.0,695.0,624.0,559.0,436.0,738.0,814.0,627.0,416.0,860.0,574.0,929.0,740.0,593.0,530.0,445.0,831.0,500.0,543.0,718.0,618.0,543.0,467.0,420.0,979.0,482.0,456.0,1004.0,695.0,497.0,371.0,523.0,848.0,490.0,401.0,966.0,769.0,492.0,848.0,520.0,692.0,497.0,551.0,515.0,754.0,567.0,817.0,328.0,347.0,389.0,804.0,413.0,520.0,811.0,441.0,765.0,613.0,000000000000000003a6,23.198486092991,C0312R04
482.0,778.0,989.0,394.0,539.0,692.0,621.0,557.0,436.0,735.0,805.0,620.0,416.0,850.0,568.0,927.0,730.0,591.0,530.0,440.0,829.0,499.0,541.0,715.0,613.0,535.0,466.0,420.0,975.0,480.0,456.0,998.0,692.0,493.0,371.0,520.0,838.0,488.0,396.0,954.0,768.0,490.0,851.0,520.0,684.0,495.0,549.0,514.0,747.0,564.0,814.0,327.0,344.0,389.0,800.0,409.0,518.0,808.0,436.0,756.0,609.0,000000000000000003a7,17.4725728143969,C0312R05
355.0,507.0,658.0,275.0,492.0,620.0,551.0,462.0,358.0,616.0,502.0,470.0,307.0,851.0,396.0,683.0,402.0,477.0,383.0,384.0,522.0,369.0,389.0,459.0,542.0,491.0,327.0,322.0,551.0,387.0,372.0,579.0,449.0,321.0,253.0,411.0,672.0,406.0,359.0,567.0,584.0,426.0,799.0,342.0,591.0,361.0,412.0,407.0,520.0,381.0,454.0,265.0,258.0,340.0,575.0,298.0,410.0,716.0,317.0,559.0,404.0,000000000000000003a8,28.2857324989524,C0312R06
508.0,789.0,925.0,389.0,506.0,690.0,668.0,547.0,433.0,702.0,848.0,638.0,496.0,696.0,543.0,938.0,696.0,580.0,576.0,468.0,837.0,493.0,520.0,691.0,588.0,478.0,455.0,416.0,969.0,533.0,467.0,970.0,665.0,474.0,384.0,553.0,895.0,525.0,395.0,892.0,777.0,478.0,924.0,620.0,747.0,481.0,540.0,544.0,797.0,560.0,798.0,342.0,340.0,427.0,782.0,438.0,530.0,792.0,424.0,808.0,626.0,000000000000000003a9,53.0181172791576,C0312R07
472.0,755.0,933.0,386.0,514.0,661.0,599.0,531.0,426.0,700.0,784.0,605.0,420.0,812.0,554.0,894.0,698.0,575.0,522.0,433.0,806.0,486.0,519.0,681.0,604.0,512.0,456.0,414.0,938.0,472.0,444.0,950.0,660.0,486.0,365.0,500.0,808.0,473.0,388.0,908.0,752.0,470.0,858.0,520.0,663.0,472.0,529.0,499.0,731.0,541.0,785.0,318.0,345.0,387.0,767.0,404.0,498.0,769.0,428.0,734.0,581.0,000000000000000003aa,4.05606445860126,C0312R08
477.0,773.0,940.0,390.0,516.0,672.0,613.0,542.0,430.0,710.0,793.0,604.0,438.0,786.0,557.0,903.0,715.0,578.0,530.0,438.0,816.0,491.0,521.0,693.0,607.0,510.0,453.0,411.0,943.0,488.0,446.0,956.0,670.0,484.0,365.0,509.0,826.0,480.0,392.0,908.0,762.0,471.0,798.0,535.0,689.0,484.0,540.0,504.0,741.0,557.0,797.0,325.0,341.0,387.0,787.0,409.0,505.0,772.0,432.0,752.0,589.0,000000000000000003ab,9.51498859920155,C0312R09
473.0,762.0,951.0,362.0,558.0,701.0,651.0,576.0,437.0,761.0,770.0,611.0,368.0,882.0,544.0,970.0,687.0,598.0,501.0,453.0,804.0,491.0,517.0,675.0,633.0,552.0,431.0,401.0,907.0,470.0,456.0,931.0,696.0,456.0,340.0,511.0,842.0,506.0,420.0,891.0,678.0,480.0,844.0,439.0,711.0,467.0,530.0,522.0,724.0,535.0,737.0,326.0,332.0,388.0,796.0,399.0,524.0,834.0,417.0,730.0,565.0,000000000000000003ac,29.7705130001709,C0312R13
471.0,750.0,1022.0,374.0,540.0,689.0,612.0,546.0,425.0,747.0,799.0,621.0,352.0,888.0,557.0,932.0,718.0,584.0,493.0,429.0,805.0,490.0,525.0,718.0,588.0,551.0,440.0,408.0,968.0,442.0,444.0,1001.0,701.0,474.0,349.0,507.0,847.0,475.0,391.0,974.0,721.0,486.0,854.0,460.0,674.0,476.0,543.0,513.0,733.0,550.0,783.0,309.0,327.0,361.0,783.0,390.0,514.0,836.0,419.0,746.0,600.0,000000000000000003ad,10.8396349099877,C0312R14
369.0,658.0,818.0,298.0,446.0,589.0,483.0,417.0,344.0,703.0,612.0,497.0,400.0,735.0,440.0,758.0,531.0,486.0,457.0,348.0,730.0,385.0,412.0,584.0,452.0,417.0,400.0,321.0,795.0,344.0,355.0,834.0,584.0,384.0,298.0,387.0,612.0,381.0,259.0,751.0,639.0,394.0,789.0,452.0,459.0,384.0,419.0,411.0,570.0,453.0,686.0,263.0,252.0,325.0,624.0,299.0,421.0,676.0,343.0,537.0,512.0,000000000000000003ae,333.039253017442,C0312W03
534.0,829.0,979.0,428.0,554.0,695.0,673.0,596.0,474.0,763.0,858.0,667.0,513.0,756.0,605.0,964.0,756.0,624.0,586.0,493.0,872.0,537.0,567.0,739.0,652.0,503.0,500.0,463.0,996.0,543.0,499.0,989.0,708.0,528.0,407.0,566.0,894.0,540.0,441.0,947.0,819.0,502.0,948.0,620.0,757.0,532.0,590.0,590.0,806.0,604.0,837.0,365.0,376.0,440.0,827.0,462.0,555.0,841.0,474.0,816.0,647.0,000000000000000003af,30.303631377549,C0312W04
485.0,1033.0,1066.0,362.0,502.0,782.0,737.0,530.0,403.0,973.0,968.0,623.0,567.0,872.0,482.0,1105.0,741.0,658.0,745.0,492.0,1051.0,406.0,536.0,744.0,686.0,474.0,567.0,370.0,1151.0,595.0,413.0,1131.0,773.0,454.0,406.0,527.0,976.0,535.0,306.0,960.0,1004.0,433.0,1145.0,672.0,828.0,521.0,439.0,429.0,943.0,625.0,951.0,363.0,335.0,524.0,857.0,428.0,488.0,766.0,424.0,911.0,680.0,000000000000000003b0,26.8161949185835,C0312W05
413.0,819.0,899.0,338.0,428.0,624.0,591.0,437.0,368.0,827.0,755.0,530.0,466.0,764.0,447.0,889.0,632.0,557.0,596.0,413.0,841.0,378.0,456.0,634.0,591.0,394.0,474.0,338.0,933.0,475.0,371.0,954.0,653.0,409.0,351.0,438.0,755.0,438.0,283.0,816.0,801.0,386.0,959.0,540.0,624.0,437.0,408.0,412.0,727.0,530.0,814.0,321.0,303.0,429.0,744.0,359.0,426.0,670.0,385.0,699.0,569.0,000000000000000003b1,45.6870907598036,C0312X01
399.0,1192.0,1054.0,292.0,385.0,775.0,781.0,428.0,332.0,1069.0,1020.0,489.0,530.0,873.0,325.0,1130.0,739.0,594.0,758.0,402.0,1207.0,303.0,420.0,682.0,645.0,362.0,485.0,302.0,1161.0,633.0,298.0,1176.0,725.0,361.0,341.0,447.0,1041.0,492.0,213.0,903.0,1088.0,308.0,1235.0,695.0,939.0,466.0,350.0,312.0,999.0,583.0,1058.0,278.0,263.0,498.0,887.0,360.0,379.0,666.0,332.0,955.0,589.0,000000000000000003b2,54.2285414758775,C0401C01
324.0,990.0,893.0,264.0,322.0,644.0,645.0,364.0,307.0,876.0,878.0,434.0,435.0,733.0,300.0,985.0,591.0,500.0,635.0,338.0,972.0,286.0,358.0,575.0,543.0,309.0,394.0,264.0,999.0,493.0,270.0,1003.0,614.0,306.0,292.0,385.0,901.0,413.0,167.0,776.0,911.0,281.0,1033.0,561.0,793.0,374.0,317.0,286.0,855.0,480.0,853.0,245.0,205.0,404.0,743.0,283.0,344.0,585.0,281.0,831.0,508.0,000000000000000003b3,68.7423218387903,C0401C02
351.0,1020.0,938.0,288.0,360.0,686.0,676.0,401.0,322.0,925.0,911.0,467.0,467.0,772.0,333.0,1033.0,634.0,537.0,666.0,370.0,1003.0,312.0,401.0,616.0,585.0,341.0,432.0,290.0,1052.0,530.0,295.0,1050.0,648.0,333.0,316.0,419.0,929.0,448.0,195.0,821.0,944.0,305.0,1070.0,598.0,821.0,410.0,344.0,322.0,891.0,517.0,896.0,263.0,225.0,438.0,790.0,312.0,369.0,628.0,313.0,871.0,555.0,000000000000000003b4,90.2861863469507,C0401C03
358.0,1094.0,961.0,285.0,346.0,706.0,714.0,396.0,329.0,962.0,956.0,466.0,481.0,792.0,320.0,1066.0,653.0,547.0,696.0,371.0,1069.0,303.0,387.0,616.0,598.0,338.0,426.0,285.0,1076.0,552.0,296.0,1091.0,655.0,335.0,321.0,416.0,982.0,452.0,188.0,833.0,1001.0,303.0,1122.0,621.0,879.0,410.0,340.0,307.0,935.0,527.0,943.0,271.0,228.0,449.0,814.0,318.0,367.0,619.0,307.0,903.0,548.0,000000000000000003b5,121.4676511184,C0401C07
328.0,1009.0,943.0,281.0,335.0,630.0,603.0,346.0,309.0,895.0,864.0,441.0,427.0,766.0,323.0,1048.0,652.0,523.0,595.0,347.0,970.0,289.0,354.0,601.0,630.0,328.0,390.0,281.0,1117.0,476.0,260.0,1027.0,630.0,315.0,295.0,400.0,911.0,402.0,179.0,843.0,969.0,277.0,1043.0,540.0,807.0,355.0,319.0,310.0,863.0,495.0,857.0,242.0,204.0,391.0,803.0,300.0,331.0,629.0,281.0,892.0,518.0,000000000000000003b6,97.225659156678,C0401C90
366.0,1002.0,953.0,293.0,371.0,687.0,671.0,413.0,338.0,940.0,917.0,490.0,469.0,802.0,363.0,1052.0,654.0,554.0,664.0,384.0,995.0,319.0,406.0,639.0,616.0,355.0,445.0,301.0,1068.0,526.0,298.0,1057.0,664.0,350.0,328.0,429.0,944.0,446.0,204.0,855.0,951.0,320.0,1076.0,595.0,828.0,413.0,357.0,330.0,907.0,523.0,902.0,276.0,235.0,443.0,808.0,321.0,383.0,666.0,319.0,888.0,565.0,000000000000000003b7,117.343592495844,C0401F03
524.0,966.0,1056.0,396.0,538.0,784.0,713.0,532.0,446.0,945.0,984.0,631.0,571.0,882.0,543.0,1060.0,833.0,674.0,709.0,517.0,988.0,465.0,557.0,761.0,767.0,515.0,526.0,399.0,1154.0,628.0,443.0,1135.0,779.0,481.0,415.0,568.0,1013.0,544.0,361.0,988.0,969.0,467.0,1111.0,699.0,864.0,529.0,512.0,524.0,932.0,657.0,960.0,369.0,363.0,503.0,932.0,461.0,498.0,850.0,445.0,949.0,664.0,000000000000000003b8,101.975132611179,C0401F04
567.0,1035.0,1137.0,442.0,579.0,844.0,760.0,567.0,478.0,1022.0,1090.0,694.0,629.0,941.0,585.0,1163.0,874.0,740.0,794.0,555.0,1074.0,505.0,606.0,841.0,827.0,553.0,608.0,453.0,1302.0,684.0,486.0,1198.0,857.0,532.0,458.0,616.0,1085.0,595.0,385.0,1071.0,1064.0,504.0,1184.0,757.0,926.0,575.0,544.0,559.0,1041.0,707.0,1026.0,411.0,398.0,565.0,988.0,499.0,553.0,896.0,492.0,1063.0,753.0,000000000000000003b9,111.842744241939,C0401F08
320.0,1021.0,886.0,255.0,303.0,642.0,640.0,350.0,295.0,890.0,897.0,419.0,426.0,729.0,278.0,992.0,592.0,488.0,639.0,329.0,994.0,265.0,341.0,566.0,550.0,300.0,380.0,259.0,1013.0,505.0,257.0,1010.0,603.0,302.0,293.0,375.0,927.0,404.0,160.0,776.0,931.0,270.0,1042.0,567.0,824.0,362.0,305.0,274.0,880.0,478.0,864.0,238.0,198.0,401.0,748.0,282.0,333.0,575.0,271.0,864.0,496.0,000000000000000003ba,152.629250574284,C0401P01
316.0,950.0,857.0,260.0,326.0,631.0,622.0,362.0,289.0,860.0,848.0,419.0,427.0,712.0,300.0,960.0,590.0,491.0,614.0,333.0,933.0,280.0,358.0,562.0,546.0,308.0,389.0,261.0,978.0,491.0,264.0,969.0,588.0,299.0,283.0,384.0,865.0,410.0,178.0,756.0,880.0,274.0,990.0,552.0,768.0,371.0,308.0,289.0,830.0,473.0,834.0,236.0,204.0,402.0,739.0,282.0,329.0,575.0,281.0,813.0,505.0,000000000000000003bb,89.4733210837515,C0401P03
310.0,832.0,822.0,248.0,323.0,577.0,553.0,346.0,288.0,784.0,781.0,419.0,397.0,670.0,316.0,892.0,549.0,470.0,550.0,319.0,830.0,284.0,352.0,554.0,512.0,301.0,382.0,254.0,931.0,424.0,263.0,902.0,572.0,298.0,266.0,362.0,787.0,370.0,166.0,733.0,799.0,273.0,916.0,487.0,678.0,352.0,310.0,298.0,757.0,442.0,755.0,227.0,199.0,362.0,678.0,265.0,329.0,576.0,272.0,745.0,485.0,000000000000000003bc,24.4784041880426,C0401P04
339.0,1058.0,921.0,272.0,327.0,678.0,685.0,375.0,314.0,927.0,922.0,442.0,458.0,759.0,301.0,1029.0,626.0,523.0,668.0,350.0,1034.0,288.0,366.0,588.0,573.0,320.0,404.0,272.0,1038.0,530.0,276.0,1050.0,626.0,315.0,300.0,396.0,947.0,430.0,176.0,798.0,968.0,284.0,1080.0,597.0,849.0,390.0,324.0,293.0,903.0,504.0,908.0,254.0,214.0,427.0,784.0,301.0,344.0,591.0,288.0,873.0,522.0,000000000000000003bd,74.61428552015,C0401P99
371.0,1138.0,1002.0,289.0,357.0,737.0,753.0,411.0,333.0,996.0,988.0,479.0,495.0,825.0,326.0,1094.0,680.0,572.0,728.0,391.0,1113.0,311.0,399.0,643.0,620.0,346.0,446.0,289.0,1102.0,583.0,305.0,1124.0,689.0,347.0,326.0,426.0,1012.0,465.0,193.0,861.0,1032.0,305.0,1167.0,648.0,906.0,431.0,344.0,311.0,962.0,552.0,976.0,273.0,233.0,465.0,843.0,330.0,375.0,639.0,316.0,923.0,564.0,000000000000000003be,83.1245885427183,C0401R01
337.0,1000.0,904.0,272.0,333.0,656.0,657.0,373.0,314.0,889.0,890.0,444.0,443.0,740.0,310.0,998.0,601.0,510.0,646.0,347.0,983.0,293.0,372.0,588.0,553.0,318.0,404.0,272.0,1009.0,502.0,277.0,1016.0,628.0,311.0,299.0,393.0,910.0,422.0,174.0,786.0,921.0,288.0,1045.0,569.0,798.0,384.0,325.0,293.0,862.0,490.0,869.0,255.0,213.0,413.0,754.0,291.0,352.0,598.0,290.0,834.0,518.0,000000000000000003bf,113.936519946047,C0401R04
235.0,759.0,695.0,184.0,215.0,473.0,480.0,255.0,217.0,662.0,627.0,316.0,312.0,544.0,202.0,730.0,426.0,372.0,465.0,251.0,744.0,201.0,248.0,433.0,374.0,211.0,288.0,184.0,738.0,355.0,185.0,763.0,472.0,216.0,210.0,260.0,648.0,290.0,103.0,578.0,674.0,193.0,809.0,403.0,564.0,271.0,226.0,201.0,611.0,355.0,646.0,167.0,133.0,289.0,532.0,203.0,245.0,431.0,194.0,581.0,366.0,000000000000000003c0,77.9057268602784,C0401R05
382.0,1165.0,1023.0,296.0,369.0,756.0,773.0,424.0,340.0,1022.0,1016.0,491.0,510.0,847.0,335.0,1122.0,703.0,586.0,748.0,402.0,1141.0,318.0,411.0,657.0,643.0,357.0,456.0,296.0,1127.0,601.0,313.0,1150.0,703.0,355.0,334.0,441.0,1040.0,480.0,205.0,882.0,1062.0,313.0,1191.0,667.0,935.0,443.0,351.0,318.0,989.0,568.0,1003.0,281.0,243.0,480.0,871.0,341.0,384.0,652.0,325.0,950.0,579.0,000000000000000003c1,88.1634142839179,C0401R06
280.0,753.0,739.0,218.0,288.0,514.0,489.0,305.0,252.0,692.0,704.0,378.0,351.0,590.0,279.0,806.0,475.0,416.0,489.0,288.0,753.0,252.0,321.0,493.0,440.0,272.0,338.0,227.0,851.0,379.0,233.0,813.0,510.0,264.0,233.0,318.0,712.0,326.0,149.0,651.0,718.0,249.0,826.0,434.0,602.0,313.0,278.0,269.0,678.0,395.0,666.0,198.0,179.0,318.0,594.0,239.0,293.0,510.0,241.0,669.0,431.0,000000000000000003c2,25.1941657456849,C0401R22
373.0,1154.0,1016.0,291.0,359.0,744.0,763.0,415.0,336.0,1011.0,1001.0,482.0,497.0,839.0,328.0,1106.0,687.0,575.0,736.0,394.0,1133.0,314.0,401.0,648.0,626.0,343.0,451.0,291.0,1113.0,590.0,305.0,1141.0,699.0,349.0,326.0,427.0,1029.0,467.0,194.0,871.0,1046.0,305.0,1188.0,654.0,921.0,433.0,347.0,314.0,977.0,557.0,991.0,272.0,233.0,467.0,852.0,332.0,379.0,639.0,317.0,938.0,567.0,000000000000000003c3,46.7521868673356,C0401R51
363.0,873.0,895.0,283.0,375.0,623.0,598.0,408.0,316.0,809.0,800.0,492.0,445.0,700.0,359.0,920.0,562.0,517.0,598.0,373.0,883.0,316.0,408.0,602.0,517.0,352.0,440.0,283.0,951.0,449.0,301.0,956.0,631.0,342.0,301.0,403.0,811.0,413.0,199.0,776.0,827.0,321.0,978.0,521.0,678.0,408.0,349.0,327.0,770.0,488.0,777.0,267.0,230.0,403.0,681.0,311.0,380.0,618.0,311.0,739.0,550.0,000000000000000003c4,413.670417582404,C0401W01
316.0,950.0,857.0,260.0,326.0,631.0,622.0,362.0,289.0,860.0,848.0,419.0,427.0,712.0,300.0,960.0,590.0,491.0,614.0,333.0,933.0,280.0,358.0,562.0,546.0,308.0,389.0,261.0,978.0,491.0,264.0,969.0,588.0,299.0,283.0,384.0,865.0,410.0,178.0,756.0,880.0,274.0,990.0,552.0,768.0,371.0,308.0,289.0,830.0,473.0,834.0,236.0,204.0,402.0,739.0,282.0,329.0,575.0,281.0,813.0,505.0,000000000000000003c5,51.593201478529,C0401X51
368.0,1122.0,982.0,283.0,341.0,728.0,730.0,381.0,322.0,1003.0,956.0,448.0,487.0,797.0,288.0,1035.0,668.0,528.0,703.0,366.0,1165.0,290.0,373.0,623.0,546.0,314.0,446.0,301.0,1095.0,592.0,279.0,1103.0,664.0,330.0,335.0,396.0,977.0,445.0,181.0,826.0,1019.0,293.0,1159.0,651.0,875.0,427.0,348.0,300.0,937.0,527.0,1001.0,255.0,236.0,456.0,812.0,325.0,365.0,600.0,311.0,889.0,544.0,000000000000000003c6,126.76148684812,C0402C01
368.0,1122.0,982.0,283.0,341.0,728.0,730.0,381.0,322.0,1003.0,956.0,448.0,487.0,797.0,288.0,1035.0,668.0,528.0,703.0,366.0,1165.0,290.0,373.0,623.0,546.0,314.0,446.0,301.0,1095.0,592.0,279.0,1103.0,664.0,330.0,335.0,396.0,977.0,445.0,181.0,826.0,1019.0,293.0,1159.0,651.0,875.0,427.0,348.0,300.0,937.0,527.0,1001.0,255.0,236.0,456.0,812.0,325.0,365.0,600.0,311.0,889.0,544.0,000000000000000003c7,63.0419366682329,C0402C02
406.0,1201.0,1061.0,295.0,389.0,783.0,789.0,434.0,335.0,1076.0,1029.0,498.0,533.0,880.0,329.0,1139.0,745.0,601.0,767.0,410.0,1217.0,307.0,425.0,689.0,652.0,368.0,491.0,305.0,1170.0,640.0,299.0,1185.0,732.0,365.0,343.0,451.0,1050.0,496.0,216.0,910.0,1097.0,309.0,1244.0,703.0,947.0,472.0,353.0,315.0,1008.0,589.0,1065.0,279.0,265.0,502.0,894.0,366.0,379.0,672.0,335.0,964.0,594.0,000000000000000003c8,44.5103097065031,C0402C04
378.0,1100.0,1008.0,304.0,370.0,721.0,731.0,416.0,353.0,971.0,973.0,499.0,498.0,823.0,348.0,1089.0,662.0,570.0,711.0,389.0,1089.0,329.0,415.0,646.0,607.0,356.0,450.0,303.0,1100.0,553.0,313.0,1119.0,690.0,348.0,336.0,433.0,994.0,466.0,194.0,867.0,1006.0,324.0,1150.0,627.0,879.0,427.0,366.0,329.0,942.0,548.0,950.0,287.0,238.0,455.0,823.0,333.0,397.0,657.0,326.0,910.0,573.0,000000000000000003ca,150.397501580929,C0402F02
327.0,991.0,893.0,265.0,323.0,645.0,647.0,365.0,307.0,877.0,880.0,435.0,437.0,732.0,303.0,986.0,592.0,502.0,635.0,339.0,974.0,286.0,361.0,576.0,543.0,310.0,394.0,265.0,998.0,493.0,271.0,1004.0,616.0,306.0,292.0,386.0,901.0,414.0,169.0,775.0,911.0,281.0,1034.0,561.0,792.0,374.0,318.0,286.0,855.0,482.0,856.0,247.0,207.0,405.0,744.0,285.0,345.0,586.0,283.0,828.0,509.0,000000000000000003cb,216.722381661215,C0402F04
444.0,978.0,1028.0,351.0,465.0,740.0,672.0,478.0,391.0,962.0,989.0,570.0,528.0,838.0,457.0,1092.0,729.0,616.0,698.0,444.0,1005.0,402.0,499.0,721.0,687.0,434.0,522.0,368.0,1174.0,562.0,362.0,1105.0,739.0,426.0,364.0,497.0,982.0,497.0,271.0,949.0,976.0,395.0,1108.0,635.0,838.0,478.0,435.0,435.0,960.0,582.0,931.0,317.0,302.0,479.0,865.0,382.0,440.0,752.0,385.0,959.0,649.0,000000000000000003cc,35.1908309003807,C0402F05
444.0,978.0,1028.0,351.0,465.0,740.0,672.0,478.0,391.0,962.0,989.0,570.0,528.0,838.0,457.0,1092.0,729.0,616.0,698.0,444.0,1005.0,402.0,499.0,721.0,687.0,434.0,522.0,368.0,1174.0,562.0,362.0,1105.0,739.0,426.0,364.0,497.0,982.0,497.0,271.0,949.0,976.0,395.0,1108.0,635.0,838.0,478.0,435.0,435.0,960.0,582.0,931.0,317.0,302.0,479.0,865.0,382.0,440.0,752.0,385.0,959.0,649.0,000000000000000003cd,98.9306913127165,C0402F97
378.0,1100.0,1008.0,304.0,370.0,721.0,731.0,416.0,353.0,971.0,973.0,499.0,498.0,823.0,348.0,1089.0,662.0,570.0,711.0,389.0,1089.0,329.0,415.0,646.0,607.0,356.0,450.0,303.0,1100.0,553.0,313.0,1119.0,690.0,348.0,336.0,433.0,994.0,466.0,194.0,867.0,1006.0,324.0,1150.0,627.0,879.0,427.0,366.0,329.0,942.0,548.0,950.0,287.0,238.0,455.0,823.0,333.0,397.0,657.0,326.0,910.0,573.0,000000000000000003ce,40.1321295685921,C0402P01
373.0,987.0,965.0,304.0,387.0,682.0,662.0,421.0,351.0,919.0,911.0,500.0,478.0,787.0,377.0,1036.0,648.0,555.0,653.0,385.0,976.0,339.0,421.0,649.0,605.0,362.0,454.0,306.0,1075.0,508.0,310.0,1053.0,672.0,358.0,322.0,436.0,922.0,447.0,201.0,858.0,934.0,321.0,1073.0,580.0,801.0,421.0,374.0,351.0,882.0,525.0,888.0,276.0,242.0,438.0,795.0,321.0,390.0,671.0,326.0,862.0,580.0,000000000000000003cf,85.4560031818579,C0402P02
339.0,867.0,870.0,264.0,351.0,605.0,574.0,371.0,304.0,808.0,817.0,456.0,419.0,695.0,346.0,934.0,564.0,496.0,575.0,347.0,871.0,306.0,392.0,588.0,521.0,329.0,412.0,273.0,985.0,447.0,283.0,945.0,607.0,326.0,282.0,382.0,826.0,390.0,186.0,769.0,829.0,304.0,961.0,510.0,698.0,380.0,337.0,326.0,788.0,469.0,777.0,242.0,222.0,381.0,694.0,289.0,355.0,609.0,298.0,777.0,516.0,000000000000000003d0,181.844817391108,C0402P03
355.0,979.0,935.0,285.0,364.0,673.0,654.0,405.0,329.0,908.0,897.0,476.0,462.0,773.0,356.0,1018.0,632.0,535.0,651.0,372.0,971.0,318.0,405.0,619.0,589.0,345.0,444.0,292.0,1042.0,507.0,298.0,1035.0,647.0,343.0,316.0,418.0,914.0,432.0,197.0,828.0,925.0,309.0,1054.0,575.0,796.0,405.0,349.0,329.0,876.0,512.0,879.0,265.0,231.0,429.0,780.0,312.0,374.0,640.0,313.0,857.0,553.0,000000000000000003d1,108.142777134164,C0402P05
398.0,1120.0,1016.0,292.0,374.0,734.0,734.0,416.0,332.0,1008.0,943.0,488.0,507.0,837.0,326.0,1063.0,697.0,573.0,715.0,398.0,1128.0,303.0,415.0,662.0,608.0,358.0,467.0,302.0,1091.0,590.0,300.0,1115.0,704.0,355.0,341.0,422.0,963.0,469.0,207.0,867.0,1016.0,311.0,1165.0,657.0,867.0,448.0,352.0,312.0,924.0,563.0,998.0,280.0,256.0,469.0,834.0,358.0,383.0,653.0,326.0,877.0,565.0,000000000000000003d2,143.099804217929,C0402P06
371.0,1112.0,995.0,278.0,358.0,724.0,727.0,406.0,319.0,985.0,945.0,466.0,490.0,816.0,314.0,1065.0,678.0,566.0,708.0,385.0,1112.0,295.0,399.0,643.0,606.0,339.0,450.0,285.0,1080.0,577.0,281.0,1100.0,690.0,340.0,317.0,420.0,970.0,458.0,194.0,849.0,1012.0,291.0,1156.0,641.0,867.0,433.0,332.0,299.0,923.0,549.0,969.0,261.0,240.0,458.0,821.0,332.0,359.0,636.0,311.0,886.0,553.0,000000000000000003d3,33.462563734552,C0402R02
374.0,1117.0,995.0,281.0,360.0,726.0,728.0,407.0,321.0,993.0,952.0,467.0,493.0,820.0,315.0,1069.0,683.0,567.0,709.0,387.0,1120.0,298.0,401.0,644.0,610.0,342.0,451.0,289.0,1085.0,581.0,284.0,1106.0,689.0,341.0,321.0,424.0,977.0,461.0,197.0,851.0,1019.0,294.0,1162.0,644.0,874.0,435.0,335.0,301.0,930.0,551.0,977.0,264.0,243.0,461.0,829.0,336.0,361.0,636.0,313.0,893.0,556.0,000000000000000003d4,17.1765365325527,C0402R03
378.0,1054.0,1020.0,295.0,352.0,692.0,702.0,412.0,345.0,935.0,882.0,500.0,474.0,806.0,331.0,1013.0,639.0,567.0,681.0,401.0,1029.0,320.0,400.0,662.0,558.0,341.0,461.0,295.0,1024.0,527.0,297.0,1070.0,705.0,354.0,333.0,398.0,912.0,441.0,180.0,855.0,938.0,309.0,1136.0,594.0,795.0,435.0,358.0,320.0,860.0,543.0,913.0,270.0,226.0,441.0,758.0,329.0,385.0,651.0,319.0,818.0,552.0,000000000000000003d5,87.9227542252107,C0402R04
591.0,1242.0,1380.0,486.0,605.0,934.0,863.0,595.0,536.0,1203.0,1214.0,770.0,667.0,1119.0,630.0,1380.0,1009.0,834.0,870.0,600.0,1240.0,536.0,640.0,962.0,953.0,587.0,664.0,499.0,1547.0,721.0,501.0,1429.0,989.0,565.0,486.0,642.0,1251.0,635.0,356.0,1249.0,1245.0,508.0,1427.0,812.0,1070.0,623.0,599.0,614.0,1173.0,793.0,1183.0,427.0,384.0,591.0,1142.0,521.0,592.0,1042.0,509.0,1218.0,831.0,000000000000000003d6,239.463545334556,C0402W01
352.0,966.0,930.0,284.0,368.0,666.0,646.0,402.0,330.0,876.0,877.0,479.0,456.0,748.0,352.0,1007.0,608.0,529.0,635.0,364.0,965.0,318.0,402.0,615.0,565.0,342.0,435.0,284.0,1038.0,490.0,299.0,1024.0,647.0,341.0,311.0,414.0,887.0,435.0,185.0,812.0,912.0,310.0,1045.0,563.0,765.0,402.0,353.0,330.0,846.0,507.0,855.0,264.0,226.0,415.0,758.0,310.0,380.0,636.0,310.0,826.0,548.0,000000000000000003d7,170.816423435863,C0402W02
555.0,1068.0,1188.0,428.0,585.0,854.0,785.0,576.0,480.0,1035.0,1093.0,686.0,620.0,976.0,589.0,1188.0,917.0,734.0,777.0,555.0,1092.0,493.0,606.0,838.0,846.0,545.0,587.0,436.0,1308.0,679.0,475.0,1257.0,862.0,522.0,449.0,608.0,1116.0,587.0,371.0,1101.0,1080.0,494.0,1234.0,756.0,958.0,577.0,553.0,570.0,1040.0,713.0,1051.0,399.0,374.0,537.0,1022.0,485.0,543.0,931.0,472.0,1070.0,736.0,000000000000000003d8,345.851062223935,C0402W03
329.0,993.0,917.0,276.0,336.0,659.0,649.0,378.0,310.0,889.0,894.0,452.0,441.0,762.0,315.0,1009.0,603.0,513.0,640.0,349.0,972.0,288.0,367.0,595.0,561.0,319.0,409.0,276.0,1020.0,502.0,283.0,1016.0,627.0,324.0,307.0,392.0,922.0,413.0,173.0,805.0,913.0,294.0,1038.0,570.0,806.0,380.0,331.0,299.0,875.0,493.0,860.0,249.0,213.0,411.0,752.0,289.0,362.0,615.0,295.0,855.0,528.0,000000000000000003d9,294.367457796613,C0402W04
387.0,1077.0,1032.0,298.0,360.0,707.0,716.0,418.0,347.0,959.0,900.0,504.0,486.0,821.0,337.0,1031.0,658.0,575.0,694.0,406.0,1057.0,320.0,408.0,672.0,571.0,349.0,469.0,300.0,1046.0,543.0,305.0,1089.0,713.0,363.0,345.0,405.0,930.0,451.0,188.0,865.0,961.0,319.0,1152.0,611.0,815.0,444.0,362.0,323.0,878.0,553.0,939.0,280.0,237.0,451.0,778.0,339.0,396.0,658.0,328.0,834.0,560.0,000000000000000003da,94.6088377537524,C0402W05
398.0,1120.0,1016.0,292.0,374.0,734.0,734.0,416.0,332.0,1008.0,943.0,488.0,507.0,837.0,326.0,1063.0,697.0,573.0,715.0,398.0,1128.0,303.0,415.0,662.0,608.0,358.0,467.0,302.0,1091.0,590.0,300.0,1115.0,704.0,355.0,341.0,422.0,963.0,469.0,207.0,867.0,1016.0,311.0,1165.0,657.0,867.0,448.0,352.0,312.0,924.0,563.0,998.0,280.0,256.0,469.0,834.0,358.0,383.0,653.0,326.0,877.0,565.0,000000000000000003db,44.1040839350496,C0403C01
387.0,1101.0,1006.0,291.0,364.0,721.0,724.0,410.0,332.0,987.0,927.0,480.0,498.0,824.0,326.0,1050.0,683.0,568.0,705.0,393.0,1102.0,305.0,406.0,655.0,598.0,350.0,459.0,298.0,1073.0,576.0,294.0,1098.0,697.0,353.0,332.0,418.0,949.0,462.0,203.0,858.0,997.0,304.0,1151.0,641.0,850.0,439.0,350.0,312.0,908.0,554.0,974.0,273.0,250.0,462.0,817.0,347.0,373.0,646.0,323.0,863.0,559.0,000000000000000003dc,31.2309756104525,C0403C04
362.0,1107.0,973.0,282.0,348.0,716.0,727.0,398.0,324.0,968.0,962.0,469.0,482.0,800.0,316.0,1069.0,664.0,556.0,706.0,382.0,1078.0,303.0,388.0,625.0,607.0,343.0,429.0,282.0,1076.0,564.0,299.0,1092.0,664.0,336.0,319.0,415.0,981.0,453.0,190.0,838.0,1006.0,299.0,1129.0,630.0,880.0,418.0,334.0,303.0,934.0,537.0,949.0,268.0,229.0,453.0,825.0,323.0,363.0,625.0,307.0,896.0,548.0,000000000000000003dd,125.811861652566,C0403C05
385.0,1097.0,1003.0,289.0,363.0,717.0,721.0,409.0,330.0,982.0,921.0,479.0,494.0,820.0,324.0,1047.0,678.0,567.0,701.0,393.0,1095.0,304.0,405.0,654.0,595.0,348.0,458.0,295.0,1068.0,571.0,293.0,1095.0,696.0,350.0,331.0,416.0,945.0,460.0,200.0,855.0,992.0,303.0,1149.0,635.0,845.0,438.0,347.0,310.0,902.0,553.0,968.0,272.0,246.0,460.0,812.0,344.0,373.0,645.0,320.0,858.0,556.0,000000000000000003de,55.2287185623365,C0403C07
406.0,1201.0,1061.0,295.0,389.0,783.0,789.0,434.0,335.0,1076.0,1029.0,498.0,533.0,880.0,329.0,1139.0,745.0,601.0,767.0,410.0,1217.0,307.0,425.0,689.0,652.0,368.0,491.0,305.0,1170.0,640.0,299.0,1185.0,732.0,365.0,343.0,451.0,1050.0,496.0,216.0,910.0,1097.0,309.0,1244.0,703.0,947.0,472.0,353.0,315.0,1008.0,589.0,1065.0,279.0,265.0,502.0,894.0,366.0,379.0,672.0,335.0,964.0,594.0,000000000000000003df,27.6552084783419,C0403C99
403.0,1202.0,1062.0,297.0,390.0,782.0,788.0,434.0,338.0,1076.0,1034.0,494.0,532.0,881.0,328.0,1141.0,747.0,602.0,766.0,408.0,1220.0,310.0,425.0,689.0,655.0,366.0,491.0,307.0,1171.0,639.0,299.0,1185.0,731.0,364.0,343.0,451.0,1054.0,496.0,216.0,911.0,1097.0,309.0,1244.0,701.0,952.0,471.0,355.0,317.0,1012.0,589.0,1063.0,279.0,265.0,502.0,895.0,363.0,379.0,671.0,335.0,969.0,593.0,000000000000000003e0,45.2540007900373,C0403P01
398.0,1201.0,1071.0,311.0,381.0,782.0,800.0,439.0,359.0,1054.0,1043.0,515.0,529.0,881.0,351.0,1153.0,720.0,610.0,772.0,420.0,1177.0,335.0,428.0,688.0,654.0,367.0,482.0,311.0,1164.0,618.0,327.0,1193.0,741.0,374.0,350.0,453.0,1071.0,496.0,203.0,918.0,1086.0,327.0,1243.0,686.0,955.0,463.0,371.0,335.0,1018.0,587.0,1033.0,291.0,249.0,496.0,887.0,352.0,405.0,681.0,340.0,976.0,604.0,000000000000000003e1,131.576565310471,C0403P52
388.0,1183.0,1080.0,295.0,360.0,768.0,774.0,409.0,347.0,1055.0,1019.0,491.0,512.0,861.0,306.0,1100.0,706.0,573.0,750.0,388.0,1213.0,308.0,397.0,681.0,585.0,333.0,483.0,315.0,1147.0,610.0,292.0,1174.0,730.0,352.0,353.0,413.0,1045.0,468.0,179.0,896.0,1066.0,304.0,1241.0,681.0,932.0,459.0,373.0,321.0,997.0,565.0,1045.0,266.0,241.0,479.0,842.0,339.0,392.0,657.0,323.0,944.0,579.0,000000000000000003e2,79.6562325334066,C0403P53
377.0,1167.0,995.0,297.0,359.0,737.0,728.0,410.0,340.0,1014.0,1020.0,476.0,499.0,831.0,320.0,1117.0,690.0,560.0,733.0,387.0,1128.0,308.0,400.0,648.0,641.0,351.0,440.0,308.0,1145.0,591.0,293.0,1138.0,684.0,359.0,344.0,435.0,1059.0,470.0,199.0,882.0,1064.0,313.0,1163.0,657.0,951.0,426.0,351.0,312.0,1010.0,550.0,985.0,273.0,245.0,473.0,856.0,337.0,385.0,652.0,320.0,994.0,570.0,000000000000000003e3,90.5388405409516,C0403P54
374.0,1117.0,995.0,281.0,360.0,726.0,728.0,407.0,321.0,993.0,952.0,467.0,493.0,820.0,315.0,1069.0,683.0,567.0,709.0,387.0,1120.0,298.0,401.0,644.0,610.0,342.0,451.0,289.0,1085.0,581.0,284.0,1106.0,689.0,341.0,321.0,424.0,977.0,461.0,197.0,851.0,1019.0,294.0,1162.0,644.0,874.0,435.0,335.0,301.0,930.0,551.0,977.0,264.0,243.0,461.0,829.0,336.0,361.0,636.0,313.0,893.0,556.0,000000000000000003e4,44.904662644195,C0403P56
351.0,976.0,1011.0,284.0,327.0,651.0,645.0,388.0,335.0,861.0,839.0,509.0,442.0,769.0,323.0,957.0,560.0,531.0,629.0,370.0,970.0,315.0,384.0,632.0,485.0,307.0,446.0,284.0,969.0,453.0,296.0,1029.0,689.0,341.0,323.0,362.0,855.0,404.0,139.0,836.0,864.0,301.0,1091.0,539.0,723.0,407.0,361.0,315.0,806.0,503.0,835.0,252.0,193.0,395.0,675.0,292.0,399.0,632.0,301.0,767.0,540.0,000000000000000003e5,55.9379777907636,C0403R09
391.0,1187.0,1086.0,297.0,360.0,768.0,775.0,410.0,351.0,1057.0,1018.0,495.0,515.0,863.0,307.0,1101.0,705.0,573.0,749.0,391.0,1217.0,311.0,398.0,683.0,581.0,333.0,485.0,319.0,1150.0,608.0,292.0,1176.0,732.0,354.0,355.0,414.0,1045.0,470.0,177.0,899.0,1068.0,305.0,1245.0,681.0,930.0,460.0,377.0,324.0,996.0,565.0,1047.0,267.0,241.0,481.0,842.0,341.0,395.0,659.0,325.0,942.0,583.0,000000000000000003e6,55.8413869646781,C0403R52
390.0,1180.0,1052.0,306.0,374.0,766.0,782.0,431.0,353.0,1034.0,1023.0,505.0,515.0,865.0,343.0,1133.0,707.0,598.0,756.0,412.0,1157.0,329.0,420.0,675.0,642.0,360.0,473.0,306.0,1144.0,605.0,321.0,1171.0,726.0,365.0,344.0,441.0,1050.0,483.0,199.0,901.0,1068.0,321.0,1220.0,672.0,937.0,454.0,365.0,329.0,999.0,576.0,1013.0,287.0,243.0,483.0,870.0,346.0,398.0,669.0,332.0,958.0,588.0,000000000000000003e7,77.5800100158622,C0403R56
457.0,946.0,1058.0,356.0,472.0,729.0,672.0,468.0,419.0,898.0,919.0,567.0,491.0,864.0,479.0,1028.0,801.0,618.0,639.0,457.0,931.0,419.0,482.0,705.0,728.0,457.0,453.0,359.0,1106.0,557.0,397.0,1121.0,731.0,422.0,376.0,490.0,984.0,480.0,293.0,950.0,921.0,407.0,1095.0,629.0,835.0,463.0,483.0,498.0,877.0,618.0,913.0,326.0,290.0,420.0,893.0,396.0,458.0,832.0,378.0,898.0,588.0,000000000000000003e8,221.186038882068,C0404C01
455.0,1041.0,1064.0,372.0,471.0,763.0,721.0,487.0,405.0,1007.0,997.0,579.0,545.0,881.0,464.0,1144.0,783.0,648.0,716.0,470.0,1041.0,403.0,501.0,741.0,752.0,450.0,536.0,383.0,1225.0,598.0,379.0,1143.0,757.0,445.0,391.0,521.0,1017.0,516.0,285.0,977.0,1040.0,405.0,1144.0,666.0,898.0,487.0,431.0,440.0,983.0,609.0,983.0,338.0,315.0,507.0,929.0,410.0,454.0,766.0,405.0,998.0,656.0,000000000000000003e9,66.6984716229454,C0404C02
434.0,982.0,1022.0,347.0,450.0,730.0,683.0,461.0,384.0,963.0,965.0,557.0,518.0,841.0,444.0,1091.0,736.0,612.0,686.0,443.0,994.0,391.0,481.0,713.0,699.0,425.0,511.0,358.0,1166.0,561.0,358.0,1095.0,728.0,422.0,368.0,489.0,973.0,489.0,263.0,942.0,985.0,385.0,1100.0,631.0,848.0,461.0,414.0,418.0,944.0,577.0,934.0,318.0,293.0,478.0,869.0,383.0,435.0,738.0,383.0,952.0,632.0,000000000000000003ea,116.635689317733,C0404C03
446.0,1062.0,1112.0,371.0,458.0,759.0,726.0,478.0,407.0,1011.0,994.0,588.0,540.0,912.0,471.0,1186.0,806.0,654.0,707.0,468.0,1050.0,395.0,491.0,762.0,773.0,446.0,534.0,382.0,1266.0,582.0,378.0,1168.0,775.0,448.0,400.0,517.0,1034.0,507.0,266.0,1003.0,1061.0,401.0,1166.0,646.0,915.0,481.0,430.0,442.0,991.0,621.0,989.0,342.0,297.0,495.0,937.0,411.0,459.0,788.0,405.0,1023.0,664.0,000000000000000003eb,128.804037748265,C0404C05
342.0,664.0,752.0,261.0,352.0,553.0,468.0,344.0,290.0,647.0,749.0,447.0,381.0,583.0,352.0,787.0,517.0,462.0,512.0,330.0,723.0,311.0,368.0,552.0,463.0,329.0,376.0,269.0,893.0,398.0,288.0,802.0,559.0,309.0,265.0,373.0,740.0,356.0,211.0,699.0,689.0,305.0,794.0,468.0,589.0,344.0,345.0,345.0,713.0,432.0,652.0,229.0,222.0,340.0,590.0,286.0,338.0,593.0,287.0,704.0,487.0,000000000000000003ec,377.523981696638,C0404F01
551.0,1028.0,1120.0,432.0,561.0,826.0,752.0,551.0,469.0,1010.0,1063.0,671.0,610.0,931.0,566.0,1148.0,867.0,725.0,775.0,541.0,1054.0,489.0,587.0,821.0,822.0,536.0,592.0,443.0,1282.0,670.0,467.0,1184.0,836.0,513.0,446.0,599.0,1066.0,580.0,370.0,1049.0,1054.0,482.0,1169.0,741.0,917.0,558.0,527.0,543.0,1020.0,696.0,1013.0,399.0,379.0,546.0,979.0,487.0,533.0,875.0,473.0,1044.0,728.0,000000000000000003ed,95.3221098281854,C0404F03
508.0,1029.0,1133.0,412.0,517.0,793.0,724.0,510.0,452.0,1007.0,1035.0,649.0,570.0,925.0,535.0,1151.0,849.0,703.0,737.0,506.0,1046.0,467.0,549.0,811.0,799.0,497.0,562.0,424.0,1290.0,620.0,434.0,1187.0,827.0,483.0,416.0,553.0,1057.0,539.0,321.0,1042.0,1047.0,447.0,1179.0,696.0,900.0,528.0,508.0,525.0,1002.0,669.0,996.0,370.0,336.0,506.0,959.0,448.0,506.0,868.0,440.0,1028.0,700.0,000000000000000003f0,94.0437534093125,C0404F06
584.0,1094.0,1220.0,453.0,614.0,883.0,814.0,603.0,502.0,1070.0,1137.0,719.0,654.0,1003.0,618.0,1220.0,949.0,770.0,818.0,582.0,1128.0,517.0,637.0,882.0,882.0,573.0,624.0,464.0,1353.0,714.0,497.0,1286.0,905.0,552.0,472.0,642.0,1148.0,618.0,398.0,1142.0,1115.0,522.0,1263.0,793.0,987.0,603.0,576.0,597.0,1081.0,745.0,1092.0,423.0,398.0,575.0,1058.0,515.0,567.0,963.0,497.0,1113.0,777.0,000000000000000003f1,84.7529630400652,C0404F07
460.0,903.0,1004.0,354.0,476.0,715.0,651.0,473.0,402.0,871.0,911.0,568.0,503.0,821.0,484.0,1001.0,768.0,609.0,635.0,457.0,912.0,418.0,492.0,696.0,699.0,453.0,463.0,355.0,1088.0,554.0,393.0,1068.0,717.0,423.0,367.0,495.0,947.0,479.0,302.0,923.0,899.0,409.0,1048.0,624.0,802.0,468.0,470.0,480.0,865.0,596.0,880.0,319.0,304.0,430.0,856.0,397.0,450.0,794.0,388.0,882.0,597.0,000000000000000003f2,73.8781187160468,C0404F08
516.0,1008.0,1080.0,415.0,540.0,808.0,725.0,530.0,447.0,996.0,1066.0,643.0,598.0,890.0,533.0,1138.0,811.0,700.0,759.0,506.0,1061.0,470.0,571.0,800.0,756.0,506.0,581.0,425.0,1258.0,639.0,442.0,1158.0,810.0,490.0,419.0,581.0,1054.0,559.0,345.0,1013.0,1030.0,463.0,1145.0,717.0,885.0,533.0,511.0,515.0,1021.0,660.0,993.0,368.0,364.0,539.0,933.0,450.0,505.0,848.0,451.0,1024.0,728.0,000000000000000003f3,118.70855191322,C0404F17
378.0,860.0,888.0,298.0,395.0,638.0,581.0,405.0,331.0,840.0,868.0,484.0,452.0,724.0,382.0,960.0,633.0,532.0,603.0,378.0,883.0,341.0,422.0,621.0,598.0,370.0,441.0,312.0,1032.0,487.0,308.0,965.0,638.0,357.0,310.0,426.0,861.0,426.0,229.0,821.0,859.0,336.0,966.0,549.0,736.0,405.0,369.0,369.0,842.0,503.0,813.0,271.0,254.0,410.0,758.0,326.0,374.0,647.0,323.0,842.0,555.0,000000000000000003f4,66.0491233320931,C0404F18
551.0,1129.0,1248.0,450.0,562.0,865.0,795.0,557.0,495.0,1101.0,1124.0,709.0,620.0,1018.0,582.0,1261.0,926.0,766.0,806.0,556.0,1140.0,502.0,594.0,884.0,877.0,545.0,613.0,464.0,1414.0,675.0,471.0,1302.0,906.0,526.0,453.0,601.0,1150.0,589.0,342.0,1142.0,1145.0,480.0,1293.0,757.0,982.0,575.0,553.0,568.0,1087.0,728.0,1089.0,401.0,364.0,552.0,1049.0,486.0,550.0,949.0,477.0,1121.0,767.0,000000000000000003f5,87.0576946174253,C0404F23
368.0,1137.0,976.0,286.0,350.0,721.0,711.0,399.0,327.0,989.0,995.0,466.0,482.0,813.0,309.0,1093.0,677.0,548.0,714.0,378.0,1097.0,295.0,388.0,636.0,629.0,346.0,429.0,296.0,1123.0,573.0,283.0,1113.0,667.0,348.0,333.0,423.0,1034.0,453.0,193.0,869.0,1038.0,303.0,1134.0,639.0,927.0,411.0,338.0,304.0,985.0,539.0,961.0,263.0,234.0,461.0,836.0,329.0,373.0,643.0,309.0,974.0,556.0,000000000000000003f6,156.230139454179,C0404P01
510.0,1020.0,1155.0,396.0,535.0,803.0,744.0,524.0,465.0,987.0,1015.0,635.0,553.0,948.0,541.0,1126.0,881.0,685.0,711.0,509.0,1021.0,467.0,547.0,787.0,801.0,509.0,514.0,406.0,1222.0,620.0,442.0,1220.0,812.0,476.0,419.0,551.0,1070.0,540.0,339.0,1052.0,1009.0,454.0,1197.0,700.0,919.0,525.0,538.0,550.0,968.0,683.0,998.0,363.0,330.0,473.0,976.0,442.0,510.0,914.0,434.0,991.0,665.0,000000000000000003f7,167.680061377873,C0404P02
441.0,976.0,1027.0,349.0,463.0,737.0,669.0,476.0,389.0,959.0,986.0,567.0,525.0,837.0,456.0,1091.0,727.0,615.0,695.0,441.0,1003.0,401.0,497.0,720.0,685.0,431.0,519.0,367.0,1173.0,559.0,362.0,1103.0,739.0,425.0,365.0,494.0,979.0,494.0,270.0,949.0,973.0,395.0,1105.0,632.0,834.0,476.0,434.0,434.0,957.0,580.0,927.0,317.0,301.0,476.0,862.0,379.0,441.0,751.0,384.0,956.0,646.0,000000000000000003f8,50.5065353836201,C0404P03
526.0,1056.0,1198.0,412.0,553.0,831.0,768.0,541.0,479.0,1018.0,1049.0,657.0,573.0,981.0,560.0,1164.0,914.0,708.0,735.0,526.0,1057.0,482.0,565.0,811.0,832.0,526.0,534.0,420.0,1264.0,642.0,456.0,1259.0,839.0,491.0,433.0,568.0,1105.0,557.0,349.0,1086.0,1045.0,468.0,1235.0,724.0,949.0,546.0,556.0,568.0,1002.0,705.0,1030.0,375.0,341.0,488.0,1009.0,456.0,526.0,943.0,447.0,1026.0,687.0,000000000000000003f9,60.6301768222601,C0404P04
384.0,937.0,946.0,307.0,396.0,672.0,640.0,418.0,343.0,898.0,895.0,503.0,472.0,779.0,390.0,1025.0,665.0,554.0,634.0,393.0,942.0,344.0,430.0,649.0,630.0,375.0,463.0,317.0,1076.0,510.0,316.0,1021.0,663.0,373.0,331.0,437.0,908.0,444.0,224.0,861.0,918.0,337.0,1037.0,577.0,796.0,422.0,365.0,365.0,876.0,524.0,869.0,283.0,253.0,434.0,795.0,336.0,390.0,673.0,340.0,877.0,570.0,000000000000000003fa,30.3830381814214,C0404R01
297.0,803.0,787.0,236.0,307.0,556.0,533.0,329.0,273.0,757.0,754.0,398.0,381.0,645.0,299.0,862.0,531.0,451.0,531.0,305.0,802.0,270.0,336.0,530.0,496.0,288.0,366.0,242.0,897.0,411.0,251.0,866.0,547.0,283.0,254.0,348.0,761.0,357.0,159.0,701.0,774.0,260.0,881.0,471.0,658.0,336.0,291.0,281.0,735.0,424.0,727.0,217.0,188.0,348.0,656.0,255.0,311.0,549.0,258.0,723.0,465.0,000000000000000003fb,81.7601945015046,C0404R02
321.0,839.0,834.0,252.0,333.0,589.0,562.0,353.0,292.0,799.0,794.0,429.0,406.0,684.0,324.0,903.0,563.0,480.0,562.0,330.0,839.0,291.0,362.0,564.0,525.0,311.0,395.0,262.0,943.0,435.0,270.0,913.0,583.0,307.0,270.0,371.0,800.0,380.0,174.0,744.0,811.0,279.0,927.0,498.0,691.0,362.0,315.0,305.0,772.0,452.0,766.0,231.0,204.0,371.0,692.0,275.0,332.0,586.0,280.0,763.0,495.0,000000000000000003fc,97.2905040084457,C0404R03
339.0,871.0,856.0,264.0,352.0,605.0,576.0,371.0,301.0,815.0,820.0,448.0,421.0,695.0,341.0,934.0,575.0,496.0,576.0,347.0,875.0,303.0,390.0,581.0,536.0,330.0,409.0,272.0,982.0,457.0,281.0,938.0,600.0,322.0,280.0,386.0,828.0,394.0,190.0,763.0,837.0,300.0,957.0,513.0,708.0,379.0,332.0,322.0,792.0,468.0,786.0,243.0,224.0,385.0,710.0,292.0,347.0,601.0,295.0,782.0,512.0,000000000000000003fd,16.0796436610312,C0404R05
299.0,795.0,790.0,236.0,310.0,553.0,527.0,328.0,274.0,754.0,755.0,403.0,380.0,645.0,303.0,858.0,528.0,451.0,527.0,308.0,796.0,274.0,337.0,532.0,492.0,291.0,367.0,246.0,899.0,406.0,252.0,866.0,550.0,286.0,253.0,346.0,759.0,355.0,161.0,705.0,769.0,262.0,879.0,467.0,653.0,337.0,298.0,289.0,732.0,425.0,724.0,215.0,190.0,346.0,652.0,256.0,313.0,555.0,261.0,724.0,465.0,000000000000000003fe,83.1408762947973,C0404R08
477.0,1034.0,1120.0,399.0,484.0,764.0,710.0,481.0,437.0,992.0,1009.0,615.0,542.0,913.0,499.0,1148.0,822.0,679.0,716.0,488.0,1032.0,437.0,508.0,780.0,785.0,476.0,530.0,411.0,1284.0,595.0,405.0,1173.0,803.0,452.0,396.0,520.0,1034.0,519.0,287.0,1014.0,1040.0,408.0,1167.0,663.0,890.0,498.0,486.0,499.0,975.0,644.0,978.0,349.0,309.0,486.0,944.0,422.0,478.0,841.0,408.0,1011.0,673.0,000000000000000003ff,182.293221033578,C0404W01
333.0,1049.0,908.0,265.0,318.0,664.0,658.0,366.0,306.0,915.0,920.0,432.0,441.0,751.0,287.0,1020.0,617.0,507.0,658.0,343.0,1017.0,275.0,356.0,588.0,574.0,315.0,394.0,271.0,1044.0,522.0,265.0,1037.0,621.0,316.0,307.0,390.0,954.0,416.0,172.0,804.0,958.0,281.0,1061.0,586.0,851.0,375.0,316.0,285.0,908.0,497.0,888.0,245.0,209.0,419.0,772.0,296.0,346.0,599.0,283.0,895.0,515.0,00000000000000000401,187.60614916157,C0405C04
325.0,903.0,877.0,265.0,332.0,621.0,602.0,371.0,308.0,846.0,833.0,440.0,425.0,721.0,330.0,955.0,588.0,498.0,596.0,338.0,899.0,297.0,371.0,583.0,549.0,316.0,405.0,269.0,981.0,461.0,277.0,968.0,606.0,315.0,291.0,385.0,846.0,397.0,174.0,776.0,858.0,287.0,987.0,527.0,734.0,371.0,323.0,308.0,814.0,472.0,818.0,246.0,209.0,391.0,727.0,281.0,349.0,603.0,286.0,796.0,516.0,00000000000000000403,25.4271656481531,C0405C06
579.0,1055.0,1150.0,445.0,593.0,853.0,781.0,582.0,487.0,1038.0,1094.0,701.0,637.0,959.0,592.0,1171.0,899.0,754.0,802.0,568.0,1077.0,509.0,614.0,846.0,849.0,559.0,614.0,456.0,1307.0,700.0,485.0,1219.0,865.0,534.0,463.0,627.0,1094.0,607.0,395.0,1080.0,1076.0,506.0,1199.0,771.0,942.0,583.0,551.0,562.0,1044.0,724.0,1047.0,420.0,404.0,568.0,1016.0,508.0,558.0,906.0,494.0,1073.0,757.0,00000000000000000404,198.708180485294,C0405F01
400.0,745.0,869.0,304.0,411.0,634.0,532.0,402.0,342.0,729.0,840.0,525.0,439.0,671.0,416.0,885.0,589.0,527.0,582.0,387.0,810.0,365.0,431.0,635.0,525.0,381.0,440.0,315.0,1001.0,449.0,335.0,910.0,639.0,364.0,306.0,430.0,830.0,410.0,246.0,805.0,771.0,355.0,906.0,532.0,661.0,402.0,406.0,406.0,799.0,494.0,734.0,264.0,260.0,390.0,657.0,333.0,396.0,680.0,338.0,788.0,566.0,00000000000000000405,151.236116654736,C0405F02
506.0,1003.0,1134.0,392.0,529.0,792.0,731.0,520.0,457.0,970.0,999.0,628.0,547.0,929.0,536.0,1109.0,865.0,674.0,701.0,504.0,1006.0,462.0,542.0,775.0,786.0,504.0,508.0,400.0,1203.0,611.0,438.0,1198.0,799.0,471.0,414.0,544.0,1052.0,531.0,335.0,1035.0,992.0,451.0,1176.0,691.0,899.0,519.0,530.0,541.0,953.0,670.0,982.0,358.0,328.0,468.0,958.0,438.0,504.0,896.0,430.0,973.0,656.0,00000000000000000407,111.826241352208,C0405F57
457.0,836.0,974.0,351.0,471.0,719.0,610.0,461.0,383.0,826.0,939.0,589.0,504.0,754.0,480.0,990.0,676.0,606.0,665.0,437.0,918.0,415.0,492.0,712.0,610.0,436.0,502.0,361.0,1121.0,524.0,385.0,1021.0,722.0,423.0,353.0,494.0,928.0,473.0,299.0,908.0,871.0,406.0,1009.0,610.0,743.0,461.0,457.0,457.0,896.0,564.0,837.0,311.0,309.0,453.0,762.0,385.0,449.0,765.0,394.0,885.0,639.0,00000000000000000408,390.063489480987,C0405P01
457.0,836.0,974.0,351.0,471.0,719.0,610.0,461.0,383.0,826.0,939.0,589.0,504.0,754.0,480.0,990.0,676.0,606.0,665.0,437.0,918.0,415.0,492.0,712.0,610.0,436.0,502.0,361.0,1121.0,524.0,385.0,1021.0,722.0,423.0,353.0,494.0,928.0,473.0,299.0,908.0,871.0,406.0,1009.0,610.0,743.0,461.0,457.0,457.0,896.0,564.0,837.0,311.0,309.0,453.0,762.0,385.0,449.0,765.0,394.0,885.0,639.0,00000000000000000409,216.687103599933,C0405P03
539.0,1013.0,1111.0,427.0,554.0,823.0,735.0,544.0,460.0,1000.0,1068.0,672.0,609.0,909.0,563.0,1149.0,833.0,720.0,771.0,528.0,1061.0,488.0,586.0,824.0,781.0,528.0,596.0,438.0,1285.0,651.0,466.0,1177.0,835.0,512.0,439.0,593.0,1063.0,574.0,360.0,1043.0,1046.0,488.0,1162.0,730.0,893.0,554.0,526.0,543.0,1022.0,679.0,1000.0,389.0,380.0,548.0,948.0,472.0,532.0,871.0,472.0,1038.0,743.0,0000000000000000040a,223.7017745353,C0405P04
289.0,715.0,760.0,227.0,296.0,516.0,479.0,314.0,256.0,685.0,707.0,406.0,354.0,590.0,299.0,806.0,478.0,424.0,487.0,290.0,744.0,265.0,333.0,518.0,428.0,280.0,352.0,227.0,863.0,367.0,240.0,814.0,530.0,274.0,231.0,327.0,708.0,327.0,148.0,677.0,696.0,260.0,826.0,423.0,585.0,315.0,295.0,285.0,686.0,396.0,654.0,201.0,174.0,318.0,574.0,235.0,300.0,540.0,249.0,660.0,451.0,0000000000000000040b,97.0927092539198,C0405P14
366.0,856.0,890.0,292.0,379.0,633.0,577.0,395.0,324.0,834.0,857.0,479.0,443.0,723.0,377.0,955.0,618.0,526.0,596.0,368.0,877.0,334.0,411.0,621.0,580.0,359.0,432.0,304.0,1024.0,475.0,302.0,959.0,633.0,351.0,309.0,416.0,856.0,416.0,217.0,817.0,849.0,330.0,965.0,540.0,727.0,395.0,361.0,361.0,835.0,492.0,805.0,262.0,244.0,404.0,741.0,315.0,372.0,647.0,317.0,831.0,546.0,0000000000000000040c,69.6527158891607,C0405R02
321.0,935.0,894.0,272.0,326.0,608.0,586.0,355.0,303.0,843.0,830.0,434.0,418.0,731.0,321.0,993.0,611.0,506.0,582.0,340.0,905.0,284.0,355.0,585.0,582.0,318.0,390.0,274.0,1039.0,457.0,265.0,976.0,612.0,314.0,291.0,382.0,869.0,393.0,173.0,800.0,901.0,277.0,988.0,522.0,772.0,355.0,313.0,303.0,828.0,477.0,812.0,239.0,203.0,382.0,746.0,290.0,334.0,612.0,281.0,841.0,506.0,0000000000000000040d,170.786753579404,C0405R03
317.0,854.0,834.0,254.0,326.0,591.0,566.0,355.0,292.0,806.0,795.0,423.0,406.0,693.0,319.0,927.0,574.0,479.0,562.0,326.0,853.0,281.0,355.0,560.0,540.0,308.0,385.0,262.0,958.0,442.0,261.0,917.0,577.0,306.0,279.0,372.0,817.0,380.0,173.0,750.0,825.0,279.0,935.0,504.0,713.0,355.0,305.0,296.0,786.0,452.0,778.0,234.0,203.0,372.0,706.0,274.0,328.0,585.0,276.0,780.0,492.0,0000000000000000040e,119.021260819504,C0405R05
285.0,795.0,770.0,228.0,293.0,545.0,525.0,322.0,265.0,745.0,740.0,385.0,370.0,630.0,289.0,853.0,517.0,440.0,519.0,293.0,794.0,258.0,324.0,518.0,482.0,277.0,352.0,231.0,883.0,401.0,242.0,854.0,536.0,273.0,249.0,337.0,748.0,345.0,150.0,684.0,762.0,251.0,871.0,460.0,647.0,324.0,278.0,268.0,722.0,414.0,718.0,213.0,181.0,337.0,643.0,243.0,304.0,536.0,248.0,707.0,452.0,0000000000000000040f,165.379331051416,C0405W01
279.0,696.0,717.0,219.0,287.0,503.0,468.0,303.0,246.0,671.0,693.0,376.0,346.0,570.0,283.0,785.0,476.0,413.0,470.0,279.0,724.0,254.0,320.0,490.0,433.0,271.0,336.0,220.0,831.0,371.0,231.0,778.0,505.0,261.0,222.0,322.0,691.0,322.0,152.0,641.0,688.0,248.0,794.0,420.0,580.0,303.0,280.0,273.0,668.0,387.0,646.0,196.0,174.0,314.0,578.0,231.0,281.0,514.0,238.0,651.0,432.0,00000000000000000410,94.6799913869764,C0405W02
540.0,1012.0,1111.0,428.0,556.0,826.0,738.0,546.0,462.0,1000.0,1070.0,673.0,612.0,910.0,564.0,1148.0,835.0,722.0,775.0,529.0,1062.0,490.0,588.0,825.0,784.0,530.0,597.0,439.0,1283.0,656.0,469.0,1175.0,837.0,513.0,441.0,596.0,1064.0,575.0,363.0,1045.0,1045.0,491.0,1161.0,734.0,895.0,556.0,529.0,545.0,1023.0,681.0,1000.0,392.0,383.0,551.0,950.0,474.0,535.0,873.0,473.0,1040.0,744.0,00000000000000000411,179.97401599528,C0405W03
568.0,1071.0,1179.0,446.0,581.0,857.0,782.0,570.0,487.0,1054.0,1101.0,699.0,630.0,974.0,590.0,1196.0,910.0,752.0,799.0,560.0,1095.0,507.0,608.0,858.0,855.0,552.0,613.0,457.0,1336.0,689.0,482.0,1242.0,874.0,531.0,459.0,616.0,1113.0,598.0,378.0,1100.0,1095.0,499.0,1225.0,765.0,955.0,581.0,551.0,568.0,1058.0,722.0,1054.0,412.0,389.0,560.0,1022.0,500.0,552.0,918.0,489.0,1086.0,755.0,00000000000000000412,108.990081257523,C0405W04
301.0,744.0,770.0,235.0,312.0,540.0,503.0,329.0,266.0,716.0,741.0,405.0,371.0,613.0,308.0,836.0,511.0,445.0,506.0,302.0,771.0,274.0,347.0,528.0,467.0,292.0,365.0,239.0,885.0,398.0,254.0,834.0,544.0,286.0,246.0,345.0,740.0,346.0,167.0,689.0,736.0,272.0,849.0,452.0,621.0,331.0,301.0,294.0,715.0,418.0,693.0,215.0,190.0,338.0,621.0,251.0,309.0,553.0,260.0,699.0,464.0,00000000000000000413,176.064497303194,C0405W05
364.0,1021.0,939.0,300.0,370.0,694.0,676.0,409.0,331.0,942.0,926.0,476.0,474.0,800.0,353.0,1059.0,662.0,552.0,667.0,382.0,1003.0,311.0,400.0,636.0,625.0,354.0,448.0,301.0,1078.0,539.0,296.0,1050.0,655.0,352.0,325.0,428.0,954.0,446.0,209.0,855.0,965.0,306.0,1068.0,603.0,851.0,409.0,350.0,330.0,917.0,524.0,906.0,276.0,238.0,446.0,816.0,326.0,375.0,655.0,323.0,907.0,557.0,00000000000000000414,88.5788292431864,C0405X51
338.0,933.0,897.0,274.0,344.0,642.0,622.0,384.0,317.0,875.0,859.0,454.0,439.0,746.0,339.0,986.0,609.0,515.0,617.0,352.0,928.0,304.0,382.0,599.0,573.0,328.0,417.0,279.0,1009.0,483.0,281.0,992.0,620.0,324.0,301.0,399.0,876.0,413.0,184.0,800.0,889.0,297.0,1011.0,549.0,766.0,384.0,333.0,315.0,844.0,488.0,843.0,255.0,215.0,408.0,752.0,294.0,357.0,620.0,295.0,825.0,529.0,00000000000000000415,122.303737699923,C0406F01
361.0,1065.0,986.0,275.0,339.0,689.0,696.0,391.0,320.0,943.0,898.0,465.0,469.0,790.0,310.0,1018.0,638.0,547.0,676.0,376.0,1054.0,294.0,384.0,628.0,562.0,325.0,439.0,278.0,1035.0,537.0,278.0,1065.0,683.0,335.0,316.0,394.0,928.0,435.0,176.0,830.0,957.0,290.0,1127.0,601.0,819.0,420.0,335.0,297.0,878.0,528.0,925.0,256.0,221.0,435.0,769.0,318.0,361.0,628.0,303.0,835.0,537.0,00000000000000000416,117.075188461746,C0406F02
454.0,961.0,1031.0,366.0,475.0,733.0,667.0,475.0,403.0,946.0,975.0,590.0,528.0,835.0,467.0,1083.0,739.0,633.0,685.0,454.0,983.0,412.0,497.0,737.0,700.0,444.0,522.0,381.0,1186.0,560.0,379.0,1095.0,747.0,438.0,377.0,507.0,971.0,497.0,279.0,959.0,973.0,411.0,1094.0,635.0,833.0,475.0,450.0,461.0,944.0,592.0,929.0,322.0,299.0,477.0,869.0,391.0,456.0,769.0,395.0,956.0,649.0,00000000000000000417,36.7772533241415,C0406F04
337.0,864.0,852.0,267.0,347.0,606.0,580.0,369.0,302.0,820.0,817.0,441.0,422.0,706.0,336.0,937.0,599.0,497.0,572.0,346.0,864.0,300.0,376.0,578.0,567.0,329.0,407.0,277.0,978.0,461.0,276.0,931.0,593.0,322.0,289.0,388.0,830.0,396.0,194.0,773.0,839.0,294.0,948.0,520.0,728.0,373.0,319.0,317.0,799.0,471.0,794.0,248.0,219.0,388.0,726.0,294.0,340.0,602.0,294.0,797.0,507.0,00000000000000000418,73.312374047922,C0406F05
382.0,1107.0,1014.0,284.0,360.0,721.0,725.0,409.0,328.0,987.0,936.0,481.0,492.0,823.0,321.0,1056.0,675.0,568.0,705.0,391.0,1105.0,300.0,404.0,651.0,593.0,344.0,459.0,290.0,1078.0,570.0,291.0,1104.0,704.0,347.0,330.0,416.0,965.0,456.0,192.0,860.0,1003.0,302.0,1164.0,636.0,857.0,442.0,345.0,306.0,916.0,552.0,972.0,269.0,239.0,456.0,812.0,340.0,374.0,650.0,316.0,871.0,557.0,00000000000000000419,92.8141347423034,C0406P01
349.0,1038.0,968.0,266.0,327.0,668.0,677.0,382.0,312.0,916.0,874.0,456.0,454.0,769.0,304.0,994.0,615.0,533.0,656.0,367.0,1023.0,287.0,372.0,614.0,543.0,314.0,429.0,268.0,1008.0,515.0,272.0,1042.0,669.0,327.0,309.0,380.0,904.0,421.0,166.0,812.0,928.0,283.0,1105.0,578.0,793.0,408.0,325.0,289.0,854.0,512.0,897.0,249.0,211.0,421.0,744.0,305.0,355.0,613.0,295.0,812.0,524.0,0000000000000000041a,68.5416004290157,C0406P02
366.0,856.0,890.0,292.0,379.0,633.0,577.0,395.0,324.0,834.0,857.0,479.0,443.0,723.0,377.0,955.0,618.0,526.0,596.0,368.0,877.0,334.0,411.0,621.0,580.0,359.0,432.0,304.0,1024.0,475.0,302.0,959.0,633.0,351.0,309.0,416.0,856.0,416.0,217.0,817.0,849.0,330.0,965.0,540.0,727.0,395.0,361.0,361.0,835.0,492.0,805.0,262.0,244.0,404.0,741.0,315.0,372.0,647.0,317.0,831.0,546.0,0000000000000000041b,57.3900623465669,C0406P51
349.0,1038.0,968.0,266.0,327.0,668.0,677.0,382.0,312.0,916.0,874.0,456.0,454.0,769.0,304.0,994.0,615.0,533.0,656.0,367.0,1023.0,287.0,372.0,614.0,543.0,314.0,429.0,268.0,1008.0,515.0,272.0,1042.0,669.0,327.0,309.0,380.0,904.0,421.0,166.0,812.0,928.0,283.0,1105.0,578.0,793.0,408.0,325.0,289.0,854.0,512.0,897.0,249.0,211.0,421.0,744.0,305.0,355.0,613.0,295.0,812.0,524.0,0000000000000000041c,47.0871113291083,C0406P53
371.0,1090.0,1001.0,281.0,350.0,708.0,713.0,400.0,325.0,971.0,921.0,471.0,485.0,809.0,318.0,1041.0,660.0,557.0,693.0,382.0,1085.0,298.0,394.0,639.0,581.0,335.0,449.0,286.0,1060.0,557.0,285.0,1089.0,692.0,344.0,323.0,409.0,950.0,450.0,188.0,847.0,985.0,296.0,1150.0,622.0,842.0,431.0,341.0,303.0,902.0,541.0,955.0,263.0,234.0,450.0,797.0,329.0,367.0,638.0,312.0,857.0,551.0,0000000000000000041d,78.2709429575124,C0406P56
349.0,1038.0,968.0,266.0,327.0,668.0,677.0,382.0,312.0,916.0,874.0,456.0,454.0,769.0,304.0,994.0,615.0,533.0,656.0,367.0,1023.0,287.0,372.0,614.0,543.0,314.0,429.0,268.0,1008.0,515.0,272.0,1042.0,669.0,327.0,309.0,380.0,904.0,421.0,166.0,812.0,928.0,283.0,1105.0,578.0,793.0,408.0,325.0,289.0,854.0,512.0,897.0,249.0,211.0,421.0,744.0,305.0,355.0,613.0,295.0,812.0,524.0,0000000000000000041e,69.2561622028539,C0406R01
355.0,1043.0,949.0,266.0,335.0,675.0,679.0,379.0,306.0,928.0,879.0,446.0,462.0,773.0,299.0,995.0,635.0,531.0,660.0,363.0,1041.0,280.0,375.0,609.0,558.0,321.0,425.0,271.0,1016.0,536.0,270.0,1037.0,655.0,323.0,306.0,389.0,904.0,428.0,181.0,806.0,945.0,280.0,1092.0,597.0,805.0,409.0,321.0,286.0,860.0,517.0,915.0,250.0,224.0,428.0,765.0,317.0,346.0,606.0,295.0,818.0,521.0,0000000000000000041f,209.185488686736,C0406R02
316.0,910.0,937.0,254.0,288.0,597.0,596.0,348.0,304.0,797.0,773.0,462.0,402.0,706.0,287.0,886.0,511.0,484.0,579.0,337.0,899.0,283.0,341.0,579.0,436.0,274.0,401.0,254.0,898.0,412.0,262.0,955.0,634.0,305.0,294.0,324.0,791.0,366.0,118.0,767.0,801.0,270.0,1013.0,492.0,668.0,368.0,325.0,283.0,745.0,457.0,772.0,225.0,168.0,360.0,617.0,260.0,362.0,578.0,268.0,706.0,491.0,00000000000000000420,56.3049699343598,C0406R04
307.0,812.0,803.0,243.0,319.0,564.0,537.0,337.0,281.0,763.0,770.0,414.0,388.0,651.0,311.0,874.0,532.0,460.0,537.0,316.0,813.0,281.0,350.0,542.0,495.0,299.0,374.0,252.0,921.0,415.0,258.0,883.0,561.0,294.0,258.0,353.0,773.0,361.0,166.0,716.0,782.0,271.0,896.0,475.0,662.0,346.0,310.0,300.0,743.0,432.0,735.0,221.0,200.0,353.0,661.0,263.0,324.0,567.0,268.0,734.0,475.0,00000000000000000421,28.039900678195,C0406R05
356.0,910.0,904.0,277.0,368.0,643.0,615.0,393.0,318.0,868.0,857.0,470.0,448.0,751.0,359.0,984.0,627.0,524.0,611.0,365.0,910.0,317.0,398.0,610.0,589.0,346.0,433.0,287.0,1017.0,484.0,293.0,984.0,629.0,340.0,302.0,411.0,870.0,420.0,199.0,809.0,882.0,308.0,1002.0,549.0,758.0,398.0,337.0,327.0,842.0,495.0,836.0,257.0,228.0,411.0,761.0,308.0,359.0,634.0,312.0,832.0,541.0,00000000000000000422,234.570236821224,C0407C01
354.0,892.0,883.0,279.0,366.0,631.0,604.0,387.0,317.0,850.0,849.0,461.0,441.0,732.0,357.0,965.0,623.0,519.0,596.0,363.0,892.0,317.0,394.0,600.0,587.0,345.0,429.0,289.0,1007.0,481.0,288.0,965.0,618.0,339.0,299.0,406.0,860.0,415.0,207.0,800.0,865.0,308.0,982.0,543.0,752.0,394.0,337.0,334.0,827.0,492.0,823.0,260.0,233.0,406.0,752.0,310.0,355.0,627.0,313.0,824.0,529.0,00000000000000000423,230.82863929589,C0407C02
367.0,911.0,919.0,292.0,380.0,650.0,618.0,400.0,333.0,869.0,869.0,482.0,456.0,755.0,370.0,988.0,638.0,534.0,612.0,377.0,911.0,333.0,409.0,621.0,600.0,358.0,448.0,303.0,1036.0,489.0,299.0,995.0,640.0,352.0,309.0,419.0,878.0,428.0,211.0,832.0,882.0,323.0,1010.0,555.0,763.0,409.0,357.0,353.0,844.0,506.0,841.0,268.0,239.0,419.0,765.0,319.0,370.0,650.0,324.0,841.0,550.0,00000000000000000424,216.072580028865,C0407C03
573.0,1037.0,1128.0,448.0,595.0,867.0,773.0,583.0,480.0,1021.0,1118.0,700.0,651.0,931.0,599.0,1165.0,864.0,749.0,825.0,554.0,1093.0,512.0,624.0,849.0,814.0,560.0,629.0,458.0,1300.0,705.0,496.0,1200.0,859.0,549.0,464.0,641.0,1098.0,612.0,402.0,1071.0,1068.0,519.0,1178.0,786.0,927.0,591.0,555.0,564.0,1060.0,710.0,1024.0,415.0,421.0,591.0,982.0,504.0,561.0,909.0,510.0,1075.0,780.0,00000000000000000425,190.79970607022,C0407C52
373.0,923.0,931.0,294.0,389.0,660.0,629.0,410.0,335.0,881.0,881.0,490.0,463.0,766.0,378.0,1002.0,647.0,543.0,622.0,383.0,923.0,335.0,419.0,631.0,608.0,363.0,458.0,304.0,1048.0,497.0,308.0,1007.0,651.0,359.0,319.0,425.0,891.0,434.0,215.0,842.0,894.0,332.0,1023.0,564.0,774.0,419.0,359.0,355.0,857.0,514.0,852.0,276.0,244.0,425.0,775.0,325.0,382.0,660.0,330.0,853.0,558.0,00000000000000000426,169.742203370198,C0407C56
579.0,1114.0,1243.0,450.0,605.0,887.0,817.0,594.0,502.0,1090.0,1145.0,721.0,650.0,1017.0,611.0,1248.0,958.0,770.0,817.0,579.0,1138.0,513.0,631.0,889.0,888.0,567.0,631.0,463.0,1393.0,709.0,490.0,1309.0,911.0,543.0,467.0,638.0,1168.0,615.0,383.0,1158.0,1137.0,513.0,1285.0,792.0,1005.0,606.0,576.0,589.0,1098.0,746.0,1093.0,416.0,394.0,568.0,1068.0,507.0,564.0,961.0,497.0,1133.0,779.0,00000000000000000427,118.637621963293,C0407F01
580.0,1113.0,1242.0,451.0,606.0,887.0,816.0,594.0,501.0,1091.0,1143.0,722.0,651.0,1017.0,612.0,1247.0,958.0,770.0,817.0,579.0,1137.0,514.0,631.0,889.0,887.0,567.0,632.0,464.0,1394.0,709.0,493.0,1307.0,911.0,545.0,469.0,639.0,1167.0,616.0,385.0,1158.0,1137.0,517.0,1283.0,792.0,1003.0,607.0,576.0,589.0,1097.0,746.0,1091.0,419.0,396.0,570.0,1067.0,508.0,567.0,959.0,499.0,1132.0,780.0,00000000000000000428,109.645205638498,C0407F02
351.0,1023.0,943.0,286.0,357.0,685.0,677.0,399.0,323.0,923.0,914.0,469.0,466.0,771.0,333.0,1033.0,629.0,535.0,667.0,369.0,1005.0,310.0,399.0,617.0,578.0,339.0,431.0,288.0,1051.0,525.0,294.0,1053.0,653.0,333.0,316.0,415.0,931.0,446.0,191.0,821.0,944.0,305.0,1075.0,595.0,818.0,410.0,343.0,319.0,890.0,515.0,895.0,264.0,224.0,436.0,783.0,309.0,371.0,630.0,313.0,868.0,554.0,0000000000000000042a,122.57735959346,C0407F52
577.0,1100.0,1230.0,448.0,602.0,880.0,811.0,591.0,498.0,1079.0,1135.0,717.0,646.0,1008.0,608.0,1232.0,950.0,764.0,811.0,577.0,1126.0,510.0,627.0,881.0,880.0,565.0,624.0,460.0,1374.0,705.0,491.0,1295.0,904.0,541.0,467.0,635.0,1156.0,612.0,383.0,1148.0,1124.0,515.0,1271.0,787.0,995.0,600.0,572.0,587.0,1087.0,741.0,1084.0,418.0,392.0,565.0,1058.0,506.0,564.0,954.0,494.0,1121.0,773.0,0000000000000000042b,149.204396452489,C0407F53
459.0,1039.0,1080.0,370.0,475.0,768.0,723.0,489.0,408.0,1013.0,1006.0,590.0,547.0,889.0,469.0,1150.0,782.0,649.0,720.0,472.0,1043.0,409.0,508.0,752.0,746.0,451.0,542.0,381.0,1230.0,592.0,380.0,1152.0,768.0,448.0,393.0,518.0,1022.0,516.0,279.0,992.0,1040.0,408.0,1156.0,665.0,897.0,489.0,436.0,442.0,988.0,610.0,984.0,339.0,310.0,506.0,922.0,408.0,461.0,779.0,405.0,1002.0,664.0,0000000000000000042c,302.196069059012,C0407P01
426.0,779.0,905.0,325.0,433.0,664.0,562.0,424.0,361.0,764.0,877.0,553.0,467.0,702.0,438.0,922.0,622.0,554.0,612.0,410.0,850.0,388.0,453.0,660.0,558.0,407.0,462.0,336.0,1040.0,479.0,352.0,948.0,666.0,385.0,323.0,458.0,867.0,438.0,266.0,841.0,807.0,373.0,940.0,562.0,694.0,423.0,429.0,429.0,836.0,519.0,771.0,282.0,278.0,417.0,695.0,358.0,414.0,708.0,358.0,825.0,595.0,0000000000000000042d,128.217618508318,C0407P02
341.0,877.0,922.0,262.0,336.0,594.0,582.0,374.0,309.0,788.0,765.0,478.0,421.0,693.0,315.0,890.0,516.0,492.0,582.0,353.0,867.0,296.0,374.0,580.0,452.0,316.0,424.0,270.0,913.0,411.0,273.0,947.0,630.0,314.0,299.0,352.0,783.0,386.0,150.0,770.0,798.0,286.0,983.0,491.0,643.0,386.0,335.0,309.0,732.0,467.0,763.0,233.0,185.0,375.0,630.0,278.0,367.0,593.0,291.0,710.0,516.0,0000000000000000042f,144.945838990874,C0407P05
418.0,931.0,974.0,330.0,438.0,701.0,637.0,450.0,368.0,913.0,944.0,536.0,499.0,794.0,428.0,1040.0,694.0,585.0,662.0,419.0,957.0,378.0,469.0,683.0,654.0,409.0,490.0,347.0,1119.0,534.0,343.0,1049.0,702.0,399.0,345.0,470.0,936.0,470.0,256.0,900.0,930.0,374.0,1051.0,603.0,800.0,450.0,409.0,409.0,916.0,554.0,884.0,301.0,284.0,452.0,823.0,361.0,417.0,713.0,361.0,915.0,613.0,00000000000000000430,69.7665169040808,C0407P95
320.0,937.0,882.0,259.0,321.0,625.0,615.0,362.0,298.0,848.0,838.0,440.0,421.0,709.0,305.0,954.0,567.0,490.0,605.0,340.0,923.0,287.0,362.0,572.0,517.0,310.0,393.0,265.0,974.0,467.0,267.0,979.0,609.0,305.0,289.0,373.0,852.0,402.0,166.0,760.0,864.0,278.0,999.0,536.0,738.0,372.0,320.0,298.0,813.0,469.0,818.0,235.0,196.0,392.0,708.0,280.0,343.0,589.0,285.0,793.0,510.0,00000000000000000431,447.528738794704,C0407R01
309.0,835.0,824.0,250.0,322.0,578.0,555.0,347.0,290.0,786.0,784.0,418.0,398.0,671.0,318.0,894.0,549.0,469.0,551.0,318.0,832.0,286.0,352.0,553.0,512.0,300.0,381.0,256.0,933.0,424.0,263.0,904.0,571.0,300.0,267.0,362.0,790.0,371.0,166.0,734.0,800.0,273.0,919.0,487.0,681.0,352.0,313.0,299.0,760.0,441.0,757.0,228.0,200.0,362.0,679.0,264.0,330.0,575.0,273.0,747.0,487.0,00000000000000000432,215.09034398804,C0407R03
323.0,932.0,895.0,271.0,328.0,610.0,589.0,357.0,303.0,844.0,832.0,436.0,419.0,732.0,325.0,991.0,612.0,507.0,584.0,340.0,905.0,284.0,357.0,588.0,581.0,318.0,392.0,274.0,1037.0,458.0,264.0,975.0,614.0,317.0,290.0,383.0,868.0,394.0,174.0,802.0,899.0,278.0,989.0,524.0,770.0,357.0,313.0,303.0,827.0,479.0,813.0,239.0,206.0,383.0,746.0,290.0,335.0,614.0,285.0,840.0,509.0,00000000000000000433,108.819384891649,C0407R51
320.0,800.0,839.0,257.0,331.0,574.0,530.0,351.0,296.0,763.0,780.0,436.0,397.0,667.0,330.0,886.0,546.0,473.0,536.0,327.0,806.0,299.0,364.0,565.0,506.0,310.0,397.0,268.0,941.0,411.0,264.0,898.0,582.0,310.0,274.0,362.0,786.0,369.0,172.0,751.0,776.0,296.0,907.0,478.0,659.0,358.0,330.0,323.0,760.0,441.0,734.0,229.0,200.0,360.0,658.0,269.0,338.0,595.0,280.0,750.0,493.0,00000000000000000434,254.232219914761,C0407R53
376.0,1156.0,988.0,297.0,369.0,730.0,714.0,411.0,333.0,997.0,1013.0,480.0,497.0,827.0,323.0,1118.0,692.0,567.0,728.0,390.0,1104.0,300.0,398.0,649.0,652.0,361.0,441.0,302.0,1148.0,588.0,291.0,1126.0,686.0,356.0,338.0,441.0,1051.0,465.0,205.0,889.0,1058.0,310.0,1145.0,657.0,944.0,421.0,343.0,313.0,1002.0,554.0,967.0,271.0,243.0,470.0,854.0,342.0,374.0,660.0,319.0,996.0,572.0,00000000000000000437,216.288639260876,C0407W03
339.0,876.0,912.0,264.0,336.0,591.0,579.0,373.0,307.0,788.0,768.0,473.0,419.0,690.0,316.0,891.0,518.0,489.0,578.0,351.0,868.0,295.0,373.0,576.0,457.0,315.0,421.0,269.0,914.0,412.0,272.0,943.0,624.0,314.0,296.0,355.0,782.0,386.0,154.0,765.0,799.0,286.0,979.0,490.0,647.0,384.0,333.0,308.0,735.0,464.0,761.0,233.0,188.0,375.0,633.0,278.0,365.0,590.0,290.0,713.0,514.0,00000000000000000438,992.547188440976,C0407W04
551.0,1007.0,1094.0,431.0,567.0,831.0,743.0,556.0,463.0,991.0,1077.0,674.0,623.0,903.0,570.0,1133.0,836.0,722.0,788.0,534.0,1059.0,493.0,596.0,819.0,788.0,541.0,602.0,442.0,1266.0,674.0,477.0,1162.0,832.0,523.0,446.0,610.0,1061.0,584.0,381.0,1036.0,1038.0,498.0,1146.0,750.0,897.0,566.0,535.0,545.0,1021.0,684.0,992.0,397.0,399.0,565.0,954.0,484.0,539.0,875.0,485.0,1041.0,748.0,00000000000000000439,117.749764706876,C0407X01
555.0,1018.0,1106.0,435.0,572.0,841.0,752.0,562.0,467.0,1003.0,1089.0,680.0,628.0,912.0,578.0,1146.0,844.0,729.0,798.0,539.0,1070.0,498.0,602.0,826.0,796.0,545.0,609.0,446.0,1280.0,682.0,481.0,1175.0,839.0,529.0,450.0,615.0,1072.0,589.0,385.0,1047.0,1049.0,502.0,1158.0,758.0,907.0,572.0,539.0,550.0,1033.0,690.0,1003.0,401.0,404.0,569.0,964.0,488.0,544.0,882.0,491.0,1052.0,754.0,0000000000000000043a,193.8808061759,C0407X51
634.0,1127.0,1246.0,496.0,660.0,953.0,847.0,648.0,531.0,1120.0,1215.0,775.0,720.0,1028.0,665.0,1271.0,951.0,826.0,907.0,613.0,1190.0,566.0,693.0,936.0,896.0,618.0,700.0,508.0,1415.0,773.0,549.0,1311.0,947.0,610.0,513.0,709.0,1193.0,676.0,445.0,1185.0,1161.0,573.0,1289.0,862.0,1006.0,654.0,613.0,624.0,1155.0,782.0,1120.0,460.0,467.0,654.0,1071.0,558.0,620.0,1002.0,566.0,1166.0,864.0,0000000000000000043b,138.264279345821,C0408C01
573.0,1037.0,1128.0,448.0,595.0,867.0,773.0,583.0,480.0,1021.0,1118.0,700.0,651.0,931.0,599.0,1165.0,864.0,749.0,825.0,554.0,1093.0,512.0,624.0,849.0,814.0,560.0,629.0,458.0,1300.0,705.0,496.0,1200.0,859.0,549.0,464.0,641.0,1098.0,612.0,402.0,1071.0,1068.0,519.0,1178.0,786.0,927.0,591.0,555.0,564.0,1060.0,710.0,1024.0,415.0,421.0,591.0,982.0,504.0,561.0,909.0,510.0,1075.0,780.0,0000000000000000043c,113.397778363109,C0408C02
552.0,1001.0,1084.0,430.0,573.0,836.0,746.0,560.0,464.0,981.0,1084.0,674.0,628.0,895.0,577.0,1125.0,833.0,719.0,793.0,534.0,1057.0,494.0,598.0,817.0,783.0,539.0,600.0,440.0,1256.0,679.0,477.0,1159.0,827.0,527.0,446.0,619.0,1064.0,591.0,389.0,1028.0,1032.0,501.0,1136.0,757.0,898.0,568.0,538.0,545.0,1027.0,684.0,988.0,400.0,404.0,568.0,949.0,483.0,541.0,875.0,489.0,1041.0,753.0,0000000000000000043d,80.7881797575044,C0408C03
356.0,1104.0,952.0,284.0,340.0,702.0,693.0,389.0,326.0,964.0,966.0,455.0,468.0,791.0,301.0,1068.0,658.0,535.0,693.0,366.0,1067.0,294.0,379.0,621.0,611.0,337.0,418.0,293.0,1096.0,554.0,277.0,1087.0,650.0,337.0,325.0,412.0,1004.0,440.0,187.0,848.0,1009.0,296.0,1106.0,619.0,898.0,399.0,337.0,305.0,956.0,525.0,935.0,257.0,225.0,448.0,814.0,318.0,365.0,631.0,300.0,946.0,543.0,0000000000000000043e,133.017561261918,C0408C04
566.0,1034.0,1141.0,443.0,578.0,847.0,760.0,566.0,477.0,1025.0,1091.0,695.0,630.0,941.0,586.0,1167.0,872.0,742.0,796.0,554.0,1079.0,506.0,607.0,844.0,824.0,553.0,609.0,453.0,1307.0,684.0,487.0,1201.0,860.0,534.0,457.0,615.0,1085.0,594.0,385.0,1076.0,1066.0,506.0,1188.0,757.0,924.0,576.0,546.0,561.0,1042.0,706.0,1027.0,411.0,400.0,568.0,987.0,497.0,554.0,897.0,494.0,1063.0,757.0,0000000000000000043f,90.881570742228,C0408C05
470.0,926.0,1042.0,356.0,476.0,718.0,663.0,479.0,416.0,887.0,908.0,581.0,496.0,852.0,487.0,1014.0,806.0,616.0,629.0,465.0,922.0,428.0,489.0,704.0,721.0,462.0,449.0,360.0,1077.0,560.0,404.0,1109.0,725.0,428.0,375.0,502.0,970.0,489.0,308.0,946.0,904.0,416.0,1079.0,633.0,825.0,465.0,491.0,502.0,860.0,613.0,913.0,323.0,303.0,424.0,893.0,406.0,462.0,832.0,384.0,876.0,590.0,00000000000000000440,169.135508280816,C0408F01
474.0,830.0,937.0,367.0,499.0,718.0,621.0,492.0,410.0,808.0,904.0,599.0,518.0,753.0,514.0,959.0,676.0,591.0,664.0,455.0,896.0,435.0,522.0,699.0,612.0,455.0,525.0,381.0,1060.0,540.0,404.0,985.0,699.0,456.0,383.0,512.0,894.0,492.0,323.0,877.0,850.0,429.0,978.0,621.0,737.0,489.0,477.0,477.0,861.0,558.0,818.0,330.0,336.0,465.0,751.0,407.0,471.0,745.0,423.0,855.0,647.0,00000000000000000441,27.7615675132621,C0408F02
601.0,1164.0,1316.0,467.0,639.0,933.0,856.0,629.0,525.0,1128.0,1177.0,748.0,668.0,1079.0,643.0,1286.0,1013.0,802.0,838.0,601.0,1180.0,540.0,658.0,910.0,929.0,595.0,631.0,470.0,1407.0,732.0,517.0,1380.0,941.0,563.0,488.0,655.0,1217.0,637.0,402.0,1205.0,1167.0,534.0,1355.0,819.0,1041.0,634.0,612.0,626.0,1123.0,783.0,1142.0,427.0,405.0,571.0,1118.0,523.0,593.0,1034.0,513.0,1150.0,793.0,00000000000000000442,66.8624637673321,C0408F03
576.0,1059.0,1169.0,451.0,586.0,865.0,776.0,575.0,484.0,1049.0,1110.0,708.0,643.0,964.0,596.0,1197.0,891.0,759.0,812.0,566.0,1104.0,513.0,618.0,864.0,843.0,566.0,623.0,462.0,1339.0,696.0,495.0,1227.0,879.0,544.0,467.0,627.0,1105.0,606.0,389.0,1101.0,1092.0,513.0,1216.0,770.0,942.0,586.0,552.0,569.0,1063.0,721.0,1049.0,417.0,405.0,580.0,1007.0,508.0,562.0,916.0,503.0,1084.0,773.0,00000000000000000443,74.7356090756265,C0408F09
568.0,1043.0,1138.0,439.0,582.0,843.0,771.0,572.0,480.0,1026.0,1081.0,690.0,627.0,949.0,582.0,1159.0,888.0,742.0,792.0,559.0,1065.0,501.0,604.0,834.0,839.0,550.0,605.0,450.0,1294.0,690.0,478.0,1205.0,852.0,524.0,457.0,617.0,1082.0,597.0,386.0,1068.0,1065.0,497.0,1187.0,761.0,933.0,574.0,542.0,554.0,1033.0,713.0,1034.0,414.0,396.0,559.0,1004.0,500.0,549.0,892.0,485.0,1062.0,745.0,00000000000000000444,139.129166016475,C0408F10
540.0,1010.0,1111.0,416.0,562.0,813.0,748.0,551.0,462.0,984.0,1049.0,661.0,602.0,914.0,564.0,1122.0,866.0,708.0,757.0,536.0,1039.0,477.0,582.0,808.0,807.0,529.0,571.0,426.0,1248.0,661.0,458.0,1176.0,828.0,505.0,433.0,592.0,1059.0,569.0,367.0,1041.0,1027.0,482.0,1156.0,732.0,910.0,553.0,530.0,545.0,999.0,683.0,1001.0,388.0,369.0,532.0,972.0,475.0,522.0,880.0,458.0,1026.0,714.0,00000000000000000445,62.8249705732825,C0408F51
562.0,1051.0,1201.0,421.0,578.0,840.0,766.0,578.0,484.0,1029.0,1054.0,690.0,597.0,976.0,594.0,1162.0,924.0,724.0,740.0,550.0,1058.0,507.0,601.0,831.0,829.0,550.0,551.0,426.0,1251.0,655.0,481.0,1268.0,853.0,520.0,447.0,597.0,1109.0,574.0,376.0,1106.0,1035.0,504.0,1240.0,744.0,935.0,567.0,570.0,582.0,998.0,712.0,1046.0,385.0,372.0,510.0,1016.0,483.0,550.0,958.0,473.0,1014.0,706.0,00000000000000000446,44.3606482112251,C0408F52
570.0,1101.0,1224.0,439.0,603.0,879.0,811.0,592.0,494.0,1069.0,1130.0,704.0,638.0,1005.0,604.0,1225.0,946.0,757.0,803.0,570.0,1128.0,503.0,626.0,865.0,874.0,560.0,610.0,449.0,1352.0,703.0,485.0,1297.0,889.0,538.0,460.0,626.0,1151.0,605.0,381.0,1135.0,1116.0,503.0,1273.0,781.0,992.0,597.0,565.0,582.0,1077.0,735.0,1086.0,410.0,382.0,555.0,1057.0,500.0,556.0,955.0,484.0,1109.0,758.0,00000000000000000447,53.0759030183126,C0408P01
598.0,1143.0,1290.0,460.0,634.0,924.0,844.0,628.0,519.0,1110.0,1156.0,743.0,660.0,1060.0,642.0,1265.0,992.0,791.0,828.0,598.0,1158.0,537.0,655.0,898.0,909.0,590.0,624.0,462.0,1382.0,722.0,513.0,1357.0,926.0,562.0,482.0,648.0,1194.0,628.0,401.0,1186.0,1145.0,533.0,1332.0,808.0,1018.0,626.0,605.0,619.0,1100.0,770.0,1123.0,421.0,408.0,565.0,1095.0,519.0,588.0,1020.0,513.0,1126.0,782.0,00000000000000000448,208.622449349718,C0408P03
592.0,1080.0,1185.0,459.0,606.0,877.0,797.0,594.0,499.0,1066.0,1124.0,719.0,653.0,986.0,608.0,1205.0,920.0,772.0,825.0,581.0,1110.0,522.0,631.0,872.0,871.0,575.0,634.0,470.0,1347.0,715.0,499.0,1250.0,888.0,550.0,475.0,642.0,1122.0,620.0,402.0,1113.0,1107.0,518.0,1233.0,789.0,964.0,599.0,563.0,577.0,1074.0,740.0,1072.0,428.0,412.0,584.0,1036.0,522.0,571.0,930.0,509.0,1101.0,777.0,00000000000000000449,108.546989736191,C0408P05
545.0,1057.0,1184.0,421.0,574.0,847.0,773.0,568.0,473.0,1021.0,1068.0,678.0,601.0,972.0,581.0,1168.0,910.0,722.0,757.0,545.0,1069.0,491.0,592.0,818.0,833.0,539.0,563.0,421.0,1274.0,660.0,468.0,1250.0,846.0,507.0,439.0,590.0,1106.0,573.0,363.0,1085.0,1057.0,485.0,1227.0,739.0,943.0,568.0,554.0,566.0,1017.0,705.0,1032.0,383.0,368.0,513.0,1008.0,473.0,536.0,935.0,464.0,1040.0,712.0,0000000000000000044a,149.626466490261,C0408P06
571.0,1058.0,1146.0,448.0,594.0,875.0,778.0,583.0,481.0,1044.0,1132.0,702.0,654.0,945.0,596.0,1191.0,870.0,755.0,829.0,557.0,1115.0,514.0,625.0,858.0,819.0,559.0,634.0,459.0,1328.0,706.0,492.0,1222.0,869.0,545.0,459.0,643.0,1115.0,612.0,392.0,1086.0,1088.0,514.0,1202.0,784.0,938.0,589.0,558.0,569.0,1078.0,714.0,1044.0,413.0,413.0,592.0,992.0,500.0,558.0,914.0,504.0,1086.0,789.0,0000000000000000044b,187.799738236973,C0408P09
458.0,804.0,892.0,356.0,482.0,693.0,599.0,474.0,396.0,779.0,869.0,576.0,501.0,721.0,495.0,923.0,647.0,569.0,643.0,439.0,864.0,419.0,502.0,671.0,589.0,439.0,509.0,367.0,1020.0,522.0,393.0,943.0,671.0,439.0,371.0,492.0,860.0,474.0,314.0,836.0,824.0,413.0,941.0,598.0,712.0,473.0,459.0,459.0,831.0,540.0,789.0,321.0,327.0,452.0,723.0,394.0,454.0,711.0,410.0,823.0,622.0,0000000000000000044c,27.7656446299413,C0408R01
367.0,1120.0,980.0,281.0,341.0,725.0,728.0,382.0,322.0,999.0,958.0,448.0,486.0,795.0,288.0,1035.0,667.0,527.0,700.0,366.0,1162.0,289.0,373.0,621.0,546.0,314.0,446.0,301.0,1093.0,590.0,279.0,1099.0,662.0,329.0,334.0,395.0,979.0,444.0,180.0,825.0,1017.0,292.0,1158.0,650.0,876.0,427.0,346.0,300.0,939.0,525.0,998.0,256.0,236.0,455.0,810.0,325.0,365.0,599.0,311.0,891.0,543.0,0000000000000000044d,74.3365595107671,C0408R02
347.0,1055.0,946.0,261.0,322.0,679.0,686.0,363.0,303.0,939.0,894.0,431.0,457.0,761.0,272.0,983.0,627.0,506.0,658.0,347.0,1086.0,271.0,353.0,597.0,519.0,298.0,425.0,276.0,1026.0,543.0,262.0,1043.0,638.0,311.0,311.0,371.0,918.0,419.0,164.0,792.0,951.0,275.0,1099.0,605.0,816.0,405.0,324.0,282.0,876.0,496.0,936.0,241.0,213.0,428.0,757.0,306.0,346.0,578.0,288.0,829.0,515.0,0000000000000000044e,77.1566961371106,C0408R03
381.0,1161.0,1043.0,286.0,358.0,751.0,759.0,404.0,333.0,1037.0,997.0,476.0,506.0,842.0,302.0,1085.0,699.0,563.0,734.0,381.0,1187.0,298.0,392.0,663.0,587.0,333.0,472.0,303.0,1129.0,605.0,286.0,1148.0,707.0,345.0,340.0,413.0,1020.0,464.0,185.0,875.0,1051.0,298.0,1211.0,670.0,913.0,449.0,356.0,309.0,977.0,555.0,1028.0,263.0,241.0,475.0,838.0,337.0,377.0,641.0,317.0,926.0,568.0,0000000000000000044f,52.6090536720705,C0408R05
347.0,1055.0,946.0,261.0,322.0,679.0,686.0,363.0,303.0,939.0,894.0,431.0,457.0,761.0,272.0,983.0,627.0,506.0,658.0,347.0,1086.0,271.0,353.0,597.0,519.0,298.0,425.0,276.0,1026.0,543.0,262.0,1043.0,638.0,311.0,311.0,371.0,918.0,419.0,164.0,792.0,951.0,275.0,1099.0,605.0,816.0,405.0,324.0,282.0,876.0,496.0,936.0,241.0,213.0,428.0,757.0,306.0,346.0,578.0,288.0,829.0,515.0,00000000000000000450,100.861874940311,C0408R55
593.0,1080.0,1203.0,445.0,611.0,880.0,800.0,605.0,503.0,1062.0,1095.0,715.0,643.0,1002.0,621.0,1187.0,945.0,760.0,793.0,584.0,1103.0,525.0,632.0,859.0,866.0,582.0,594.0,449.0,1290.0,701.0,505.0,1282.0,880.0,549.0,473.0,639.0,1129.0,612.0,408.0,1123.0,1079.0,533.0,1255.0,784.0,962.0,601.0,579.0,594.0,1037.0,742.0,1079.0,419.0,410.0,563.0,1047.0,520.0,570.0,965.0,508.0,1055.0,749.0,00000000000000000451,93.0548277453108,C0408X01
563.0,1021.0,1106.0,441.0,581.0,849.0,759.0,569.0,474.0,1002.0,1100.0,687.0,638.0,914.0,586.0,1145.0,850.0,732.0,807.0,543.0,1075.0,504.0,609.0,831.0,800.0,551.0,614.0,451.0,1279.0,690.0,485.0,1180.0,841.0,536.0,454.0,628.0,1080.0,599.0,394.0,1049.0,1052.0,508.0,1158.0,770.0,913.0,579.0,547.0,556.0,1041.0,696.0,1006.0,405.0,411.0,578.0,967.0,494.0,549.0,889.0,498.0,1058.0,764.0,00000000000000000452,172.243175014415,C0408X02
576.0,1059.0,1188.0,436.0,596.0,861.0,782.0,592.0,494.0,1042.0,1075.0,698.0,626.0,982.0,606.0,1168.0,924.0,743.0,771.0,567.0,1079.0,516.0,618.0,844.0,842.0,566.0,577.0,439.0,1267.0,680.0,491.0,1265.0,865.0,534.0,459.0,620.0,1112.0,595.0,392.0,1104.0,1055.0,518.0,1239.0,764.0,943.0,585.0,572.0,586.0,1018.0,727.0,1058.0,404.0,393.0,544.0,1025.0,502.0,557.0,953.0,493.0,1034.0,732.0,00000000000000000453,79.4407043232702,C0408X51
451.0,1050.0,1066.0,373.0,466.0,759.0,721.0,485.0,405.0,1006.0,993.0,577.0,543.0,883.0,460.0,1149.0,786.0,646.0,712.0,469.0,1043.0,397.0,496.0,735.0,756.0,449.0,533.0,384.0,1226.0,596.0,377.0,1143.0,754.0,440.0,389.0,521.0,1019.0,514.0,282.0,973.0,1043.0,399.0,1145.0,663.0,904.0,485.0,428.0,437.0,982.0,607.0,985.0,337.0,312.0,504.0,935.0,410.0,450.0,763.0,401.0,1000.0,649.0,00000000000000000454,116.0067495631,C0409C01
482.0,1016.0,1095.0,385.0,506.0,777.0,707.0,507.0,427.0,1001.0,1029.0,626.0,560.0,886.0,497.0,1144.0,781.0,670.0,728.0,482.0,1038.0,433.0,529.0,780.0,742.0,470.0,557.0,403.0,1250.0,593.0,401.0,1159.0,791.0,469.0,402.0,538.0,1024.0,527.0,297.0,1018.0,1027.0,437.0,1159.0,674.0,879.0,507.0,475.0,486.0,997.0,626.0,984.0,342.0,319.0,506.0,919.0,415.0,485.0,813.0,421.0,1008.0,689.0,00000000000000000455,32.6262651813514,C0409C02
442.0,1066.0,1122.0,373.0,448.0,752.0,719.0,469.0,411.0,1010.0,986.0,594.0,529.0,910.0,463.0,1185.0,795.0,648.0,701.0,466.0,1046.0,398.0,483.0,760.0,758.0,442.0,526.0,386.0,1265.0,566.0,369.0,1176.0,779.0,441.0,393.0,502.0,1031.0,498.0,252.0,1005.0,1058.0,393.0,1177.0,637.0,908.0,475.0,436.0,447.0,983.0,613.0,984.0,332.0,286.0,482.0,929.0,403.0,454.0,789.0,395.0,1018.0,657.0,00000000000000000456,107.235100784543,C0409C03
385.0,981.0,967.0,290.0,387.0,670.0,657.0,422.0,335.0,891.0,875.0,509.0,468.0,763.0,366.0,1006.0,610.0,541.0,647.0,396.0,973.0,325.0,422.0,631.0,554.0,364.0,466.0,300.0,1030.0,495.0,309.0,1038.0,674.0,355.0,320.0,424.0,885.0,445.0,202.0,833.0,907.0,322.0,1070.0,571.0,757.0,432.0,360.0,337.0,843.0,517.0,858.0,273.0,235.0,434.0,746.0,329.0,394.0,653.0,332.0,821.0,568.0,00000000000000000457,57.795308621614,C0409C05
582.0,1068.0,1167.0,449.0,601.0,863.0,791.0,590.0,493.0,1049.0,1105.0,707.0,643.0,972.0,598.0,1185.0,912.0,759.0,809.0,573.0,1090.0,513.0,622.0,854.0,859.0,563.0,621.0,460.0,1323.0,706.0,489.0,1236.0,875.0,537.0,467.0,633.0,1108.0,612.0,396.0,1096.0,1089.0,511.0,1215.0,779.0,955.0,591.0,558.0,569.0,1055.0,730.0,1058.0,423.0,406.0,572.0,1029.0,510.0,563.0,917.0,496.0,1086.0,764.0,00000000000000000458,76.8772024647006,C0409C09
413.0,959.0,1015.0,351.0,420.0,689.0,649.0,432.0,384.0,922.0,916.0,543.0,497.0,816.0,435.0,1064.0,733.0,599.0,640.0,430.0,953.0,377.0,450.0,692.0,701.0,411.0,480.0,353.0,1161.0,532.0,348.0,1065.0,712.0,405.0,357.0,470.0,936.0,461.0,247.0,918.0,961.0,372.0,1058.0,592.0,817.0,438.0,410.0,419.0,897.0,567.0,902.0,306.0,267.0,442.0,852.0,372.0,423.0,730.0,366.0,926.0,604.0,00000000000000000459,93.8876122518124,C0409F01
573.0,1057.0,1145.0,451.0,594.0,874.0,779.0,584.0,484.0,1042.0,1130.0,703.0,654.0,947.0,599.0,1188.0,872.0,756.0,828.0,557.0,1112.0,516.0,626.0,858.0,822.0,561.0,635.0,462.0,1326.0,707.0,495.0,1220.0,868.0,549.0,462.0,644.0,1113.0,613.0,396.0,1086.0,1089.0,517.0,1200.0,785.0,937.0,592.0,560.0,571.0,1074.0,715.0,1042.0,414.0,417.0,593.0,995.0,502.0,560.0,915.0,508.0,1086.0,787.0,0000000000000000045a,113.709670304959,C0409F02
541.0,985.0,1074.0,421.0,556.0,814.0,727.0,544.0,453.0,971.0,1056.0,665.0,608.0,885.0,559.0,1112.0,820.0,707.0,769.0,526.0,1037.0,484.0,583.0,804.0,772.0,530.0,584.0,431.0,1245.0,659.0,467.0,1141.0,818.0,510.0,435.0,594.0,1042.0,570.0,371.0,1018.0,1016.0,489.0,1125.0,732.0,881.0,554.0,525.0,535.0,1002.0,670.0,974.0,391.0,388.0,549.0,936.0,474.0,530.0,858.0,473.0,1021.0,730.0,0000000000000000045c,120.12606513551,C0409F07
480.0,973.0,1064.0,375.0,492.0,748.0,695.0,486.0,428.0,934.0,988.0,598.0,537.0,870.0,496.0,1082.0,819.0,655.0,690.0,480.0,991.0,430.0,518.0,754.0,761.0,470.0,512.0,386.0,1200.0,598.0,403.0,1135.0,770.0,446.0,387.0,527.0,1008.0,507.0,309.0,984.0,985.0,415.0,1113.0,665.0,872.0,496.0,484.0,496.0,946.0,634.0,944.0,342.0,313.0,466.0,923.0,419.0,465.0,822.0,402.0,977.0,642.0,0000000000000000045d,48.0736206644592,C0409F10
473.0,1052.0,1081.0,381.0,488.0,779.0,732.0,501.0,414.0,1025.0,1017.0,596.0,557.0,896.0,477.0,1158.0,799.0,664.0,730.0,485.0,1056.0,419.0,518.0,759.0,769.0,465.0,551.0,392.0,1244.0,613.0,391.0,1161.0,772.0,457.0,401.0,531.0,1032.0,528.0,298.0,998.0,1056.0,420.0,1161.0,681.0,909.0,500.0,444.0,454.0,1000.0,624.0,1000.0,348.0,327.0,518.0,945.0,425.0,466.0,782.0,417.0,1013.0,671.0,0000000000000000045e,72.2549569648316,C0409P01
564.0,1028.0,1129.0,437.0,577.0,840.0,757.0,564.0,474.0,1016.0,1081.0,690.0,625.0,934.0,583.0,1154.0,870.0,734.0,789.0,552.0,1067.0,500.0,602.0,834.0,823.0,549.0,602.0,447.0,1293.0,681.0,482.0,1192.0,849.0,528.0,453.0,613.0,1077.0,591.0,385.0,1063.0,1057.0,501.0,1176.0,754.0,919.0,571.0,540.0,554.0,1031.0,702.0,1021.0,408.0,397.0,560.0,984.0,497.0,549.0,890.0,489.0,1054.0,746.0,0000000000000000045f,83.032634237533,C0409P04
572.0,1057.0,1158.0,449.0,582.0,855.0,772.0,571.0,485.0,1043.0,1100.0,698.0,635.0,961.0,590.0,1186.0,892.0,752.0,804.0,561.0,1092.0,509.0,611.0,854.0,847.0,559.0,617.0,460.0,1326.0,692.0,490.0,1220.0,867.0,537.0,465.0,623.0,1098.0,602.0,386.0,1089.0,1088.0,505.0,1208.0,765.0,941.0,580.0,546.0,564.0,1055.0,719.0,1045.0,415.0,398.0,572.0,1006.0,506.0,557.0,907.0,496.0,1077.0,759.0,00000000000000000460,79.5005497014102,C0409P05
554.0,1079.0,1198.0,433.0,577.0,855.0,789.0,568.0,486.0,1049.0,1108.0,692.0,622.0,980.0,585.0,1207.0,923.0,742.0,788.0,554.0,1102.0,494.0,604.0,857.0,857.0,543.0,601.0,445.0,1344.0,682.0,471.0,1265.0,877.0,522.0,450.0,611.0,1129.0,588.0,367.0,1114.0,1100.0,491.0,1241.0,762.0,973.0,578.0,556.0,570.0,1061.0,719.0,1056.0,400.0,375.0,543.0,1031.0,485.0,542.0,929.0,475.0,1095.0,745.0,00000000000000000461,92.8925373450883,C0409P09
476.0,1035.0,1085.0,385.0,490.0,772.0,719.0,502.0,419.0,1014.0,1014.0,609.0,555.0,893.0,489.0,1151.0,800.0,666.0,722.0,480.0,1043.0,428.0,517.0,767.0,761.0,467.0,549.0,396.0,1245.0,602.0,396.0,1153.0,782.0,460.0,398.0,534.0,1027.0,525.0,297.0,1005.0,1043.0,428.0,1153.0,672.0,898.0,497.0,460.0,467.0,991.0,625.0,993.0,348.0,320.0,507.0,934.0,422.0,474.0,796.0,419.0,1015.0,674.0,00000000000000000462,72.4009142134295,C0409P96
470.0,1055.0,1084.0,383.0,485.0,776.0,731.0,501.0,415.0,1022.0,1015.0,596.0,557.0,898.0,477.0,1160.0,803.0,663.0,728.0,482.0,1056.0,416.0,514.0,757.0,772.0,465.0,549.0,394.0,1245.0,611.0,391.0,1160.0,773.0,455.0,400.0,535.0,1035.0,528.0,296.0,997.0,1056.0,418.0,1160.0,679.0,913.0,499.0,445.0,454.0,1000.0,624.0,1000.0,348.0,323.0,516.0,948.0,424.0,466.0,783.0,415.0,1017.0,668.0,00000000000000000463,51.0761409112386,C0409R01
485.0,988.0,1098.0,377.0,497.0,760.0,699.0,497.0,440.0,936.0,950.0,598.0,516.0,900.0,505.0,1065.0,840.0,650.0,668.0,485.0,968.0,441.0,507.0,734.0,765.0,484.0,476.0,377.0,1139.0,587.0,420.0,1167.0,764.0,447.0,399.0,517.0,1022.0,507.0,314.0,985.0,957.0,431.0,1135.0,659.0,867.0,487.0,505.0,524.0,908.0,649.0,958.0,347.0,313.0,446.0,937.0,424.0,482.0,868.0,399.0,928.0,616.0,00000000000000000464,64.224741994741,C0409R02
357.0,848.0,872.0,280.0,370.0,608.0,588.0,401.0,312.0,789.0,770.0,477.0,437.0,686.0,354.0,888.0,560.0,509.0,588.0,367.0,867.0,312.0,401.0,590.0,510.0,347.0,433.0,272.0,918.0,439.0,302.0,929.0,621.0,335.0,302.0,396.0,780.0,407.0,198.0,759.0,799.0,324.0,949.0,509.0,651.0,401.0,344.0,322.0,740.0,488.0,756.0,269.0,227.0,396.0,665.0,308.0,379.0,601.0,305.0,711.0,539.0,00000000000000000465,36.548502587903,C0409R04
385.0,898.0,935.0,300.0,397.0,646.0,624.0,431.0,336.0,835.0,813.0,515.0,466.0,734.0,382.0,936.0,596.0,543.0,626.0,396.0,915.0,334.0,431.0,630.0,540.0,373.0,467.0,293.0,967.0,464.0,326.0,986.0,664.0,364.0,328.0,421.0,825.0,433.0,213.0,811.0,843.0,349.0,1010.0,541.0,686.0,433.0,369.0,346.0,781.0,521.0,805.0,290.0,246.0,422.0,703.0,331.0,411.0,642.0,333.0,750.0,573.0,00000000000000000466,52.7752295924766,C0409R10
416.0,940.0,987.0,331.0,435.0,705.0,643.0,450.0,367.0,922.0,945.0,539.0,500.0,803.0,430.0,1048.0,693.0,586.0,664.0,418.0,963.0,377.0,469.0,689.0,652.0,408.0,492.0,345.0,1124.0,533.0,342.0,1059.0,704.0,400.0,348.0,470.0,942.0,470.0,251.0,908.0,935.0,373.0,1064.0,604.0,803.0,450.0,408.0,408.0,920.0,551.0,892.0,299.0,281.0,455.0,824.0,359.0,419.0,717.0,363.0,917.0,614.0,00000000000000000467,191.343193131848,C0409W02
287.0,788.0,865.0,233.0,266.0,529.0,517.0,317.0,274.0,690.0,675.0,430.0,358.0,619.0,269.0,786.0,428.0,431.0,506.0,300.0,777.0,260.0,317.0,524.0,360.0,257.0,360.0,233.0,808.0,337.0,241.0,863.0,577.0,270.0,267.0,289.0,693.0,323.0,101.0,701.0,696.0,252.0,900.0,416.0,560.0,330.0,301.0,273.0,638.0,405.0,666.0,193.0,149.0,312.0,530.0,222.0,340.0,537.0,245.0,615.0,450.0,00000000000000000468,1530.75245538609,C0409W05
388.0,901.0,933.0,302.0,401.0,653.0,631.0,435.0,335.0,841.0,821.0,516.0,471.0,735.0,386.0,944.0,602.0,546.0,631.0,398.0,922.0,335.0,435.0,633.0,549.0,377.0,469.0,292.0,975.0,472.0,328.0,991.0,666.0,365.0,328.0,428.0,831.0,439.0,217.0,812.0,850.0,351.0,1012.0,547.0,695.0,435.0,369.0,347.0,789.0,524.0,808.0,292.0,249.0,428.0,711.0,334.0,410.0,645.0,333.0,758.0,580.0,00000000000000000469,121.060829926264,C0409X01
361.0,852.0,897.0,282.0,370.0,610.0,587.0,403.0,318.0,793.0,767.0,490.0,437.0,699.0,357.0,887.0,561.0,513.0,590.0,372.0,867.0,316.0,403.0,597.0,505.0,349.0,438.0,281.0,916.0,433.0,306.0,938.0,632.0,342.0,308.0,392.0,780.0,405.0,196.0,773.0,796.0,326.0,962.0,511.0,644.0,405.0,350.0,327.0,736.0,491.0,766.0,271.0,227.0,394.0,662.0,309.0,388.0,610.0,312.0,707.0,539.0,0000000000000000046a,107.568617154473,C0409X04
439.0,1005.0,1041.0,363.0,448.0,730.0,690.0,466.0,396.0,969.0,959.0,565.0,522.0,856.0,453.0,1112.0,767.0,630.0,683.0,451.0,1003.0,393.0,477.0,723.0,734.0,435.0,511.0,372.0,1196.0,570.0,368.0,1107.0,742.0,429.0,376.0,502.0,984.0,492.0,271.0,951.0,1006.0,392.0,1105.0,634.0,867.0,464.0,425.0,432.0,946.0,594.0,950.0,328.0,295.0,477.0,900.0,398.0,440.0,753.0,390.0,972.0,630.0,0000000000000000046b,282.148454630057,C0410R51
326.0,928.0,890.0,270.0,331.0,612.0,593.0,359.0,303.0,845.0,835.0,438.0,423.0,731.0,326.0,985.0,610.0,511.0,588.0,341.0,905.0,284.0,359.0,592.0,578.0,319.0,396.0,274.0,1031.0,459.0,266.0,972.0,616.0,318.0,290.0,387.0,869.0,397.0,175.0,802.0,895.0,283.0,988.0,526.0,768.0,359.0,313.0,303.0,828.0,482.0,814.0,241.0,209.0,387.0,747.0,291.0,341.0,616.0,289.0,838.0,513.0,0000000000000000046c,125.803077664193,C0410W01
568.0,1102.0,1218.0,451.0,578.0,867.0,790.0,566.0,494.0,1086.0,1119.0,711.0,631.0,998.0,593.0,1233.0,929.0,764.0,807.0,559.0,1124.0,513.0,612.0,881.0,869.0,548.0,621.0,464.0,1377.0,685.0,485.0,1280.0,896.0,534.0,461.0,612.0,1144.0,596.0,367.0,1127.0,1124.0,499.0,1267.0,766.0,974.0,588.0,558.0,580.0,1082.0,731.0,1077.0,412.0,379.0,560.0,1044.0,498.0,558.0,944.0,489.0,1109.0,766.0,0000000000000000046e,120.500622971159,C0410W03
307.0,745.0,773.0,240.0,318.0,544.0,505.0,335.0,272.0,718.0,749.0,411.0,378.0,619.0,309.0,838.0,519.0,448.0,511.0,308.0,775.0,279.0,353.0,533.0,475.0,298.0,370.0,245.0,890.0,402.0,256.0,838.0,545.0,288.0,248.0,351.0,746.0,353.0,171.0,696.0,740.0,274.0,851.0,458.0,626.0,337.0,306.0,303.0,722.0,422.0,698.0,214.0,194.0,344.0,629.0,257.0,310.0,556.0,262.0,709.0,469.0,0000000000000000046f,178.783617723803,C0410W05
584.0,1107.0,1220.0,460.0,594.0,883.0,802.0,582.0,498.0,1094.0,1131.0,722.0,647.0,1006.0,608.0,1239.0,936.0,777.0,826.0,574.0,1134.0,521.0,627.0,890.0,882.0,566.0,637.0,472.0,1383.0,704.0,498.0,1281.0,903.0,551.0,474.0,629.0,1145.0,613.0,385.0,1135.0,1134.0,511.0,1269.0,783.0,979.0,600.0,560.0,583.0,1092.0,744.0,1088.0,423.0,397.0,579.0,1051.0,515.0,569.0,948.0,506.0,1116.0,779.0,00000000000000000470,173.843014321747,C0410W06
318.0,974.0,874.0,258.0,313.0,630.0,633.0,353.0,299.0,860.0,862.0,423.0,426.0,716.0,292.0,968.0,578.0,490.0,621.0,329.0,958.0,278.0,349.0,562.0,531.0,301.0,382.0,258.0,979.0,482.0,262.0,986.0,600.0,295.0,282.0,376.0,882.0,403.0,163.0,758.0,895.0,272.0,1015.0,549.0,777.0,363.0,309.0,278.0,837.0,471.0,839.0,240.0,200.0,394.0,729.0,278.0,334.0,571.0,273.0,811.0,496.0,00000000000000000472,182.901499675325,C0411C01
372.0,1156.0,984.0,288.0,357.0,741.0,752.0,405.0,328.0,1009.0,1012.0,472.0,497.0,825.0,319.0,1108.0,690.0,565.0,739.0,389.0,1135.0,299.0,396.0,631.0,633.0,343.0,436.0,288.0,1116.0,600.0,304.0,1129.0,677.0,340.0,325.0,433.0,1039.0,470.0,201.0,861.0,1055.0,304.0,1160.0,665.0,938.0,425.0,341.0,308.0,991.0,549.0,986.0,275.0,238.0,470.0,864.0,333.0,373.0,629.0,312.0,955.0,562.0,00000000000000000473,150.221290431931,C0411C02
327.0,991.0,893.0,265.0,323.0,645.0,647.0,365.0,307.0,877.0,880.0,435.0,437.0,732.0,303.0,986.0,592.0,502.0,635.0,339.0,974.0,286.0,361.0,576.0,543.0,310.0,394.0,265.0,998.0,493.0,271.0,1004.0,616.0,306.0,292.0,386.0,901.0,414.0,169.0,775.0,911.0,281.0,1034.0,561.0,792.0,374.0,318.0,286.0,855.0,482.0,856.0,247.0,207.0,405.0,744.0,285.0,345.0,586.0,283.0,828.0,509.0,00000000000000000474,77.4221997429206,C0411C04
462.0,916.0,982.0,374.0,483.0,728.0,654.0,473.0,403.0,906.0,970.0,579.0,535.0,807.0,478.0,1041.0,733.0,632.0,682.0,453.0,966.0,423.0,510.0,724.0,684.0,453.0,520.0,383.0,1150.0,571.0,397.0,1051.0,734.0,437.0,377.0,517.0,960.0,498.0,304.0,918.0,936.0,417.0,1042.0,645.0,807.0,479.0,457.0,463.0,926.0,595.0,901.0,329.0,322.0,480.0,845.0,404.0,456.0,765.0,401.0,932.0,654.0,00000000000000000475,242.152373960975,C0411F01
299.0,775.0,799.0,241.0,311.0,548.0,513.0,329.0,280.0,732.0,748.0,408.0,375.0,633.0,305.0,849.0,517.0,449.0,518.0,308.0,780.0,280.0,343.0,534.0,478.0,290.0,370.0,250.0,896.0,393.0,252.0,861.0,553.0,288.0,255.0,340.0,751.0,349.0,160.0,708.0,751.0,273.0,871.0,457.0,634.0,339.0,309.0,299.0,724.0,421.0,708.0,216.0,187.0,340.0,633.0,254.0,315.0,561.0,262.0,715.0,468.0,00000000000000000476,151.261333653017,C0411F03
433.0,848.0,913.0,348.0,443.0,672.0,600.0,436.0,376.0,832.0,894.0,542.0,493.0,747.0,450.0,963.0,682.0,590.0,629.0,424.0,889.0,398.0,469.0,677.0,639.0,424.0,477.0,358.0,1074.0,529.0,374.0,976.0,685.0,408.0,353.0,479.0,889.0,463.0,284.0,856.0,874.0,392.0,966.0,593.0,746.0,443.0,429.0,441.0,854.0,556.0,831.0,311.0,301.0,443.0,784.0,379.0,428.0,714.0,375.0,866.0,603.0,00000000000000000477,163.552437802651,C0411F08
308.0,920.0,853.0,250.0,311.0,610.0,601.0,350.0,287.0,829.0,819.0,420.0,411.0,689.0,290.0,932.0,554.0,475.0,592.0,326.0,905.0,276.0,350.0,553.0,505.0,298.0,379.0,255.0,950.0,459.0,256.0,954.0,588.0,290.0,276.0,363.0,833.0,392.0,160.0,737.0,847.0,266.0,974.0,525.0,725.0,360.0,307.0,285.0,795.0,456.0,801.0,227.0,189.0,382.0,694.0,269.0,327.0,568.0,272.0,775.0,494.0,00000000000000000478,164.998966407138,C0411F11
362.0,909.0,916.0,296.0,373.0,644.0,615.0,399.0,329.0,866.0,861.0,478.0,450.0,751.0,365.0,993.0,636.0,529.0,606.0,372.0,910.0,329.0,409.0,623.0,604.0,353.0,441.0,306.0,1042.0,485.0,300.0,987.0,635.0,353.0,317.0,413.0,877.0,422.0,206.0,829.0,889.0,320.0,1006.0,550.0,771.0,401.0,350.0,350.0,846.0,500.0,838.0,269.0,234.0,413.0,763.0,314.0,372.0,645.0,318.0,846.0,543.0,00000000000000000479,57.7378656575406,C0411F95
287.0,925.0,807.0,230.0,276.0,584.0,588.0,317.0,267.0,805.0,809.0,381.0,392.0,660.0,256.0,908.0,533.0,451.0,575.0,297.0,909.0,247.0,310.0,511.0,489.0,271.0,343.0,230.0,916.0,448.0,233.0,924.0,546.0,263.0,253.0,340.0,828.0,367.0,142.0,699.0,845.0,242.0,955.0,512.0,734.0,326.0,276.0,248.0,789.0,434.0,788.0,214.0,175.0,360.0,680.0,254.0,297.0,518.0,241.0,763.0,451.0,0000000000000000047a,152.075025022668,C0411P01
364.0,1116.0,977.0,283.0,351.0,723.0,736.0,402.0,325.0,976.0,970.0,470.0,486.0,805.0,318.0,1077.0,669.0,560.0,713.0,383.0,1089.0,304.0,391.0,629.0,611.0,343.0,433.0,283.0,1084.0,572.0,300.0,1100.0,669.0,338.0,320.0,419.0,991.0,457.0,192.0,842.0,1014.0,300.0,1139.0,637.0,889.0,422.0,335.0,304.0,943.0,541.0,957.0,269.0,230.0,457.0,833.0,325.0,365.0,627.0,309.0,905.0,553.0,0000000000000000047b,70.4587788822544,C0411P03
342.0,1126.0,948.0,276.0,328.0,698.0,701.0,376.0,306.0,963.0,985.0,436.0,467.0,780.0,284.0,1064.0,643.0,522.0,698.0,357.0,1100.0,276.0,362.0,599.0,590.0,313.0,412.0,276.0,1088.0,566.0,266.0,1088.0,641.0,319.0,312.0,402.0,1017.0,439.0,174.0,824.0,1019.0,281.0,1122.0,629.0,910.0,396.0,323.0,280.0,966.0,509.0,945.0,246.0,220.0,439.0,814.0,310.0,351.0,601.0,285.0,947.0,532.0,0000000000000000047c,131.325916891568,C0411P04
324.0,990.0,893.0,264.0,322.0,644.0,645.0,364.0,307.0,876.0,878.0,434.0,435.0,733.0,300.0,985.0,591.0,500.0,635.0,338.0,972.0,286.0,358.0,575.0,543.0,309.0,394.0,264.0,999.0,493.0,270.0,1003.0,614.0,306.0,292.0,385.0,901.0,413.0,167.0,776.0,911.0,281.0,1033.0,561.0,793.0,374.0,317.0,286.0,855.0,480.0,853.0,245.0,205.0,404.0,743.0,283.0,344.0,585.0,281.0,831.0,508.0,0000000000000000047d,218.749898158578,C0411P06
336.0,912.0,882.0,273.0,342.0,634.0,610.0,382.0,314.0,868.0,847.0,450.0,437.0,739.0,341.0,980.0,607.0,512.0,608.0,347.0,911.0,303.0,381.0,597.0,576.0,327.0,411.0,274.0,1006.0,478.0,276.0,979.0,610.0,323.0,297.0,400.0,865.0,410.0,184.0,795.0,880.0,296.0,997.0,543.0,761.0,382.0,326.0,313.0,836.0,484.0,833.0,254.0,213.0,402.0,749.0,290.0,349.0,618.0,295.0,818.0,522.0,0000000000000000047e,61.2544782902767,C0411R02
367.0,1065.0,983.0,297.0,363.0,704.0,706.0,408.0,344.0,945.0,947.0,489.0,482.0,796.0,341.0,1062.0,641.0,550.0,693.0,378.0,1046.0,322.0,408.0,636.0,587.0,345.0,443.0,296.0,1073.0,533.0,307.0,1087.0,680.0,341.0,330.0,423.0,966.0,455.0,187.0,849.0,977.0,318.0,1119.0,608.0,843.0,420.0,358.0,323.0,915.0,530.0,923.0,281.0,231.0,445.0,796.0,314.0,392.0,647.0,319.0,883.0,565.0,0000000000000000047f,67.7157471709453,C0411R03
346.0,1081.0,934.0,274.0,330.0,687.0,679.0,378.0,315.0,944.0,948.0,444.0,456.0,775.0,295.0,1047.0,642.0,523.0,680.0,356.0,1046.0,284.0,368.0,607.0,596.0,327.0,407.0,283.0,1074.0,542.0,271.0,1065.0,637.0,329.0,317.0,402.0,984.0,430.0,181.0,829.0,988.0,289.0,1086.0,606.0,880.0,388.0,326.0,295.0,937.0,513.0,916.0,251.0,219.0,436.0,797.0,308.0,356.0,617.0,293.0,926.0,531.0,00000000000000000480,182.497470643081,C0411R05
326.0,1000.0,934.0,277.0,329.0,622.0,596.0,341.0,304.0,886.0,856.0,438.0,421.0,758.0,321.0,1040.0,645.0,518.0,588.0,344.0,961.0,285.0,348.0,595.0,623.0,326.0,384.0,277.0,1108.0,470.0,256.0,1018.0,624.0,313.0,291.0,394.0,902.0,396.0,177.0,834.0,960.0,273.0,1034.0,534.0,799.0,350.0,314.0,306.0,855.0,490.0,849.0,238.0,202.0,385.0,796.0,297.0,326.0,623.0,279.0,884.0,511.0,00000000000000000481,161.677684723968,C0411R06
338.0,847.0,858.0,268.0,349.0,603.0,569.0,367.0,306.0,807.0,814.0,448.0,419.0,698.0,342.0,924.0,587.0,496.0,567.0,346.0,849.0,307.0,377.0,581.0,549.0,329.0,413.0,278.0,972.0,449.0,278.0,931.0,598.0,324.0,288.0,385.0,822.0,392.0,191.0,775.0,821.0,303.0,944.0,513.0,708.0,376.0,331.0,327.0,792.0,467.0,780.0,247.0,218.0,383.0,707.0,292.0,348.0,608.0,297.0,787.0,509.0,00000000000000000482,79.4996634371479,C0411R08
376.0,1180.0,999.0,296.0,361.0,741.0,734.0,412.0,339.0,1021.0,1032.0,473.0,504.0,836.0,320.0,1123.0,692.0,561.0,740.0,385.0,1142.0,307.0,402.0,647.0,643.0,348.0,444.0,307.0,1150.0,600.0,292.0,1144.0,688.0,358.0,342.0,437.0,1070.0,475.0,198.0,883.0,1074.0,311.0,1174.0,665.0,961.0,432.0,350.0,308.0,1020.0,551.0,994.0,272.0,247.0,475.0,861.0,337.0,382.0,649.0,319.0,1001.0,571.0,00000000000000000483,154.848704359625,C0411R10
362.0,1201.0,998.0,281.0,337.0,703.0,686.0,376.0,311.0,997.0,1030.0,461.0,484.0,815.0,281.0,1114.0,676.0,546.0,712.0,376.0,1147.0,271.0,366.0,627.0,631.0,332.0,420.0,293.0,1164.0,571.0,254.0,1137.0,675.0,339.0,324.0,417.0,1069.0,445.0,180.0,884.0,1085.0,274.0,1154.0,642.0,958.0,405.0,331.0,283.0,1020.0,529.0,970.0,244.0,227.0,455.0,846.0,332.0,351.0,635.0,296.0,1022.0,552.0,00000000000000000484,164.174983309141,C0411R11
336.0,836.0,872.0,265.0,349.0,598.0,561.0,370.0,302.0,794.0,810.0,462.0,414.0,686.0,349.0,921.0,556.0,492.0,565.0,341.0,854.0,308.0,391.0,591.0,506.0,326.0,412.0,270.0,978.0,433.0,283.0,937.0,609.0,324.0,277.0,380.0,814.0,384.0,180.0,772.0,807.0,305.0,952.0,498.0,680.0,375.0,341.0,330.0,782.0,463.0,762.0,239.0,213.0,374.0,674.0,280.0,354.0,615.0,295.0,763.0,519.0,00000000000000000485,70.9394857254262,C0411R17
382.0,1162.0,1024.0,296.0,367.0,753.0,769.0,422.0,341.0,1017.0,1010.0,493.0,507.0,845.0,335.0,1118.0,697.0,585.0,744.0,403.0,1137.0,318.0,410.0,658.0,636.0,356.0,457.0,296.0,1125.0,597.0,312.0,1147.0,704.0,356.0,334.0,437.0,1035.0,477.0,200.0,880.0,1055.0,312.0,1190.0,663.0,927.0,443.0,352.0,318.0,984.0,565.0,997.0,280.0,241.0,477.0,863.0,340.0,384.0,653.0,325.0,944.0,577.0,00000000000000000486,135.121781939572,C0411W02
349.0,1094.0,941.0,275.0,332.0,694.0,686.0,381.0,317.0,953.0,958.0,446.0,461.0,781.0,300.0,1056.0,645.0,526.0,687.0,358.0,1060.0,286.0,371.0,610.0,600.0,328.0,410.0,284.0,1083.0,549.0,275.0,1075.0,643.0,333.0,320.0,405.0,994.0,435.0,183.0,833.0,999.0,292.0,1099.0,613.0,889.0,392.0,327.0,294.0,946.0,516.0,926.0,255.0,223.0,439.0,804.0,310.0,360.0,618.0,297.0,933.0,534.0,00000000000000000487,120.285961749047,C0411X01
370.0,1151.0,984.0,297.0,359.0,727.0,716.0,407.0,338.0,997.0,1008.0,467.0,492.0,820.0,312.0,1105.0,685.0,555.0,721.0,379.0,1110.0,304.0,395.0,642.0,637.0,348.0,438.0,306.0,1136.0,580.0,287.0,1122.0,675.0,351.0,337.0,431.0,1047.0,461.0,196.0,877.0,1051.0,307.0,1142.0,647.0,939.0,419.0,349.0,314.0,998.0,545.0,969.0,267.0,237.0,469.0,845.0,331.0,377.0,651.0,312.0,987.0,565.0,00000000000000000488,135.18947189077,C0411X02
399.0,1222.0,1039.0,313.0,385.0,768.0,753.0,429.0,348.0,1053.0,1068.0,499.0,527.0,867.0,336.0,1165.0,728.0,590.0,765.0,409.0,1173.0,309.0,413.0,681.0,679.0,376.0,463.0,316.0,1202.0,621.0,301.0,1185.0,718.0,379.0,354.0,460.0,1108.0,490.0,216.0,929.0,1116.0,319.0,1205.0,690.0,996.0,444.0,361.0,324.0,1058.0,580.0,1024.0,281.0,260.0,499.0,898.0,360.0,392.0,690.0,338.0,1047.0,598.0,00000000000000000489,64.0049998747036,C0411X03
358.0,1027.0,942.0,292.0,369.0,680.0,662.0,399.0,321.0,930.0,922.0,468.0,467.0,790.0,330.0,1057.0,661.0,552.0,661.0,376.0,1009.0,302.0,390.0,627.0,625.0,349.0,436.0,292.0,1092.0,528.0,283.0,1044.0,653.0,345.0,318.0,430.0,958.0,440.0,203.0,852.0,973.0,300.0,1054.0,598.0,856.0,399.0,339.0,321.0,920.0,524.0,902.0,265.0,230.0,439.0,814.0,321.0,356.0,645.0,310.0,920.0,548.0,0000000000000000048a,107.501838358108,C0412C01
388.0,934.0,1017.0,300.0,388.0,655.0,638.0,430.0,353.0,854.0,832.0,541.0,471.0,763.0,373.0,959.0,570.0,550.0,638.0,401.0,934.0,343.0,430.0,652.0,504.0,365.0,481.0,310.0,988.0,448.0,323.0,1025.0,702.0,364.0,344.0,401.0,852.0,432.0,180.0,853.0,856.0,343.0,1060.0,537.0,692.0,439.0,387.0,358.0,795.0,522.0,819.0,279.0,219.0,419.0,683.0,320.0,428.0,674.0,334.0,766.0,586.0,0000000000000000048b,310.513293293644,C0412C92
343.0,971.0,913.0,282.0,349.0,639.0,620.0,377.0,312.0,880.0,867.0,456.0,441.0,758.0,335.0,1020.0,634.0,529.0,617.0,362.0,945.0,293.0,377.0,606.0,606.0,336.0,413.0,283.0,1065.0,486.0,274.0,1002.0,633.0,328.0,300.0,405.0,904.0,416.0,186.0,826.0,934.0,290.0,1018.0,554.0,805.0,377.0,322.0,312.0,860.0,500.0,846.0,253.0,219.0,405.0,778.0,308.0,346.0,633.0,299.0,870.0,529.0,0000000000000000048c,80.0993911248026,C0412C97
317.0,994.0,888.0,258.0,304.0,635.0,634.0,352.0,301.0,869.0,877.0,428.0,426.0,725.0,288.0,978.0,579.0,492.0,628.0,329.0,974.0,276.0,342.0,566.0,533.0,299.0,382.0,258.0,992.0,485.0,262.0,999.0,606.0,301.0,287.0,374.0,901.0,402.0,156.0,772.0,908.0,272.0,1035.0,557.0,795.0,362.0,312.0,280.0,858.0,475.0,844.0,238.0,195.0,393.0,731.0,278.0,336.0,577.0,272.0,834.0,497.0,0000000000000000048d,115.168846878336,C0412F02
319.0,843.0,825.0,250.0,329.0,589.0,563.0,356.0,286.0,803.0,792.0,420.0,407.0,689.0,319.0,917.0,576.0,481.0,557.0,327.0,843.0,285.0,357.0,560.0,543.0,310.0,384.0,258.0,944.0,445.0,261.0,910.0,576.0,303.0,277.0,373.0,808.0,382.0,179.0,740.0,817.0,278.0,927.0,504.0,706.0,357.0,303.0,294.0,782.0,455.0,776.0,234.0,204.0,373.0,707.0,276.0,324.0,584.0,278.0,772.0,489.0,0000000000000000048f,179.913942996587,C0412F08
443.0,1036.0,1083.0,373.0,454.0,747.0,711.0,472.0,408.0,996.0,980.0,580.0,534.0,886.0,464.0,1152.0,789.0,640.0,696.0,463.0,1027.0,398.0,485.0,741.0,756.0,442.0,524.0,381.0,1237.0,577.0,374.0,1147.0,757.0,439.0,390.0,511.0,1012.0,501.0,267.0,980.0,1035.0,397.0,1144.0,640.0,893.0,474.0,433.0,444.0,970.0,607.0,975.0,335.0,294.0,487.0,924.0,405.0,452.0,771.0,398.0,1000.0,651.0,00000000000000000490,66.7908093782264,C0412F12
408.0,728.0,800.0,314.0,426.0,624.0,545.0,423.0,349.0,702.0,795.0,512.0,449.0,646.0,434.0,841.0,585.0,511.0,576.0,392.0,787.0,373.0,447.0,601.0,530.0,392.0,445.0,328.0,923.0,477.0,343.0,852.0,601.0,386.0,324.0,445.0,787.0,429.0,280.0,751.0,746.0,365.0,842.0,545.0,653.0,418.0,408.0,408.0,756.0,482.0,711.0,282.0,286.0,402.0,657.0,352.0,400.0,644.0,358.0,753.0,556.0,00000000000000000491,109.074965675511,C0412F97
352.0,989.0,928.0,284.0,361.0,676.0,657.0,402.0,326.0,908.0,899.0,469.0,462.0,771.0,348.0,1017.0,631.0,534.0,657.0,371.0,979.0,315.0,402.0,613.0,585.0,342.0,443.0,294.0,1037.0,513.0,296.0,1032.0,642.0,339.0,317.0,420.0,918.0,434.0,199.0,820.0,930.0,306.0,1051.0,581.0,803.0,403.0,347.0,326.0,880.0,514.0,880.0,264.0,229.0,433.0,781.0,313.0,370.0,632.0,309.0,861.0,549.0,00000000000000000492,50.7820345584701,C0412P01
328.0,949.0,908.0,264.0,320.0,627.0,622.0,365.0,305.0,848.0,843.0,457.0,429.0,716.0,307.0,959.0,559.0,494.0,612.0,343.0,933.0,293.0,365.0,584.0,502.0,309.0,401.0,269.0,975.0,456.0,270.0,994.0,630.0,307.0,295.0,369.0,854.0,401.0,155.0,773.0,868.0,283.0,1023.0,531.0,734.0,376.0,329.0,305.0,812.0,477.0,822.0,241.0,195.0,390.0,693.0,275.0,355.0,599.0,285.0,784.0,519.0,00000000000000000493,94.0020889928796,C0412P02
309.0,972.0,868.0,252.0,299.0,622.0,621.0,344.0,294.0,852.0,858.0,418.0,417.0,710.0,283.0,960.0,568.0,482.0,614.0,322.0,952.0,271.0,334.0,554.0,521.0,293.0,373.0,252.0,973.0,475.0,256.0,979.0,593.0,293.0,279.0,366.0,882.0,393.0,154.0,755.0,890.0,266.0,1013.0,544.0,778.0,354.0,304.0,273.0,840.0,464.0,828.0,231.0,191.0,385.0,719.0,271.0,328.0,565.0,265.0,816.0,486.0,00000000000000000494,275.73362318432,C0412P03
358.0,1042.0,960.0,294.0,368.0,701.0,692.0,410.0,330.0,943.0,931.0,476.0,478.0,788.0,343.0,1052.0,647.0,546.0,682.0,376.0,1024.0,318.0,410.0,628.0,597.0,347.0,442.0,296.0,1071.0,541.0,299.0,1072.0,662.0,343.0,320.0,428.0,949.0,458.0,200.0,839.0,963.0,310.0,1093.0,611.0,838.0,421.0,351.0,328.0,908.0,526.0,914.0,268.0,232.0,448.0,804.0,317.0,375.0,640.0,322.0,887.0,566.0,00000000000000000495,55.9737294941168,C0412P05
344.0,991.0,918.0,281.0,354.0,670.0,657.0,394.0,317.0,902.0,890.0,458.0,457.0,756.0,332.0,1010.0,621.0,524.0,650.0,363.0,977.0,307.0,394.0,602.0,573.0,335.0,427.0,285.0,1030.0,513.0,288.0,1027.0,633.0,328.0,308.0,412.0,907.0,434.0,192.0,805.0,923.0,299.0,1046.0,580.0,798.0,400.0,338.0,317.0,869.0,505.0,874.0,257.0,222.0,427.0,774.0,306.0,361.0,617.0,305.0,850.0,542.0,00000000000000000496,85.2470089107125,C0412P99
307.0,751.0,784.0,241.0,320.0,548.0,508.0,337.0,273.0,724.0,754.0,412.0,381.0,626.0,314.0,844.0,523.0,452.0,515.0,309.0,779.0,280.0,355.0,538.0,480.0,299.0,373.0,246.0,896.0,403.0,256.0,846.0,550.0,292.0,249.0,353.0,752.0,355.0,172.0,705.0,745.0,274.0,860.0,461.0,630.0,340.0,308.0,304.0,727.0,425.0,704.0,214.0,196.0,347.0,633.0,258.0,311.0,563.0,266.0,715.0,474.0,00000000000000000497,124.448699461009,C0412R02
361.0,910.0,908.0,289.0,370.0,643.0,615.0,395.0,326.0,865.0,858.0,474.0,447.0,750.0,362.0,989.0,634.0,528.0,607.0,370.0,910.0,323.0,402.0,616.0,600.0,351.0,436.0,299.0,1033.0,486.0,295.0,984.0,632.0,349.0,311.0,411.0,874.0,420.0,206.0,822.0,885.0,315.0,1002.0,551.0,767.0,398.0,344.0,342.0,841.0,499.0,837.0,265.0,235.0,411.0,764.0,314.0,366.0,641.0,316.0,840.0,539.0,00000000000000000498,81.7970715754779,C0412R03
349.0,1092.0,939.0,279.0,339.0,693.0,682.0,385.0,318.0,949.0,959.0,450.0,465.0,783.0,303.0,1061.0,650.0,531.0,688.0,362.0,1050.0,287.0,374.0,613.0,608.0,334.0,414.0,285.0,1088.0,551.0,276.0,1074.0,647.0,334.0,321.0,411.0,994.0,436.0,188.0,841.0,999.0,295.0,1092.0,616.0,890.0,395.0,328.0,298.0,947.0,521.0,920.0,256.0,225.0,441.0,807.0,315.0,360.0,626.0,300.0,938.0,541.0,00000000000000000499,127.137835586943,C0412R04
305.0,903.0,841.0,248.0,310.0,602.0,590.0,347.0,285.0,818.0,810.0,415.0,406.0,682.0,294.0,922.0,551.0,472.0,582.0,323.0,892.0,275.0,347.0,548.0,505.0,296.0,377.0,254.0,942.0,452.0,256.0,942.0,581.0,292.0,275.0,363.0,824.0,386.0,163.0,731.0,838.0,266.0,960.0,516.0,716.0,354.0,305.0,285.0,787.0,453.0,791.0,226.0,191.0,377.0,692.0,269.0,326.0,564.0,271.0,769.0,488.0,0000000000000000049a,316.49295572243,C0412R08
487.0,1037.0,1105.0,397.0,506.0,784.0,724.0,514.0,432.0,1021.0,1029.0,626.0,567.0,905.0,508.0,1163.0,811.0,680.0,732.0,488.0,1053.0,445.0,534.0,787.0,769.0,478.0,563.0,408.0,1267.0,608.0,410.0,1168.0,801.0,473.0,407.0,546.0,1037.0,535.0,305.0,1025.0,1050.0,441.0,1167.0,680.0,902.0,510.0,480.0,488.0,1002.0,638.0,1001.0,356.0,326.0,515.0,941.0,428.0,489.0,821.0,430.0,1025.0,692.0,0000000000000000049b,104.153042401295,C0412R13
330.0,832.0,832.0,262.0,342.0,590.0,558.0,359.0,297.0,795.0,798.0,434.0,411.0,682.0,332.0,906.0,579.0,485.0,556.0,338.0,836.0,299.0,368.0,565.0,544.0,323.0,401.0,272.0,953.0,445.0,272.0,910.0,581.0,314.0,281.0,379.0,806.0,386.0,190.0,755.0,809.0,293.0,923.0,505.0,698.0,366.0,320.0,318.0,777.0,457.0,769.0,242.0,215.0,377.0,701.0,288.0,336.0,590.0,289.0,774.0,497.0,0000000000000000049c,41.02637258795,C0412R14
357.0,1023.0,956.0,293.0,366.0,692.0,680.0,409.0,333.0,938.0,928.0,482.0,469.0,800.0,349.0,1050.0,646.0,548.0,672.0,378.0,1009.0,314.0,400.0,631.0,604.0,347.0,443.0,299.0,1063.0,531.0,300.0,1060.0,662.0,346.0,326.0,423.0,954.0,444.0,198.0,848.0,954.0,315.0,1082.0,601.0,836.0,410.0,355.0,325.0,912.0,524.0,905.0,270.0,232.0,443.0,800.0,316.0,382.0,655.0,317.0,892.0,563.0,0000000000000000049d,46.8717427446984,C0412R22
283.0,780.0,745.0,225.0,292.0,526.0,506.0,315.0,253.0,714.0,719.0,378.0,362.0,601.0,282.0,826.0,491.0,424.0,506.0,291.0,776.0,253.0,319.0,499.0,458.0,275.0,342.0,228.0,863.0,394.0,236.0,832.0,516.0,267.0,236.0,328.0,728.0,336.0,150.0,660.0,746.0,247.0,844.0,449.0,626.0,317.0,279.0,264.0,694.0,405.0,690.0,206.0,181.0,328.0,620.0,243.0,296.0,516.0,244.0,680.0,440.0,0000000000000000049e,106.008913228014,C0412R23
353.0,1153.0,960.0,281.0,337.0,713.0,711.0,382.0,311.0,984.0,1009.0,446.0,480.0,794.0,289.0,1087.0,662.0,531.0,713.0,366.0,1129.0,281.0,367.0,612.0,609.0,325.0,422.0,281.0,1114.0,586.0,268.0,1109.0,653.0,328.0,318.0,415.0,1042.0,452.0,181.0,841.0,1044.0,286.0,1141.0,646.0,935.0,404.0,330.0,282.0,991.0,520.0,966.0,248.0,227.0,452.0,836.0,324.0,354.0,612.0,292.0,976.0,544.0,0000000000000000049f,145.183820119506,C0412R27
401.0,1330.0,1090.0,298.0,373.0,773.0,754.0,410.0,329.0,1116.0,1144.0,502.0,540.0,896.0,292.0,1223.0,762.0,592.0,782.0,418.0,1286.0,284.0,396.0,689.0,695.0,370.0,469.0,319.0,1290.0,650.0,276.0,1262.0,743.0,366.0,364.0,466.0,1184.0,500.0,196.0,973.0,1200.0,300.0,1269.0,715.0,1066.0,448.0,350.0,298.0,1137.0,582.0,1090.0,260.0,246.0,510.0,946.0,374.0,381.0,695.0,326.0,1133.0,610.0,000000000000000004a0,102.118225139062,C0412R39
317.0,783.0,825.0,254.0,331.0,568.0,528.0,350.0,291.0,749.0,778.0,428.0,390.0,653.0,326.0,873.0,540.0,467.0,536.0,322.0,805.0,295.0,369.0,556.0,496.0,308.0,389.0,261.0,926.0,411.0,268.0,880.0,572.0,305.0,264.0,358.0,777.0,363.0,175.0,735.0,771.0,288.0,893.0,475.0,651.0,355.0,325.0,319.0,749.0,438.0,729.0,225.0,201.0,354.0,652.0,267.0,328.0,585.0,279.0,739.0,489.0,000000000000000004a1,97.471112267906,C0412R41
348.0,1058.0,968.0,288.0,352.0,664.0,644.0,373.0,322.0,930.0,909.0,463.0,453.0,795.0,334.0,1080.0,674.0,548.0,641.0,375.0,1010.0,292.0,380.0,627.0,648.0,348.0,416.0,294.0,1134.0,511.0,277.0,1062.0,657.0,338.0,318.0,417.0,957.0,433.0,196.0,870.0,998.0,293.0,1073.0,577.0,859.0,386.0,326.0,317.0,909.0,518.0,892.0,263.0,223.0,416.0,827.0,319.0,356.0,657.0,296.0,927.0,538.0,000000000000000004a2,69.5169186964648,C0412R44
322.0,1039.0,895.0,257.0,307.0,652.0,652.0,355.0,298.0,902.0,909.0,419.0,435.0,739.0,283.0,1003.0,600.0,492.0,647.0,332.0,1009.0,267.0,345.0,567.0,552.0,303.0,389.0,263.0,1022.0,516.0,262.0,1022.0,610.0,303.0,298.0,378.0,938.0,411.0,162.0,779.0,944.0,272.0,1058.0,574.0,835.0,370.0,308.0,277.0,891.0,482.0,879.0,242.0,200.0,408.0,758.0,285.0,338.0,577.0,274.0,873.0,502.0,000000000000000004a3,250.981396553878,C0412W02
302.0,937.0,841.0,251.0,307.0,614.0,608.0,344.0,285.0,839.0,835.0,408.0,411.0,698.0,285.0,942.0,568.0,476.0,600.0,320.0,918.0,270.0,334.0,548.0,524.0,293.0,371.0,251.0,959.0,473.0,255.0,950.0,580.0,289.0,274.0,367.0,858.0,392.0,163.0,739.0,865.0,264.0,975.0,535.0,759.0,352.0,300.0,275.0,818.0,458.0,812.0,226.0,193.0,384.0,715.0,267.0,322.0,563.0,267.0,800.0,485.0,000000000000000004a4,235.263808563592,C0412W04
363.0,917.0,918.0,292.0,374.0,648.0,620.0,400.0,329.0,870.0,864.0,479.0,452.0,756.0,366.0,999.0,637.0,531.0,612.0,373.0,917.0,325.0,407.0,623.0,602.0,353.0,442.0,302.0,1042.0,488.0,297.0,992.0,638.0,353.0,314.0,415.0,882.0,424.0,206.0,829.0,892.0,317.0,1011.0,554.0,772.0,403.0,348.0,344.0,849.0,502.0,842.0,266.0,236.0,415.0,767.0,315.0,369.0,648.0,319.0,848.0,547.0,000000000000000004a5,165.837441800861,C0412W08
323.0,841.0,845.0,255.0,335.0,589.0,561.0,355.0,297.0,796.0,800.0,438.0,406.0,685.0,329.0,907.0,556.0,481.0,561.0,333.0,841.0,296.0,366.0,570.0,516.0,313.0,394.0,265.0,956.0,429.0,272.0,924.0,589.0,311.0,273.0,369.0,802.0,378.0,172.0,754.0,810.0,284.0,935.0,494.0,687.0,365.0,327.0,317.0,772.0,451.0,767.0,231.0,209.0,369.0,688.0,275.0,344.0,598.0,283.0,762.0,499.0,000000000000000004a6,48.0472075207041,C0412W09
369.0,1136.0,982.0,294.0,355.0,724.0,714.0,404.0,336.0,991.0,997.0,471.0,486.0,817.0,314.0,1099.0,681.0,556.0,717.0,380.0,1095.0,302.0,393.0,644.0,634.0,351.0,434.0,302.0,1128.0,574.0,288.0,1118.0,676.0,351.0,338.0,429.0,1035.0,456.0,196.0,877.0,1039.0,309.0,1137.0,641.0,927.0,414.0,346.0,314.0,986.0,546.0,962.0,268.0,235.0,465.0,840.0,331.0,379.0,655.0,313.0,976.0,564.0,000000000000000004a7,187.701714388853,C0412X01
361.0,1016.0,951.0,292.0,371.0,694.0,677.0,413.0,333.0,934.0,921.0,480.0,476.0,791.0,356.0,1042.0,648.0,548.0,675.0,381.0,1004.0,322.0,412.0,628.0,602.0,351.0,453.0,300.0,1061.0,530.0,305.0,1059.0,659.0,348.0,327.0,431.0,941.0,448.0,205.0,841.0,953.0,316.0,1079.0,598.0,825.0,415.0,355.0,333.0,902.0,528.0,904.0,272.0,236.0,446.0,802.0,321.0,381.0,648.0,319.0,882.0,564.0,000000000000000004a8,55.1549715052706,C0412X02
348.0,978.0,918.0,280.0,358.0,669.0,650.0,398.0,322.0,899.0,888.0,464.0,457.0,762.0,345.0,1008.0,624.0,528.0,649.0,367.0,968.0,312.0,398.0,606.0,578.0,338.0,439.0,290.0,1028.0,507.0,293.0,1023.0,635.0,335.0,314.0,417.0,907.0,429.0,196.0,811.0,920.0,304.0,1042.0,573.0,793.0,398.0,343.0,322.0,869.0,508.0,871.0,262.0,226.0,428.0,773.0,309.0,367.0,626.0,305.0,850.0,544.0,000000000000000004a9,85.4344676875844,C0412X03
345.0,1064.0,950.0,278.0,327.0,681.0,681.0,380.0,323.0,930.0,937.0,461.0,459.0,775.0,311.0,1041.0,622.0,527.0,675.0,355.0,1042.0,295.0,370.0,605.0,573.0,324.0,413.0,278.0,1056.0,525.0,283.0,1067.0,648.0,327.0,313.0,402.0,963.0,433.0,171.0,825.0,971.0,295.0,1107.0,599.0,852.0,392.0,335.0,301.0,917.0,511.0,906.0,261.0,212.0,424.0,782.0,302.0,364.0,615.0,296.0,891.0,534.0,000000000000000004aa,81.636345302512,C0412X04
350.0,992.0,929.0,284.0,360.0,678.0,660.0,401.0,326.0,913.0,901.0,467.0,463.0,772.0,346.0,1019.0,631.0,534.0,658.0,370.0,982.0,315.0,400.0,613.0,587.0,341.0,440.0,294.0,1038.0,516.0,296.0,1036.0,643.0,337.0,317.0,419.0,920.0,435.0,199.0,821.0,932.0,306.0,1055.0,583.0,806.0,402.0,347.0,326.0,882.0,514.0,884.0,264.0,228.0,434.0,784.0,311.0,370.0,632.0,309.0,863.0,549.0,000000000000000004ab,60.708417033002,C0412X11
390.0,1247.0,1041.0,323.0,336.0,798.0,779.0,335.0,293.0,1364.0,1143.0,426.0,563.0,941.0,266.0,1131.0,737.0,471.0,744.0,363.0,1549.0,276.0,388.0,585.0,558.0,312.0,456.0,333.0,1277.0,741.0,281.0,1373.0,621.0,327.0,354.0,403.0,1089.0,445.0,213.0,906.0,1336.0,318.0,1355.0,724.0,1073.0,456.0,374.0,308.0,1093.0,551.0,1300.0,244.0,278.0,495.0,1008.0,331.0,388.0,566.0,334.0,1048.0,572.0,000000000000000004ac,116.541089828448,C0501C01
392.0,1256.0,1050.0,323.0,338.0,802.0,783.0,337.0,294.0,1367.0,1146.0,429.0,567.0,947.0,266.0,1140.0,741.0,474.0,748.0,365.0,1556.0,276.0,390.0,591.0,559.0,314.0,460.0,333.0,1287.0,742.0,281.0,1380.0,627.0,327.0,356.0,404.0,1095.0,448.0,212.0,910.0,1341.0,318.0,1360.0,729.0,1076.0,460.0,376.0,309.0,1097.0,554.0,1306.0,244.0,276.0,497.0,1013.0,330.0,389.0,571.0,334.0,1052.0,576.0,000000000000000004ad,71.7498510838323,C0501C02
401.0,1284.0,1065.0,329.0,341.0,818.0,798.0,339.0,295.0,1400.0,1175.0,438.0,577.0,964.0,267.0,1166.0,754.0,480.0,763.0,373.0,1594.0,277.0,391.0,601.0,570.0,320.0,465.0,339.0,1320.0,759.0,289.0,1408.0,637.0,328.0,365.0,414.0,1121.0,458.0,215.0,925.0,1375.0,327.0,1389.0,745.0,1105.0,465.0,379.0,312.0,1124.0,565.0,1336.0,251.0,282.0,510.0,1038.0,339.0,401.0,578.0,339.0,1080.0,586.0,000000000000000004ae,34.5808009391693,C0501C03
399.0,1275.0,1057.0,325.0,339.0,815.0,795.0,336.0,291.0,1396.0,1172.0,436.0,574.0,958.0,264.0,1159.0,749.0,478.0,760.0,372.0,1586.0,273.0,388.0,596.0,567.0,319.0,462.0,335.0,1311.0,757.0,284.0,1403.0,632.0,325.0,358.0,412.0,1117.0,455.0,213.0,919.0,1369.0,321.0,1385.0,742.0,1101.0,462.0,374.0,308.0,1120.0,562.0,1331.0,247.0,280.0,507.0,1034.0,339.0,393.0,575.0,336.0,1076.0,583.0,000000000000000004af,88.8927227070382,C0501C04
401.0,1313.0,1080.0,340.0,347.0,833.0,815.0,347.0,301.0,1421.0,1192.0,438.0,582.0,981.0,272.0,1190.0,767.0,486.0,779.0,373.0,1620.0,281.0,394.0,610.0,578.0,318.0,477.0,350.0,1354.0,770.0,291.0,1431.0,647.0,332.0,368.0,419.0,1142.0,464.0,219.0,936.0,1397.0,329.0,1413.0,762.0,1124.0,476.0,390.0,321.0,1142.0,574.0,1360.0,253.0,288.0,518.0,1064.0,338.0,406.0,584.0,349.0,1099.0,591.0,000000000000000004b0,84.0722236337345,C0501C05
736.0,2108.0,1762.0,506.0,600.0,1634.0,1551.0,581.0,384.0,2397.0,2330.0,750.0,1127.0,1717.0,442.0,1996.0,1470.0,1045.0,1574.0,679.0,2676.0,403.0,727.0,1054.0,1425.0,612.0,1077.0,506.0,2214.0,1612.0,474.0,2170.0,1037.0,517.0,595.0,957.0,2130.0,939.0,387.0,1689.0,2498.0,613.0,2308.0,1556.0,2256.0,778.0,497.0,431.0,2204.0,1163.0,2160.0,451.0,531.0,1040.0,1783.0,774.0,599.0,1125.0,572.0,2013.0,1081.0,000000000000000004b1,98.5596289302919,C0501F02
782.0,2179.0,1832.0,549.0,644.0,1715.0,1630.0,632.0,425.0,2463.0,2414.0,795.0,1189.0,1795.0,478.0,2064.0,1535.0,1099.0,1647.0,725.0,2760.0,442.0,775.0,1111.0,1491.0,657.0,1122.0,549.0,2285.0,1693.0,509.0,2237.0,1104.0,556.0,629.0,1018.0,2212.0,999.0,422.0,1759.0,2567.0,645.0,2369.0,1635.0,2339.0,832.0,542.0,471.0,2288.0,1221.0,2219.0,484.0,572.0,1102.0,1842.0,815.0,632.0,1184.0,612.0,2095.0,1145.0,000000000000000004b2,115.642906764801,C0501F03
412.0,1350.0,1099.0,340.0,357.0,856.0,835.0,355.0,300.0,1465.0,1229.0,445.0,601.0,1001.0,275.0,1228.0,793.0,504.0,802.0,383.0,1661.0,282.0,406.0,624.0,604.0,328.0,488.0,350.0,1393.0,797.0,296.0,1467.0,659.0,335.0,371.0,434.0,1178.0,479.0,224.0,957.0,1444.0,333.0,1449.0,784.0,1165.0,488.0,388.0,319.0,1180.0,590.0,1398.0,256.0,293.0,535.0,1102.0,351.0,408.0,598.0,351.0,1136.0,607.0,000000000000000004b3,28.4315624529613,C0501F05
732.0,2121.0,1760.0,503.0,595.0,1627.0,1544.0,577.0,386.0,2409.0,2316.0,751.0,1121.0,1723.0,430.0,2008.0,1454.0,1025.0,1552.0,674.0,2705.0,396.0,718.0,1047.0,1380.0,606.0,1086.0,503.0,2234.0,1601.0,472.0,2190.0,1047.0,511.0,586.0,934.0,2129.0,925.0,375.0,1686.0,2507.0,595.0,2306.0,1534.0,2241.0,775.0,503.0,425.0,2203.0,1139.0,2171.0,434.0,520.0,1028.0,1786.0,749.0,596.0,1111.0,558.0,2035.0,1084.0,000000000000000004b4,120.204492459717,C0501F06
686.0,2099.0,1698.0,458.0,543.0,1537.0,1460.0,532.0,343.0,2393.0,2250.0,704.0,1065.0,1657.0,387.0,1984.0,1388.0,967.0,1471.0,628.0,2691.0,353.0,667.0,993.0,1315.0,558.0,1022.0,458.0,2214.0,1519.0,432.0,2164.0,985.0,470.0,548.0,878.0,2059.0,876.0,332.0,1624.0,2494.0,559.0,2289.0,1453.0,2175.0,724.0,456.0,382.0,2134.0,1082.0,2148.0,394.0,481.0,970.0,1756.0,706.0,557.0,1052.0,527.0,1961.0,1025.0,000000000000000004b5,55.0150131267954,C0501P01
409.0,1230.0,1039.0,337.0,353.0,800.0,782.0,363.0,316.0,1277.0,1098.0,459.0,575.0,917.0,285.0,1119.0,729.0,497.0,754.0,389.0,1474.0,299.0,402.0,622.0,545.0,330.0,481.0,347.0,1246.0,722.0,305.0,1314.0,655.0,340.0,365.0,422.0,1063.0,462.0,221.0,889.0,1269.0,333.0,1306.0,722.0,1024.0,481.0,400.0,326.0,1055.0,564.0,1231.0,264.0,284.0,509.0,953.0,350.0,406.0,593.0,349.0,1010.0,595.0,000000000000000004b6,66.4442961047296,C0501P02
704.0,2058.0,1703.0,488.0,561.0,1572.0,1486.0,542.0,360.0,2349.0,2272.0,717.0,1082.0,1656.0,416.0,1935.0,1411.0,1006.0,1513.0,643.0,2618.0,379.0,686.0,1001.0,1392.0,570.0,1074.0,488.0,2162.0,1548.0,454.0,2109.0,976.0,488.0,577.0,922.0,2063.0,892.0,352.0,1627.0,2446.0,605.0,2265.0,1501.0,2196.0,742.0,466.0,405.0,2140.0,1119.0,2108.0,432.0,502.0,997.0,1733.0,753.0,574.0,1079.0,544.0,1926.0,1033.0,000000000000000004b7,97.5286966864301,C0501P04
760.0,2145.0,1798.0,528.0,621.0,1674.0,1588.0,601.0,403.0,2431.0,2375.0,769.0,1156.0,1752.0,461.0,2031.0,1502.0,1072.0,1616.0,700.0,2719.0,422.0,754.0,1080.0,1467.0,633.0,1107.0,528.0,2249.0,1654.0,493.0,2199.0,1061.0,537.0,617.0,988.0,2166.0,969.0,405.0,1723.0,2540.0,636.0,2348.0,1599.0,2298.0,802.0,517.0,451.0,2242.0,1194.0,2190.0,474.0,555.0,1072.0,1813.0,800.0,617.0,1156.0,593.0,2042.0,1109.0,000000000000000004b8,79.7464587315757,C0501P05
716.0,2087.0,1730.0,488.0,571.0,1590.0,1504.0,552.0,362.0,2385.0,2289.0,732.0,1096.0,1684.0,422.0,1967.0,1430.0,1014.0,1528.0,656.0,2658.0,382.0,697.0,1014.0,1394.0,585.0,1077.0,488.0,2196.0,1565.0,457.0,2147.0,996.0,497.0,577.0,929.0,2086.0,903.0,358.0,1654.0,2480.0,598.0,2294.0,1513.0,2214.0,752.0,473.0,407.0,2162.0,1127.0,2141.0,429.0,509.0,1006.0,1763.0,757.0,577.0,1089.0,553.0,1959.0,1049.0,000000000000000004b9,30.5952907434013,C0501P07
420.0,1356.0,1120.0,348.0,359.0,879.0,854.0,357.0,303.0,1514.0,1266.0,450.0,618.0,1025.0,282.0,1241.0,806.0,512.0,818.0,387.0,1708.0,291.0,419.0,627.0,616.0,333.0,502.0,358.0,1410.0,824.0,301.0,1496.0,659.0,342.0,376.0,443.0,1196.0,488.0,231.0,978.0,1489.0,338.0,1478.0,800.0,1201.0,494.0,396.0,323.0,1209.0,601.0,1431.0,258.0,306.0,548.0,1118.0,358.0,413.0,604.0,360.0,1160.0,621.0,000000000000000004ba,70.8208415034922,C0501R01
705.0,2102.0,1729.0,478.0,569.0,1581.0,1502.0,556.0,363.0,2394.0,2283.0,725.0,1092.0,1686.0,409.0,1985.0,1417.0,994.0,1506.0,648.0,2691.0,373.0,692.0,1019.0,1346.0,580.0,1055.0,478.0,2216.0,1558.0,452.0,2177.0,1018.0,492.0,568.0,908.0,2093.0,901.0,359.0,1655.0,2488.0,577.0,2287.0,1493.0,2207.0,749.0,477.0,401.0,2163.0,1111.0,2153.0,414.0,501.0,998.0,1769.0,719.0,577.0,1079.0,547.0,1995.0,1055.0,000000000000000004bb,110.356342614154,C0501R02
392.0,1213.0,1027.0,322.0,328.0,777.0,759.0,331.0,299.0,1311.0,1101.0,430.0,552.0,921.0,269.0,1101.0,718.0,464.0,725.0,363.0,1496.0,280.0,384.0,582.0,537.0,314.0,448.0,332.0,1240.0,713.0,284.0,1337.0,619.0,328.0,356.0,390.0,1055.0,435.0,208.0,886.0,1286.0,320.0,1314.0,701.0,1029.0,448.0,380.0,310.0,1054.0,538.0,1254.0,246.0,271.0,482.0,965.0,326.0,389.0,563.0,332.0,1009.0,564.0,000000000000000004bc,111.994128764517,C0501R03
402.0,1285.0,1074.0,335.0,345.0,818.0,799.0,345.0,305.0,1391.0,1169.0,440.0,581.0,968.0,274.0,1166.0,756.0,484.0,763.0,374.0,1585.0,285.0,398.0,609.0,568.0,321.0,472.0,345.0,1319.0,755.0,291.0,1409.0,646.0,336.0,370.0,413.0,1120.0,459.0,216.0,927.0,1365.0,331.0,1386.0,745.0,1098.0,472.0,391.0,320.0,1121.0,567.0,1332.0,252.0,282.0,510.0,1034.0,336.0,404.0,586.0,344.0,1076.0,590.0,000000000000000004bd,79.7972756705506,C0501R04
420.0,1354.0,1120.0,350.0,356.0,874.0,850.0,355.0,305.0,1505.0,1259.0,452.0,616.0,1021.0,281.0,1238.0,801.0,508.0,814.0,387.0,1701.0,291.0,415.0,628.0,610.0,331.0,496.0,360.0,1408.0,817.0,301.0,1491.0,660.0,341.0,377.0,440.0,1193.0,486.0,229.0,975.0,1479.0,339.0,1473.0,796.0,1193.0,492.0,399.0,324.0,1204.0,599.0,1426.0,257.0,304.0,546.0,1112.0,356.0,415.0,602.0,359.0,1155.0,619.0,000000000000000004be,96.7674214075429,C0501R05
390.0,1265.0,1046.0,323.0,338.0,800.0,782.0,340.0,295.0,1357.0,1140.0,427.0,566.0,943.0,267.0,1149.0,742.0,474.0,749.0,363.0,1550.0,276.0,387.0,593.0,561.0,313.0,462.0,333.0,1298.0,737.0,281.0,1375.0,628.0,326.0,356.0,406.0,1095.0,451.0,212.0,904.0,1339.0,318.0,1354.0,730.0,1072.0,461.0,376.0,309.0,1095.0,552.0,1301.0,244.0,275.0,500.0,1016.0,328.0,388.0,571.0,334.0,1052.0,577.0,000000000000000004bf,158.104396851387,C0501X01
382.0,1217.0,1020.0,313.0,329.0,769.0,751.0,331.0,293.0,1300.0,1094.0,419.0,547.0,914.0,262.0,1106.0,717.0,464.0,719.0,354.0,1487.0,274.0,381.0,581.0,539.0,308.0,448.0,322.0,1242.0,705.0,282.0,1327.0,617.0,319.0,357.0,389.0,1051.0,433.0,203.0,878.0,1283.0,320.0,1304.0,698.0,1023.0,447.0,371.0,303.0,1050.0,536.0,1247.0,244.0,262.0,478.0,967.0,317.0,387.0,563.0,320.0,1007.0,558.0,000000000000000004c0,91.3502148380768,C0501X02
402.0,1227.0,1025.0,332.0,349.0,793.0,775.0,358.0,311.0,1271.0,1093.0,450.0,571.0,907.0,282.0,1118.0,724.0,491.0,748.0,383.0,1468.0,295.0,396.0,613.0,545.0,325.0,472.0,342.0,1244.0,716.0,301.0,1307.0,645.0,335.0,360.0,421.0,1058.0,459.0,220.0,879.0,1266.0,330.0,1298.0,716.0,1019.0,472.0,393.0,321.0,1050.0,557.0,1226.0,262.0,282.0,506.0,953.0,345.0,399.0,585.0,344.0,1006.0,590.0,000000000000000004c1,75.8853522480521,C0501X03
533.0,1916.0,1503.0,378.0,440.0,1245.0,1193.0,420.0,272.0,2248.0,1876.0,563.0,867.0,1459.0,310.0,1817.0,1158.0,711.0,1169.0,493.0,2509.0,282.0,539.0,817.0,965.0,424.0,798.0,389.0,2043.0,1240.0,334.0,2098.0,839.0,389.0,449.0,664.0,1732.0,695.0,261.0,1395.0,2279.0,419.0,2092.0,1136.0,1799.0,609.0,412.0,325.0,1775.0,845.0,2044.0,292.0,378.0,765.0,1642.0,492.0,493.0,835.0,438.0,1707.0,852.0,000000000000000004c2,42.6746113436806,C0502C01
438.0,1378.0,1202.0,395.0,433.0,874.0,864.0,386.0,319.0,1564.0,1315.0,525.0,643.0,1188.0,332.0,1345.0,925.0,584.0,838.0,428.0,1758.0,303.0,501.0,669.0,897.0,383.0,601.0,402.0,1449.0,970.0,363.0,1560.0,669.0,380.0,377.0,462.0,1263.0,556.0,308.0,1124.0,1456.0,382.0,1537.0,827.0,1244.0,485.0,402.0,340.0,1300.0,675.0,1655.0,302.0,332.0,647.0,1349.0,440.0,481.0,718.0,422.0,1236.0,738.0,000000000000000004c3,51.8264248247705,C0502C02
533.0,1915.0,1500.0,378.0,440.0,1245.0,1193.0,420.0,272.0,2245.0,1875.0,563.0,867.0,1456.0,311.0,1817.0,1157.0,711.0,1169.0,494.0,2506.0,282.0,539.0,817.0,965.0,425.0,796.0,389.0,2041.0,1240.0,334.0,2094.0,840.0,389.0,449.0,665.0,1731.0,695.0,262.0,1392.0,2277.0,418.0,2089.0,1136.0,1799.0,608.0,411.0,325.0,1774.0,845.0,2041.0,292.0,379.0,766.0,1641.0,493.0,491.0,835.0,438.0,1707.0,852.0,000000000000000004c4,31.6065116406394,C0502C03
636.0,1937.0,1611.0,457.0,537.0,1488.0,1418.0,518.0,354.0,2249.0,2112.0,663.0,1023.0,1579.0,389.0,1832.0,1302.0,880.0,1413.0,589.0,2532.0,363.0,650.0,936.0,1189.0,524.0,973.0,457.0,2050.0,1474.0,414.0,2066.0,945.0,461.0,515.0,835.0,1936.0,836.0,339.0,1533.0,2315.0,515.0,2125.0,1394.0,2033.0,708.0,467.0,391.0,2001.0,1003.0,2029.0,377.0,461.0,929.0,1643.0,634.0,543.0,981.0,515.0,1875.0,995.0,000000000000000004c5,36.6744276742952,C0502C04
453.0,1465.0,1192.0,374.0,395.0,933.0,908.0,389.0,332.0,1579.0,1332.0,487.0,661.0,1088.0,309.0,1335.0,872.0,553.0,876.0,424.0,1783.0,311.0,445.0,682.0,669.0,366.0,535.0,384.0,1507.0,872.0,328.0,1583.0,720.0,380.0,410.0,480.0,1280.0,529.0,254.0,1041.0,1557.0,369.0,1565.0,857.0,1262.0,535.0,426.0,353.0,1280.0,644.0,1510.0,286.0,328.0,587.0,1201.0,389.0,450.0,654.0,392.0,1235.0,665.0,000000000000000004c6,87.8771868988672,C0502C05
364.0,1179.0,1012.0,322.0,336.0,747.0,735.0,309.0,258.0,1345.0,1135.0,425.0,553.0,971.0,270.0,1105.0,734.0,462.0,699.0,354.0,1519.0,258.0,391.0,555.0,646.0,296.0,506.0,331.0,1234.0,781.0,302.0,1345.0,579.0,318.0,313.0,372.0,1079.0,425.0,230.0,925.0,1241.0,318.0,1317.0,708.0,1053.0,424.0,356.0,294.0,1091.0,536.0,1363.0,241.0,267.0,499.0,1075.0,350.0,389.0,557.0,335.0,1040.0,587.0,000000000000000004c7,147.694572994217,C0502R01
426.0,1235.0,1068.0,350.0,370.0,812.0,799.0,381.0,335.0,1272.0,1105.0,481.0,587.0,933.0,294.0,1117.0,725.0,513.0,769.0,404.0,1478.0,315.0,418.0,644.0,535.0,338.0,506.0,362.0,1245.0,729.0,316.0,1313.0,686.0,355.0,384.0,428.0,1067.0,479.0,223.0,902.0,1265.0,340.0,1310.0,729.0,1021.0,506.0,420.0,339.0,1059.0,580.0,1222.0,271.0,287.0,523.0,935.0,360.0,429.0,612.0,366.0,1010.0,617.0,000000000000000004c8,101.709722000575,C0502R02
434.0,1293.0,1092.0,356.0,379.0,844.0,826.0,390.0,336.0,1331.0,1155.0,486.0,608.0,964.0,302.0,1175.0,767.0,528.0,797.0,414.0,1543.0,320.0,430.0,659.0,579.0,351.0,514.0,367.0,1309.0,760.0,323.0,1370.0,697.0,360.0,386.0,449.0,1118.0,492.0,235.0,934.0,1330.0,352.0,1362.0,760.0,1074.0,514.0,423.0,345.0,1109.0,598.0,1284.0,280.0,300.0,540.0,998.0,372.0,429.0,628.0,369.0,1062.0,631.0,000000000000000004c9,39.2346138476836,C0502R03
452.0,1449.0,1180.0,373.0,394.0,927.0,905.0,391.0,332.0,1559.0,1318.0,489.0,657.0,1076.0,300.0,1317.0,861.0,554.0,870.0,423.0,1763.0,311.0,445.0,683.0,660.0,364.0,536.0,384.0,1490.0,864.0,321.0,1566.0,721.0,368.0,402.0,476.0,1269.0,525.0,246.0,1029.0,1536.0,362.0,1548.0,851.0,1250.0,536.0,426.0,353.0,1269.0,643.0,1493.0,281.0,318.0,585.0,1186.0,390.0,442.0,653.0,382.0,1223.0,663.0,000000000000000004ca,113.301885416217,C0502R05
502.0,1638.0,1357.0,404.0,435.0,1100.0,1060.0,422.0,330.0,1915.0,1595.0,527.0,771.0,1287.0,339.0,1531.0,1013.0,632.0,1026.0,465.0,2140.0,330.0,511.0,751.0,802.0,406.0,691.0,414.0,1745.0,1069.0,346.0,1829.0,783.0,407.0,438.0,579.0,1487.0,618.0,291.0,1218.0,1897.0,407.0,1810.0,1007.0,1527.0,591.0,451.0,369.0,1521.0,752.0,1774.0,308.0,383.0,684.0,1402.0,446.0,480.0,742.0,437.0,1462.0,769.0,000000000000000004cb,35.0517983275465,C0502R08
452.0,1467.0,1197.0,372.0,397.0,937.0,910.0,390.0,330.0,1590.0,1345.0,482.0,666.0,1093.0,306.0,1340.0,875.0,556.0,879.0,422.0,1795.0,310.0,450.0,687.0,670.0,364.0,539.0,383.0,1513.0,879.0,327.0,1588.0,724.0,376.0,409.0,482.0,1289.0,530.0,252.0,1046.0,1569.0,368.0,1569.0,860.0,1274.0,539.0,424.0,350.0,1291.0,650.0,1515.0,285.0,325.0,589.0,1203.0,385.0,450.0,658.0,388.0,1244.0,667.0,000000000000000004cc,69.003984478588,C0502R09
390.0,1170.0,989.0,323.0,347.0,764.0,753.0,357.0,311.0,1193.0,1046.0,438.0,547.0,868.0,272.0,1062.0,682.0,482.0,725.0,370.0,1391.0,292.0,388.0,598.0,512.0,314.0,467.0,334.0,1181.0,687.0,292.0,1231.0,636.0,327.0,353.0,403.0,1011.0,449.0,208.0,840.0,1195.0,314.0,1231.0,689.0,967.0,466.0,385.0,313.0,1002.0,540.0,1149.0,252.0,264.0,489.0,888.0,332.0,394.0,569.0,336.0,958.0,574.0,000000000000000004cd,128.640194515746,C0502W02
443.0,1417.0,1152.0,361.0,386.0,902.0,884.0,386.0,324.0,1510.0,1278.0,483.0,637.0,1045.0,300.0,1285.0,836.0,544.0,846.0,414.0,1719.0,304.0,436.0,672.0,639.0,355.0,527.0,376.0,1456.0,836.0,322.0,1524.0,710.0,368.0,404.0,462.0,1232.0,511.0,244.0,1002.0,1494.0,363.0,1506.0,827.0,1210.0,527.0,417.0,345.0,1232.0,629.0,1450.0,281.0,317.0,569.0,1148.0,384.0,441.0,640.0,383.0,1187.0,648.0,000000000000000004ce,175.392166203323,C0502W03
443.0,1418.0,1154.0,368.0,388.0,901.0,883.0,390.0,333.0,1503.0,1273.0,483.0,642.0,1045.0,301.0,1288.0,837.0,548.0,847.0,414.0,1717.0,311.0,438.0,676.0,640.0,356.0,529.0,382.0,1455.0,834.0,322.0,1519.0,715.0,370.0,404.0,466.0,1228.0,515.0,244.0,1003.0,1492.0,362.0,1502.0,826.0,1204.0,527.0,426.0,352.0,1228.0,632.0,1445.0,281.0,316.0,573.0,1143.0,383.0,440.0,645.0,382.0,1182.0,653.0,000000000000000004cf,57.210646043682,C0502W05
637.0,2089.0,1634.0,431.0,501.0,1455.0,1380.0,486.0,310.0,2401.0,2173.0,657.0,1006.0,1596.0,358.0,1972.0,1320.0,886.0,1380.0,583.0,2702.0,321.0,620.0,924.0,1228.0,515.0,969.0,431.0,2212.0,1436.0,393.0,2176.0,929.0,433.0,509.0,819.0,1986.0,819.0,301.0,1563.0,2490.0,509.0,2276.0,1356.0,2097.0,678.0,431.0,351.0,2059.0,1009.0,2157.0,354.0,443.0,905.0,1754.0,646.0,519.0,980.0,490.0,1906.0,978.0,000000000000000004d0,217.68759949704,C0503C01
639.0,2084.0,1638.0,430.0,501.0,1460.0,1386.0,489.0,312.0,2390.0,2174.0,658.0,1005.0,1598.0,359.0,1967.0,1324.0,895.0,1387.0,582.0,2688.0,322.0,622.0,931.0,1239.0,514.0,967.0,430.0,2202.0,1443.0,395.0,2162.0,932.0,433.0,511.0,823.0,1991.0,822.0,302.0,1563.0,2483.0,512.0,2268.0,1366.0,2099.0,679.0,430.0,351.0,2060.0,1017.0,2144.0,357.0,443.0,909.0,1744.0,650.0,521.0,988.0,489.0,1905.0,976.0,000000000000000004d1,194.314432516065,C0503C02
576.0,1809.0,1493.0,436.0,494.0,1346.0,1279.0,475.0,334.0,2133.0,1915.0,597.0,919.0,1458.0,370.0,1699.0,1173.0,762.0,1267.0,530.0,2388.0,343.0,594.0,844.0,1030.0,469.0,853.0,436.0,1915.0,1332.0,385.0,1984.0,857.0,441.0,485.0,726.0,1760.0,738.0,326.0,1406.0,2163.0,473.0,1999.0,1248.0,1840.0,660.0,452.0,374.0,1812.0,888.0,1925.0,348.0,438.0,821.0,1540.0,550.0,515.0,873.0,491.0,1717.0,894.0,000000000000000004d2,128.517884404338,C0503C04
780.0,2173.0,1825.0,539.0,641.0,1704.0,1621.0,627.0,419.0,2457.0,2399.0,796.0,1184.0,1787.0,470.0,2056.0,1523.0,1089.0,1634.0,722.0,2756.0,432.0,770.0,1107.0,1466.0,654.0,1103.0,539.0,2282.0,1680.0,508.0,2235.0,1103.0,551.0,626.0,1006.0,2204.0,989.0,415.0,1751.0,2557.0,639.0,2359.0,1618.0,2324.0,827.0,535.0,461.0,2277.0,1212.0,2216.0,477.0,563.0,1093.0,1835.0,805.0,632.0,1175.0,607.0,2095.0,1143.0,000000000000000004d3,158.88662763671,C0503C05
870.0,2235.0,1964.0,655.0,657.0,1667.0,1709.0,666.0,422.0,2558.0,2542.0,798.0,1246.0,1977.0,479.0,2132.0,1646.0,1218.0,1698.0,770.0,2752.0,493.0,886.0,1126.0,1714.0,691.0,1235.0,685.0,2411.0,1827.0,517.0,2268.0,1199.0,620.0,651.0,1079.0,2307.0,1102.0,506.0,1896.0,2647.0,696.0,2301.0,1846.0,2444.0,795.0,561.0,483.0,2442.0,1401.0,2388.0,537.0,615.0,1282.0,2086.0,889.0,686.0,1351.0,789.0,2240.0,1292.0,000000000000000004d4,80.582532765716,C0503F01
594.0,1919.0,1551.0,427.0,503.0,1398.0,1326.0,488.0,325.0,2240.0,2003.0,613.0,950.0,1515.0,362.0,1810.0,1228.0,801.0,1313.0,547.0,2512.0,334.0,609.0,878.0,1083.0,486.0,887.0,427.0,2033.0,1383.0,385.0,2080.0,896.0,434.0,488.0,754.0,1840.0,767.0,317.0,1464.0,2283.0,474.0,2101.0,1293.0,1920.0,676.0,445.0,366.0,1892.0,925.0,2024.0,347.0,430.0,852.0,1634.0,572.0,519.0,911.0,484.0,1797.0,926.0,000000000000000004d5,167.447344155158,C0503F03
705.0,2072.0,1720.0,489.0,577.0,1586.0,1511.0,566.0,373.0,2362.0,2265.0,725.0,1095.0,1683.0,418.0,1958.0,1411.0,981.0,1511.0,648.0,2663.0,383.0,700.0,1018.0,1331.0,581.0,1061.0,489.0,2186.0,1567.0,453.0,2155.0,1019.0,492.0,566.0,909.0,2084.0,904.0,363.0,1646.0,2459.0,566.0,2252.0,1493.0,2189.0,758.0,490.0,412.0,2151.0,1103.0,2132.0,415.0,501.0,1001.0,1744.0,715.0,576.0,1075.0,547.0,1996.0,1059.0,000000000000000004d6,176.022303400956,C0503F04
680.0,2108.0,1699.0,459.0,538.0,1531.0,1455.0,527.0,341.0,2403.0,2244.0,699.0,1061.0,1654.0,380.0,1992.0,1385.0,960.0,1460.0,621.0,2704.0,351.0,662.0,988.0,1306.0,552.0,1022.0,459.0,2223.0,1512.0,427.0,2174.0,984.0,463.0,542.0,872.0,2054.0,871.0,328.0,1623.0,2504.0,552.0,2294.0,1446.0,2169.0,719.0,458.0,380.0,2124.0,1076.0,2161.0,388.0,473.0,966.0,1766.0,695.0,552.0,1046.0,518.0,1957.0,1023.0,000000000000000004d7,124.61833260776,C0503F07
721.0,2114.0,1744.0,488.0,582.0,1608.0,1524.0,562.0,368.0,2409.0,2304.0,741.0,1107.0,1703.0,420.0,1995.0,1441.0,1016.0,1538.0,663.0,2697.0,382.0,706.0,1030.0,1381.0,594.0,1074.0,488.0,2227.0,1580.0,458.0,2182.0,1022.0,500.0,578.0,929.0,2110.0,910.0,364.0,1670.0,2502.0,592.0,2308.0,1519.0,2228.0,763.0,483.0,411.0,2186.0,1135.0,2168.0,425.0,509.0,1013.0,1779.0,750.0,587.0,1097.0,556.0,2001.0,1065.0,000000000000000004d8,178.851497414372,C0503F09
776.0,2170.0,1822.0,539.0,636.0,1697.0,1614.0,621.0,420.0,2454.0,2392.0,792.0,1178.0,1784.0,469.0,2052.0,1520.0,1083.0,1626.0,718.0,2753.0,432.0,763.0,1102.0,1461.0,650.0,1089.0,539.0,2280.0,1673.0,507.0,2233.0,1099.0,551.0,624.0,1000.0,2198.0,983.0,414.0,1749.0,2553.0,637.0,2355.0,1610.0,2317.0,820.0,536.0,461.0,2272.0,1205.0,2213.0,475.0,563.0,1087.0,1833.0,799.0,631.0,1169.0,607.0,2091.0,1138.0,000000000000000004d9,119.635549077069,C0503F10
689.0,2091.0,1704.0,469.0,541.0,1544.0,1461.0,523.0,343.0,2390.0,2267.0,708.0,1066.0,1648.0,394.0,1965.0,1397.0,989.0,1481.0,630.0,2671.0,360.0,665.0,988.0,1359.0,561.0,1051.0,469.0,2205.0,1517.0,435.0,2138.0,976.0,468.0,557.0,897.0,2066.0,869.0,330.0,1622.0,2490.0,578.0,2289.0,1470.0,2190.0,722.0,450.0,382.0,2142.0,1102.0,2139.0,406.0,478.0,972.0,1754.0,729.0,558.0,1063.0,523.0,1941.0,1019.0,000000000000000004da,209.578347138264,C0503P02
620.0,2049.0,1616.0,419.0,500.0,1442.0,1371.0,481.0,305.0,2357.0,2140.0,646.0,987.0,1582.0,352.0,1940.0,1303.0,869.0,1370.0,569.0,2652.0,320.0,614.0,914.0,1196.0,505.0,936.0,419.0,2169.0,1428.0,386.0,2151.0,919.0,427.0,500.0,801.0,1958.0,808.0,296.0,1541.0,2438.0,496.0,2234.0,1347.0,2065.0,671.0,426.0,349.0,2028.0,991.0,2123.0,348.0,431.0,893.0,1725.0,623.0,517.0,964.0,483.0,1889.0,961.0,000000000000000004db,167.375307531476,C0503P03
700.0,2101.0,1717.0,469.0,553.0,1560.0,1476.0,533.0,347.0,2402.0,2279.0,716.0,1077.0,1666.0,401.0,1980.0,1411.0,995.0,1496.0,642.0,2683.0,362.0,677.0,1002.0,1366.0,569.0,1055.0,469.0,2215.0,1536.0,446.0,2155.0,992.0,476.0,567.0,904.0,2079.0,883.0,339.0,1641.0,2502.0,587.0,2300.0,1481.0,2203.0,734.0,454.0,386.0,2155.0,1113.0,2151.0,413.0,489.0,983.0,1767.0,736.0,571.0,1075.0,532.0,1959.0,1030.0,000000000000000004dc,263.888078067922,C0503P04
773.0,2167.0,1816.0,539.0,636.0,1692.0,1609.0,621.0,420.0,2452.0,2389.0,790.0,1175.0,1778.0,462.0,2049.0,1513.0,1080.0,1621.0,715.0,2750.0,432.0,763.0,1100.0,1453.0,647.0,1086.0,539.0,2278.0,1668.0,501.0,2232.0,1098.0,543.0,617.0,996.0,2196.0,980.0,408.0,1743.0,2549.0,628.0,2352.0,1604.0,2313.0,820.0,537.0,461.0,2269.0,1203.0,2212.0,468.0,555.0,1083.0,1831.0,795.0,624.0,1166.0,599.0,2089.0,1135.0,000000000000000004dd,176.993890972032,C0503P05
600.0,1785.0,1507.0,443.0,512.0,1381.0,1313.0,494.0,345.0,2094.0,1952.0,617.0,949.0,1476.0,379.0,1680.0,1202.0,805.0,1308.0,547.0,2352.0,354.0,611.0,870.0,1085.0,493.0,805.0,443.0,1895.0,1362.0,395.0,1931.0,879.0,446.0,491.0,760.0,1791.0,769.0,337.0,1429.0,2141.0,486.0,1970.0,1286.0,1881.0,675.0,452.0,381.0,1850.0,923.0,1891.0,361.0,446.0,859.0,1520.0,582.0,517.0,905.0,492.0,1738.0,922.0,000000000000000004de,104.870446858665,C0503R01
563.0,1777.0,1471.0,430.0,481.0,1291.0,1238.0,469.0,338.0,2103.0,1839.0,585.0,881.0,1423.0,367.0,1672.0,1150.0,722.0,1212.0,517.0,2347.0,341.0,576.0,826.0,965.0,456.0,829.0,437.0,1896.0,1279.0,374.0,1966.0,845.0,438.0,476.0,680.0,1704.0,711.0,322.0,1368.0,2113.0,451.0,1959.0,1192.0,1764.0,641.0,462.0,379.0,1744.0,850.0,1914.0,337.0,429.0,782.0,1528.0,523.0,513.0,841.0,482.0,1673.0,869.0,000000000000000004df,135.986715430701,C0503R03
704.0,2091.0,1715.0,477.0,558.0,1566.0,1484.0,540.0,360.0,2381.0,2264.0,723.0,1077.0,1676.0,401.0,1969.0,1409.0,987.0,1495.0,646.0,2674.0,371.0,680.0,1003.0,1346.0,578.0,1044.0,477.0,2204.0,1540.0,449.0,2156.0,1000.0,481.0,564.0,901.0,2074.0,883.0,344.0,1641.0,2473.0,575.0,2280.0,1476.0,2189.0,736.0,475.0,400.0,2149.0,1106.0,2139.0,411.0,491.0,984.0,1753.0,727.0,572.0,1070.0,536.0,1968.0,1038.0,000000000000000004e0,139.766438297723,C0503R04
561.0,1730.0,1457.0,434.0,478.0,1313.0,1245.0,460.0,335.0,2062.0,1867.0,579.0,892.0,1422.0,362.0,1620.0,1147.0,749.0,1235.0,517.0,2302.0,344.0,577.0,826.0,1012.0,455.0,780.0,434.0,1832.0,1299.0,380.0,1913.0,839.0,430.0,478.0,704.0,1709.0,713.0,320.0,1377.0,2080.0,468.0,1935.0,1217.0,1790.0,640.0,448.0,371.0,1763.0,874.0,1858.0,345.0,429.0,794.0,1479.0,539.0,505.0,856.0,480.0,1665.0,866.0,000000000000000004e1,103.695078594363,C0503R05
734.0,2130.0,1765.0,499.0,596.0,1627.0,1544.0,579.0,382.0,2419.0,2323.0,753.0,1126.0,1725.0,429.0,2016.0,1457.0,1029.0,1553.0,675.0,2717.0,392.0,721.0,1049.0,1385.0,607.0,1092.0,499.0,2244.0,1601.0,471.0,2198.0,1047.0,511.0,587.0,938.0,2132.0,929.0,375.0,1690.0,2519.0,598.0,2315.0,1536.0,2247.0,778.0,498.0,421.0,2206.0,1143.0,2178.0,434.0,521.0,1031.0,1792.0,753.0,597.0,1114.0,561.0,2035.0,1087.0,000000000000000004e2,332.579731844282,C0503W01
735.0,2109.0,1758.0,508.0,593.0,1626.0,1543.0,574.0,385.0,2403.0,2324.0,752.0,1124.0,1714.0,441.0,1997.0,1464.0,1038.0,1563.0,678.0,2680.0,402.0,718.0,1049.0,1413.0,610.0,1070.0,508.0,2218.0,1602.0,475.0,2176.0,1033.0,516.0,597.0,950.0,2126.0,933.0,384.0,1685.0,2500.0,614.0,2309.0,1545.0,2249.0,771.0,499.0,431.0,2200.0,1154.0,2166.0,448.0,529.0,1034.0,1785.0,772.0,603.0,1117.0,572.0,2013.0,1079.0,000000000000000004e3,139.841335875365,C0503W02
725.0,2123.0,1758.0,498.0,589.0,1621.0,1539.0,573.0,381.0,2417.0,2317.0,745.0,1116.0,1717.0,427.0,2009.0,1449.0,1021.0,1546.0,667.0,2710.0,391.0,713.0,1042.0,1376.0,599.0,1081.0,498.0,2237.0,1596.0,470.0,2197.0,1041.0,510.0,587.0,929.0,2126.0,921.0,374.0,1684.0,2512.0,597.0,2312.0,1530.0,2241.0,770.0,498.0,421.0,2199.0,1135.0,2176.0,432.0,520.0,1022.0,1790.0,743.0,596.0,1105.0,561.0,2029.0,1077.0,000000000000000004e4,208.39779829783,C0503W03
684.0,2101.0,1686.0,461.0,523.0,1524.0,1446.0,511.0,338.0,2405.0,2254.0,696.0,1056.0,1638.0,380.0,1975.0,1381.0,970.0,1460.0,618.0,2692.0,351.0,654.0,977.0,1329.0,547.0,1027.0,461.0,2217.0,1503.0,431.0,2147.0,966.0,456.0,551.0,876.0,2052.0,862.0,321.0,1610.0,2508.0,571.0,2301.0,1441.0,2184.0,711.0,448.0,378.0,2129.0,1085.0,2149.0,394.0,472.0,960.0,1754.0,716.0,558.0,1047.0,512.0,1935.0,1015.0,000000000000000004e5,149.480854529774,C0503W07
577.0,1789.0,1486.0,434.0,493.0,1343.0,1276.0,475.0,335.0,2115.0,1909.0,595.0,919.0,1458.0,369.0,1677.0,1172.0,765.0,1267.0,531.0,2369.0,344.0,595.0,844.0,1037.0,467.0,846.0,434.0,1892.0,1332.0,385.0,1966.0,855.0,439.0,484.0,727.0,1752.0,736.0,325.0,1405.0,2144.0,475.0,1986.0,1248.0,1834.0,660.0,451.0,371.0,1807.0,891.0,1911.0,349.0,439.0,819.0,1526.0,551.0,511.0,873.0,492.0,1706.0,892.0,000000000000000004e6,144.952807042844,C0503X01
496.0,1604.0,1333.0,395.0,424.0,1110.0,1065.0,407.0,314.0,1916.0,1602.0,514.0,770.0,1278.0,329.0,1503.0,1006.0,618.0,1037.0,460.0,2134.0,314.0,497.0,736.0,797.0,399.0,686.0,404.0,1722.0,1100.0,334.0,1807.0,763.0,397.0,433.0,579.0,1494.0,616.0,287.0,1205.0,1887.0,397.0,1788.0,1019.0,1539.0,578.0,431.0,350.0,1530.0,745.0,1760.0,298.0,380.0,679.0,1383.0,443.0,469.0,736.0,430.0,1476.0,761.0,000000000000000004e7,177.08312651765,C0503X05
589.0,1997.0,1563.0,401.0,468.0,1360.0,1295.0,457.0,294.0,2316.0,2043.0,610.0,938.0,1528.0,325.0,1891.0,1242.0,803.0,1285.0,535.0,2603.0,304.0,581.0,866.0,1114.0,467.0,878.0,403.0,2114.0,1352.0,363.0,2124.0,875.0,403.0,472.0,747.0,1870.0,758.0,276.0,1485.0,2388.0,469.0,2179.0,1263.0,1962.0,641.0,416.0,334.0,1932.0,924.0,2095.0,323.0,400.0,841.0,1690.0,570.0,502.0,908.0,457.0,1815.0,918.0,000000000000000004e8,156.109657528505,C0503X06
390.0,1247.0,1027.0,321.0,330.0,788.0,771.0,333.0,297.0,1332.0,1121.0,427.0,556.0,925.0,262.0,1134.0,729.0,473.0,739.0,363.0,1522.0,277.0,379.0,589.0,552.0,315.0,450.0,331.0,1277.0,726.0,281.0,1353.0,625.0,319.0,355.0,399.0,1077.0,443.0,207.0,888.0,1317.0,318.0,1332.0,719.0,1052.0,448.0,376.0,309.0,1077.0,547.0,1278.0,244.0,267.0,490.0,999.0,328.0,386.0,569.0,324.0,1035.0,567.0,000000000000000004e9,61.5612874039332,C0504C01
551.0,1692.0,1469.0,445.0,482.0,1179.0,1154.0,440.0,336.0,2021.0,1765.0,583.0,815.0,1437.0,369.0,1633.0,1171.0,740.0,1133.0,495.0,2241.0,330.0,597.0,813.0,1112.0,438.0,767.0,448.0,1816.0,1293.0,399.0,1873.0,812.0,446.0,460.0,643.0,1643.0,720.0,341.0,1398.0,1968.0,459.0,1857.0,1137.0,1695.0,555.0,429.0,379.0,1752.0,849.0,1942.0,326.0,414.0,825.0,1582.0,534.0,538.0,892.0,491.0,1656.0,899.0,000000000000000004ea,56.4073795081816,C0504C02
464.0,1535.0,1257.0,382.0,403.0,988.0,960.0,393.0,322.0,1735.0,1444.0,496.0,698.0,1174.0,317.0,1424.0,923.0,582.0,919.0,429.0,1960.0,311.0,471.0,706.0,712.0,369.0,610.0,393.0,1617.0,945.0,323.0,1690.0,735.0,381.0,411.0,510.0,1362.0,557.0,263.0,1117.0,1721.0,372.0,1671.0,904.0,1384.0,549.0,433.0,352.0,1386.0,687.0,1625.0,282.0,348.0,623.0,1278.0,401.0,451.0,687.0,408.0,1331.0,698.0,000000000000000004eb,66.6814887251832,C0504C03
548.0,1883.0,1488.0,393.0,458.0,1261.0,1210.0,442.0,301.0,2194.0,1862.0,568.0,874.0,1440.0,333.0,1773.0,1150.0,712.0,1185.0,500.0,2466.0,302.0,557.0,827.0,954.0,432.0,808.0,403.0,2007.0,1258.0,350.0,2060.0,850.0,409.0,460.0,663.0,1728.0,697.0,286.0,1378.0,2222.0,431.0,2048.0,1156.0,1782.0,626.0,433.0,342.0,1767.0,847.0,2008.0,310.0,399.0,768.0,1610.0,500.0,501.0,837.0,456.0,1700.0,864.0,000000000000000004ec,32.7226103776079,C0504C04
613.0,1842.0,1533.0,445.0,517.0,1412.0,1346.0,499.0,345.0,2143.0,2000.0,632.0,970.0,1500.0,381.0,1732.0,1225.0,825.0,1338.0,560.0,2415.0,354.0,620.0,886.0,1110.0,497.0,846.0,445.0,1951.0,1395.0,404.0,1973.0,895.0,450.0,503.0,780.0,1835.0,787.0,337.0,1455.0,2203.0,502.0,2017.0,1319.0,1926.0,685.0,454.0,381.0,1898.0,942.0,1935.0,368.0,450.0,879.0,1558.0,596.0,530.0,924.0,503.0,1780.0,942.0,000000000000000004ed,37.3482732949029,C0504C05
833.0,2213.0,1900.0,595.0,675.0,1747.0,1688.0,662.0,454.0,2507.0,2477.0,835.0,1244.0,1872.0,499.0,2095.0,1592.0,1159.0,1693.0,766.0,2790.0,476.0,822.0,1155.0,1554.0,695.0,1197.0,603.0,2339.0,1757.0,533.0,2273.0,1171.0,595.0,650.0,1065.0,2278.0,1054.0,461.0,1830.0,2603.0,666.0,2374.0,1707.0,2398.0,848.0,577.0,498.0,2366.0,1294.0,2284.0,507.0,601.0,1176.0,1914.0,852.0,665.0,1254.0,675.0,2181.0,1224.0,000000000000000004ee,23.5367653525942,C0504F02
779.0,2138.0,1818.0,547.0,636.0,1685.0,1605.0,626.0,429.0,2424.0,2376.0,799.0,1188.0,1780.0,468.0,2023.0,1507.0,1073.0,1610.0,720.0,2733.0,439.0,761.0,1110.0,1429.0,652.0,1056.0,547.0,2256.0,1665.0,502.0,2215.0,1109.0,549.0,616.0,999.0,2192.0,989.0,418.0,1744.0,2529.0,622.0,2314.0,1596.0,2304.0,819.0,547.0,468.0,2260.0,1197.0,2193.0,464.0,558.0,1095.0,1807.0,790.0,625.0,1167.0,605.0,2097.0,1153.0,000000000000000004ef,81.7968395427007,C0504F03
628.0,1928.0,1591.0,447.0,528.0,1463.0,1397.0,509.0,344.0,2246.0,2085.0,652.0,1003.0,1561.0,379.0,1820.0,1279.0,860.0,1387.0,578.0,2522.0,354.0,640.0,918.0,1161.0,513.0,963.0,447.0,2042.0,1450.0,406.0,2065.0,927.0,451.0,508.0,812.0,1912.0,816.0,334.0,1515.0,2304.0,508.0,2117.0,1368.0,2005.0,702.0,456.0,382.0,1977.0,978.0,2028.0,369.0,451.0,909.0,1639.0,621.0,536.0,960.0,505.0,1856.0,975.0,000000000000000004f0,63.5364143087652,C0504F04
500.0,1817.0,1437.0,366.0,417.0,1149.0,1101.0,397.0,266.0,2101.0,1742.0,520.0,795.0,1383.0,286.0,1704.0,1074.0,639.0,1072.0,460.0,2373.0,266.0,497.0,774.0,845.0,389.0,750.0,377.0,1940.0,1130.0,308.0,2002.0,803.0,365.0,415.0,583.0,1624.0,623.0,243.0,1301.0,2111.0,383.0,1959.0,1053.0,1673.0,587.0,410.0,311.0,1655.0,781.0,1934.0,265.0,345.0,698.0,1539.0,440.0,468.0,771.0,404.0,1605.0,779.0,000000000000000004f1,89.5350819925176,C0504F08
535.0,1893.0,1490.0,386.0,449.0,1243.0,1194.0,432.0,286.0,2210.0,1851.0,561.0,859.0,1447.0,318.0,1795.0,1147.0,702.0,1167.0,492.0,2473.0,293.0,545.0,814.0,947.0,428.0,800.0,396.0,2024.0,1239.0,338.0,2072.0,837.0,395.0,441.0,659.0,1714.0,691.0,270.0,1377.0,2234.0,417.0,2061.0,1138.0,1778.0,617.0,421.0,334.0,1759.0,835.0,2015.0,297.0,382.0,763.0,1623.0,489.0,490.0,826.0,439.0,1693.0,843.0,000000000000000004f2,71.8424200223717,C0504P03
433.0,1346.0,1112.0,352.0,376.0,859.0,841.0,386.0,332.0,1410.0,1201.0,474.0,612.0,998.0,300.0,1229.0,798.0,531.0,813.0,406.0,1613.0,310.0,425.0,655.0,611.0,354.0,512.0,363.0,1372.0,785.0,312.0,1439.0,692.0,363.0,389.0,451.0,1158.0,498.0,238.0,963.0,1404.0,349.0,1423.0,785.0,1123.0,503.0,413.0,342.0,1157.0,606.0,1358.0,273.0,301.0,546.0,1068.0,367.0,420.0,634.0,365.0,1112.0,631.0,000000000000000004f3,61.3674334311184,C0504P05
487.0,1639.0,1341.0,403.0,418.0,1082.0,1036.0,399.0,312.0,1923.0,1587.0,507.0,757.0,1274.0,318.0,1534.0,996.0,604.0,1008.0,449.0,2168.0,312.0,494.0,737.0,772.0,383.0,667.0,413.0,1769.0,1063.0,323.0,1824.0,765.0,390.0,429.0,558.0,1484.0,605.0,273.0,1197.0,1913.0,390.0,1805.0,989.0,1529.0,579.0,444.0,353.0,1514.0,736.0,1770.0,285.0,371.0,670.0,1392.0,430.0,467.0,727.0,425.0,1465.0,754.0,000000000000000004f4,61.672300228552,C0504R01
441.0,1337.0,1133.0,365.0,387.0,887.0,861.0,380.0,325.0,1504.0,1252.0,476.0,629.0,1038.0,304.0,1221.0,820.0,525.0,825.0,414.0,1676.0,309.0,442.0,641.0,637.0,358.0,543.0,374.0,1372.0,833.0,321.0,1495.0,676.0,373.0,396.0,463.0,1183.0,501.0,253.0,1003.0,1461.0,359.0,1479.0,799.0,1176.0,509.0,412.0,344.0,1193.0,614.0,1423.0,284.0,329.0,556.0,1106.0,386.0,434.0,623.0,382.0,1141.0,638.0,000000000000000004f5,29.1109034247451,C0504R02
460.0,1535.0,1253.0,377.0,396.0,982.0,953.0,386.0,313.0,1722.0,1442.0,490.0,698.0,1163.0,307.0,1420.0,914.0,572.0,907.0,422.0,1958.0,303.0,466.0,698.0,698.0,363.0,581.0,387.0,1616.0,935.0,316.0,1679.0,730.0,372.0,407.0,505.0,1359.0,553.0,252.0,1105.0,1715.0,366.0,1660.0,897.0,1382.0,545.0,429.0,345.0,1386.0,679.0,1618.0,275.0,336.0,621.0,1272.0,393.0,447.0,679.0,400.0,1330.0,698.0,000000000000000004f6,26.66966840847,C0504R03
446.0,1532.0,1217.0,352.0,374.0,968.0,938.0,364.0,286.0,1684.0,1433.0,477.0,686.0,1120.0,273.0,1401.0,880.0,543.0,891.0,406.0,1945.0,275.0,437.0,679.0,653.0,344.0,547.0,373.0,1619.0,920.0,293.0,1644.0,708.0,340.0,391.0,487.0,1356.0,537.0,220.0,1061.0,1689.0,348.0,1633.0,882.0,1374.0,536.0,408.0,319.0,1384.0,650.0,1596.0,250.0,303.0,606.0,1246.0,383.0,434.0,650.0,368.0,1326.0,686.0,000000000000000004f7,17.0587426438007,C0504R04
500.0,1780.0,1418.0,374.0,407.0,1132.0,1084.0,387.0,270.0,2060.0,1718.0,520.0,782.0,1358.0,281.0,1669.0,1050.0,631.0,1055.0,459.0,2333.0,270.0,486.0,769.0,814.0,387.0,701.0,385.0,1917.0,1113.0,305.0,1963.0,799.0,359.0,415.0,572.0,1604.0,611.0,233.0,1267.0,2065.0,382.0,1924.0,1036.0,1650.0,576.0,420.0,321.0,1634.0,769.0,1895.0,262.0,339.0,688.0,1510.0,438.0,469.0,759.0,397.0,1585.0,772.0,000000000000000004f8,63.9895919427616,C0504R05
457.0,1480.0,1211.0,373.0,391.0,958.0,929.0,387.0,323.0,1635.0,1384.0,486.0,679.0,1113.0,305.0,1359.0,881.0,560.0,894.0,419.0,1852.0,308.0,457.0,687.0,672.0,360.0,546.0,383.0,1541.0,902.0,327.0,1613.0,720.0,371.0,411.0,487.0,1313.0,535.0,250.0,1059.0,1618.0,369.0,1594.0,875.0,1317.0,540.0,425.0,344.0,1328.0,658.0,1551.0,278.0,330.0,601.0,1217.0,388.0,452.0,660.0,394.0,1275.0,679.0,000000000000000004f9,48.709058367069,C0504R06
436.0,1417.0,1148.0,359.0,381.0,903.0,881.0,379.0,321.0,1520.0,1285.0,472.0,635.0,1044.0,291.0,1289.0,835.0,536.0,847.0,407.0,1725.0,300.0,431.0,664.0,638.0,349.0,520.0,372.0,1460.0,840.0,312.0,1529.0,700.0,359.0,392.0,460.0,1238.0,508.0,237.0,1000.0,1501.0,352.0,1511.0,828.0,1218.0,520.0,413.0,341.0,1238.0,623.0,1456.0,272.0,309.0,565.0,1155.0,376.0,430.0,632.0,371.0,1193.0,642.0,000000000000000004fa,59.1994036996562,C0504R07
434.0,1458.0,1168.0,355.0,378.0,929.0,901.0,370.0,310.0,1576.0,1349.0,463.0,654.0,1067.0,286.0,1326.0,849.0,534.0,868.0,403.0,1800.0,289.0,433.0,667.0,640.0,344.0,532.0,365.0,1516.0,872.0,309.0,1569.0,702.0,350.0,395.0,469.0,1290.0,518.0,232.0,1018.0,1565.0,353.0,1550.0,852.0,1286.0,522.0,408.0,331.0,1303.0,630.0,1507.0,268.0,306.0,585.0,1185.0,366.0,437.0,638.0,370.0,1255.0,654.0,000000000000000004fb,29.8402436408334,C0504R08
417.0,1279.0,1084.0,346.0,358.0,833.0,814.0,358.0,309.0,1423.0,1188.0,454.0,597.0,985.0,282.0,1158.0,774.0,501.0,779.0,390.0,1603.0,298.0,413.0,611.0,591.0,335.0,482.0,356.0,1306.0,779.0,302.0,1424.0,648.0,349.0,375.0,433.0,1126.0,470.0,231.0,956.0,1385.0,338.0,1413.0,752.0,1116.0,477.0,394.0,327.0,1134.0,583.0,1351.0,264.0,299.0,525.0,1044.0,362.0,413.0,593.0,357.0,1082.0,607.0,000000000000000004fc,54.581315750204,C0504R09
464.0,1611.0,1285.0,360.0,382.0,1033.0,985.0,370.0,282.0,1856.0,1543.0,485.0,723.0,1205.0,276.0,1486.0,931.0,561.0,947.0,414.0,2120.0,271.0,455.0,707.0,689.0,350.0,661.0,382.0,1738.0,1004.0,295.0,1778.0,737.0,352.0,413.0,516.0,1446.0,556.0,229.0,1133.0,1839.0,370.0,1750.0,936.0,1475.0,556.0,416.0,326.0,1483.0,690.0,1729.0,251.0,325.0,634.0,1341.0,393.0,456.0,688.0,390.0,1425.0,715.0,000000000000000004fd,35.0842271294924,C0504R10
439.0,1461.0,1257.0,409.0,429.0,929.0,910.0,376.0,315.0,1733.0,1466.0,515.0,668.0,1257.0,329.0,1441.0,1003.0,617.0,903.0,415.0,1931.0,298.0,517.0,692.0,999.0,382.0,628.0,414.0,1564.0,1076.0,351.0,1638.0,666.0,380.0,402.0,507.0,1385.0,615.0,309.0,1208.0,1648.0,398.0,1617.0,903.0,1402.0,444.0,390.0,341.0,1472.0,710.0,1776.0,292.0,349.0,706.0,1450.0,452.0,503.0,778.0,435.0,1403.0,788.0,000000000000000004fe,14.2732493569898,C0504R11
457.0,1585.0,1267.0,366.0,385.0,1001.0,963.0,375.0,299.0,1792.0,1497.0,477.0,702.0,1187.0,284.0,1471.0,918.0,565.0,924.0,417.0,2044.0,289.0,456.0,701.0,698.0,348.0,653.0,377.0,1681.0,962.0,302.0,1734.0,730.0,359.0,396.0,507.0,1412.0,556.0,237.0,1127.0,1795.0,355.0,1715.0,915.0,1432.0,546.0,422.0,333.0,1440.0,682.0,1677.0,261.0,330.0,624.0,1315.0,388.0,438.0,682.0,387.0,1383.0,702.0,000000000000000004ff,30.0300450768356,C0504R13
425.0,1475.0,1177.0,347.0,362.0,935.0,906.0,356.0,287.0,1633.0,1380.0,455.0,657.0,1084.0,265.0,1352.0,849.0,525.0,861.0,387.0,1872.0,272.0,429.0,659.0,628.0,328.0,526.0,360.0,1553.0,883.0,287.0,1596.0,689.0,334.0,381.0,465.0,1304.0,513.0,215.0,1027.0,1626.0,339.0,1577.0,852.0,1320.0,513.0,401.0,316.0,1330.0,630.0,1539.0,245.0,296.0,581.0,1200.0,358.0,423.0,630.0,360.0,1275.0,657.0,00000000000000000500,62.5818792376646,C0504R15
423.0,1411.0,1139.0,351.0,374.0,899.0,871.0,368.0,309.0,1529.0,1300.0,453.0,631.0,1042.0,282.0,1290.0,831.0,524.0,842.0,394.0,1736.0,291.0,426.0,649.0,634.0,338.0,514.0,361.0,1461.0,842.0,303.0,1526.0,681.0,348.0,380.0,455.0,1245.0,502.0,230.0,995.0,1514.0,342.0,1508.0,824.0,1233.0,511.0,401.0,329.0,1249.0,612.0,1459.0,262.0,301.0,560.0,1156.0,361.0,419.0,619.0,360.0,1203.0,633.0,00000000000000000501,11.8747061789083,C0504R16
490.0,1767.0,1405.0,373.0,405.0,1125.0,1076.0,385.0,270.0,2045.0,1702.0,510.0,781.0,1344.0,281.0,1654.0,1037.0,622.0,1048.0,449.0,2320.0,270.0,485.0,760.0,800.0,378.0,685.0,385.0,1904.0,1105.0,305.0,1951.0,790.0,359.0,414.0,570.0,1589.0,609.0,233.0,1254.0,2051.0,382.0,1912.0,1028.0,1634.0,576.0,419.0,321.0,1619.0,760.0,1883.0,262.0,339.0,688.0,1498.0,429.0,469.0,750.0,397.0,1570.0,774.0,00000000000000000502,29.9930470343489,C0504R17
464.0,1530.0,1263.0,381.0,408.0,1006.0,977.0,399.0,323.0,1759.0,1459.0,498.0,710.0,1189.0,316.0,1423.0,936.0,585.0,941.0,435.0,1971.0,315.0,475.0,703.0,733.0,373.0,656.0,391.0,1606.0,970.0,329.0,1708.0,740.0,383.0,413.0,520.0,1374.0,564.0,271.0,1131.0,1737.0,377.0,1689.0,923.0,1396.0,549.0,429.0,353.0,1401.0,695.0,1645.0,291.0,357.0,628.0,1294.0,409.0,450.0,694.0,409.0,1340.0,703.0,00000000000000000503,31.4272651578847,C0504R18
482.0,1732.0,1375.0,374.0,404.0,1106.0,1057.0,383.0,271.0,2010.0,1663.0,502.0,767.0,1307.0,289.0,1614.0,1009.0,604.0,1028.0,441.0,2283.0,271.0,486.0,742.0,768.0,369.0,702.0,386.0,1866.0,1086.0,305.0,1914.0,771.0,368.0,414.0,559.0,1555.0,601.0,240.0,1223.0,2009.0,381.0,1881.0,1009.0,1596.0,578.0,420.0,325.0,1584.0,742.0,1856.0,261.0,348.0,677.0,1466.0,420.0,468.0,732.0,407.0,1535.0,766.0,00000000000000000504,85.7950383564028,C0504R19
486.0,1627.0,1332.0,398.0,420.0,1063.0,1025.0,402.0,319.0,1890.0,1559.0,510.0,746.0,1261.0,321.0,1519.0,987.0,607.0,993.0,448.0,2132.0,316.0,494.0,739.0,770.0,386.0,666.0,409.0,1742.0,1040.0,327.0,1805.0,769.0,389.0,424.0,551.0,1459.0,596.0,273.0,1188.0,1883.0,390.0,1786.0,971.0,1501.0,576.0,444.0,357.0,1488.0,736.0,1746.0,289.0,367.0,661.0,1377.0,429.0,466.0,726.0,420.0,1437.0,742.0,00000000000000000505,39.1281811361491,C0504R20
482.0,1736.0,1373.0,372.0,405.0,1107.0,1059.0,385.0,273.0,2018.0,1662.0,502.0,763.0,1303.0,291.0,1619.0,1012.0,608.0,1030.0,442.0,2285.0,273.0,486.0,744.0,776.0,372.0,681.0,382.0,1864.0,1088.0,304.0,1918.0,773.0,368.0,409.0,560.0,1553.0,607.0,242.0,1223.0,2015.0,377.0,1888.0,1011.0,1601.0,576.0,415.0,317.0,1582.0,744.0,1859.0,262.0,349.0,675.0,1468.0,422.0,461.0,734.0,407.0,1534.0,761.0,00000000000000000506,50.7068488863909,C0504R21
470.0,1628.0,1318.0,384.0,414.0,1047.0,1011.0,395.0,308.0,1856.0,1541.0,500.0,736.0,1240.0,313.0,1522.0,965.0,591.0,964.0,432.0,2113.0,307.0,483.0,726.0,740.0,372.0,657.0,394.0,1732.0,1010.0,322.0,1790.0,755.0,377.0,413.0,536.0,1448.0,584.0,258.0,1172.0,1863.0,382.0,1771.0,955.0,1484.0,562.0,438.0,350.0,1476.0,716.0,1733.0,282.0,350.0,651.0,1361.0,411.0,462.0,707.0,405.0,1420.0,728.0,00000000000000000507,35.0132105635445,C0504R25
451.0,1388.0,1169.0,370.0,392.0,928.0,900.0,383.0,319.0,1578.0,1314.0,479.0,648.0,1076.0,309.0,1276.0,846.0,540.0,863.0,420.0,1759.0,313.0,452.0,658.0,661.0,360.0,576.0,379.0,1441.0,876.0,326.0,1554.0,686.0,375.0,401.0,471.0,1239.0,516.0,257.0,1033.0,1538.0,363.0,1536.0,836.0,1246.0,526.0,417.0,341.0,1260.0,634.0,1485.0,284.0,335.0,574.0,1157.0,393.0,439.0,640.0,391.0,1204.0,653.0,00000000000000000508,43.5748482282018,C0504R30
482.0,1730.0,1367.0,379.0,405.0,1105.0,1057.0,384.0,278.0,2006.0,1654.0,502.0,762.0,1297.0,291.0,1612.0,1006.0,605.0,1028.0,442.0,2279.0,278.0,486.0,743.0,765.0,371.0,685.0,390.0,1859.0,1086.0,304.0,1908.0,772.0,369.0,411.0,558.0,1547.0,605.0,242.0,1217.0,2005.0,379.0,1878.0,1009.0,1594.0,577.0,424.0,325.0,1576.0,743.0,1850.0,262.0,349.0,675.0,1458.0,421.0,463.0,733.0,408.0,1527.0,762.0,00000000000000000509,41.8030676555081,C0504W01
436.0,1520.0,1200.0,346.0,372.0,951.0,922.0,362.0,292.0,1626.0,1404.0,466.0,667.0,1096.0,264.0,1383.0,875.0,541.0,888.0,403.0,1888.0,275.0,425.0,680.0,647.0,339.0,532.0,370.0,1596.0,897.0,292.0,1609.0,712.0,336.0,387.0,479.0,1343.0,528.0,213.0,1045.0,1636.0,345.0,1593.0,878.0,1341.0,524.0,402.0,323.0,1358.0,640.0,1554.0,250.0,292.0,597.0,1224.0,376.0,430.0,646.0,351.0,1308.0,669.0,0000000000000000050a,189.13796418565,C0504W03
490.0,1758.0,1394.0,373.0,405.0,1115.0,1067.0,385.0,271.0,2038.0,1686.0,510.0,770.0,1331.0,284.0,1642.0,1029.0,615.0,1039.0,449.0,2310.0,271.0,486.0,751.0,794.0,378.0,682.0,384.0,1891.0,1096.0,305.0,1941.0,780.0,362.0,412.0,563.0,1574.0,605.0,236.0,1244.0,2042.0,380.0,1906.0,1020.0,1618.0,577.0,419.0,322.0,1604.0,751.0,1877.0,262.0,342.0,679.0,1491.0,429.0,466.0,742.0,400.0,1555.0,765.0,0000000000000000050b,46.2851525003501,C0504W04
463.0,1629.0,1303.0,349.0,383.0,1045.0,997.0,367.0,272.0,1888.0,1566.0,489.0,728.0,1222.0,272.0,1506.0,944.0,565.0,964.0,418.0,2152.0,261.0,460.0,708.0,698.0,346.0,695.0,371.0,1771.0,1016.0,293.0,1793.0,737.0,348.0,414.0,520.0,1469.0,560.0,225.0,1142.0,1876.0,370.0,1773.0,949.0,1504.0,556.0,404.0,316.0,1498.0,697.0,1748.0,249.0,325.0,639.0,1372.0,397.0,454.0,688.0,386.0,1440.0,727.0,0000000000000000050c,24.9136252097646,C0504W05
469.0,1625.0,1298.0,351.0,383.0,1046.0,998.0,371.0,272.0,1878.0,1568.0,491.0,728.0,1217.0,272.0,1505.0,943.0,570.0,960.0,419.0,2149.0,261.0,456.0,711.0,690.0,346.0,673.0,374.0,1777.0,1017.0,293.0,1785.0,741.0,349.0,416.0,518.0,1471.0,559.0,223.0,1137.0,1866.0,370.0,1766.0,949.0,1502.0,559.0,408.0,317.0,1501.0,700.0,1744.0,248.0,321.0,639.0,1367.0,397.0,451.0,691.0,388.0,1443.0,728.0,0000000000000000050d,148.535466368814,C0504W06
490.0,1767.0,1405.0,373.0,405.0,1125.0,1076.0,385.0,270.0,2045.0,1702.0,510.0,781.0,1344.0,281.0,1654.0,1037.0,622.0,1048.0,449.0,2320.0,270.0,485.0,760.0,800.0,378.0,685.0,385.0,1904.0,1105.0,305.0,1951.0,790.0,359.0,414.0,570.0,1589.0,609.0,233.0,1254.0,2051.0,382.0,1912.0,1028.0,1634.0,576.0,419.0,321.0,1619.0,760.0,1883.0,262.0,339.0,688.0,1498.0,429.0,469.0,750.0,397.0,1570.0,774.0,0000000000000000050e,23.408509078874,C0504X01
413.0,1281.0,1065.0,335.0,355.0,817.0,799.0,362.0,315.0,1352.0,1146.0,453.0,579.0,955.0,285.0,1169.0,758.0,498.0,770.0,386.0,1545.0,295.0,404.0,619.0,577.0,337.0,483.0,345.0,1306.0,746.0,300.0,1381.0,654.0,345.0,373.0,423.0,1104.0,467.0,224.0,920.0,1341.0,336.0,1363.0,744.0,1071.0,477.0,395.0,325.0,1102.0,571.0,1300.0,261.0,285.0,513.0,1016.0,348.0,404.0,599.0,347.0,1059.0,596.0,0000000000000000050f,49.5245694289288,C0504X02
542.0,1932.0,1506.0,372.0,434.0,1249.0,1193.0,423.0,268.0,2261.0,1903.0,571.0,875.0,1468.0,305.0,1835.0,1172.0,724.0,1175.0,495.0,2530.0,278.0,539.0,818.0,1005.0,428.0,873.0,382.0,2050.0,1247.0,335.0,2092.0,837.0,381.0,447.0,669.0,1753.0,697.0,257.0,1409.0,2308.0,425.0,2108.0,1145.0,1820.0,606.0,403.0,312.0,1799.0,854.0,2052.0,294.0,371.0,766.0,1650.0,511.0,488.0,845.0,428.0,1717.0,858.0,00000000000000000510,112.515268295542,C0505C01
608.0,2078.0,1599.0,413.0,477.0,1391.0,1320.0,460.0,301.0,2401.0,2102.0,635.0,967.0,1559.0,334.0,1968.0,1277.0,824.0,1314.0,557.0,2694.0,312.0,592.0,884.0,1153.0,487.0,942.0,415.0,2201.0,1378.0,373.0,2189.0,893.0,414.0,493.0,770.0,1922.0,784.0,278.0,1520.0,2478.0,483.0,2268.0,1287.0,2021.0,651.0,426.0,342.0,1988.0,945.0,2167.0,333.0,412.0,867.0,1754.0,602.0,516.0,927.0,469.0,1857.0,947.0,00000000000000000511,50.5777620857895,C0505C02
594.0,2000.0,1572.0,398.0,473.0,1365.0,1303.0,462.0,293.0,2321.0,2036.0,614.0,944.0,1532.0,328.0,1893.0,1249.0,803.0,1290.0,541.0,2602.0,303.0,584.0,875.0,1112.0,473.0,880.0,403.0,2117.0,1360.0,363.0,2129.0,883.0,409.0,472.0,749.0,1872.0,763.0,280.0,1490.0,2387.0,467.0,2178.0,1266.0,1958.0,647.0,418.0,333.0,1929.0,925.0,2100.0,323.0,404.0,844.0,1698.0,571.0,502.0,911.0,461.0,1819.0,924.0,00000000000000000512,87.874627599786,C0505C04
576.0,2000.0,1556.0,385.0,459.0,1311.0,1258.0,449.0,281.0,2335.0,1983.0,600.0,915.0,1517.0,319.0,1897.0,1229.0,772.0,1239.0,526.0,2606.0,292.0,568.0,856.0,1068.0,456.0,938.0,396.0,2124.0,1313.0,353.0,2148.0,870.0,400.0,468.0,712.0,1829.0,733.0,270.0,1467.0,2387.0,455.0,2179.0,1206.0,1903.0,637.0,417.0,323.0,1877.0,897.0,2112.0,312.0,390.0,808.0,1710.0,546.0,506.0,884.0,448.0,1783.0,896.0,00000000000000000513,72.8185621015517,C0505C05
593.0,1997.0,1563.0,400.0,468.0,1364.0,1298.0,456.0,294.0,2311.0,2041.0,615.0,942.0,1527.0,326.0,1891.0,1243.0,804.0,1289.0,540.0,2601.0,304.0,581.0,867.0,1116.0,472.0,877.0,402.0,2113.0,1354.0,363.0,2119.0,875.0,403.0,471.0,751.0,1870.0,763.0,277.0,1484.0,2385.0,469.0,2176.0,1266.0,1962.0,640.0,415.0,333.0,1932.0,924.0,2090.0,324.0,400.0,845.0,1688.0,576.0,500.0,908.0,456.0,1814.0,922.0,00000000000000000514,150.26674339142,C0505C09
622.0,2056.0,1619.0,420.0,498.0,1439.0,1371.0,479.0,304.0,2370.0,2143.0,647.0,988.0,1582.0,350.0,1949.0,1304.0,869.0,1367.0,570.0,2664.0,319.0,613.0,914.0,1198.0,505.0,935.0,420.0,2180.0,1428.0,385.0,2159.0,918.0,425.0,500.0,802.0,1959.0,808.0,293.0,1544.0,2451.0,499.0,2246.0,1344.0,2067.0,671.0,427.0,348.0,2033.0,991.0,2137.0,347.0,432.0,893.0,1734.0,625.0,517.0,964.0,481.0,1890.0,965.0,00000000000000000515,115.437296392273,C0505F01
725.0,2097.0,1744.0,497.0,582.0,1613.0,1523.0,563.0,373.0,2390.0,2306.0,738.0,1105.0,1698.0,432.0,1984.0,1447.0,1031.0,1548.0,667.0,2667.0,392.0,711.0,1034.0,1405.0,599.0,1058.0,497.0,2203.0,1592.0,464.0,2160.0,1016.0,507.0,587.0,936.0,2103.0,916.0,376.0,1664.0,2489.0,605.0,2302.0,1536.0,2231.0,761.0,488.0,420.0,2178.0,1145.0,2150.0,441.0,523.0,1018.0,1772.0,763.0,589.0,1107.0,563.0,1976.0,1059.0,00000000000000000516,108.119870860306,C0505F02
700.0,2088.0,1707.0,478.0,552.0,1566.0,1479.0,533.0,349.0,2378.0,2284.0,716.0,1078.0,1657.0,410.0,1960.0,1412.0,1007.0,1509.0,641.0,2655.0,366.0,679.0,999.0,1388.0,566.0,1088.0,478.0,2199.0,1538.0,449.0,2126.0,979.0,481.0,575.0,915.0,2076.0,884.0,345.0,1631.0,2481.0,603.0,2287.0,1495.0,2203.0,736.0,455.0,391.0,2156.0,1121.0,2134.0,424.0,494.0,990.0,1754.0,750.0,572.0,1078.0,540.0,1941.0,1027.0,00000000000000000517,57.6759656405645,C0505F03
651.0,2096.0,1654.0,434.0,507.0,1475.0,1400.0,494.0,316.0,2406.0,2195.0,670.0,1018.0,1612.0,366.0,1979.0,1339.0,911.0,1403.0,592.0,2701.0,326.0,631.0,942.0,1260.0,523.0,980.0,434.0,2214.0,1460.0,403.0,2170.0,943.0,441.0,521.0,837.0,2010.0,833.0,307.0,1578.0,2500.0,524.0,2286.0,1384.0,2122.0,688.0,434.0,355.0,2080.0,1031.0,2155.0,364.0,451.0,923.0,1754.0,664.0,530.0,1003.0,497.0,1917.0,986.0,00000000000000000518,176.164094530995,C0505F05
655.0,2111.0,1663.0,439.0,511.0,1482.0,1406.0,496.0,318.0,2429.0,2207.0,675.0,1025.0,1619.0,366.0,1995.0,1345.0,915.0,1411.0,597.0,2724.0,328.0,635.0,945.0,1264.0,527.0,992.0,439.0,2233.0,1468.0,405.0,2188.0,946.0,443.0,523.0,842.0,2019.0,838.0,307.0,1585.0,2521.0,529.0,2309.0,1389.0,2135.0,692.0,439.0,358.0,2092.0,1036.0,2174.0,366.0,452.0,927.0,1769.0,670.0,533.0,1007.0,500.0,1925.0,992.0,00000000000000000519,120.705834497773,C0505F08
710.0,2068.0,1712.0,488.0,564.0,1577.0,1494.0,545.0,362.0,2360.0,2273.0,724.0,1085.0,1666.0,421.0,1946.0,1417.0,1011.0,1517.0,648.0,2634.0,382.0,686.0,1010.0,1392.0,576.0,1071.0,488.0,2174.0,1554.0,454.0,2122.0,986.0,494.0,577.0,923.0,2067.0,895.0,356.0,1638.0,2458.0,602.0,2274.0,1504.0,2198.0,743.0,468.0,406.0,2142.0,1124.0,2117.0,431.0,509.0,998.0,1742.0,755.0,577.0,1086.0,550.0,1934.0,1038.0,0000000000000000051a,61.8123982803087,C0505P02
714.0,2109.0,1735.0,480.0,573.0,1590.0,1508.0,556.0,365.0,2405.0,2290.0,733.0,1097.0,1694.0,411.0,1989.0,1425.0,1002.0,1516.0,655.0,2697.0,375.0,697.0,1022.0,1358.0,587.0,1064.0,480.0,2223.0,1564.0,454.0,2183.0,1021.0,493.0,570.0,915.0,2099.0,901.0,357.0,1660.0,2493.0,580.0,2300.0,1499.0,2214.0,754.0,479.0,404.0,2173.0,1122.0,2163.0,416.0,502.0,1003.0,1775.0,733.0,580.0,1086.0,548.0,1997.0,1058.0,0000000000000000051b,59.106207769536,C0505P04
828.0,2242.0,1897.0,584.0,684.0,1792.0,1703.0,666.0,457.0,2520.0,2503.0,838.0,1246.0,1856.0,516.0,2125.0,1596.0,1159.0,1730.0,766.0,2825.0,476.0,820.0,1165.0,1565.0,700.0,1231.0,584.0,2339.0,1772.0,538.0,2285.0,1147.0,591.0,662.0,1076.0,2288.0,1057.0,459.0,1814.0,2643.0,681.0,2436.0,1716.0,2422.0,869.0,571.0,506.0,2365.0,1280.0,2275.0,519.0,610.0,1161.0,1896.0,868.0,662.0,1242.0,648.0,2154.0,1199.0,0000000000000000051c,55.295796581706,C0505P06
705.0,2107.0,1730.0,478.0,568.0,1581.0,1500.0,553.0,363.0,2396.0,2279.0,725.0,1088.0,1690.0,409.0,1986.0,1419.0,992.0,1507.0,647.0,2697.0,373.0,692.0,1014.0,1350.0,580.0,1059.0,478.0,2221.0,1556.0,452.0,2176.0,1014.0,493.0,568.0,907.0,2090.0,894.0,356.0,1655.0,2490.0,577.0,2291.0,1490.0,2203.0,749.0,478.0,401.0,2163.0,1112.0,2155.0,414.0,502.0,994.0,1767.0,722.0,578.0,1077.0,549.0,1989.0,1051.0,0000000000000000051d,136.951261747175,C0505P07
719.0,2105.0,1745.0,491.0,581.0,1609.0,1524.0,562.0,369.0,2404.0,2306.0,738.0,1107.0,1701.0,422.0,1988.0,1444.0,1022.0,1540.0,661.0,2683.0,385.0,705.0,1033.0,1387.0,593.0,1068.0,491.0,2217.0,1581.0,461.0,2176.0,1021.0,500.0,581.0,930.0,2110.0,911.0,366.0,1670.0,2495.0,597.0,2304.0,1522.0,2231.0,761.0,484.0,414.0,2186.0,1138.0,2164.0,429.0,510.0,1014.0,1777.0,751.0,590.0,1100.0,556.0,1999.0,1063.0,0000000000000000051e,120.212526920681,C0505P08
702.0,2051.0,1705.0,485.0,571.0,1571.0,1497.0,559.0,370.0,2339.0,2245.0,721.0,1086.0,1668.0,418.0,1939.0,1399.0,972.0,1497.0,645.0,2635.0,380.0,691.0,1009.0,1320.0,579.0,1040.0,485.0,2165.0,1551.0,452.0,2133.0,1010.0,491.0,564.0,903.0,2067.0,896.0,363.0,1632.0,2435.0,564.0,2229.0,1479.0,2170.0,748.0,485.0,409.0,2133.0,1092.0,2111.0,414.0,500.0,993.0,1728.0,711.0,574.0,1064.0,545.0,1978.0,1051.0,0000000000000000051f,168.015592061844,C0505R01
695.0,2050.0,1699.0,479.0,564.0,1564.0,1489.0,552.0,364.0,2341.0,2240.0,714.0,1079.0,1662.0,410.0,1937.0,1393.0,965.0,1491.0,637.0,2640.0,373.0,685.0,1002.0,1311.0,572.0,1040.0,479.0,2164.0,1545.0,444.0,2137.0,1003.0,483.0,557.0,895.0,2060.0,891.0,355.0,1626.0,2436.0,557.0,2230.0,1472.0,2165.0,742.0,480.0,403.0,2127.0,1086.0,2112.0,407.0,492.0,986.0,1726.0,704.0,566.0,1058.0,538.0,1974.0,1044.0,00000000000000000520,50.1609471373272,C0505R02
683.0,2085.0,1688.0,458.0,540.0,1529.0,1453.0,528.0,343.0,2376.0,2237.0,700.0,1058.0,1648.0,384.0,1971.0,1380.0,962.0,1464.0,625.0,2673.0,353.0,663.0,988.0,1309.0,556.0,1014.0,458.0,2199.0,1511.0,432.0,2149.0,979.0,466.0,547.0,872.0,2047.0,870.0,328.0,1615.0,2477.0,558.0,2273.0,1445.0,2162.0,719.0,456.0,382.0,2122.0,1076.0,2132.0,394.0,477.0,964.0,1743.0,704.0,556.0,1046.0,522.0,1949.0,1018.0,00000000000000000521,222.012731083259,C0505R03
794.0,2192.0,1848.0,559.0,654.0,1739.0,1649.0,639.0,432.0,2474.0,2435.0,803.0,1202.0,1806.0,491.0,2078.0,1552.0,1116.0,1674.0,735.0,2770.0,452.0,788.0,1125.0,1517.0,668.0,1162.0,559.0,2294.0,1716.0,515.0,2244.0,1110.0,566.0,638.0,1033.0,2227.0,1014.0,435.0,1769.0,2587.0,657.0,2387.0,1664.0,2359.0,840.0,548.0,481.0,2302.0,1238.0,2231.0,496.0,585.0,1118.0,1854.0,832.0,638.0,1201.0,622.0,2098.0,1155.0,00000000000000000522,86.7468352054086,C0505R04
667.0,2071.0,1676.0,448.0,536.0,1524.0,1449.0,527.0,335.0,2363.0,2219.0,686.0,1043.0,1639.0,388.0,1956.0,1369.0,936.0,1449.0,610.0,2662.0,344.0,660.0,973.0,1284.0,543.0,1027.0,448.0,2187.0,1505.0,423.0,2150.0,973.0,463.0,536.0,862.0,2040.0,855.0,332.0,1602.0,2461.0,537.0,2251.0,1431.0,2144.0,716.0,448.0,373.0,2106.0,1058.0,2130.0,385.0,472.0,954.0,1738.0,677.0,546.0,1030.0,519.0,1948.0,1012.0,00000000000000000523,113.063464528584,C0505R05
400.0,1323.0,1076.0,336.0,347.0,836.0,816.0,346.0,297.0,1433.0,1201.0,434.0,584.0,979.0,270.0,1201.0,772.0,490.0,782.0,372.0,1629.0,279.0,395.0,609.0,587.0,319.0,476.0,346.0,1364.0,776.0,291.0,1437.0,643.0,330.0,366.0,421.0,1151.0,466.0,220.0,935.0,1412.0,329.0,1420.0,765.0,1137.0,476.0,384.0,316.0,1153.0,575.0,1369.0,253.0,288.0,520.0,1077.0,341.0,403.0,583.0,346.0,1109.0,591.0,00000000000000000524,111.879267431531,C0505W01
455.0,1512.0,1235.0,371.0,397.0,973.0,946.0,388.0,313.0,1704.0,1423.0,486.0,683.0,1151.0,308.0,1401.0,905.0,571.0,904.0,420.0,1929.0,301.0,465.0,694.0,698.0,362.0,593.0,381.0,1592.0,930.0,314.0,1660.0,723.0,371.0,400.0,498.0,1341.0,544.0,255.0,1094.0,1693.0,361.0,1642.0,891.0,1365.0,542.0,421.0,341.0,1367.0,675.0,1596.0,273.0,337.0,609.0,1256.0,392.0,438.0,675.0,398.0,1312.0,683.0,00000000000000000525,87.1932977823448,C0505W02
580.0,1737.0,1488.0,457.0,495.0,1335.0,1262.0,476.0,356.0,2074.0,1899.0,598.0,916.0,1453.0,381.0,1626.0,1175.0,775.0,1253.0,535.0,2314.0,365.0,596.0,849.0,1041.0,473.0,800.0,457.0,1840.0,1318.0,399.0,1921.0,865.0,449.0,497.0,723.0,1735.0,733.0,338.0,1408.0,2091.0,488.0,1947.0,1235.0,1818.0,661.0,475.0,393.0,1790.0,901.0,1867.0,363.0,449.0,816.0,1485.0,560.0,524.0,883.0,500.0,1689.0,889.0,00000000000000000526,151.16948712125,C0505W04
441.0,1473.0,1194.0,355.0,376.0,944.0,916.0,370.0,299.0,1632.0,1383.0,470.0,667.0,1098.0,288.0,1352.0,865.0,539.0,873.0,403.0,1860.0,284.0,444.0,667.0,648.0,344.0,535.0,366.0,1543.0,892.0,305.0,1601.0,701.0,351.0,395.0,475.0,1307.0,523.0,233.0,1042.0,1622.0,353.0,1583.0,861.0,1321.0,525.0,408.0,325.0,1331.0,641.0,1545.0,262.0,314.0,591.0,1208.0,372.0,436.0,642.0,378.0,1277.0,667.0,00000000000000000527,143.564684480807,C0505W06
585.0,1988.0,1558.0,399.0,467.0,1351.0,1290.0,457.0,293.0,2308.0,2023.0,605.0,934.0,1520.0,325.0,1882.0,1238.0,796.0,1277.0,533.0,2587.0,303.0,578.0,865.0,1102.0,465.0,871.0,403.0,2104.0,1346.0,359.0,2117.0,874.0,405.0,468.0,741.0,1858.0,755.0,277.0,1478.0,2374.0,463.0,2166.0,1253.0,1944.0,640.0,418.0,333.0,1915.0,917.0,2088.0,320.0,400.0,835.0,1687.0,563.0,497.0,903.0,457.0,1805.0,915.0,00000000000000000528,75.61972283846,C0505X02
602.0,2048.0,1586.0,410.0,472.0,1379.0,1309.0,458.0,299.0,2367.0,2081.0,626.0,956.0,1551.0,329.0,1940.0,1263.0,817.0,1303.0,548.0,2664.0,309.0,588.0,876.0,1140.0,479.0,915.0,411.0,2168.0,1366.0,366.0,2167.0,886.0,407.0,481.0,762.0,1901.0,773.0,277.0,1508.0,2447.0,475.0,2234.0,1279.0,1999.0,647.0,422.0,340.0,1967.0,939.0,2139.0,326.0,406.0,858.0,1727.0,591.0,507.0,921.0,464.0,1840.0,936.0,00000000000000000529,197.140520249978,C0505X03
678.0,2088.0,1679.0,460.0,528.0,1522.0,1440.0,511.0,334.0,2389.0,2251.0,696.0,1049.0,1630.0,382.0,1961.0,1377.0,972.0,1463.0,619.0,2672.0,350.0,654.0,972.0,1336.0,545.0,1038.0,460.0,2203.0,1496.0,426.0,2130.0,956.0,456.0,549.0,878.0,2049.0,854.0,319.0,1603.0,2490.0,570.0,2287.0,1445.0,2175.0,710.0,443.0,374.0,2125.0,1085.0,2137.0,396.0,467.0,955.0,1747.0,717.0,551.0,1046.0,512.0,1925.0,1004.0,0000000000000000052a,91.5624638277703,C0505X05
536.0,1919.0,1497.0,367.0,433.0,1243.0,1188.0,421.0,264.0,2246.0,1890.0,564.0,868.0,1459.0,304.0,1822.0,1164.0,719.0,1169.0,491.0,2513.0,274.0,536.0,814.0,996.0,424.0,850.0,377.0,2039.0,1239.0,331.0,2080.0,832.0,379.0,443.0,666.0,1742.0,693.0,257.0,1399.0,2292.0,420.0,2093.0,1138.0,1809.0,603.0,397.0,309.0,1786.0,848.0,2038.0,291.0,370.0,763.0,1640.0,504.0,483.0,839.0,426.0,1707.0,853.0,0000000000000000052b,114.938442361983,C0505X06
565.0,1979.0,1546.0,386.0,454.0,1300.0,1249.0,445.0,281.0,2312.0,1966.0,594.0,914.0,1508.0,322.0,1875.0,1215.0,760.0,1230.0,516.0,2580.0,291.0,562.0,848.0,1050.0,447.0,914.0,397.0,2097.0,1299.0,350.0,2131.0,861.0,400.0,465.0,709.0,1812.0,731.0,274.0,1456.0,2361.0,451.0,2156.0,1196.0,1886.0,631.0,418.0,323.0,1860.0,886.0,2092.0,309.0,390.0,806.0,1690.0,535.0,506.0,876.0,448.0,1767.0,895.0,0000000000000000052c,121.244396994684,C0505X08
440.0,1353.0,1142.0,365.0,388.0,898.0,871.0,379.0,321.0,1525.0,1270.0,470.0,630.0,1045.0,302.0,1239.0,824.0,527.0,836.0,413.0,1702.0,309.0,443.0,642.0,644.0,354.0,547.0,374.0,1393.0,844.0,322.0,1511.0,672.0,370.0,396.0,461.0,1201.0,504.0,251.0,1009.0,1486.0,359.0,1493.0,810.0,1198.0,514.0,412.0,339.0,1215.0,616.0,1439.0,285.0,327.0,558.0,1120.0,387.0,433.0,625.0,378.0,1164.0,638.0,0000000000000000052d,42.3007795121285,C0506C02
421.0,1270.0,1099.0,348.0,358.0,847.0,820.0,348.0,306.0,1456.0,1200.0,449.0,601.0,1005.0,285.0,1149.0,776.0,490.0,783.0,390.0,1622.0,290.0,415.0,609.0,590.0,333.0,521.0,358.0,1300.0,795.0,302.0,1444.0,640.0,356.0,376.0,424.0,1126.0,465.0,232.0,965.0,1409.0,339.0,1425.0,755.0,1126.0,485.0,396.0,319.0,1138.0,584.0,1371.0,264.0,312.0,522.0,1043.0,365.0,414.0,593.0,365.0,1090.0,607.0,0000000000000000052e,57.8740813709687,C0506C04
525.0,1737.0,1411.0,413.0,452.0,1170.0,1122.0,433.0,322.0,2042.0,1699.0,544.0,816.0,1352.0,343.0,1624.0,1065.0,654.0,1094.0,487.0,2284.0,322.0,530.0,779.0,843.0,420.0,722.0,423.0,1863.0,1151.0,349.0,1926.0,808.0,417.0,459.0,615.0,1587.0,654.0,297.0,1275.0,2025.0,419.0,1907.0,1075.0,1633.0,616.0,453.0,362.0,1624.0,787.0,1878.0,309.0,399.0,721.0,1492.0,468.0,498.0,778.0,454.0,1568.0,807.0,0000000000000000052f,118.832590568603,C0506C05
465.0,1494.0,1229.0,378.0,395.0,969.0,940.0,390.0,327.0,1657.0,1400.0,495.0,689.0,1130.0,309.0,1372.0,893.0,565.0,904.0,427.0,1874.0,311.0,462.0,694.0,682.0,367.0,550.0,389.0,1558.0,914.0,331.0,1631.0,727.0,375.0,416.0,494.0,1326.0,543.0,253.0,1075.0,1639.0,374.0,1613.0,884.0,1333.0,545.0,431.0,348.0,1344.0,665.0,1569.0,281.0,335.0,611.0,1230.0,395.0,458.0,667.0,398.0,1289.0,689.0,00000000000000000530,38.4706708750104,C0506C06
432.0,1329.0,1132.0,357.0,377.0,886.0,858.0,368.0,310.0,1513.0,1256.0,459.0,623.0,1039.0,297.0,1215.0,810.0,516.0,822.0,400.0,1685.0,301.0,432.0,627.0,630.0,344.0,548.0,366.0,1366.0,837.0,312.0,1496.0,660.0,366.0,385.0,446.0,1181.0,491.0,246.0,998.0,1473.0,348.0,1478.0,795.0,1181.0,505.0,403.0,329.0,1198.0,606.0,1424.0,276.0,323.0,545.0,1104.0,379.0,421.0,615.0,374.0,1146.0,626.0,00000000000000000531,59.3320862183612,C0506C09
421.0,1281.0,1104.0,347.0,362.0,855.0,828.0,352.0,304.0,1465.0,1213.0,449.0,606.0,1012.0,289.0,1163.0,783.0,494.0,791.0,390.0,1632.0,290.0,418.0,609.0,600.0,334.0,526.0,356.0,1313.0,805.0,302.0,1452.0,641.0,359.0,376.0,430.0,1138.0,471.0,236.0,971.0,1420.0,339.0,1434.0,764.0,1137.0,488.0,394.0,319.0,1151.0,586.0,1380.0,265.0,315.0,527.0,1056.0,366.0,413.0,595.0,367.0,1102.0,611.0,00000000000000000532,44.4039776707261,C0506C12
416.0,1349.0,1091.0,344.0,362.0,853.0,835.0,363.0,308.0,1440.0,1209.0,452.0,599.0,993.0,282.0,1223.0,793.0,515.0,801.0,389.0,1635.0,289.0,409.0,631.0,610.0,335.0,492.0,354.0,1382.0,790.0,300.0,1451.0,667.0,342.0,376.0,437.0,1167.0,482.0,230.0,951.0,1423.0,338.0,1434.0,782.0,1147.0,491.0,393.0,326.0,1167.0,594.0,1381.0,263.0,297.0,536.0,1096.0,360.0,412.0,605.0,357.0,1124.0,610.0,00000000000000000533,121.502409417321,C0506F01
553.0,1870.0,1488.0,407.0,466.0,1268.0,1219.0,455.0,316.0,2180.0,1858.0,573.0,878.0,1432.0,343.0,1756.0,1153.0,715.0,1191.0,504.0,2448.0,316.0,563.0,828.0,954.0,437.0,802.0,416.0,1990.0,1261.0,356.0,2051.0,854.0,418.0,465.0,668.0,1725.0,706.0,296.0,1375.0,2205.0,435.0,2035.0,1162.0,1776.0,632.0,446.0,356.0,1763.0,848.0,1995.0,316.0,409.0,774.0,1597.0,505.0,505.0,838.0,465.0,1696.0,869.0,00000000000000000534,127.754346611785,C0506F02
815.0,2197.0,1870.0,572.0,672.0,1754.0,1669.0,653.0,454.0,2481.0,2447.0,835.0,1230.0,1833.0,500.0,2075.0,1567.0,1132.0,1680.0,757.0,2785.0,465.0,796.0,1151.0,1503.0,689.0,1175.0,572.0,2310.0,1726.0,531.0,2260.0,1149.0,584.0,644.0,1048.0,2255.0,1031.0,444.0,1796.0,2577.0,654.0,2380.0,1661.0,2370.0,852.0,571.0,494.0,2330.0,1255.0,2242.0,494.0,593.0,1135.0,1857.0,836.0,653.0,1217.0,639.0,2150.0,1191.0,00000000000000000535,69.1872003077283,C0506F03
703.0,2095.0,1725.0,478.0,569.0,1578.0,1503.0,559.0,363.0,2388.0,2276.0,722.0,1089.0,1681.0,408.0,1981.0,1411.0,985.0,1503.0,645.0,2687.0,373.0,693.0,1016.0,1334.0,577.0,1057.0,478.0,2209.0,1559.0,452.0,2176.0,1016.0,490.0,568.0,901.0,2088.0,901.0,360.0,1651.0,2485.0,575.0,2276.0,1491.0,2200.0,750.0,478.0,401.0,2155.0,1101.0,2149.0,414.0,499.0,995.0,1765.0,712.0,578.0,1073.0,546.0,1995.0,1052.0,00000000000000000536,42.7148827096876,C0506F04
735.0,2099.0,1758.0,510.0,600.0,1624.0,1548.0,589.0,393.0,2385.0,2307.0,755.0,1130.0,1719.0,437.0,1986.0,1448.0,1017.0,1552.0,677.0,2690.0,403.0,723.0,1055.0,1369.0,609.0,1051.0,510.0,2216.0,1604.0,474.0,2176.0,1055.0,513.0,588.0,944.0,2125.0,934.0,384.0,1685.0,2488.0,590.0,2275.0,1533.0,2231.0,780.0,510.0,432.0,2191.0,1140.0,2153.0,436.0,522.0,1037.0,1769.0,745.0,597.0,1111.0,568.0,2032.0,1095.0,00000000000000000537,75.8296967805603,C0506F05
405.0,1296.0,1138.0,377.0,427.0,787.0,788.0,392.0,305.0,1432.0,1208.0,509.0,601.0,1129.0,334.0,1262.0,897.0,590.0,757.0,429.0,1588.0,285.0,487.0,636.0,850.0,365.0,578.0,394.0,1346.0,871.0,371.0,1480.0,659.0,357.0,345.0,450.0,1193.0,523.0,335.0,1072.0,1325.0,365.0,1414.0,749.0,1138.0,460.0,386.0,332.0,1195.0,613.0,1462.0,308.0,283.0,615.0,1310.0,424.0,457.0,674.0,385.0,1162.0,681.0,00000000000000000538,43.7064831912879,C0506P01
496.0,1625.0,1343.0,402.0,429.0,1089.0,1050.0,418.0,329.0,1896.0,1575.0,521.0,759.0,1273.0,336.0,1518.0,1002.0,626.0,1015.0,458.0,2119.0,329.0,505.0,743.0,794.0,401.0,682.0,412.0,1729.0,1056.0,342.0,1813.0,776.0,403.0,431.0,570.0,1469.0,608.0,288.0,1205.0,1879.0,401.0,1794.0,996.0,1508.0,583.0,449.0,369.0,1501.0,743.0,1758.0,304.0,378.0,673.0,1390.0,440.0,472.0,734.0,432.0,1444.0,757.0,00000000000000000539,88.0552157736756,C0506P03
717.0,2106.0,1741.0,488.0,579.0,1602.0,1521.0,562.0,371.0,2398.0,2298.0,736.0,1105.0,1699.0,420.0,1991.0,1435.0,1013.0,1530.0,659.0,2688.0,383.0,701.0,1032.0,1368.0,591.0,1065.0,488.0,2219.0,1577.0,460.0,2177.0,1027.0,501.0,577.0,922.0,2107.0,911.0,366.0,1667.0,2493.0,589.0,2294.0,1514.0,2222.0,758.0,485.0,411.0,2180.0,1128.0,2158.0,424.0,510.0,1012.0,1774.0,738.0,586.0,1096.0,554.0,2006.0,1065.0,0000000000000000053a,96.1688116754333,C0506P05
436.0,1384.0,1200.0,394.0,425.0,890.0,872.0,387.0,322.0,1589.0,1307.0,516.0,634.0,1176.0,321.0,1350.0,927.0,579.0,853.0,420.0,1772.0,304.0,498.0,668.0,870.0,384.0,608.0,402.0,1453.0,968.0,352.0,1565.0,668.0,371.0,392.0,473.0,1253.0,566.0,296.0,1106.0,1507.0,385.0,1555.0,827.0,1258.0,480.0,402.0,340.0,1305.0,676.0,1646.0,305.0,336.0,650.0,1331.0,429.0,484.0,728.0,420.0,1234.0,735.0,0000000000000000053b,65.869700099008,C0506P06
403.0,1230.0,1064.0,337.0,350.0,809.0,787.0,335.0,290.0,1410.0,1170.0,442.0,582.0,986.0,278.0,1121.0,753.0,475.0,750.0,379.0,1580.0,277.0,408.0,590.0,595.0,320.0,516.0,347.0,1266.0,782.0,300.0,1402.0,618.0,344.0,356.0,403.0,1100.0,448.0,228.0,945.0,1344.0,332.0,1381.0,733.0,1092.0,467.0,382.0,309.0,1110.0,566.0,1353.0,254.0,297.0,511.0,1035.0,358.0,406.0,578.0,355.0,1062.0,599.0,0000000000000000053c,47.8746064224236,C0506P07
408.0,1332.0,1092.0,340.0,350.0,847.0,827.0,350.0,299.0,1449.0,1215.0,443.0,595.0,993.0,272.0,1210.0,780.0,496.0,792.0,379.0,1646.0,281.0,399.0,619.0,591.0,324.0,481.0,349.0,1376.0,786.0,292.0,1452.0,654.0,332.0,368.0,428.0,1162.0,474.0,221.0,948.0,1425.0,330.0,1434.0,774.0,1148.0,481.0,388.0,319.0,1164.0,585.0,1383.0,253.0,290.0,530.0,1084.0,346.0,405.0,592.0,348.0,1120.0,603.0,0000000000000000053d,128.38291170726,C0506R01
377.0,1275.0,1120.0,360.0,385.0,742.0,735.0,323.0,271.0,1469.0,1231.0,477.0,566.0,1147.0,296.0,1261.0,874.0,549.0,723.0,376.0,1663.0,259.0,458.0,613.0,912.0,335.0,551.0,369.0,1360.0,913.0,343.0,1452.0,598.0,335.0,331.0,395.0,1192.0,499.0,284.0,1081.0,1326.0,355.0,1410.0,742.0,1156.0,400.0,357.0,300.0,1216.0,611.0,1601.0,273.0,279.0,600.0,1328.0,409.0,457.0,675.0,375.0,1179.0,691.0,0000000000000000053e,49.1682760726062,C0506R02
512.0,1631.0,1390.0,427.0,469.0,1101.0,1077.0,427.0,334.0,1913.0,1652.0,569.0,768.0,1369.0,351.0,1584.0,1108.0,689.0,1060.0,477.0,2133.0,322.0,561.0,774.0,1045.0,433.0,729.0,435.0,1741.0,1208.0,378.0,1810.0,765.0,417.0,444.0,598.0,1567.0,680.0,331.0,1318.0,1862.0,436.0,1786.0,1053.0,1592.0,531.0,422.0,364.0,1647.0,793.0,1920.0,325.0,387.0,774.0,1542.0,502.0,532.0,839.0,465.0,1571.0,852.0,0000000000000000053f,68.3710914839809,C0506R03
506.0,1772.0,1405.0,395.0,430.0,1145.0,1099.0,410.0,302.0,2069.0,1709.0,525.0,805.0,1347.0,316.0,1663.0,1057.0,643.0,1070.0,467.0,2333.0,302.0,507.0,767.0,835.0,400.0,710.0,406.0,1899.0,1136.0,324.0,1955.0,795.0,390.0,424.0,602.0,1596.0,643.0,270.0,1270.0,2071.0,392.0,1933.0,1052.0,1643.0,595.0,437.0,343.0,1634.0,776.0,1903.0,285.0,371.0,710.0,1508.0,448.0,470.0,767.0,427.0,1577.0,795.0,00000000000000000540,98.0664973723056,C0506R04
404.0,1257.0,1144.0,362.0,422.0,741.0,768.0,393.0,296.0,1405.0,1177.0,534.0,608.0,1107.0,301.0,1226.0,893.0,577.0,699.0,418.0,1551.0,265.0,489.0,624.0,815.0,342.0,566.0,407.0,1323.0,846.0,415.0,1422.0,692.0,352.0,324.0,413.0,1165.0,506.0,331.0,1096.0,1314.0,369.0,1363.0,688.0,1083.0,475.0,395.0,334.0,1172.0,570.0,1370.0,308.0,259.0,596.0,1274.0,434.0,444.0,677.0,379.0,1144.0,706.0,00000000000000000541,52.4809990805608,C0506R05
426.0,1445.0,1215.0,374.0,411.0,921.0,911.0,383.0,294.0,1606.0,1390.0,496.0,670.0,1197.0,333.0,1383.0,936.0,609.0,874.0,426.0,1815.0,293.0,475.0,682.0,865.0,366.0,611.0,374.0,1509.0,986.0,355.0,1613.0,708.0,368.0,357.0,493.0,1344.0,551.0,307.0,1133.0,1529.0,364.0,1569.0,882.0,1327.0,483.0,391.0,329.0,1390.0,656.0,1669.0,293.0,318.0,634.0,1377.0,426.0,436.0,694.0,395.0,1317.0,709.0,00000000000000000542,41.1994744105093,C0506R06
504.0,1708.0,1380.0,403.0,434.0,1135.0,1088.0,415.0,312.0,2003.0,1663.0,523.0,790.0,1319.0,327.0,1598.0,1036.0,632.0,1060.0,466.0,2250.0,312.0,510.0,759.0,812.0,400.0,697.0,413.0,1836.0,1116.0,333.0,1892.0,787.0,400.0,441.0,592.0,1552.0,634.0,281.0,1242.0,1994.0,401.0,1870.0,1041.0,1598.0,596.0,444.0,353.0,1589.0,765.0,1841.0,293.0,382.0,700.0,1459.0,447.0,480.0,755.0,436.0,1533.0,784.0,00000000000000000543,45.2720408154622,C0506R07
520.0,1849.0,1459.0,387.0,439.0,1186.0,1138.0,419.0,290.0,2145.0,1779.0,540.0,824.0,1400.0,312.0,1740.0,1104.0,667.0,1110.0,480.0,2418.0,290.0,520.0,793.0,878.0,411.0,732.0,398.0,1979.0,1177.0,324.0,2030.0,821.0,389.0,426.0,619.0,1657.0,660.0,263.0,1322.0,2161.0,395.0,2008.0,1090.0,1711.0,610.0,430.0,333.0,1695.0,802.0,1971.0,283.0,370.0,727.0,1577.0,461.0,477.0,793.0,428.0,1637.0,814.0,00000000000000000544,60.4091323179285,C0506R08
438.0,1373.0,1123.0,354.0,379.0,867.0,850.0,387.0,330.0,1436.0,1223.0,477.0,616.0,1011.0,298.0,1251.0,810.0,534.0,821.0,411.0,1649.0,308.0,429.0,657.0,621.0,355.0,517.0,368.0,1402.0,797.0,315.0,1462.0,695.0,364.0,395.0,453.0,1178.0,500.0,239.0,974.0,1435.0,353.0,1446.0,795.0,1148.0,509.0,414.0,343.0,1178.0,611.0,1385.0,276.0,304.0,552.0,1093.0,374.0,427.0,634.0,369.0,1134.0,634.0,00000000000000000545,36.9083630081787,C0506R09
421.0,1307.0,1099.0,346.0,364.0,855.0,832.0,358.0,308.0,1459.0,1221.0,456.0,603.0,1000.0,284.0,1190.0,786.0,504.0,796.0,393.0,1640.0,294.0,418.0,617.0,606.0,338.0,494.0,356.0,1339.0,802.0,301.0,1453.0,652.0,351.0,374.0,437.0,1155.0,478.0,234.0,968.0,1424.0,338.0,1438.0,773.0,1147.0,486.0,393.0,327.0,1164.0,591.0,1381.0,265.0,306.0,532.0,1071.0,366.0,411.0,600.0,359.0,1116.0,612.0,00000000000000000546,130.849475069366,C0506R10
446.0,1424.0,1232.0,400.0,438.0,913.0,897.0,394.0,325.0,1629.0,1372.0,529.0,657.0,1217.0,331.0,1394.0,957.0,599.0,878.0,432.0,1826.0,308.0,509.0,686.0,922.0,393.0,622.0,409.0,1500.0,1009.0,367.0,1611.0,686.0,383.0,395.0,487.0,1313.0,583.0,308.0,1152.0,1535.0,393.0,1592.0,864.0,1308.0,487.0,405.0,346.0,1366.0,695.0,1710.0,312.0,344.0,673.0,1389.0,444.0,493.0,746.0,426.0,1294.0,759.0,00000000000000000547,46.7920966764226,C0506R11
441.0,1403.0,1219.0,400.0,435.0,898.0,882.0,391.0,325.0,1606.0,1335.0,524.0,644.0,1200.0,329.0,1370.0,943.0,591.0,863.0,426.0,1795.0,309.0,507.0,679.0,903.0,388.0,618.0,409.0,1473.0,990.0,363.0,1587.0,679.0,378.0,392.0,476.0,1279.0,571.0,305.0,1133.0,1512.0,391.0,1570.0,843.0,1277.0,486.0,406.0,345.0,1332.0,688.0,1678.0,309.0,341.0,660.0,1364.0,438.0,492.0,740.0,426.0,1260.0,746.0,00000000000000000548,10.8689022942091,C0506R12
529.0,1761.0,1422.0,412.0,454.0,1186.0,1138.0,435.0,322.0,2065.0,1726.0,548.0,826.0,1366.0,344.0,1653.0,1080.0,664.0,1109.0,489.0,2315.0,322.0,531.0,786.0,862.0,423.0,732.0,422.0,1886.0,1173.0,346.0,1949.0,814.0,417.0,453.0,627.0,1613.0,664.0,297.0,1290.0,2057.0,415.0,1930.0,1090.0,1659.0,617.0,452.0,362.0,1650.0,796.0,1901.0,307.0,399.0,731.0,1511.0,472.0,491.0,786.0,454.0,1593.0,816.0,00000000000000000549,88.8352864611332,C0506R14
393.0,1315.0,1137.0,370.0,387.0,803.0,788.0,329.0,285.0,1543.0,1293.0,477.0,583.0,1143.0,294.0,1298.0,893.0,548.0,780.0,376.0,1733.0,265.0,462.0,619.0,907.0,340.0,550.0,379.0,1402.0,951.0,329.0,1491.0,604.0,343.0,350.0,422.0,1226.0,526.0,278.0,1095.0,1428.0,356.0,1465.0,783.0,1218.0,401.0,357.0,306.0,1288.0,637.0,1625.0,267.0,301.0,619.0,1332.0,407.0,456.0,693.0,388.0,1228.0,703.0,0000000000000000054a,69.2510702297613,C0506R15
547.0,1727.0,1430.0,417.0,465.0,1249.0,1200.0,454.0,331.0,2046.0,1788.0,565.0,851.0,1385.0,357.0,1624.0,1121.0,699.0,1174.0,502.0,2285.0,332.0,556.0,803.0,936.0,441.0,800.0,424.0,1846.0,1238.0,364.0,1915.0,821.0,427.0,464.0,654.0,1658.0,687.0,314.0,1331.0,2054.0,438.0,1908.0,1155.0,1715.0,619.0,451.0,369.0,1695.0,824.0,1866.0,328.0,418.0,753.0,1489.0,505.0,500.0,815.0,470.0,1629.0,841.0,0000000000000000054b,120.806067994282,C0506R16
431.0,1310.0,1113.0,356.0,377.0,861.0,838.0,373.0,319.0,1465.0,1222.0,468.0,614.0,1017.0,297.0,1191.0,802.0,518.0,802.0,404.0,1639.0,305.0,433.0,632.0,619.0,349.0,521.0,366.0,1341.0,806.0,311.0,1462.0,668.0,365.0,385.0,450.0,1156.0,487.0,245.0,984.0,1423.0,348.0,1447.0,775.0,1146.0,497.0,404.0,338.0,1164.0,604.0,1389.0,274.0,317.0,541.0,1077.0,376.0,422.0,614.0,373.0,1112.0,623.0,0000000000000000054c,53.6980204400378,C0506R17
435.0,1411.0,1215.0,396.0,430.0,881.0,870.0,374.0,314.0,1612.0,1383.0,521.0,644.0,1222.0,328.0,1392.0,958.0,595.0,853.0,424.0,1816.0,297.0,497.0,673.0,969.0,382.0,602.0,405.0,1492.0,1012.0,367.0,1594.0,670.0,377.0,365.0,468.0,1323.0,565.0,311.0,1170.0,1485.0,379.0,1560.0,853.0,1299.0,462.0,393.0,340.0,1375.0,684.0,1721.0,298.0,330.0,659.0,1417.0,445.0,477.0,731.0,413.0,1309.0,745.0,0000000000000000054d,56.1632399892377,C0506R18
523.0,1726.0,1403.0,409.0,451.0,1191.0,1139.0,433.0,322.0,2035.0,1723.0,541.0,824.0,1353.0,343.0,1622.0,1075.0,663.0,1111.0,480.0,2278.0,322.0,532.0,782.0,873.0,421.0,745.0,419.0,1848.0,1182.0,344.0,1916.0,804.0,414.0,446.0,626.0,1607.0,657.0,299.0,1285.0,2030.0,415.0,1898.0,1093.0,1653.0,609.0,448.0,361.0,1644.0,792.0,1869.0,307.0,397.0,727.0,1479.0,473.0,484.0,783.0,449.0,1583.0,815.0,0000000000000000054e,127.672259724725,C0506W01
364.0,1223.0,1088.0,353.0,395.0,697.0,705.0,359.0,276.0,1343.0,1118.0,483.0,552.0,1082.0,313.0,1195.0,847.0,560.0,675.0,398.0,1513.0,258.0,451.0,596.0,822.0,329.0,546.0,372.0,1273.0,810.0,353.0,1402.0,620.0,329.0,316.0,401.0,1122.0,474.0,310.0,1030.0,1242.0,345.0,1325.0,669.0,1050.0,410.0,353.0,300.0,1123.0,570.0,1394.0,288.0,247.0,583.0,1261.0,394.0,442.0,647.0,360.0,1082.0,644.0,0000000000000000054f,58.6379668565676,C0506W09
443.0,1351.0,1115.0,356.0,384.0,862.0,846.0,395.0,335.0,1395.0,1204.0,487.0,617.0,994.0,302.0,1230.0,799.0,537.0,818.0,420.0,1616.0,313.0,435.0,663.0,608.0,359.0,523.0,370.0,1374.0,787.0,325.0,1430.0,700.0,366.0,400.0,455.0,1162.0,500.0,240.0,963.0,1399.0,359.0,1418.0,787.0,1127.0,516.0,420.0,346.0,1159.0,611.0,1350.0,284.0,305.0,552.0,1060.0,379.0,435.0,637.0,373.0,1114.0,636.0,00000000000000000550,55.1996246499044,C0506X01
478.0,1545.0,1292.0,387.0,412.0,1042.0,1006.0,403.0,321.0,1816.0,1504.0,505.0,729.0,1221.0,329.0,1443.0,957.0,601.0,969.0,441.0,2019.0,321.0,487.0,713.0,757.0,387.0,656.0,396.0,1639.0,1006.0,336.0,1741.0,746.0,392.0,419.0,544.0,1401.0,581.0,279.0,1156.0,1788.0,391.0,1723.0,949.0,1438.0,562.0,434.0,359.0,1431.0,713.0,1683.0,299.0,366.0,646.0,1322.0,423.0,459.0,703.0,418.0,1375.0,729.0,00000000000000000551,86.6206621780616,C0506X03
726.0,2099.0,1753.0,496.0,590.0,1624.0,1533.0,571.0,373.0,2391.0,2318.0,738.0,1115.0,1707.0,433.0,1986.0,1457.0,1039.0,1559.0,667.0,2668.0,392.0,721.0,1042.0,1417.0,601.0,1067.0,496.0,2204.0,1603.0,473.0,2161.0,1023.0,507.0,597.0,945.0,2113.0,926.0,378.0,1673.0,2491.0,617.0,2304.0,1547.0,2242.0,770.0,486.0,420.0,2188.0,1152.0,2152.0,451.0,523.0,1029.0,1774.0,765.0,600.0,1115.0,562.0,1986.0,1068.0,00000000000000000552,78.2536590499663,C0507C01
619.0,2069.0,1612.0,422.0,493.0,1428.0,1359.0,474.0,302.0,2386.0,2139.0,644.0,987.0,1574.0,347.0,1958.0,1299.0,863.0,1353.0,570.0,2686.0,318.0,609.0,907.0,1192.0,501.0,941.0,422.0,2196.0,1415.0,382.0,2171.0,910.0,423.0,499.0,796.0,1954.0,802.0,289.0,1540.0,2470.0,499.0,2261.0,1331.0,2063.0,666.0,429.0,348.0,2030.0,985.0,2152.0,343.0,432.0,888.0,1742.0,622.0,515.0,957.0,480.0,1883.0,965.0,00000000000000000553,51.2971136561287,C0507C02
626.0,2069.0,1627.0,420.0,504.0,1446.0,1379.0,485.0,302.0,2383.0,2155.0,651.0,996.0,1589.0,356.0,1962.0,1311.0,876.0,1374.0,573.0,2680.0,317.0,620.0,918.0,1207.0,509.0,947.0,420.0,2195.0,1436.0,392.0,2168.0,923.0,432.0,510.0,810.0,1970.0,815.0,299.0,1551.0,2466.0,510.0,2259.0,1351.0,2079.0,678.0,425.0,347.0,2046.0,998.0,2149.0,353.0,442.0,901.0,1744.0,631.0,525.0,970.0,489.0,1899.0,972.0,00000000000000000554,80.7437060867957,C0507C03
627.0,2083.0,1625.0,422.0,498.0,1447.0,1376.0,480.0,302.0,2396.0,2160.0,650.0,998.0,1587.0,352.0,1970.0,1311.0,876.0,1373.0,576.0,2700.0,316.0,614.0,917.0,1209.0,508.0,952.0,422.0,2210.0,1433.0,392.0,2178.0,922.0,428.0,510.0,808.0,1973.0,812.0,295.0,1553.0,2485.0,510.0,2271.0,1349.0,2084.0,672.0,425.0,346.0,2049.0,998.0,2159.0,353.0,438.0,898.0,1751.0,633.0,524.0,970.0,485.0,1899.0,973.0,00000000000000000555,117.240733508865,C0507C04
689.0,2102.0,1701.0,460.0,534.0,1538.0,1457.0,518.0,339.0,2399.0,2261.0,704.0,1067.0,1650.0,392.0,1980.0,1392.0,978.0,1473.0,628.0,2689.0,352.0,660.0,988.0,1340.0,556.0,1030.0,460.0,2217.0,1516.0,431.0,2148.0,979.0,467.0,550.0,889.0,2062.0,873.0,330.0,1624.0,2506.0,567.0,2295.0,1457.0,2189.0,717.0,447.0,378.0,2138.0,1096.0,2145.0,396.0,481.0,971.0,1757.0,722.0,556.0,1058.0,522.0,1944.0,1024.0,00000000000000000556,96.2884111089101,C0507C05
757.0,2142.0,1794.0,520.0,615.0,1665.0,1581.0,596.0,398.0,2432.0,2363.0,771.0,1153.0,1750.0,451.0,2027.0,1496.0,1063.0,1602.0,699.0,2718.0,415.0,744.0,1075.0,1447.0,630.0,1087.0,520.0,2250.0,1642.0,487.0,2205.0,1062.0,528.0,606.0,980.0,2163.0,961.0,395.0,1720.0,2532.0,623.0,2341.0,1584.0,2288.0,795.0,513.0,443.0,2238.0,1184.0,2193.0,461.0,543.0,1064.0,1812.0,790.0,611.0,1147.0,584.0,2048.0,1109.0,00000000000000000557,116.030002679141,C0507F01
670.0,2104.0,1689.0,449.0,529.0,1516.0,1441.0,519.0,332.0,2395.0,2233.0,689.0,1049.0,1642.0,373.0,1989.0,1376.0,948.0,1441.0,612.0,2701.0,342.0,652.0,976.0,1290.0,544.0,1010.0,449.0,2220.0,1497.0,423.0,2170.0,976.0,456.0,538.0,860.0,2044.0,860.0,326.0,1613.0,2498.0,547.0,2282.0,1431.0,2157.0,708.0,449.0,371.0,2111.0,1062.0,2159.0,384.0,466.0,954.0,1763.0,680.0,548.0,1033.0,512.0,1950.0,1011.0,00000000000000000558,169.492062554285,C0507F02
675.0,2081.0,1664.0,460.0,524.0,1522.0,1433.0,508.0,331.0,2376.0,2251.0,693.0,1046.0,1612.0,383.0,1951.0,1372.0,970.0,1466.0,617.0,2658.0,346.0,652.0,960.0,1341.0,541.0,1047.0,460.0,2200.0,1490.0,424.0,2109.0,939.0,456.0,549.0,882.0,2044.0,849.0,318.0,1588.0,2484.0,574.0,2279.0,1448.0,2173.0,709.0,436.0,372.0,2125.0,1082.0,2127.0,397.0,470.0,957.0,1743.0,724.0,548.0,1036.0,513.0,1908.0,995.0,00000000000000000559,125.736360468138,C0507F07
692.0,2107.0,1704.0,462.0,538.0,1544.0,1463.0,523.0,340.0,2407.0,2269.0,707.0,1068.0,1652.0,391.0,1983.0,1395.0,981.0,1478.0,629.0,2697.0,354.0,666.0,987.0,1347.0,559.0,1043.0,462.0,2223.0,1521.0,438.0,2153.0,977.0,466.0,560.0,891.0,2068.0,873.0,330.0,1624.0,2513.0,579.0,2303.0,1464.0,2197.0,724.0,448.0,379.0,2145.0,1096.0,2152.0,404.0,480.0,972.0,1761.0,726.0,565.0,1058.0,522.0,1949.0,1025.0,0000000000000000055a,255.105114982125,C0507P03
761.0,2148.0,1800.0,528.0,624.0,1665.0,1584.0,608.0,411.0,2431.0,2357.0,781.0,1155.0,1760.0,450.0,2030.0,1492.0,1058.0,1593.0,703.0,2731.0,421.0,748.0,1084.0,1424.0,636.0,1062.0,528.0,2261.0,1640.0,493.0,2215.0,1084.0,533.0,606.0,973.0,2169.0,958.0,398.0,1726.0,2528.0,615.0,2327.0,1574.0,2281.0,805.0,528.0,450.0,2241.0,1180.0,2194.0,455.0,542.0,1061.0,1813.0,777.0,615.0,1146.0,587.0,2069.0,1118.0,0000000000000000055b,110.925846177988,C0507P05
683.0,2099.0,1689.0,461.0,530.0,1528.0,1449.0,516.0,338.0,2400.0,2255.0,696.0,1058.0,1640.0,381.0,1973.0,1384.0,972.0,1464.0,618.0,2688.0,352.0,660.0,978.0,1334.0,548.0,1037.0,461.0,2215.0,1506.0,430.0,2144.0,966.0,456.0,550.0,880.0,2054.0,864.0,321.0,1612.0,2505.0,570.0,2297.0,1447.0,2184.0,717.0,448.0,378.0,2130.0,1086.0,2146.0,395.0,471.0,962.0,1752.0,716.0,556.0,1048.0,512.0,1935.0,1016.0,0000000000000000055c,158.127524361995,C0507P06
709.0,2095.0,1731.0,488.0,572.0,1589.0,1504.0,553.0,366.0,2395.0,2288.0,727.0,1096.0,1688.0,416.0,1975.0,1428.0,1009.0,1521.0,652.0,2672.0,382.0,696.0,1016.0,1376.0,584.0,1061.0,488.0,2206.0,1562.0,460.0,2163.0,1007.0,493.0,578.0,923.0,2092.0,901.0,357.0,1656.0,2484.0,594.0,2296.0,1504.0,2212.0,752.0,482.0,411.0,2167.0,1125.0,2151.0,426.0,504.0,1004.0,1768.0,742.0,583.0,1087.0,549.0,1976.0,1052.0,0000000000000000055d,174.328906855133,C0507P07
595.0,2030.0,1573.0,402.0,467.0,1364.0,1299.0,456.0,293.0,2352.0,2058.0,616.0,945.0,1539.0,324.0,1924.0,1252.0,806.0,1288.0,541.0,2644.0,303.0,581.0,868.0,1122.0,472.0,913.0,405.0,2151.0,1355.0,363.0,2154.0,880.0,403.0,476.0,751.0,1884.0,764.0,274.0,1494.0,2428.0,470.0,2213.0,1265.0,1976.0,642.0,417.0,334.0,1946.0,929.0,2127.0,322.0,401.0,847.0,1716.0,577.0,504.0,910.0,458.0,1826.0,926.0,0000000000000000055e,149.388201856628,C0507P08
691.0,2094.0,1705.0,468.0,551.0,1552.0,1475.0,539.0,353.0,2385.0,2255.0,711.0,1072.0,1666.0,395.0,1977.0,1395.0,970.0,1481.0,633.0,2685.0,363.0,674.0,998.0,1320.0,566.0,1035.0,468.0,2208.0,1531.0,441.0,2165.0,995.0,477.0,557.0,888.0,2068.0,881.0,341.0,1630.0,2482.0,564.0,2279.0,1463.0,2179.0,731.0,468.0,391.0,2140.0,1088.0,2145.0,403.0,487.0,980.0,1755.0,707.0,567.0,1057.0,533.0,1971.0,1036.0,0000000000000000055f,142.153677925993,C0507R02
610.0,2026.0,1602.0,417.0,491.0,1425.0,1352.0,475.0,309.0,2339.0,2106.0,636.0,973.0,1566.0,345.0,1918.0,1282.0,844.0,1349.0,559.0,2634.0,320.0,607.0,900.0,1166.0,492.0,917.0,417.0,2142.0,1409.0,381.0,2143.0,906.0,420.0,489.0,784.0,1929.0,793.0,293.0,1525.0,2413.0,487.0,2212.0,1326.0,2030.0,665.0,427.0,349.0,1995.0,965.0,2111.0,343.0,420.0,879.0,1710.0,605.0,516.0,945.0,476.0,1865.0,949.0,00000000000000000560,131.030261619831,C0507R03
696.0,2101.0,1714.0,468.0,558.0,1562.0,1485.0,547.0,353.0,2394.0,2265.0,715.0,1074.0,1674.0,402.0,1985.0,1402.0,976.0,1488.0,637.0,2694.0,363.0,682.0,1007.0,1325.0,569.0,1049.0,468.0,2216.0,1542.0,442.0,2176.0,1006.0,483.0,558.0,889.0,2079.0,883.0,348.0,1639.0,2492.0,564.0,2284.0,1472.0,2189.0,739.0,468.0,391.0,2148.0,1095.0,2154.0,404.0,492.0,983.0,1764.0,708.0,567.0,1066.0,539.0,1983.0,1040.0,00000000000000000561,134.614139096492,C0507R04
608.0,2030.0,1597.0,412.0,489.0,1422.0,1351.0,470.0,300.0,2337.0,2116.0,634.0,974.0,1563.0,347.0,1922.0,1286.0,853.0,1350.0,558.0,2630.0,314.0,602.0,900.0,1178.0,494.0,916.0,412.0,2149.0,1407.0,383.0,2134.0,905.0,422.0,495.0,789.0,1936.0,796.0,291.0,1523.0,2417.0,491.0,2214.0,1327.0,2041.0,658.0,419.0,343.0,2005.0,973.0,2106.0,345.0,425.0,881.0,1709.0,610.0,515.0,948.0,478.0,1868.0,950.0,00000000000000000562,210.651666267349,C0507R05
573.0,1947.0,1541.0,394.0,472.0,1342.0,1284.0,459.0,293.0,2273.0,1980.0,599.0,925.0,1504.0,336.0,1841.0,1214.0,774.0,1270.0,525.0,2535.0,303.0,579.0,859.0,1061.0,460.0,865.0,401.0,2064.0,1338.0,363.0,2099.0,872.0,411.0,471.0,721.0,1826.0,745.0,289.0,1453.0,2317.0,458.0,2124.0,1238.0,1898.0,647.0,419.0,336.0,1877.0,899.0,2058.0,324.0,403.0,824.0,1662.0,546.0,509.0,889.0,460.0,1782.0,903.0,00000000000000000563,238.175718721443,C0507W04
435.0,1471.0,1177.0,357.0,375.0,933.0,904.0,369.0,306.0,1598.0,1366.0,465.0,656.0,1076.0,278.0,1341.0,852.0,530.0,867.0,401.0,1830.0,286.0,434.0,666.0,635.0,341.0,531.0,370.0,1536.0,876.0,299.0,1582.0,699.0,344.0,389.0,469.0,1303.0,517.0,224.0,1024.0,1590.0,347.0,1561.0,855.0,1305.0,523.0,412.0,330.0,1320.0,630.0,1520.0,257.0,300.0,585.0,1190.0,368.0,430.0,636.0,364.0,1269.0,657.0,00000000000000000564,423.434345152342,C0507W05
489.0,1737.0,1375.0,363.0,404.0,1105.0,1057.0,384.0,261.0,2000.0,1672.0,510.0,767.0,1308.0,281.0,1614.0,1019.0,606.0,1028.0,448.0,2276.0,261.0,486.0,747.0,772.0,375.0,718.0,375.0,1874.0,1080.0,305.0,1912.0,776.0,358.0,414.0,560.0,1565.0,600.0,232.0,1224.0,1998.0,381.0,1874.0,1009.0,1604.0,578.0,409.0,318.0,1594.0,741.0,1851.0,261.0,338.0,678.0,1472.0,427.0,469.0,731.0,397.0,1545.0,761.0,00000000000000000565,64.4072331756103,C0507W06
684.0,2088.0,1687.0,460.0,532.0,1527.0,1443.0,514.0,342.0,2383.0,2239.0,698.0,1057.0,1639.0,385.0,1972.0,1380.0,962.0,1462.0,625.0,2671.0,353.0,655.0,979.0,1321.0,549.0,1015.0,460.0,2202.0,1508.0,431.0,2139.0,970.0,459.0,547.0,878.0,2044.0,867.0,325.0,1615.0,2490.0,562.0,2280.0,1444.0,2168.0,712.0,450.0,381.0,2120.0,1084.0,2131.0,393.0,473.0,962.0,1747.0,714.0,556.0,1046.0,511.0,1930.0,1014.0,00000000000000000566,242.009475740542,C0507X01
596.0,2011.0,1565.0,404.0,466.0,1360.0,1295.0,456.0,294.0,2331.0,2054.0,615.0,942.0,1536.0,324.0,1904.0,1243.0,806.0,1285.0,538.0,2625.0,304.0,582.0,864.0,1117.0,469.0,885.0,405.0,2129.0,1352.0,362.0,2138.0,874.0,401.0,473.0,750.0,1875.0,761.0,276.0,1489.0,2411.0,472.0,2194.0,1266.0,1969.0,641.0,416.0,334.0,1940.0,928.0,2109.0,322.0,400.0,846.0,1697.0,575.0,503.0,909.0,458.0,1819.0,923.0,00000000000000000567,139.078953946239,C0507X02
637.0,2072.0,1645.0,430.0,518.0,1482.0,1406.0,499.0,313.0,2383.0,2179.0,664.0,1014.0,1615.0,366.0,1957.0,1330.0,894.0,1406.0,587.0,2677.0,331.0,635.0,941.0,1219.0,519.0,972.0,430.0,2191.0,1464.0,402.0,2181.0,942.0,442.0,519.0,823.0,1995.0,831.0,308.0,1569.0,2463.0,511.0,2259.0,1387.0,2102.0,694.0,439.0,361.0,2064.0,1018.0,2144.0,363.0,444.0,918.0,1742.0,637.0,538.0,989.0,500.0,1927.0,985.0,00000000000000000568,104.485551981868,C0507X03
556.0,1897.0,1501.0,401.0,469.0,1298.0,1244.0,450.0,304.0,2220.0,1901.0,580.0,893.0,1459.0,340.0,1790.0,1171.0,734.0,1221.0,508.0,2485.0,310.0,568.0,836.0,988.0,446.0,829.0,410.0,2022.0,1296.0,354.0,2068.0,855.0,415.0,461.0,690.0,1762.0,721.0,293.0,1401.0,2253.0,438.0,2069.0,1193.0,1825.0,637.0,433.0,349.0,1805.0,867.0,2019.0,315.0,405.0,790.0,1624.0,514.0,500.0,857.0,461.0,1728.0,878.0,00000000000000000569,75.1460064807343,C0508C01
515.0,1691.0,1385.0,406.0,446.0,1165.0,1117.0,428.0,322.0,2001.0,1681.0,534.0,806.0,1332.0,340.0,1588.0,1054.0,649.0,1089.0,477.0,2237.0,322.0,522.0,769.0,845.0,414.0,731.0,416.0,1814.0,1156.0,343.0,1887.0,795.0,409.0,445.0,612.0,1570.0,647.0,296.0,1260.0,1986.0,410.0,1868.0,1071.0,1615.0,604.0,444.0,359.0,1606.0,778.0,1840.0,306.0,393.0,713.0,1455.0,462.0,482.0,769.0,445.0,1550.0,797.0,0000000000000000056a,80.2488651240638,C0508C03
614.0,1983.0,1591.0,418.0,499.0,1425.0,1359.0,485.0,314.0,2306.0,2073.0,633.0,974.0,1558.0,355.0,1877.0,1265.0,830.0,1349.0,557.0,2584.0,324.0,610.0,900.0,1143.0,495.0,906.0,418.0,2095.0,1412.0,383.0,2130.0,910.0,429.0,488.0,781.0,1905.0,790.0,308.0,1510.0,2363.0,484.0,2172.0,1326.0,1998.0,678.0,428.0,352.0,1969.0,955.0,2088.0,345.0,428.0,879.0,1686.0,594.0,517.0,937.0,484.0,1850.0,946.0,0000000000000000056b,99.9296367166161,C0508C04
545.0,1888.0,1493.0,391.0,460.0,1284.0,1231.0,441.0,296.0,2209.0,1884.0,570.0,886.0,1451.0,334.0,1782.0,1164.0,724.0,1208.0,498.0,2474.0,302.0,558.0,828.0,977.0,437.0,815.0,401.0,2015.0,1284.0,352.0,2059.0,847.0,409.0,460.0,682.0,1747.0,714.0,287.0,1393.0,2243.0,436.0,2059.0,1180.0,1809.0,626.0,424.0,341.0,1790.0,857.0,2009.0,313.0,400.0,782.0,1616.0,503.0,500.0,847.0,456.0,1714.0,870.0,0000000000000000056c,45.298212884126,C0508C06
544.0,1929.0,1511.0,374.0,444.0,1267.0,1215.0,433.0,271.0,2257.0,1917.0,569.0,883.0,1473.0,313.0,1830.0,1181.0,733.0,1196.0,498.0,2521.0,282.0,549.0,824.0,1016.0,431.0,849.0,384.0,2050.0,1266.0,336.0,2085.0,840.0,389.0,446.0,682.0,1767.0,707.0,266.0,1417.0,2303.0,427.0,2104.0,1164.0,1836.0,617.0,404.0,314.0,1813.0,860.0,2045.0,296.0,380.0,780.0,1649.0,514.0,486.0,851.0,437.0,1728.0,866.0,0000000000000000056d,91.8914703621005,C0508C07
388.0,1229.0,1025.0,319.0,329.0,777.0,759.0,331.0,299.0,1313.0,1105.0,425.0,554.0,919.0,262.0,1117.0,723.0,466.0,726.0,360.0,1501.0,279.0,381.0,583.0,545.0,313.0,448.0,329.0,1255.0,714.0,281.0,1339.0,618.0,320.0,357.0,394.0,1062.0,439.0,204.0,883.0,1296.0,319.0,1315.0,707.0,1035.0,446.0,377.0,309.0,1062.0,538.0,1261.0,243.0,263.0,484.0,980.0,323.0,386.0,564.0,321.0,1019.0,564.0,0000000000000000056e,79.6261146162736,C0508C08
573.0,1942.0,1537.0,394.0,472.0,1342.0,1284.0,458.0,293.0,2266.0,1975.0,598.0,922.0,1499.0,337.0,1836.0,1209.0,772.0,1268.0,525.0,2531.0,303.0,579.0,858.0,1057.0,460.0,863.0,400.0,2058.0,1337.0,363.0,2094.0,871.0,412.0,471.0,721.0,1820.0,744.0,290.0,1448.0,2310.0,457.0,2117.0,1238.0,1894.0,647.0,419.0,336.0,1872.0,898.0,2052.0,324.0,404.0,822.0,1656.0,546.0,509.0,887.0,460.0,1778.0,901.0,0000000000000000056f,122.810471498957,C0508C10
518.0,1716.0,1398.0,412.0,448.0,1159.0,1112.0,429.0,322.0,2021.0,1684.0,536.0,809.0,1339.0,341.0,1606.0,1055.0,649.0,1084.0,480.0,2261.0,322.0,524.0,774.0,835.0,414.0,720.0,422.0,1842.0,1143.0,343.0,1907.0,802.0,414.0,450.0,610.0,1572.0,649.0,296.0,1263.0,2004.0,411.0,1887.0,1065.0,1619.0,610.0,451.0,362.0,1609.0,782.0,1859.0,305.0,396.0,715.0,1474.0,461.0,488.0,772.0,451.0,1554.0,799.0,00000000000000000570,103.276946219359,C0508C11
582.0,1822.0,1500.0,435.0,497.0,1368.0,1295.0,478.0,335.0,2134.0,1943.0,600.0,930.0,1467.0,363.0,1712.0,1188.0,777.0,1288.0,535.0,2399.0,344.0,598.0,849.0,1055.0,474.0,870.0,435.0,1926.0,1351.0,384.0,1978.0,865.0,433.0,483.0,739.0,1781.0,748.0,320.0,1420.0,2177.0,474.0,2006.0,1268.0,1864.0,663.0,445.0,371.0,1835.0,902.0,1925.0,348.0,433.0,832.0,1543.0,563.0,510.0,884.0,485.0,1734.0,903.0,00000000000000000571,94.9591234844536,C0508C12
607.0,1989.0,1589.0,418.0,495.0,1421.0,1353.0,480.0,314.0,2306.0,2077.0,628.0,969.0,1554.0,347.0,1884.0,1266.0,831.0,1344.0,552.0,2590.0,323.0,607.0,897.0,1147.0,489.0,904.0,418.0,2101.0,1407.0,383.0,2126.0,905.0,420.0,488.0,778.0,1907.0,788.0,302.0,1510.0,2369.0,485.0,2176.0,1322.0,2002.0,671.0,427.0,352.0,1972.0,955.0,2088.0,345.0,420.0,875.0,1688.0,592.0,517.0,936.0,475.0,1849.0,941.0,00000000000000000572,103.293123551547,C0508C13
517.0,1683.0,1378.0,395.0,442.0,1176.0,1124.0,425.0,314.0,1991.0,1695.0,535.0,807.0,1329.0,338.0,1580.0,1056.0,648.0,1096.0,474.0,2228.0,314.0,522.0,764.0,860.0,416.0,720.0,404.0,1802.0,1166.0,344.0,1872.0,786.0,406.0,444.0,610.0,1579.0,641.0,295.0,1264.0,1985.0,414.0,1855.0,1077.0,1624.0,596.0,431.0,350.0,1615.0,775.0,1827.0,307.0,395.0,709.0,1442.0,470.0,480.0,766.0,446.0,1554.0,798.0,00000000000000000573,118.052696284075,C0508C15
539.0,1805.0,1451.0,412.0,462.0,1221.0,1170.0,445.0,322.0,2109.0,1781.0,558.0,847.0,1395.0,344.0,1697.0,1113.0,685.0,1144.0,497.0,2366.0,322.0,544.0,805.0,902.0,432.0,766.0,422.0,1928.0,1212.0,352.0,1989.0,832.0,418.0,458.0,646.0,1660.0,682.0,299.0,1325.0,2116.0,423.0,1972.0,1123.0,1710.0,621.0,452.0,362.0,1697.0,817.0,1937.0,314.0,399.0,749.0,1546.0,485.0,497.0,807.0,454.0,1638.0,837.0,00000000000000000574,75.1751809419267,C0508C16
488.0,1633.0,1339.0,399.0,421.0,1082.0,1038.0,404.0,315.0,1916.0,1584.0,508.0,758.0,1271.0,328.0,1529.0,1000.0,611.0,1009.0,451.0,2150.0,314.0,495.0,739.0,779.0,388.0,668.0,409.0,1756.0,1060.0,328.0,1815.0,769.0,398.0,428.0,561.0,1478.0,606.0,282.0,1198.0,1902.0,392.0,1796.0,990.0,1522.0,576.0,441.0,354.0,1511.0,738.0,1764.0,290.0,378.0,670.0,1393.0,432.0,466.0,729.0,431.0,1458.0,752.0,00000000000000000575,48.5556773800084,C0508C17
529.0,1837.0,1455.0,391.0,451.0,1224.0,1176.0,439.0,302.0,2139.0,1806.0,548.0,848.0,1398.0,333.0,1723.0,1120.0,685.0,1148.0,484.0,2404.0,302.0,543.0,800.0,916.0,417.0,775.0,400.0,1955.0,1214.0,342.0,2016.0,828.0,408.0,448.0,644.0,1677.0,681.0,286.0,1336.0,2160.0,419.0,1997.0,1122.0,1727.0,615.0,430.0,341.0,1715.0,816.0,1959.0,302.0,396.0,747.0,1566.0,479.0,490.0,807.0,452.0,1652.0,839.0,00000000000000000576,113.736058352277,C0508C18
382.0,1176.0,999.0,310.0,318.0,750.0,732.0,324.0,290.0,1261.0,1063.0,421.0,535.0,893.0,261.0,1067.0,693.0,452.0,702.0,354.0,1443.0,270.0,372.0,573.0,514.0,305.0,438.0,320.0,1201.0,682.0,277.0,1293.0,610.0,317.0,343.0,377.0,1021.0,422.0,199.0,857.0,1239.0,310.0,1272.0,674.0,989.0,438.0,370.0,300.0,1016.0,526.0,1208.0,238.0,261.0,468.0,925.0,315.0,377.0,554.0,322.0,973.0,550.0,00000000000000000577,63.5956798953551,C0508C19
572.0,1949.0,1538.0,394.0,463.0,1321.0,1265.0,453.0,292.0,2279.0,1968.0,599.0,918.0,1500.0,333.0,1844.0,1213.0,768.0,1253.0,523.0,2538.0,302.0,570.0,854.0,1052.0,456.0,855.0,404.0,2073.0,1321.0,353.0,2101.0,866.0,410.0,462.0,711.0,1817.0,739.0,285.0,1451.0,2324.0,450.0,2127.0,1217.0,1883.0,638.0,425.0,333.0,1864.0,892.0,2062.0,313.0,400.0,815.0,1669.0,543.0,502.0,882.0,458.0,1772.0,899.0,00000000000000000578,126.54582757758,C0508C20
529.0,1778.0,1433.0,412.0,458.0,1196.0,1148.0,438.0,322.0,2082.0,1745.0,548.0,830.0,1377.0,344.0,1672.0,1091.0,671.0,1119.0,489.0,2336.0,322.0,536.0,793.0,874.0,423.0,743.0,422.0,1902.0,1187.0,347.0,1966.0,820.0,418.0,452.0,632.0,1631.0,668.0,298.0,1302.0,2078.0,415.0,1947.0,1100.0,1678.0,622.0,453.0,362.0,1668.0,803.0,1918.0,308.0,399.0,735.0,1524.0,473.0,491.0,793.0,455.0,1611.0,821.0,00000000000000000579,59.9294548677736,C0508C21
540.0,1851.0,1466.0,391.0,451.0,1231.0,1183.0,438.0,302.0,2153.0,1821.0,559.0,852.0,1410.0,333.0,1738.0,1128.0,693.0,1155.0,494.0,2422.0,302.0,544.0,809.0,924.0,426.0,780.0,401.0,1971.0,1223.0,342.0,2028.0,836.0,408.0,448.0,646.0,1691.0,683.0,286.0,1348.0,2177.0,419.0,2010.0,1129.0,1742.0,617.0,431.0,341.0,1729.0,826.0,1971.0,302.0,396.0,750.0,1577.0,489.0,490.0,816.0,453.0,1665.0,842.0,0000000000000000057a,113.483774099869,C0508C22
564.0,1946.0,1533.0,384.0,455.0,1302.0,1247.0,445.0,281.0,2278.0,1952.0,587.0,906.0,1494.0,322.0,1845.0,1203.0,756.0,1230.0,516.0,2541.0,292.0,562.0,845.0,1041.0,448.0,846.0,394.0,2070.0,1302.0,352.0,2101.0,860.0,400.0,463.0,701.0,1800.0,727.0,274.0,1441.0,2323.0,448.0,2125.0,1199.0,1868.0,630.0,414.0,322.0,1848.0,883.0,2063.0,311.0,390.0,803.0,1665.0,535.0,504.0,873.0,448.0,1758.0,888.0,0000000000000000057b,223.882457265481,C0508C23
539.0,1842.0,1468.0,402.0,459.0,1229.0,1181.0,444.0,312.0,2143.0,1808.0,558.0,852.0,1410.0,340.0,1731.0,1127.0,693.0,1153.0,496.0,2409.0,312.0,545.0,812.0,915.0,429.0,777.0,413.0,1964.0,1219.0,351.0,2023.0,841.0,415.0,459.0,648.0,1682.0,686.0,293.0,1342.0,2160.0,424.0,2003.0,1129.0,1734.0,619.0,443.0,352.0,1719.0,826.0,1965.0,311.0,400.0,753.0,1573.0,485.0,499.0,816.0,456.0,1659.0,842.0,0000000000000000057c,71.415204762273,C0508C24
472.0,1529.0,1280.0,391.0,413.0,1031.0,998.0,399.0,321.0,1806.0,1506.0,506.0,715.0,1223.0,326.0,1433.0,963.0,602.0,970.0,437.0,2006.0,319.0,492.0,707.0,796.0,384.0,649.0,396.0,1619.0,1026.0,337.0,1721.0,738.0,387.0,411.0,538.0,1407.0,580.0,280.0,1170.0,1769.0,387.0,1703.0,946.0,1441.0,543.0,424.0,355.0,1444.0,714.0,1694.0,296.0,369.0,648.0,1331.0,425.0,459.0,719.0,419.0,1381.0,730.0,0000000000000000057d,55.9206647536405,C0508C25
572.0,1702.0,1488.0,449.0,475.0,1204.0,1176.0,440.0,334.0,2056.0,1795.0,583.0,829.0,1445.0,368.0,1629.0,1178.0,746.0,1149.0,503.0,2281.0,333.0,598.0,818.0,1097.0,434.0,771.0,449.0,1839.0,1302.0,401.0,1888.0,826.0,450.0,465.0,654.0,1652.0,719.0,334.0,1408.0,2013.0,464.0,1878.0,1157.0,1721.0,566.0,433.0,386.0,1766.0,860.0,1909.0,323.0,417.0,826.0,1561.0,545.0,529.0,895.0,492.0,1668.0,900.0,0000000000000000057e,121.177184570346,C0508C26
510.0,1639.0,1360.0,405.0,441.0,1155.0,1107.0,425.0,323.0,1957.0,1662.0,528.0,798.0,1308.0,339.0,1538.0,1042.0,641.0,1077.0,468.0,2179.0,323.0,522.0,755.0,848.0,410.0,729.0,414.0,1756.0,1145.0,346.0,1838.0,778.0,406.0,445.0,602.0,1547.0,634.0,297.0,1247.0,1938.0,415.0,1821.0,1056.0,1592.0,595.0,441.0,360.0,1583.0,766.0,1794.0,309.0,395.0,701.0,1411.0,464.0,481.0,757.0,446.0,1522.0,789.0,0000000000000000057f,66.9612018226589,C0508C27
368.0,1202.0,1023.0,324.0,340.0,767.0,752.0,314.0,258.0,1369.0,1158.0,427.0,564.0,985.0,273.0,1129.0,750.0,472.0,717.0,357.0,1544.0,258.0,395.0,561.0,663.0,301.0,512.0,331.0,1260.0,800.0,303.0,1368.0,581.0,318.0,315.0,382.0,1104.0,436.0,235.0,938.0,1267.0,317.0,1339.0,725.0,1078.0,426.0,354.0,294.0,1118.0,542.0,1394.0,243.0,268.0,509.0,1104.0,356.0,388.0,564.0,335.0,1069.0,595.0,00000000000000000580,59.3237467905564,C0508C28
476.0,1620.0,1323.0,389.0,410.0,1058.0,1018.0,392.0,308.0,1888.0,1555.0,498.0,744.0,1253.0,318.0,1514.0,979.0,596.0,987.0,439.0,2132.0,305.0,484.0,727.0,761.0,375.0,652.0,399.0,1741.0,1037.0,325.0,1800.0,756.0,387.0,426.0,548.0,1456.0,594.0,271.0,1179.0,1881.0,390.0,1781.0,967.0,1499.0,566.0,432.0,345.0,1484.0,725.0,1742.0,287.0,367.0,659.0,1371.0,420.0,468.0,716.0,421.0,1435.0,740.0,00000000000000000581,75.5198472115755,C0508C29
461.0,1428.0,1197.0,381.0,394.0,947.0,920.0,389.0,329.0,1623.0,1353.0,490.0,672.0,1106.0,314.0,1313.0,872.0,553.0,883.0,424.0,1815.0,321.0,460.0,669.0,673.0,367.0,579.0,391.0,1491.0,895.0,332.0,1594.0,703.0,378.0,410.0,485.0,1272.0,532.0,260.0,1053.0,1589.0,371.0,1576.0,860.0,1287.0,536.0,430.0,352.0,1293.0,650.0,1529.0,284.0,341.0,597.0,1196.0,396.0,449.0,651.0,403.0,1236.0,673.0,00000000000000000582,47.1651788456094,C0508C31
519.0,1807.0,1432.0,393.0,439.0,1180.0,1133.0,421.0,302.0,2103.0,1753.0,538.0,820.0,1375.0,323.0,1699.0,1089.0,663.0,1105.0,480.0,2369.0,302.0,518.0,785.0,871.0,413.0,738.0,403.0,1931.0,1171.0,332.0,1986.0,813.0,397.0,433.0,622.0,1633.0,659.0,277.0,1301.0,2115.0,402.0,1967.0,1085.0,1685.0,600.0,434.0,343.0,1671.0,795.0,1932.0,293.0,380.0,725.0,1541.0,463.0,479.0,786.0,436.0,1613.0,811.0,00000000000000000583,111.613641650668,C0508C32
544.0,1807.0,1455.0,409.0,464.0,1242.0,1187.0,451.0,322.0,2112.0,1804.0,563.0,859.0,1400.0,349.0,1696.0,1125.0,695.0,1165.0,499.0,2368.0,322.0,554.0,810.0,924.0,435.0,779.0,419.0,1925.0,1232.0,356.0,1984.0,836.0,421.0,461.0,655.0,1678.0,691.0,304.0,1338.0,2125.0,431.0,1971.0,1140.0,1726.0,624.0,448.0,361.0,1715.0,825.0,1935.0,318.0,403.0,758.0,1546.0,495.0,499.0,816.0,458.0,1652.0,849.0,00000000000000000584,97.7023413938528,C0508C35
552.0,1895.0,1495.0,390.0,469.0,1297.0,1240.0,450.0,293.0,2225.0,1906.0,580.0,893.0,1457.0,335.0,1788.0,1171.0,735.0,1221.0,504.0,2484.0,302.0,568.0,830.0,991.0,447.0,831.0,399.0,2020.0,1297.0,352.0,2063.0,849.0,409.0,460.0,693.0,1765.0,722.0,289.0,1400.0,2260.0,440.0,2072.0,1193.0,1831.0,636.0,419.0,341.0,1812.0,867.0,2014.0,313.0,400.0,789.0,1621.0,514.0,499.0,858.0,455.0,1728.0,874.0,00000000000000000585,127.430096096311,C0508C36
570.0,1951.0,1540.0,392.0,462.0,1317.0,1261.0,452.0,289.0,2283.0,1967.0,595.0,915.0,1501.0,332.0,1848.0,1213.0,765.0,1248.0,521.0,2543.0,299.0,569.0,853.0,1052.0,453.0,855.0,402.0,2076.0,1317.0,353.0,2103.0,865.0,410.0,463.0,709.0,1816.0,736.0,283.0,1451.0,2328.0,449.0,2130.0,1214.0,1883.0,638.0,422.0,330.0,1863.0,890.0,2066.0,312.0,400.0,811.0,1671.0,541.0,502.0,881.0,458.0,1772.0,896.0,00000000000000000586,111.974770841504,C0508F03
620.0,1848.0,1543.0,448.0,525.0,1423.0,1359.0,507.0,348.0,2145.0,2018.0,640.0,985.0,1510.0,382.0,1738.0,1237.0,835.0,1350.0,568.0,2422.0,357.0,630.0,894.0,1123.0,504.0,844.0,448.0,1956.0,1408.0,404.0,1975.0,903.0,451.0,502.0,796.0,1850.0,801.0,339.0,1467.0,2209.0,502.0,2021.0,1331.0,1942.0,693.0,457.0,384.0,1914.0,951.0,1937.0,369.0,451.0,893.0,1561.0,604.0,528.0,932.0,501.0,1795.0,957.0,00000000000000000587,49.2062899288241,C0508P04
542.0,1907.0,1503.0,384.0,459.0,1274.0,1222.0,439.0,282.0,2233.0,1893.0,571.0,879.0,1465.0,323.0,1805.0,1168.0,723.0,1198.0,498.0,2496.0,292.0,559.0,828.0,980.0,435.0,822.0,394.0,2034.0,1274.0,342.0,2078.0,847.0,399.0,447.0,677.0,1749.0,706.0,276.0,1402.0,2268.0,427.0,2079.0,1170.0,1816.0,628.0,414.0,333.0,1797.0,857.0,2025.0,302.0,389.0,778.0,1633.0,504.0,492.0,847.0,446.0,1720.0,859.0,00000000000000000588,92.3008455239804,C0508P06
603.0,1794.0,1514.0,444.0,516.0,1388.0,1320.0,498.0,346.0,2103.0,1962.0,621.0,954.0,1483.0,382.0,1688.0,1208.0,810.0,1315.0,550.0,2362.0,355.0,617.0,875.0,1091.0,496.0,813.0,444.0,1903.0,1370.0,399.0,1938.0,883.0,449.0,496.0,765.0,1800.0,774.0,339.0,1435.0,2151.0,492.0,1979.0,1293.0,1890.0,681.0,453.0,382.0,1859.0,928.0,1899.0,364.0,449.0,864.0,1527.0,586.0,522.0,910.0,496.0,1746.0,927.0,00000000000000000589,112.165273919681,C0508P09
615.0,1940.0,1576.0,429.0,510.0,1437.0,1370.0,496.0,327.0,2255.0,2057.0,634.0,983.0,1544.0,368.0,1831.0,1257.0,834.0,1361.0,560.0,2528.0,337.0,620.0,903.0,1134.0,498.0,937.0,429.0,2049.0,1423.0,394.0,2084.0,912.0,440.0,496.0,786.0,1890.0,795.0,323.0,1494.0,2310.0,491.0,2125.0,1338.0,1982.0,687.0,439.0,364.0,1951.0,958.0,2042.0,357.0,440.0,889.0,1647.0,597.0,524.0,939.0,495.0,1835.0,954.0,0000000000000000058a,90.1658383256126,C0508R01
490.0,1733.0,1372.0,384.0,420.0,1122.0,1076.0,400.0,292.0,2024.0,1673.0,509.0,785.0,1315.0,312.0,1620.0,1028.0,623.0,1048.0,452.0,2282.0,292.0,496.0,746.0,807.0,385.0,689.0,394.0,1858.0,1113.0,320.0,1916.0,774.0,386.0,425.0,580.0,1562.0,625.0,266.0,1238.0,2023.0,388.0,1889.0,1029.0,1608.0,582.0,424.0,333.0,1599.0,755.0,1860.0,281.0,368.0,691.0,1474.0,433.0,466.0,746.0,423.0,1543.0,776.0,0000000000000000058b,69.6561787082007,C0508R02
521.0,1853.0,1462.0,388.0,437.0,1192.0,1144.0,419.0,291.0,2148.0,1785.0,540.0,826.0,1404.0,312.0,1745.0,1110.0,670.0,1116.0,480.0,2422.0,291.0,519.0,794.0,886.0,412.0,731.0,398.0,1981.0,1183.0,323.0,2031.0,823.0,389.0,425.0,623.0,1660.0,661.0,263.0,1327.0,2167.0,395.0,2010.0,1096.0,1716.0,606.0,431.0,334.0,1699.0,805.0,1972.0,283.0,371.0,729.0,1581.0,463.0,475.0,795.0,429.0,1640.0,817.0,0000000000000000058c,93.9324004306016,C0508R03
468.0,1671.0,1333.0,373.0,396.0,1074.0,1027.0,376.0,277.0,1952.0,1608.0,488.0,748.0,1264.0,289.0,1560.0,978.0,585.0,999.0,428.0,2214.0,277.0,474.0,719.0,742.0,359.0,656.0,385.0,1806.0,1055.0,303.0,1851.0,748.0,365.0,417.0,542.0,1504.0,586.0,242.0,1185.0,1952.0,376.0,1822.0,980.0,1547.0,563.0,417.0,321.0,1532.0,719.0,1797.0,262.0,346.0,657.0,1410.0,408.0,459.0,709.0,403.0,1484.0,743.0,0000000000000000058d,89.3115680161504,C0508R04
500.0,1798.0,1421.0,380.0,420.0,1145.0,1097.0,400.0,281.0,2094.0,1724.0,520.0,796.0,1355.0,300.0,1682.0,1055.0,636.0,1068.0,460.0,2361.0,281.0,501.0,769.0,826.0,389.0,705.0,392.0,1928.0,1128.0,314.0,1985.0,798.0,379.0,420.0,584.0,1608.0,632.0,251.0,1275.0,2096.0,388.0,1956.0,1049.0,1657.0,592.0,425.0,325.0,1640.0,772.0,1926.0,271.0,359.0,699.0,1529.0,440.0,473.0,763.0,418.0,1588.0,786.0,0000000000000000058e,134.239942221947,C0508R05
655.0,1995.0,1640.0,447.0,536.0,1503.0,1428.0,519.0,335.0,2285.0,2167.0,674.0,1024.0,1603.0,382.0,1884.0,1332.0,913.0,1432.0,602.0,2579.0,347.0,650.0,953.0,1243.0,539.0,988.0,447.0,2109.0,1484.0,415.0,2088.0,958.0,455.0,525.0,844.0,1985.0,846.0,328.0,1566.0,2373.0,525.0,2173.0,1413.0,2092.0,707.0,454.0,379.0,2058.0,1033.0,2062.0,378.0,461.0,932.0,1678.0,661.0,537.0,1005.0,509.0,1912.0,995.0,0000000000000000058f,149.623228598885,C0508R06
541.0,1744.0,1430.0,406.0,463.0,1246.0,1197.0,453.0,322.0,2056.0,1789.0,560.0,849.0,1379.0,350.0,1638.0,1114.0,693.0,1171.0,496.0,2299.0,323.0,555.0,799.0,928.0,434.0,787.0,414.0,1860.0,1237.0,364.0,1924.0,820.0,419.0,466.0,651.0,1659.0,685.0,307.0,1325.0,2065.0,439.0,1916.0,1147.0,1712.0,620.0,440.0,359.0,1696.0,819.0,1879.0,327.0,410.0,751.0,1497.0,498.0,503.0,810.0,462.0,1630.0,839.0,00000000000000000590,101.981732225658,C0508R08
471.0,1520.0,1254.0,382.0,405.0,992.0,964.0,395.0,323.0,1721.0,1436.0,502.0,703.0,1168.0,317.0,1406.0,918.0,579.0,925.0,434.0,1937.0,311.0,475.0,705.0,706.0,374.0,606.0,393.0,1596.0,947.0,336.0,1681.0,736.0,380.0,419.0,511.0,1352.0,559.0,262.0,1110.0,1698.0,379.0,1662.0,907.0,1372.0,554.0,433.0,352.0,1378.0,685.0,1616.0,288.0,346.0,626.0,1267.0,405.0,460.0,685.0,408.0,1323.0,703.0,00000000000000000591,63.0369512898108,C0508R09
656.0,2034.0,1662.0,449.0,538.0,1518.0,1442.0,519.0,333.0,2341.0,2194.0,675.0,1035.0,1621.0,385.0,1923.0,1344.0,918.0,1442.0,604.0,2634.0,348.0,653.0,963.0,1249.0,536.0,997.0,449.0,2154.0,1499.0,420.0,2136.0,967.0,460.0,535.0,849.0,2009.0,851.0,329.0,1583.0,2422.0,534.0,2223.0,1423.0,2118.0,711.0,455.0,378.0,2084.0,1042.0,2111.0,381.0,465.0,940.0,1717.0,659.0,551.0,1013.0,517.0,1939.0,1006.0,00000000000000000592,105.615811442919,C0508R10
646.0,2015.0,1641.0,447.0,532.0,1501.0,1425.0,513.0,331.0,2324.0,2168.0,665.0,1023.0,1604.0,377.0,1900.0,1326.0,902.0,1425.0,597.0,2608.0,350.0,647.0,951.0,1228.0,530.0,977.0,447.0,2130.0,1482.0,412.0,2120.0,954.0,452.0,526.0,835.0,1988.0,843.0,321.0,1564.0,2398.0,523.0,2202.0,1406.0,2092.0,705.0,456.0,379.0,2061.0,1027.0,2093.0,374.0,452.0,929.0,1700.0,646.0,544.0,998.0,508.0,1921.0,995.0,00000000000000000593,146.955727920989,C0508R11
480.0,1557.0,1297.0,386.0,414.0,1050.0,1014.0,405.0,321.0,1828.0,1518.0,507.0,731.0,1229.0,327.0,1455.0,964.0,604.0,978.0,444.0,2035.0,321.0,488.0,715.0,766.0,389.0,660.0,396.0,1653.0,1015.0,336.0,1752.0,746.0,392.0,419.0,547.0,1414.0,584.0,280.0,1164.0,1802.0,391.0,1734.0,957.0,1451.0,563.0,433.0,359.0,1446.0,715.0,1695.0,299.0,366.0,648.0,1334.0,426.0,461.0,705.0,417.0,1388.0,731.0,00000000000000000594,61.8504675601816,C0508R12
728.0,2081.0,1745.0,508.0,598.0,1613.0,1536.0,586.0,392.0,2367.0,2292.0,748.0,1119.0,1707.0,435.0,1967.0,1437.0,1008.0,1540.0,670.0,2672.0,401.0,720.0,1046.0,1356.0,602.0,1035.0,508.0,2200.0,1591.0,471.0,2161.0,1046.0,510.0,585.0,936.0,2111.0,926.0,382.0,1672.0,2469.0,587.0,2257.0,1521.0,2216.0,777.0,508.0,431.0,2177.0,1130.0,2136.0,433.0,520.0,1026.0,1752.0,738.0,595.0,1102.0,566.0,2019.0,1086.0,00000000000000000595,118.213589667971,C0508R13
605.0,1928.0,1563.0,431.0,507.0,1414.0,1342.0,490.0,328.0,2252.0,2023.0,624.0,964.0,1527.0,369.0,1819.0,1238.0,811.0,1331.0,556.0,2525.0,337.0,613.0,886.0,1097.0,493.0,903.0,431.0,2042.0,1397.0,393.0,2090.0,903.0,442.0,498.0,766.0,1857.0,778.0,323.0,1477.0,2297.0,486.0,2117.0,1309.0,1941.0,680.0,448.0,367.0,1911.0,938.0,2036.0,355.0,440.0,864.0,1642.0,584.0,529.0,922.0,494.0,1811.0,937.0,00000000000000000596,130.835220185754,C0508R14
553.0,1876.0,1490.0,402.0,465.0,1276.0,1226.0,449.0,311.0,2186.0,1868.0,573.0,880.0,1438.0,342.0,1767.0,1156.0,719.0,1198.0,504.0,2456.0,312.0,563.0,830.0,964.0,438.0,811.0,411.0,1998.0,1271.0,353.0,2051.0,852.0,417.0,461.0,672.0,1734.0,708.0,295.0,1381.0,2215.0,433.0,2040.0,1170.0,1790.0,631.0,439.0,351.0,1772.0,851.0,1999.0,314.0,407.0,777.0,1603.0,507.0,500.0,842.0,464.0,1704.0,869.0,00000000000000000597,179.582019830038,C0508R16
655.0,1933.0,1625.0,466.0,557.0,1509.0,1435.0,538.0,361.0,2234.0,2128.0,679.0,1042.0,1594.0,400.0,1826.0,1322.0,902.0,1434.0,609.0,2515.0,374.0,669.0,957.0,1218.0,545.0,951.0,466.0,2044.0,1491.0,434.0,2051.0,962.0,471.0,538.0,857.0,1952.0,857.0,348.0,1551.0,2305.0,534.0,2116.0,1416.0,2053.0,727.0,476.0,402.0,2017.0,1028.0,2014.0,397.0,471.0,949.0,1636.0,654.0,561.0,1002.0,523.0,1888.0,1014.0,00000000000000000598,312.075125521422,C0508R20
741.0,2077.0,1757.0,519.0,607.0,1628.0,1544.0,595.0,404.0,2358.0,2304.0,760.0,1136.0,1721.0,449.0,1965.0,1455.0,1024.0,1553.0,683.0,2668.0,413.0,728.0,1061.0,1371.0,618.0,991.0,519.0,2198.0,1607.0,479.0,2159.0,1063.0,522.0,591.0,956.0,2125.0,947.0,394.0,1684.0,2462.0,591.0,2249.0,1534.0,2229.0,784.0,519.0,442.0,2191.0,1146.0,2131.0,441.0,531.0,1049.0,1751.0,751.0,600.0,1118.0,577.0,2032.0,1107.0,00000000000000000599,162.769960144427,C0508R22
563.0,1890.0,1508.0,411.0,473.0,1295.0,1243.0,458.0,317.0,2205.0,1887.0,584.0,892.0,1455.0,348.0,1780.0,1171.0,729.0,1216.0,514.0,2473.0,319.0,571.0,839.0,979.0,448.0,821.0,419.0,2012.0,1288.0,362.0,2069.0,861.0,423.0,471.0,683.0,1751.0,718.0,301.0,1398.0,2232.0,443.0,2058.0,1187.0,1809.0,640.0,447.0,359.0,1791.0,862.0,2015.0,322.0,414.0,788.0,1617.0,518.0,510.0,853.0,470.0,1721.0,880.0,0000000000000000059a,93.960264657782,C0508R23
437.0,1411.0,1166.0,357.0,374.0,922.0,895.0,368.0,304.0,1601.0,1333.0,465.0,649.0,1083.0,299.0,1302.0,851.0,536.0,860.0,403.0,1800.0,295.0,438.0,650.0,657.0,349.0,568.0,366.0,1477.0,875.0,312.0,1568.0,679.0,359.0,385.0,470.0,1253.0,515.0,248.0,1029.0,1576.0,348.0,1551.0,841.0,1272.0,511.0,404.0,329.0,1276.0,632.0,1506.0,266.0,325.0,577.0,1179.0,376.0,421.0,632.0,385.0,1223.0,649.0,0000000000000000059b,149.518379487417,C0508R29
555.0,1811.0,1473.0,409.0,476.0,1300.0,1243.0,461.0,319.0,2126.0,1864.0,578.0,883.0,1425.0,357.0,1708.0,1151.0,729.0,1221.0,510.0,2379.0,325.0,568.0,826.0,978.0,451.0,806.0,417.0,1927.0,1290.0,366.0,1985.0,843.0,427.0,466.0,689.0,1724.0,714.0,314.0,1371.0,2150.0,445.0,1983.0,1194.0,1791.0,633.0,439.0,361.0,1767.0,855.0,1929.0,330.0,419.0,788.0,1549.0,521.0,502.0,845.0,471.0,1691.0,868.0,0000000000000000059c,90.0330963421316,C0508R30
453.0,1479.0,1236.0,374.0,393.0,989.0,955.0,382.0,309.0,1747.0,1439.0,482.0,691.0,1175.0,309.0,1376.0,915.0,575.0,922.0,418.0,1940.0,308.0,467.0,682.0,735.0,366.0,621.0,383.0,1568.0,964.0,324.0,1672.0,709.0,367.0,403.0,513.0,1342.0,551.0,262.0,1114.0,1712.0,377.0,1654.0,897.0,1378.0,533.0,416.0,344.0,1373.0,683.0,1621.0,287.0,344.0,615.0,1272.0,403.0,442.0,679.0,393.0,1316.0,696.0,0000000000000000059d,85.4092682178969,C0508R33
582.0,1712.0,1486.0,453.0,495.0,1257.0,1205.0,457.0,343.0,2058.0,1859.0,618.0,871.0,1453.0,373.0,1626.0,1204.0,772.0,1202.0,519.0,2276.0,351.0,612.0,843.0,1104.0,463.0,783.0,449.0,1826.0,1314.0,407.0,1889.0,838.0,448.0,485.0,694.0,1700.0,733.0,342.0,1424.0,2037.0,480.0,1895.0,1193.0,1767.0,607.0,447.0,383.0,1789.0,885.0,1946.0,347.0,433.0,836.0,1557.0,560.0,539.0,903.0,501.0,1695.0,906.0,0000000000000000059e,128.011630845457,C0508W01
454.0,1486.0,1242.0,375.0,392.0,996.0,961.0,383.0,311.0,1751.0,1443.0,480.0,700.0,1177.0,315.0,1380.0,917.0,575.0,925.0,419.0,1946.0,311.0,465.0,684.0,725.0,367.0,621.0,384.0,1576.0,961.0,323.0,1678.0,714.0,373.0,403.0,519.0,1344.0,555.0,266.0,1114.0,1721.0,376.0,1660.0,900.0,1381.0,537.0,421.0,348.0,1372.0,684.0,1617.0,287.0,348.0,618.0,1269.0,402.0,439.0,675.0,398.0,1318.0,700.0,0000000000000000059f,129.584794112878,C0508W02
472.0,1502.0,1242.0,382.0,404.0,984.0,956.0,395.0,324.0,1700.0,1415.0,501.0,696.0,1153.0,317.0,1389.0,907.0,571.0,918.0,433.0,1912.0,312.0,474.0,695.0,696.0,375.0,599.0,393.0,1575.0,936.0,334.0,1663.0,726.0,380.0,413.0,504.0,1332.0,552.0,262.0,1096.0,1675.0,373.0,1644.0,899.0,1351.0,553.0,433.0,352.0,1359.0,676.0,1597.0,284.0,344.0,619.0,1251.0,404.0,453.0,676.0,407.0,1304.0,696.0,000000000000000005a0,63.4907925957106,C0508W07
608.0,1924.0,1564.0,437.0,512.0,1423.0,1351.0,494.0,333.0,2248.0,2030.0,627.0,971.0,1531.0,368.0,1816.0,1240.0,815.0,1341.0,557.0,2520.0,342.0,618.0,890.0,1103.0,496.0,922.0,437.0,2038.0,1404.0,393.0,2084.0,904.0,441.0,497.0,773.0,1863.0,783.0,323.0,1480.0,2294.0,487.0,2114.0,1317.0,1950.0,686.0,452.0,372.0,1918.0,943.0,2032.0,356.0,440.0,872.0,1638.0,588.0,527.0,926.0,494.0,1813.0,943.0,000000000000000005a1,72.0307080520967,C0508X01
442.0,1392.0,1159.0,361.0,381.0,915.0,888.0,378.0,315.0,1566.0,1312.0,472.0,648.0,1066.0,300.0,1277.0,842.0,534.0,852.0,408.0,1761.0,303.0,443.0,646.0,648.0,353.0,540.0,370.0,1446.0,861.0,322.0,1544.0,682.0,363.0,398.0,468.0,1235.0,513.0,248.0,1017.0,1540.0,360.0,1526.0,833.0,1245.0,518.0,408.0,335.0,1251.0,625.0,1478.0,277.0,326.0,575.0,1158.0,381.0,436.0,628.0,383.0,1200.0,650.0,000000000000000005a2,77.9453339541805,C0508X02
528.0,1642.0,1395.0,415.0,446.0,1174.0,1129.0,435.0,333.0,1972.0,1696.0,548.0,815.0,1342.0,350.0,1543.0,1080.0,669.0,1102.0,484.0,2187.0,332.0,537.0,775.0,897.0,423.0,745.0,424.0,1762.0,1171.0,365.0,1844.0,798.0,417.0,463.0,616.0,1575.0,649.0,309.0,1288.0,1950.0,437.0,1834.0,1085.0,1621.0,595.0,449.0,369.0,1615.0,793.0,1811.0,328.0,408.0,720.0,1428.0,486.0,501.0,787.0,451.0,1549.0,810.0,000000000000000005a3,89.2704423319659,C0508X06
664.0,2119.0,1684.0,440.0,526.0,1508.0,1434.0,515.0,322.0,2425.0,2224.0,684.0,1041.0,1643.0,375.0,2003.0,1365.0,931.0,1434.0,605.0,2729.0,332.0,650.0,967.0,1275.0,537.0,1005.0,440.0,2239.0,1491.0,413.0,2199.0,969.0,453.0,531.0,854.0,2038.0,854.0,320.0,1607.0,2520.0,533.0,2304.0,1415.0,2147.0,709.0,440.0,361.0,2106.0,1054.0,2181.0,373.0,463.0,943.0,1778.0,674.0,541.0,1025.0,510.0,1951.0,1008.0,000000000000000005a4,125.383112360143,C0509C01
533.0,1909.0,1503.0,378.0,440.0,1243.0,1193.0,420.0,272.0,2237.0,1873.0,562.0,868.0,1457.0,311.0,1811.0,1158.0,710.0,1167.0,493.0,2498.0,282.0,539.0,816.0,963.0,424.0,792.0,388.0,2036.0,1240.0,334.0,2090.0,842.0,389.0,448.0,664.0,1729.0,694.0,262.0,1395.0,2265.0,418.0,2082.0,1136.0,1797.0,609.0,411.0,325.0,1775.0,844.0,2034.0,292.0,379.0,764.0,1635.0,492.0,491.0,835.0,438.0,1707.0,851.0,000000000000000005a5,123.232414181534,C0509C02
537.0,1901.0,1495.0,377.0,442.0,1237.0,1189.0,426.0,277.0,2216.0,1852.0,562.0,854.0,1446.0,312.0,1804.0,1148.0,700.0,1161.0,492.0,2482.0,283.0,536.0,810.0,943.0,427.0,790.0,387.0,2028.0,1233.0,333.0,2083.0,838.0,390.0,443.0,653.0,1716.0,686.0,263.0,1378.0,2239.0,412.0,2069.0,1132.0,1779.0,610.0,413.0,325.0,1760.0,834.0,2024.0,292.0,376.0,753.0,1626.0,488.0,489.0,825.0,434.0,1696.0,839.0,000000000000000005a6,89.7989214638474,C0509C03
535.0,1897.0,1492.0,385.0,449.0,1248.0,1200.0,432.0,286.0,2211.0,1857.0,561.0,864.0,1449.0,322.0,1799.0,1148.0,702.0,1172.0,493.0,2479.0,293.0,545.0,817.0,947.0,427.0,798.0,396.0,2030.0,1245.0,342.0,2074.0,839.0,399.0,445.0,662.0,1719.0,694.0,274.0,1378.0,2239.0,421.0,2061.0,1143.0,1783.0,617.0,420.0,334.0,1764.0,836.0,2016.0,301.0,387.0,768.0,1624.0,490.0,496.0,826.0,444.0,1699.0,848.0,000000000000000005a7,107.471112963682,C0509C04
536.0,1898.0,1496.0,387.0,448.0,1248.0,1199.0,432.0,286.0,2218.0,1855.0,561.0,863.0,1452.0,320.0,1800.0,1152.0,701.0,1171.0,491.0,2480.0,292.0,544.0,812.0,950.0,428.0,800.0,397.0,2027.0,1244.0,341.0,2081.0,836.0,398.0,448.0,661.0,1718.0,694.0,272.0,1383.0,2240.0,421.0,2070.0,1143.0,1782.0,617.0,422.0,334.0,1762.0,835.0,2024.0,300.0,385.0,764.0,1628.0,489.0,497.0,826.0,443.0,1697.0,847.0,000000000000000005a8,135.973133314502,C0509C05
569.0,1919.0,1525.0,409.0,480.0,1326.0,1267.0,463.0,309.0,2244.0,1935.0,593.0,911.0,1482.0,348.0,1810.0,1190.0,752.0,1245.0,521.0,2511.0,316.0,581.0,852.0,1012.0,458.0,847.0,415.0,2042.0,1320.0,366.0,2090.0,871.0,423.0,474.0,708.0,1790.0,736.0,301.0,1425.0,2277.0,453.0,2092.0,1218.0,1857.0,651.0,438.0,354.0,1835.0,884.0,2038.0,326.0,414.0,809.0,1640.0,531.0,514.0,874.0,470.0,1755.0,895.0,000000000000000005a9,39.591662553853,C0509F01
678.0,2103.0,1682.0,462.0,530.0,1527.0,1443.0,512.0,332.0,2413.0,2262.0,696.0,1057.0,1635.0,381.0,1977.0,1379.0,971.0,1469.0,618.0,2698.0,351.0,656.0,971.0,1339.0,542.0,1042.0,463.0,2221.0,1500.0,426.0,2146.0,954.0,456.0,550.0,884.0,2059.0,858.0,317.0,1607.0,2513.0,570.0,2308.0,1451.0,2186.0,715.0,444.0,373.0,2137.0,1085.0,2154.0,395.0,467.0,961.0,1763.0,715.0,551.0,1047.0,513.0,1934.0,1010.0,000000000000000005aa,115.094079466328,C0509F03
678.0,2089.0,1653.0,456.0,515.0,1520.0,1427.0,505.0,328.0,2387.0,2258.0,694.0,1043.0,1596.0,382.0,1956.0,1369.0,972.0,1461.0,617.0,2663.0,338.0,649.0,956.0,1340.0,539.0,1043.0,456.0,2215.0,1486.0,424.0,2110.0,935.0,458.0,550.0,882.0,2046.0,848.0,317.0,1580.0,2497.0,579.0,2288.0,1445.0,2181.0,707.0,430.0,368.0,2133.0,1086.0,2135.0,395.0,476.0,958.0,1753.0,732.0,550.0,1030.0,514.0,1902.0,990.0,000000000000000005ab,177.696836140895,C0509P01
533.0,1666.0,1425.0,434.0,474.0,1150.0,1121.0,437.0,341.0,1965.0,1709.0,583.0,798.0,1398.0,360.0,1609.0,1132.0,708.0,1104.0,493.0,2185.0,330.0,572.0,793.0,1052.0,445.0,753.0,443.0,1776.0,1239.0,387.0,1847.0,793.0,427.0,459.0,618.0,1610.0,691.0,333.0,1350.0,1917.0,449.0,1827.0,1097.0,1641.0,557.0,437.0,372.0,1688.0,817.0,1931.0,333.0,403.0,782.0,1548.0,515.0,539.0,851.0,470.0,1606.0,862.0,000000000000000005ac,114.868620909551,C0509P02
677.0,2092.0,1676.0,456.0,523.0,1517.0,1435.0,506.0,329.0,2398.0,2250.0,694.0,1047.0,1629.0,381.0,1966.0,1373.0,964.0,1458.0,617.0,2682.0,347.0,649.0,966.0,1331.0,542.0,1027.0,456.0,2208.0,1491.0,426.0,2135.0,950.0,456.0,550.0,875.0,2048.0,851.0,318.0,1601.0,2499.0,570.0,2294.0,1440.0,2175.0,706.0,438.0,369.0,2125.0,1078.0,2142.0,395.0,468.0,953.0,1752.0,714.0,552.0,1040.0,513.0,1925.0,1002.0,000000000000000005ad,270.100192031643,C0509P03
446.0,1345.0,1141.0,368.0,388.0,892.0,867.0,380.0,327.0,1514.0,1261.0,481.0,632.0,1046.0,308.0,1229.0,825.0,530.0,830.0,418.0,1687.0,312.0,443.0,646.0,642.0,361.0,544.0,377.0,1381.0,838.0,321.0,1504.0,681.0,378.0,396.0,465.0,1191.0,504.0,256.0,1010.0,1471.0,359.0,1487.0,804.0,1184.0,510.0,415.0,346.0,1202.0,619.0,1432.0,284.0,333.0,559.0,1113.0,391.0,434.0,628.0,386.0,1149.0,641.0,000000000000000005ae,58.1586439417583,C0509R01
454.0,1447.0,1251.0,405.0,444.0,931.0,916.0,399.0,329.0,1657.0,1403.0,537.0,668.0,1237.0,339.0,1417.0,973.0,613.0,896.0,439.0,1858.0,312.0,515.0,701.0,938.0,400.0,630.0,414.0,1526.0,1028.0,366.0,1638.0,701.0,394.0,396.0,497.0,1342.0,593.0,316.0,1172.0,1562.0,392.0,1618.0,883.0,1336.0,493.0,410.0,351.0,1395.0,710.0,1740.0,312.0,354.0,683.0,1412.0,451.0,491.0,761.0,435.0,1323.0,770.0,000000000000000005af,90.5436222641969,C0509R02
443.0,1391.0,1135.0,357.0,385.0,877.0,862.0,391.0,330.0,1450.0,1242.0,483.0,627.0,1020.0,296.0,1265.0,821.0,541.0,830.0,417.0,1674.0,306.0,435.0,668.0,626.0,356.0,525.0,373.0,1423.0,809.0,321.0,1475.0,706.0,365.0,404.0,458.0,1197.0,507.0,239.0,984.0,1453.0,359.0,1460.0,805.0,1169.0,519.0,417.0,345.0,1197.0,622.0,1400.0,280.0,306.0,562.0,1105.0,381.0,436.0,640.0,373.0,1152.0,643.0,000000000000000005b0,128.339119820712,C0509R03
568.0,1824.0,1487.0,422.0,485.0,1329.0,1266.0,468.0,325.0,2142.0,1898.0,590.0,907.0,1448.0,364.0,1717.0,1164.0,748.0,1251.0,522.0,2401.0,333.0,583.0,836.0,1010.0,462.0,832.0,426.0,1934.0,1317.0,376.0,1996.0,850.0,434.0,477.0,713.0,1750.0,730.0,320.0,1393.0,2175.0,462.0,2003.0,1228.0,1825.0,648.0,445.0,366.0,1798.0,874.0,1937.0,340.0,429.0,810.0,1554.0,538.0,510.0,861.0,482.0,1710.0,886.0,000000000000000005b1,179.631480341326,C0509R04
533.0,1896.0,1493.0,389.0,444.0,1230.0,1183.0,431.0,290.0,2206.0,1835.0,555.0,849.0,1446.0,312.0,1798.0,1143.0,697.0,1154.0,486.0,2474.0,293.0,536.0,812.0,932.0,425.0,788.0,399.0,2025.0,1223.0,333.0,2082.0,839.0,389.0,436.0,648.0,1705.0,684.0,264.0,1371.0,2225.0,407.0,2065.0,1126.0,1765.0,613.0,429.0,335.0,1746.0,832.0,2023.0,292.0,372.0,752.0,1625.0,479.0,487.0,823.0,430.0,1686.0,837.0,000000000000000005b2,182.482411938228,C0509R05
451.0,1384.0,1171.0,368.0,393.0,924.0,897.0,384.0,318.0,1579.0,1309.0,478.0,648.0,1077.0,309.0,1272.0,846.0,539.0,860.0,421.0,1754.0,311.0,452.0,656.0,662.0,360.0,574.0,378.0,1435.0,872.0,329.0,1556.0,684.0,376.0,405.0,472.0,1235.0,517.0,257.0,1035.0,1533.0,367.0,1538.0,833.0,1240.0,526.0,415.0,340.0,1255.0,632.0,1486.0,288.0,335.0,575.0,1157.0,394.0,443.0,638.0,390.0,1199.0,654.0,000000000000000005b3,65.7151414856176,C0509R08
528.0,1827.0,1455.0,395.0,447.0,1193.0,1145.0,427.0,302.0,2128.0,1771.0,548.0,827.0,1396.0,324.0,1718.0,1103.0,671.0,1116.0,489.0,2398.0,302.0,528.0,796.0,878.0,420.0,752.0,405.0,1954.0,1183.0,332.0,2010.0,825.0,399.0,433.0,625.0,1650.0,664.0,277.0,1319.0,2138.0,402.0,1990.0,1097.0,1703.0,615.0,436.0,343.0,1689.0,806.0,1956.0,292.0,381.0,731.0,1558.0,470.0,482.0,796.0,438.0,1631.0,817.0,000000000000000005b4,94.0155955251726,C0509R09
534.0,1906.0,1500.0,377.0,441.0,1239.0,1191.0,424.0,275.0,2226.0,1856.0,562.0,862.0,1450.0,311.0,1808.0,1153.0,700.0,1162.0,493.0,2489.0,283.0,538.0,808.0,952.0,425.0,791.0,388.0,2032.0,1236.0,333.0,2087.0,836.0,390.0,446.0,659.0,1716.0,690.0,263.0,1387.0,2250.0,415.0,2074.0,1134.0,1781.0,610.0,411.0,325.0,1762.0,834.0,2028.0,292.0,377.0,758.0,1629.0,490.0,490.0,824.0,436.0,1697.0,844.0,000000000000000005b5,110.653501482828,C0509R15
432.0,1329.0,1104.0,352.0,375.0,848.0,830.0,385.0,331.0,1395.0,1186.0,474.0,603.0,990.0,300.0,1214.0,790.0,523.0,802.0,405.0,1595.0,310.0,424.0,647.0,604.0,354.0,510.0,362.0,1354.0,774.0,313.0,1425.0,683.0,361.0,388.0,445.0,1143.0,490.0,237.0,955.0,1387.0,350.0,1409.0,774.0,1108.0,503.0,413.0,341.0,1141.0,597.0,1343.0,273.0,300.0,537.0,1054.0,366.0,420.0,625.0,364.0,1097.0,622.0,000000000000000005b6,21.2142335437976,C0509R16
436.0,1361.0,1190.0,396.0,432.0,863.0,859.0,384.0,320.0,1535.0,1299.0,526.0,639.0,1178.0,332.0,1327.0,913.0,581.0,825.0,431.0,1730.0,302.0,495.0,666.0,885.0,381.0,588.0,399.0,1431.0,955.0,367.0,1543.0,666.0,379.0,374.0,451.0,1251.0,542.0,306.0,1114.0,1421.0,381.0,1518.0,820.0,1222.0,488.0,404.0,340.0,1272.0,669.0,1635.0,303.0,322.0,630.0,1334.0,442.0,478.0,704.0,413.0,1217.0,725.0,000000000000000005b7,160.825831135898,C0509R19
612.0,1859.0,1543.0,446.0,523.0,1422.0,1355.0,504.0,345.0,2163.0,2017.0,632.0,980.0,1511.0,380.0,1749.0,1234.0,825.0,1348.0,560.0,2437.0,354.0,628.0,886.0,1117.0,498.0,878.0,446.0,1969.0,1406.0,404.0,1993.0,895.0,450.0,503.0,789.0,1850.0,796.0,336.0,1465.0,2223.0,502.0,2037.0,1328.0,1941.0,694.0,455.0,382.0,1912.0,942.0,1953.0,368.0,450.0,888.0,1574.0,596.0,530.0,924.0,503.0,1795.0,953.0,000000000000000005b8,327.759129842436,C0509W01
448.0,1341.0,1140.0,367.0,388.0,893.0,867.0,380.0,327.0,1511.0,1260.0,483.0,631.0,1046.0,310.0,1225.0,826.0,529.0,830.0,420.0,1680.0,311.0,443.0,646.0,644.0,363.0,547.0,376.0,1377.0,839.0,321.0,1501.0,680.0,380.0,396.0,466.0,1190.0,504.0,258.0,1010.0,1465.0,358.0,1484.0,804.0,1182.0,509.0,414.0,346.0,1200.0,619.0,1429.0,284.0,335.0,559.0,1111.0,393.0,433.0,628.0,388.0,1147.0,640.0,000000000000000005b9,141.500065955271,C0509W02
464.0,1486.0,1212.0,374.0,400.0,952.0,923.0,393.0,329.0,1621.0,1371.0,494.0,680.0,1110.0,308.0,1361.0,886.0,563.0,892.0,431.0,1831.0,311.0,457.0,695.0,678.0,372.0,547.0,384.0,1538.0,895.0,331.0,1612.0,730.0,379.0,414.0,490.0,1310.0,539.0,253.0,1060.0,1601.0,373.0,1593.0,873.0,1300.0,546.0,426.0,350.0,1316.0,659.0,1542.0,286.0,330.0,601.0,1221.0,395.0,456.0,666.0,393.0,1267.0,680.0,000000000000000005ba,44.54988498385,C0509W03
433.0,1331.0,1105.0,353.0,376.0,851.0,833.0,386.0,332.0,1391.0,1187.0,476.0,606.0,989.0,300.0,1215.0,790.0,525.0,805.0,407.0,1597.0,311.0,425.0,650.0,602.0,353.0,511.0,364.0,1356.0,777.0,314.0,1422.0,686.0,361.0,388.0,447.0,1145.0,491.0,237.0,955.0,1387.0,350.0,1407.0,777.0,1110.0,504.0,415.0,342.0,1142.0,599.0,1340.0,274.0,301.0,540.0,1050.0,368.0,421.0,627.0,365.0,1097.0,625.0,000000000000000005bb,20.960679013948,C0509W04
617.0,1823.0,1537.0,454.0,526.0,1414.0,1346.0,508.0,354.0,2129.0,1996.0,635.0,976.0,1506.0,389.0,1715.0,1230.0,828.0,1340.0,563.0,2396.0,363.0,630.0,891.0,1112.0,505.0,831.0,454.0,1932.0,1397.0,407.0,1962.0,900.0,458.0,505.0,786.0,1830.0,793.0,346.0,1459.0,2183.0,502.0,2004.0,1319.0,1921.0,693.0,463.0,390.0,1891.0,946.0,1922.0,372.0,458.0,885.0,1547.0,599.0,532.0,928.0,505.0,1776.0,949.0,000000000000000005bc,51.7816776935182,C0509W05
749.0,2141.0,1785.0,518.0,607.0,1653.0,1569.0,588.0,398.0,2434.0,2350.0,768.0,1146.0,1745.0,440.0,2025.0,1482.0,1053.0,1582.0,691.0,2722.0,411.0,732.0,1069.0,1418.0,623.0,1082.0,518.0,2253.0,1626.0,485.0,2210.0,1064.0,521.0,602.0,964.0,2157.0,949.0,385.0,1711.0,2528.0,614.0,2335.0,1563.0,2274.0,788.0,515.0,440.0,2233.0,1171.0,2194.0,450.0,531.0,1053.0,1809.0,775.0,610.0,1137.0,573.0,2053.0,1106.0,000000000000000005bd,202.272058721873,C0510C01
528.0,1888.0,1490.0,387.0,449.0,1231.0,1181.0,434.0,289.0,2198.0,1833.0,550.0,851.0,1441.0,321.0,1785.0,1141.0,693.0,1154.0,484.0,2466.0,292.0,541.0,811.0,930.0,419.0,785.0,397.0,2017.0,1224.0,334.0,2071.0,837.0,399.0,438.0,648.0,1701.0,682.0,272.0,1367.0,2219.0,410.0,2054.0,1128.0,1760.0,619.0,426.0,334.0,1742.0,828.0,2012.0,293.0,384.0,753.0,1616.0,477.0,487.0,818.0,443.0,1680.0,839.0,000000000000000005be,54.5853610620972,C0510C03
533.0,1922.0,1505.0,379.0,440.0,1248.0,1194.0,420.0,270.0,2257.0,1891.0,563.0,867.0,1465.0,310.0,1824.0,1163.0,713.0,1172.0,494.0,2519.0,281.0,539.0,817.0,974.0,425.0,809.0,390.0,2047.0,1241.0,334.0,2101.0,836.0,389.0,450.0,665.0,1746.0,696.0,261.0,1399.0,2293.0,419.0,2101.0,1137.0,1814.0,608.0,412.0,324.0,1785.0,845.0,2052.0,292.0,379.0,768.0,1650.0,494.0,493.0,836.0,438.0,1717.0,855.0,000000000000000005bf,116.007894516851,C0510C04
533.0,1909.0,1501.0,377.0,445.0,1240.0,1192.0,426.0,272.0,2235.0,1868.0,562.0,868.0,1453.0,312.0,1811.0,1158.0,708.0,1165.0,493.0,2493.0,282.0,544.0,813.0,963.0,424.0,802.0,387.0,2035.0,1240.0,333.0,2088.0,841.0,389.0,447.0,666.0,1724.0,695.0,263.0,1393.0,2260.0,417.0,2080.0,1136.0,1791.0,613.0,408.0,324.0,1772.0,842.0,2031.0,292.0,380.0,762.0,1633.0,493.0,489.0,833.0,438.0,1704.0,849.0,000000000000000005c0,123.133293267199,C0510C05
736.0,2118.0,1771.0,508.0,600.0,1641.0,1554.0,581.0,383.0,2415.0,2339.0,750.0,1128.0,1725.0,442.0,2004.0,1473.0,1050.0,1578.0,677.0,2691.0,402.0,730.0,1056.0,1430.0,610.0,1085.0,508.0,2225.0,1618.0,473.0,2183.0,1037.0,517.0,597.0,955.0,2135.0,937.0,385.0,1694.0,2512.0,616.0,2324.0,1562.0,2263.0,782.0,497.0,431.0,2210.0,1165.0,2174.0,450.0,531.0,1040.0,1792.0,776.0,601.0,1127.0,573.0,2013.0,1081.0,000000000000000005c1,117.091944250047,C0510F01
702.0,2112.0,1716.0,471.0,555.0,1563.0,1478.0,536.0,352.0,2412.0,2278.0,713.0,1079.0,1669.0,398.0,1996.0,1412.0,987.0,1497.0,644.0,2698.0,363.0,679.0,1006.0,1355.0,566.0,1045.0,471.0,2227.0,1544.0,443.0,2167.0,996.0,474.0,559.0,897.0,2078.0,887.0,340.0,1649.0,2515.0,578.0,2309.0,1478.0,2202.0,737.0,461.0,392.0,2154.0,1111.0,2158.0,405.0,492.0,983.0,1773.0,732.0,568.0,1073.0,530.0,1963.0,1031.0,000000000000000005c2,176.456133839759,C0510F02
726.0,2108.0,1756.0,497.0,590.0,1624.0,1536.0,571.0,373.0,2407.0,2323.0,741.0,1115.0,1710.0,432.0,1995.0,1459.0,1041.0,1558.0,668.0,2682.0,392.0,718.0,1046.0,1412.0,600.0,1073.0,497.0,2217.0,1600.0,470.0,2177.0,1028.0,507.0,594.0,942.0,2121.0,923.0,376.0,1678.0,2502.0,613.0,2314.0,1544.0,2248.0,771.0,488.0,421.0,2197.0,1155.0,2167.0,445.0,520.0,1026.0,1784.0,765.0,599.0,1117.0,563.0,2000.0,1069.0,000000000000000005c3,146.905596830584,C0510F03
678.0,2091.0,1661.0,460.0,519.0,1522.0,1432.0,507.0,331.0,2392.0,2259.0,695.0,1048.0,1607.0,382.0,1960.0,1372.0,971.0,1464.0,618.0,2671.0,344.0,651.0,959.0,1341.0,541.0,1044.0,461.0,2215.0,1489.0,425.0,2118.0,939.0,457.0,550.0,884.0,2050.0,851.0,317.0,1587.0,2500.0,577.0,2292.0,1447.0,2183.0,709.0,435.0,371.0,2134.0,1085.0,2139.0,395.0,474.0,960.0,1755.0,728.0,550.0,1033.0,514.0,1911.0,996.0,000000000000000005c4,161.095103959636,C0510F04
678.0,2096.0,1665.0,461.0,522.0,1524.0,1434.0,510.0,332.0,2399.0,2262.0,695.0,1048.0,1612.0,382.0,1965.0,1375.0,972.0,1466.0,618.0,2678.0,345.0,654.0,961.0,1342.0,541.0,1048.0,462.0,2219.0,1492.0,425.0,2125.0,942.0,457.0,550.0,883.0,2053.0,851.0,317.0,1592.0,2505.0,576.0,2298.0,1449.0,2186.0,712.0,437.0,372.0,2137.0,1086.0,2145.0,395.0,473.0,959.0,1759.0,727.0,550.0,1036.0,514.0,1916.0,996.0,000000000000000005c5,167.224112406334,C0510F05
724.0,2103.0,1750.0,498.0,583.0,1616.0,1532.0,565.0,375.0,2404.0,2313.0,744.0,1114.0,1705.0,430.0,1989.0,1452.0,1030.0,1549.0,666.0,2678.0,392.0,706.0,1042.0,1393.0,598.0,1067.0,498.0,2216.0,1588.0,466.0,2176.0,1027.0,508.0,587.0,936.0,2118.0,918.0,374.0,1676.0,2494.0,604.0,2302.0,1530.0,2238.0,763.0,491.0,421.0,2193.0,1144.0,2165.0,435.0,517.0,1021.0,1779.0,758.0,597.0,1108.0,563.0,2009.0,1070.0,000000000000000005c6,214.525180477205,C0510P01
706.0,2104.0,1725.0,479.0,558.0,1573.0,1489.0,539.0,352.0,2405.0,2291.0,725.0,1087.0,1673.0,411.0,1980.0,1419.0,1009.0,1512.0,647.0,2686.0,371.0,683.0,1008.0,1382.0,574.0,1083.0,479.0,2219.0,1545.0,450.0,2156.0,994.0,485.0,576.0,917.0,2090.0,888.0,345.0,1645.0,2505.0,596.0,2307.0,1498.0,2214.0,741.0,460.0,391.0,2167.0,1123.0,2157.0,421.0,495.0,993.0,1773.0,746.0,576.0,1084.0,542.0,1965.0,1039.0,000000000000000005c7,149.201812910504,C0510P03
575.0,1990.0,1540.0,384.0,454.0,1304.0,1250.0,444.0,282.0,2322.0,1980.0,595.0,913.0,1502.0,315.0,1891.0,1226.0,767.0,1231.0,526.0,2591.0,292.0,560.0,843.0,1073.0,457.0,934.0,394.0,2115.0,1305.0,343.0,2131.0,860.0,399.0,452.0,714.0,1828.0,733.0,267.0,1454.0,2377.0,442.0,2168.0,1202.0,1903.0,628.0,414.0,323.0,1876.0,888.0,2100.0,304.0,390.0,809.0,1704.0,545.0,484.0,871.0,447.0,1781.0,894.0,000000000000000005c8,211.484696822872,C0510P04
723.0,2106.0,1743.0,491.0,585.0,1607.0,1525.0,568.0,374.0,2398.0,2301.0,742.0,1107.0,1702.0,421.0,1993.0,1439.0,1016.0,1535.0,665.0,2687.0,386.0,708.0,1034.0,1372.0,597.0,1072.0,491.0,2219.0,1581.0,461.0,2177.0,1029.0,501.0,577.0,924.0,2111.0,913.0,368.0,1669.0,2493.0,589.0,2296.0,1518.0,2226.0,764.0,489.0,415.0,2184.0,1130.0,2160.0,426.0,510.0,1014.0,1776.0,745.0,587.0,1098.0,552.0,2011.0,1067.0,000000000000000005c9,196.84040894688,C0510P06
534.0,1906.0,1501.0,378.0,440.0,1239.0,1191.0,422.0,275.0,2227.0,1856.0,562.0,855.0,1451.0,311.0,1807.0,1152.0,700.0,1162.0,493.0,2490.0,282.0,536.0,808.0,950.0,425.0,784.0,388.0,2033.0,1236.0,334.0,2089.0,836.0,390.0,446.0,652.0,1716.0,684.0,262.0,1387.0,2250.0,415.0,2075.0,1134.0,1781.0,609.0,413.0,325.0,1762.0,834.0,2029.0,291.0,377.0,751.0,1629.0,489.0,491.0,824.0,437.0,1697.0,838.0,000000000000000005ca,70.1407492051336,C0510R01
529.0,1899.0,1496.0,378.0,438.0,1226.0,1178.0,420.0,276.0,2221.0,1848.0,557.0,853.0,1446.0,309.0,1798.0,1145.0,696.0,1150.0,488.0,2484.0,282.0,536.0,806.0,940.0,420.0,776.0,389.0,2026.0,1222.0,333.0,2086.0,833.0,388.0,445.0,648.0,1709.0,682.0,260.0,1380.0,2242.0,416.0,2069.0,1122.0,1774.0,611.0,415.0,325.0,1755.0,830.0,2024.0,291.0,373.0,749.0,1624.0,483.0,492.0,821.0,435.0,1689.0,835.0,000000000000000005cb,75.6832493858728,C0510R04
490.0,1745.0,1385.0,363.0,404.0,1106.0,1058.0,384.0,261.0,2013.0,1684.0,510.0,768.0,1321.0,281.0,1626.0,1025.0,614.0,1030.0,448.0,2289.0,261.0,486.0,754.0,782.0,376.0,702.0,374.0,1881.0,1084.0,305.0,1923.0,783.0,358.0,414.0,561.0,1575.0,600.0,232.0,1234.0,2014.0,381.0,1885.0,1011.0,1615.0,577.0,408.0,316.0,1604.0,751.0,1858.0,262.0,339.0,679.0,1478.0,428.0,469.0,741.0,397.0,1555.0,763.0,000000000000000005cc,149.567821274256,C0510R05
474.0,1667.0,1328.0,356.0,388.0,1065.0,1017.0,373.0,263.0,1932.0,1603.0,496.0,738.0,1252.0,272.0,1546.0,967.0,582.0,988.0,428.0,2199.0,261.0,467.0,720.0,725.0,356.0,706.0,374.0,1808.0,1041.0,295.0,1836.0,749.0,348.0,411.0,533.0,1502.0,572.0,224.0,1171.0,1926.0,371.0,1812.0,969.0,1540.0,559.0,408.0,317.0,1531.0,714.0,1788.0,251.0,325.0,650.0,1407.0,408.0,458.0,704.0,386.0,1477.0,738.0,000000000000000005cd,70.8562813557903,C0510R07
690.0,2102.0,1702.0,462.0,535.0,1540.0,1460.0,520.0,339.0,2403.0,2265.0,706.0,1065.0,1649.0,391.0,1977.0,1394.0,982.0,1475.0,627.0,2690.0,354.0,663.0,986.0,1348.0,558.0,1040.0,462.0,2218.0,1516.0,436.0,2148.0,976.0,466.0,558.0,890.0,2064.0,870.0,329.0,1621.0,2507.0,577.0,2299.0,1461.0,2193.0,720.0,446.0,378.0,2141.0,1096.0,2149.0,403.0,479.0,970.0,1758.0,725.0,562.0,1058.0,522.0,1944.0,1022.0,000000000000000005ce,193.350574693333,C0510W03
475.0,1667.0,1331.0,355.0,392.0,1066.0,1018.0,377.0,264.0,1930.0,1604.0,497.0,738.0,1253.0,272.0,1545.0,969.0,581.0,987.0,428.0,2199.0,261.0,472.0,719.0,725.0,356.0,712.0,374.0,1810.0,1040.0,295.0,1834.0,748.0,348.0,412.0,532.0,1504.0,572.0,224.0,1172.0,1925.0,372.0,1811.0,969.0,1541.0,565.0,408.0,317.0,1533.0,712.0,1787.0,251.0,324.0,650.0,1406.0,407.0,458.0,702.0,386.0,1477.0,738.0,000000000000000005cf,98.0236100820887,C0510W04
672.0,2071.0,1648.0,459.0,521.0,1520.0,1427.0,508.0,329.0,2353.0,2252.0,687.0,1040.0,1592.0,387.0,1936.0,1369.0,974.0,1465.0,614.0,2633.0,342.0,654.0,955.0,1352.0,538.0,1060.0,459.0,2187.0,1486.0,425.0,2084.0,929.0,457.0,549.0,886.0,2038.0,845.0,318.0,1571.0,2470.0,581.0,2266.0,1450.0,2172.0,711.0,429.0,371.0,2124.0,1087.0,2108.0,400.0,476.0,960.0,1732.0,733.0,545.0,1033.0,516.0,1887.0,984.0,000000000000000005d0,148.066334522052,C0510W05
675.0,2092.0,1673.0,451.0,518.0,1509.0,1433.0,507.0,331.0,2392.0,2238.0,687.0,1045.0,1625.0,372.0,1967.0,1370.0,957.0,1445.0,609.0,2681.0,342.0,648.0,966.0,1315.0,540.0,1017.0,451.0,2208.0,1489.0,423.0,2136.0,955.0,448.0,540.0,865.0,2038.0,853.0,315.0,1598.0,2497.0,559.0,2288.0,1426.0,2169.0,705.0,440.0,371.0,2114.0,1072.0,2137.0,385.0,464.0,950.0,1743.0,705.0,548.0,1034.0,504.0,1922.0,1006.0,000000000000000005d1,59.1767408163631,C0510W07
712.0,2104.0,1737.0,489.0,569.0,1588.0,1504.0,550.0,362.0,2404.0,2300.0,731.0,1098.0,1690.0,415.0,1981.0,1432.0,1017.0,1526.0,653.0,2682.0,381.0,694.0,1017.0,1388.0,581.0,1084.0,489.0,2218.0,1560.0,460.0,2162.0,1004.0,490.0,579.0,927.0,2100.0,899.0,350.0,1662.0,2502.0,599.0,2305.0,1507.0,2224.0,752.0,476.0,407.0,2176.0,1131.0,2156.0,425.0,500.0,1003.0,1775.0,751.0,580.0,1093.0,547.0,1977.0,1050.0,000000000000000005d2,186.422930724764,C0510X01
461.0,1455.0,1214.0,381.0,396.0,961.0,934.0,392.0,327.0,1649.0,1377.0,490.0,680.0,1125.0,315.0,1340.0,887.0,564.0,896.0,424.0,1851.0,318.0,463.0,680.0,683.0,368.0,584.0,391.0,1522.0,909.0,332.0,1618.0,714.0,378.0,410.0,492.0,1295.0,539.0,261.0,1068.0,1622.0,371.0,1600.0,877.0,1314.0,540.0,430.0,351.0,1317.0,661.0,1554.0,283.0,342.0,605.0,1218.0,396.0,449.0,661.0,405.0,1262.0,680.0,000000000000000005d3,137.141056760411,C0511C02
574.0,1951.0,1545.0,394.0,472.0,1344.0,1286.0,460.0,293.0,2278.0,1986.0,600.0,931.0,1508.0,340.0,1845.0,1218.0,779.0,1272.0,525.0,2540.0,303.0,579.0,864.0,1066.0,460.0,866.0,402.0,2069.0,1340.0,363.0,2102.0,876.0,416.0,471.0,726.0,1831.0,750.0,292.0,1458.0,2322.0,459.0,2129.0,1240.0,1904.0,647.0,420.0,335.0,1882.0,904.0,2061.0,324.0,408.0,829.0,1666.0,548.0,509.0,893.0,465.0,1786.0,908.0,000000000000000005d4,156.695411843853,C0511C05
589.0,2024.0,1570.0,396.0,466.0,1342.0,1284.0,456.0,291.0,2359.0,2023.0,609.0,935.0,1532.0,322.0,1924.0,1251.0,792.0,1266.0,538.0,2637.0,301.0,575.0,865.0,1101.0,469.0,951.0,405.0,2151.0,1341.0,359.0,2162.0,883.0,408.0,471.0,734.0,1865.0,752.0,273.0,1484.0,2420.0,462.0,2205.0,1239.0,1945.0,643.0,424.0,332.0,1916.0,915.0,2134.0,318.0,400.0,830.0,1730.0,561.0,502.0,896.0,458.0,1816.0,915.0,000000000000000005d5,193.454061785021,C0511C06
583.0,1984.0,1557.0,394.0,466.0,1337.0,1281.0,456.0,291.0,2308.0,2000.0,604.0,928.0,1514.0,325.0,1878.0,1235.0,786.0,1264.0,533.0,2579.0,301.0,573.0,865.0,1086.0,465.0,877.0,403.0,2101.0,1336.0,355.0,2118.0,875.0,408.0,465.0,730.0,1844.0,748.0,277.0,1473.0,2366.0,456.0,2158.0,1236.0,1923.0,639.0,422.0,332.0,1894.0,907.0,2088.0,315.0,400.0,825.0,1692.0,556.0,496.0,896.0,458.0,1795.0,909.0,000000000000000005d6,198.287023091156,C0511C08
558.0,1931.0,1522.0,383.0,462.0,1307.0,1251.0,450.0,283.0,2259.0,1937.0,586.0,902.0,1483.0,330.0,1826.0,1193.0,747.0,1234.0,510.0,2521.0,293.0,568.0,839.0,1026.0,445.0,845.0,393.0,2050.0,1307.0,353.0,2087.0,856.0,407.0,463.0,697.0,1788.0,725.0,282.0,1428.0,2301.0,445.0,2106.0,1203.0,1854.0,637.0,413.0,329.0,1836.0,876.0,2047.0,313.0,397.0,798.0,1649.0,527.0,503.0,867.0,455.0,1749.0,880.0,000000000000000005d7,238.943050634837,C0511C10
810.0,2212.0,1871.0,570.0,670.0,1759.0,1674.0,654.0,446.0,2494.0,2461.0,824.0,1227.0,1834.0,500.0,2095.0,1570.0,1131.0,1691.0,751.0,2800.0,462.0,801.0,1147.0,1517.0,682.0,1184.0,570.0,2318.0,1736.0,527.0,2267.0,1137.0,580.0,647.0,1049.0,2259.0,1032.0,443.0,1794.0,2603.0,662.0,2399.0,1675.0,2384.0,857.0,565.0,491.0,2333.0,1255.0,2251.0,500.0,595.0,1137.0,1868.0,840.0,651.0,1217.0,637.0,2143.0,1184.0,000000000000000005d8,94.4195681845905,C0511F04
607.0,2078.0,1604.0,413.0,478.0,1403.0,1328.0,459.0,302.0,2397.0,2112.0,637.0,969.0,1566.0,335.0,1968.0,1280.0,832.0,1327.0,558.0,2694.0,313.0,595.0,890.0,1164.0,488.0,930.0,414.0,2198.0,1385.0,373.0,2191.0,899.0,412.0,494.0,775.0,1929.0,785.0,278.0,1527.0,2476.0,484.0,2269.0,1299.0,2034.0,653.0,424.0,343.0,1997.0,955.0,2163.0,333.0,412.0,871.0,1751.0,607.0,515.0,936.0,469.0,1862.0,949.0,000000000000000005d9,188.996245507572,C0511F05
539.0,1808.0,1455.0,413.0,465.0,1211.0,1163.0,446.0,322.0,2113.0,1766.0,559.0,846.0,1397.0,344.0,1700.0,1107.0,682.0,1135.0,500.0,2373.0,322.0,545.0,806.0,884.0,432.0,758.0,424.0,1935.0,1202.0,351.0,1997.0,835.0,418.0,459.0,644.0,1650.0,683.0,297.0,1320.0,2111.0,420.0,1977.0,1115.0,1699.0,632.0,454.0,363.0,1688.0,816.0,1946.0,312.0,400.0,750.0,1550.0,481.0,498.0,806.0,456.0,1631.0,836.0,000000000000000005da,107.595692573619,C0511F06
703.0,2101.0,1719.0,479.0,555.0,1567.0,1483.0,535.0,351.0,2398.0,2287.0,723.0,1083.0,1667.0,408.0,1975.0,1416.0,1005.0,1507.0,645.0,2680.0,370.0,680.0,1003.0,1380.0,571.0,1079.0,479.0,2214.0,1539.0,447.0,2149.0,988.0,482.0,573.0,914.0,2086.0,885.0,343.0,1640.0,2500.0,594.0,2301.0,1493.0,2210.0,737.0,459.0,391.0,2162.0,1118.0,2151.0,419.0,492.0,990.0,1767.0,745.0,572.0,1079.0,539.0,1960.0,1035.0,000000000000000005db,139.233131391656,C0511F07
533.0,1908.0,1505.0,379.0,439.0,1233.0,1184.0,419.0,273.0,2240.0,1863.0,563.0,856.0,1459.0,310.0,1808.0,1155.0,701.0,1157.0,493.0,2500.0,282.0,539.0,808.0,957.0,423.0,793.0,390.0,2034.0,1229.0,334.0,2094.0,831.0,389.0,449.0,653.0,1720.0,685.0,260.0,1395.0,2266.0,420.0,2083.0,1127.0,1788.0,611.0,414.0,325.0,1765.0,834.0,2036.0,291.0,377.0,753.0,1634.0,490.0,495.0,825.0,439.0,1697.0,839.0,000000000000000005dc,37.7950681627534,C0511P02
545.0,1916.0,1502.0,385.0,459.0,1281.0,1224.0,439.0,281.0,2243.0,1905.0,574.0,883.0,1463.0,323.0,1809.0,1172.0,727.0,1205.0,497.0,2509.0,291.0,558.0,824.0,988.0,438.0,827.0,395.0,2033.0,1281.0,342.0,2080.0,843.0,399.0,453.0,681.0,1762.0,710.0,276.0,1404.0,2285.0,433.0,2089.0,1177.0,1829.0,628.0,416.0,333.0,1810.0,861.0,2031.0,302.0,389.0,778.0,1637.0,506.0,493.0,852.0,446.0,1725.0,864.0,000000000000000005dd,135.462295008828,C0511P03
545.0,1916.0,1502.0,385.0,459.0,1281.0,1224.0,439.0,281.0,2243.0,1905.0,574.0,883.0,1463.0,323.0,1809.0,1172.0,727.0,1205.0,497.0,2509.0,291.0,558.0,824.0,988.0,438.0,827.0,395.0,2033.0,1281.0,342.0,2080.0,843.0,399.0,453.0,681.0,1762.0,710.0,276.0,1404.0,2285.0,433.0,2089.0,1177.0,1829.0,628.0,416.0,333.0,1810.0,861.0,2031.0,302.0,389.0,778.0,1637.0,506.0,493.0,852.0,446.0,1725.0,864.0,000000000000000005de,166.395648558521,C0511P04
815.0,2226.0,1882.0,579.0,677.0,1774.0,1689.0,662.0,451.0,2505.0,2480.0,826.0,1236.0,1844.0,509.0,2112.0,1584.0,1145.0,1713.0,757.0,2810.0,470.0,813.0,1155.0,1545.0,688.0,1210.0,579.0,2325.0,1755.0,533.0,2275.0,1140.0,585.0,657.0,1065.0,2271.0,1046.0,452.0,1802.0,2625.0,675.0,2418.0,1698.0,2404.0,865.0,569.0,500.0,2347.0,1269.0,2262.0,513.0,604.0,1150.0,1883.0,854.0,657.0,1231.0,642.0,2141.0,1189.0,000000000000000005df,53.113680499044,C0511P08
594.0,2044.0,1578.0,398.0,469.0,1357.0,1294.0,457.0,292.0,2371.0,2055.0,616.0,945.0,1537.0,323.0,1937.0,1259.0,801.0,1281.0,543.0,2654.0,302.0,580.0,869.0,1119.0,474.0,942.0,405.0,2168.0,1351.0,363.0,2166.0,881.0,407.0,476.0,746.0,1886.0,766.0,273.0,1495.0,2440.0,468.0,2228.0,1254.0,1973.0,641.0,417.0,333.0,1945.0,923.0,2144.0,323.0,400.0,842.0,1735.0,577.0,504.0,905.0,458.0,1829.0,926.0,000000000000000005e0,303.846424644422,C0511P10
552.0,1733.0,1444.0,425.0,468.0,1246.0,1199.0,459.0,340.0,2059.0,1783.0,571.0,857.0,1393.0,362.0,1629.0,1125.0,698.0,1170.0,506.0,2296.0,340.0,562.0,808.0,931.0,442.0,810.0,434.0,1851.0,1236.0,372.0,1928.0,831.0,433.0,475.0,653.0,1658.0,690.0,318.0,1337.0,2055.0,447.0,1919.0,1147.0,1709.0,628.0,462.0,377.0,1695.0,826.0,1885.0,334.0,424.0,755.0,1496.0,507.0,513.0,817.0,477.0,1630.0,848.0,000000000000000005e1,204.811126668537,C0511R01
455.0,1455.0,1256.0,405.0,446.0,931.0,917.0,399.0,328.0,1662.0,1418.0,540.0,669.0,1248.0,341.0,1429.0,982.0,615.0,898.0,442.0,1867.0,310.0,516.0,700.0,958.0,401.0,631.0,414.0,1536.0,1036.0,373.0,1645.0,700.0,395.0,392.0,496.0,1356.0,592.0,320.0,1186.0,1558.0,394.0,1621.0,889.0,1345.0,492.0,409.0,351.0,1408.0,709.0,1755.0,313.0,352.0,683.0,1430.0,455.0,493.0,759.0,434.0,1337.0,769.0,000000000000000005e2,87.5069896215615,C0511R02
529.0,1667.0,1393.0,417.0,454.0,1182.0,1135.0,438.0,333.0,1996.0,1697.0,547.0,819.0,1339.0,350.0,1564.0,1069.0,661.0,1102.0,485.0,2218.0,333.0,539.0,778.0,872.0,426.0,755.0,426.0,1787.0,1173.0,358.0,1873.0,801.0,420.0,460.0,618.0,1579.0,650.0,307.0,1279.0,1973.0,430.0,1857.0,1081.0,1625.0,613.0,454.0,370.0,1616.0,790.0,1829.0,321.0,409.0,719.0,1438.0,481.0,497.0,780.0,461.0,1553.0,810.0,000000000000000005e3,78.463782402546,C0511R04
476.0,1550.0,1294.0,386.0,413.0,1059.0,1023.0,404.0,320.0,1831.0,1530.0,502.0,730.0,1231.0,323.0,1449.0,969.0,605.0,987.0,441.0,2030.0,320.0,486.0,713.0,780.0,388.0,654.0,393.0,1641.0,1032.0,334.0,1749.0,742.0,387.0,414.0,550.0,1423.0,586.0,280.0,1170.0,1803.0,387.0,1731.0,960.0,1465.0,556.0,429.0,357.0,1457.0,715.0,1686.0,298.0,364.0,649.0,1329.0,423.0,458.0,707.0,414.0,1403.0,731.0,000000000000000005e4,95.6767017433335,C0511R05
542.0,1673.0,1435.0,435.0,474.0,1170.0,1137.0,443.0,340.0,1990.0,1727.0,579.0,813.0,1400.0,360.0,1604.0,1134.0,710.0,1117.0,496.0,2208.0,333.0,575.0,799.0,1029.0,442.0,764.0,442.0,1790.0,1239.0,386.0,1861.0,805.0,429.0,464.0,629.0,1616.0,692.0,329.0,1352.0,1948.0,451.0,1845.0,1109.0,1656.0,574.0,442.0,376.0,1691.0,824.0,1909.0,332.0,408.0,781.0,1530.0,517.0,532.0,849.0,470.0,1609.0,863.0,000000000000000005e5,68.4844812048185,C0511R07
563.0,1916.0,1521.0,405.0,477.0,1329.0,1269.0,461.0,304.0,2243.0,1937.0,587.0,907.0,1481.0,345.0,1806.0,1188.0,757.0,1248.0,516.0,2505.0,312.0,578.0,850.0,1018.0,454.0,844.0,410.0,2038.0,1324.0,363.0,2084.0,869.0,419.0,470.0,710.0,1790.0,735.0,299.0,1424.0,2276.0,453.0,2091.0,1223.0,1858.0,647.0,431.0,348.0,1835.0,886.0,2032.0,324.0,410.0,807.0,1638.0,528.0,509.0,876.0,465.0,1753.0,890.0,000000000000000005e6,116.580719176061,C0511W07
551.0,1726.0,1446.0,426.0,474.0,1276.0,1214.0,457.0,329.0,2054.0,1818.0,569.0,864.0,1400.0,361.0,1623.0,1124.0,710.0,1194.0,506.0,2293.0,336.0,566.0,802.0,957.0,450.0,804.0,427.0,1839.0,1259.0,374.0,1918.0,820.0,429.0,475.0,671.0,1675.0,692.0,319.0,1346.0,2068.0,455.0,1916.0,1175.0,1744.0,630.0,447.0,373.0,1719.0,835.0,1856.0,337.0,421.0,771.0,1479.0,521.0,511.0,826.0,471.0,1640.0,847.0,000000000000000005e7,106.877192955761,C0511W08
750.0,2137.0,1782.0,519.0,609.0,1652.0,1568.0,590.0,398.0,2426.0,2349.0,767.0,1143.0,1741.0,447.0,2021.0,1482.0,1054.0,1584.0,692.0,2715.0,412.0,735.0,1068.0,1424.0,624.0,1080.0,519.0,2247.0,1626.0,487.0,2202.0,1059.0,527.0,606.0,965.0,2154.0,949.0,391.0,1708.0,2523.0,620.0,2330.0,1565.0,2274.0,790.0,514.0,441.0,2230.0,1172.0,2188.0,456.0,539.0,1052.0,1805.0,778.0,613.0,1137.0,581.0,2046.0,1101.0,000000000000000005e8,181.647886529691,C0511W09
555.0,1902.0,1506.0,399.0,470.0,1306.0,1250.0,451.0,301.0,2231.0,1912.0,581.0,896.0,1466.0,341.0,1794.0,1177.0,740.0,1229.0,507.0,2491.0,309.0,568.0,837.0,997.0,447.0,831.0,408.0,2027.0,1305.0,355.0,2073.0,856.0,416.0,463.0,695.0,1770.0,724.0,294.0,1409.0,2264.0,442.0,2079.0,1201.0,1836.0,637.0,430.0,348.0,1816.0,872.0,2024.0,316.0,407.0,792.0,1629.0,516.0,502.0,862.0,463.0,1735.0,878.0,000000000000000005e9,110.759873966346,C0511X01
539.0,1670.0,1427.0,435.0,473.0,1154.0,1125.0,437.0,341.0,1978.0,1715.0,586.0,809.0,1398.0,360.0,1611.0,1132.0,708.0,1107.0,497.0,2193.0,331.0,572.0,793.0,1049.0,448.0,754.0,443.0,1782.0,1240.0,387.0,1856.0,794.0,428.0,460.0,627.0,1612.0,699.0,332.0,1350.0,1926.0,450.0,1837.0,1100.0,1645.0,558.0,438.0,373.0,1691.0,818.0,1933.0,333.0,404.0,791.0,1551.0,520.0,538.0,850.0,471.0,1608.0,872.0,000000000000000005ea,44.1649077830334,C0511X02
554.0,1723.0,1456.0,434.0,474.0,1275.0,1216.0,457.0,336.0,2060.0,1824.0,572.0,869.0,1410.0,367.0,1620.0,1134.0,720.0,1196.0,508.0,2293.0,342.0,569.0,811.0,974.0,449.0,796.0,436.0,1838.0,1267.0,376.0,1920.0,828.0,437.0,474.0,674.0,1679.0,699.0,325.0,1358.0,2065.0,456.0,1920.0,1179.0,1748.0,628.0,455.0,379.0,1729.0,845.0,1866.0,337.0,428.0,779.0,1488.0,523.0,510.0,837.0,479.0,1647.0,857.0,000000000000000005eb,81.6202308111143,C0511X03
641.0,2091.0,1649.0,431.0,511.0,1470.0,1400.0,495.0,312.0,2402.0,2185.0,662.0,1010.0,1611.0,363.0,1980.0,1330.0,897.0,1399.0,584.0,2701.0,323.0,630.0,936.0,1235.0,521.0,968.0,431.0,2214.0,1457.0,400.0,2181.0,942.0,438.0,518.0,827.0,1998.0,828.0,306.0,1573.0,2490.0,518.0,2278.0,1375.0,2109.0,687.0,432.0,353.0,2072.0,1020.0,2162.0,360.0,447.0,914.0,1759.0,649.0,529.0,992.0,495.0,1921.0,983.0,000000000000000005ec,119.507616674124,C0512C04
593.0,1916.0,1550.0,433.0,503.0,1391.0,1322.0,491.0,329.0,2237.0,1993.0,612.0,949.0,1513.0,373.0,1801.0,1226.0,797.0,1306.0,546.0,2503.0,339.0,609.0,878.0,1073.0,488.0,880.0,433.0,2029.0,1380.0,392.0,2077.0,896.0,446.0,497.0,751.0,1832.0,767.0,328.0,1460.0,2273.0,480.0,2091.0,1286.0,1909.0,676.0,452.0,374.0,1881.0,919.0,2020.0,354.0,439.0,852.0,1632.0,567.0,533.0,908.0,494.0,1793.0,928.0,000000000000000005ed,257.148073494657,C0512C06
681.0,2093.0,1689.0,460.0,531.0,1528.0,1448.0,516.0,337.0,2394.0,2255.0,696.0,1057.0,1638.0,382.0,1967.0,1384.0,973.0,1465.0,619.0,2679.0,351.0,659.0,977.0,1338.0,548.0,1039.0,460.0,2209.0,1504.0,429.0,2138.0,964.0,456.0,549.0,882.0,2053.0,862.0,322.0,1611.0,2496.0,569.0,2291.0,1449.0,2182.0,716.0,445.0,376.0,2130.0,1087.0,2141.0,395.0,470.0,962.0,1750.0,716.0,553.0,1048.0,512.0,1933.0,1014.0,000000000000000005ee,155.859163037094,C0512C09
615.0,2071.0,1609.0,421.0,486.0,1419.0,1348.0,466.0,304.0,2389.0,2126.0,644.0,977.0,1571.0,343.0,1963.0,1290.0,849.0,1343.0,565.0,2688.0,319.0,602.0,900.0,1177.0,496.0,928.0,421.0,2195.0,1405.0,381.0,2180.0,905.0,420.0,500.0,785.0,1943.0,794.0,285.0,1533.0,2471.0,496.0,2263.0,1319.0,2049.0,660.0,431.0,350.0,2016.0,971.0,2156.0,341.0,425.0,880.0,1744.0,615.0,520.0,947.0,478.0,1876.0,957.0,000000000000000005ef,226.308086934855,C0512C10
709.0,2073.0,1711.0,486.0,562.0,1577.0,1492.0,543.0,359.0,2363.0,2278.0,724.0,1085.0,1664.0,419.0,1949.0,1417.0,1011.0,1519.0,649.0,2638.0,378.0,686.0,1007.0,1393.0,574.0,1082.0,486.0,2179.0,1552.0,454.0,2122.0,983.0,491.0,578.0,923.0,2071.0,893.0,354.0,1636.0,2463.0,603.0,2277.0,1505.0,2202.0,743.0,465.0,402.0,2148.0,1124.0,2122.0,430.0,504.0,998.0,1746.0,756.0,576.0,1084.0,548.0,1938.0,1037.0,000000000000000005f0,34.7261599360385,C0512F01
870.0,2242.0,1971.0,655.0,660.0,1674.0,1715.0,670.0,422.0,2565.0,2543.0,799.0,1247.0,1982.0,478.0,2141.0,1652.0,1218.0,1704.0,770.0,2763.0,493.0,893.0,1125.0,1723.0,691.0,1241.0,689.0,2418.0,1832.0,521.0,2275.0,1199.0,620.0,656.0,1080.0,2312.0,1102.0,506.0,1907.0,2656.0,701.0,2310.0,1852.0,2449.0,799.0,562.0,483.0,2447.0,1402.0,2398.0,541.0,614.0,1284.0,2094.0,889.0,691.0,1353.0,792.0,2244.0,1294.0,000000000000000005f1,79.6980152507705,C0512F03
791.0,2184.0,1842.0,555.0,649.0,1729.0,1638.0,632.0,428.0,2467.0,2426.0,801.0,1195.0,1798.0,487.0,2071.0,1547.0,1108.0,1664.0,732.0,2761.0,447.0,782.0,1118.0,1509.0,664.0,1151.0,555.0,2288.0,1704.0,512.0,2238.0,1102.0,562.0,635.0,1026.0,2218.0,1007.0,431.0,1762.0,2579.0,654.0,2382.0,1654.0,2350.0,833.0,545.0,477.0,2294.0,1231.0,2226.0,493.0,581.0,1110.0,1849.0,829.0,635.0,1193.0,619.0,2089.0,1148.0,000000000000000005f2,27.3394698219093,C0512F04
675.0,2085.0,1667.0,458.0,523.0,1516.0,1430.0,506.0,330.0,2386.0,2250.0,694.0,1045.0,1618.0,382.0,1957.0,1369.0,966.0,1460.0,617.0,2670.0,347.0,649.0,962.0,1334.0,540.0,1035.0,458.0,2203.0,1486.0,424.0,2120.0,943.0,457.0,549.0,878.0,2046.0,848.0,317.0,1591.0,2490.0,571.0,2285.0,1441.0,2173.0,706.0,436.0,369.0,2125.0,1080.0,2133.0,395.0,468.0,953.0,1747.0,718.0,549.0,1038.0,513.0,1917.0,996.0,000000000000000005f3,39.8852660209269,C0512F05
767.0,2150.0,1805.0,534.0,627.0,1685.0,1597.0,608.0,409.0,2434.0,2382.0,777.0,1166.0,1760.0,467.0,2037.0,1512.0,1078.0,1625.0,709.0,2722.0,428.0,760.0,1087.0,1474.0,641.0,1116.0,534.0,2253.0,1662.0,498.0,2205.0,1069.0,542.0,620.0,998.0,2176.0,980.0,411.0,1729.0,2543.0,639.0,2351.0,1610.0,2307.0,807.0,524.0,457.0,2251.0,1200.0,2195.0,479.0,560.0,1082.0,1819.0,806.0,621.0,1163.0,598.0,2051.0,1120.0,000000000000000005f4,45.3974462055777,C0512P01
799.0,2203.0,1859.0,559.0,659.0,1748.0,1655.0,641.0,432.0,2486.0,2447.0,809.0,1208.0,1814.0,492.0,2089.0,1562.0,1122.0,1682.0,739.0,2782.0,452.0,794.0,1131.0,1527.0,672.0,1174.0,559.0,2307.0,1722.0,522.0,2254.0,1113.0,568.0,647.0,1038.0,2237.0,1019.0,436.0,1777.0,2601.0,666.0,2401.0,1672.0,2370.0,843.0,548.0,481.0,2313.0,1245.0,2243.0,503.0,586.0,1123.0,1864.0,838.0,647.0,1207.0,624.0,2104.0,1161.0,000000000000000005f5,49.8839664173559,C0512P02
838.0,2211.0,1915.0,610.0,661.0,1702.0,1683.0,656.0,436.0,2510.0,2486.0,814.0,1229.0,1902.0,490.0,2102.0,1603.0,1168.0,1686.0,761.0,2762.0,477.0,837.0,1133.0,1609.0,688.0,1205.0,625.0,2352.0,1772.0,522.0,2255.0,1163.0,599.0,646.0,1057.0,2273.0,1060.0,473.0,1840.0,2610.0,674.0,2334.0,1748.0,2402.0,821.0,562.0,486.0,2377.0,1324.0,2305.0,515.0,601.0,1201.0,1966.0,861.0,667.0,1281.0,709.0,2183.0,1231.0,000000000000000005f6,58.4452669764884,C0512P03
763.0,2155.0,1803.0,528.0,627.0,1674.0,1590.0,609.0,411.0,2437.0,2365.0,781.0,1155.0,1765.0,459.0,2035.0,1502.0,1065.0,1602.0,706.0,2732.0,422.0,753.0,1082.0,1443.0,639.0,1065.0,528.0,2265.0,1647.0,499.0,2217.0,1079.0,542.0,614.0,980.0,2174.0,961.0,403.0,1730.0,2531.0,625.0,2339.0,1584.0,2290.0,808.0,526.0,451.0,2249.0,1186.0,2200.0,464.0,553.0,1064.0,1819.0,785.0,622.0,1149.0,598.0,2068.0,1116.0,000000000000000005f7,115.954669156608,C0512P04
662.0,2096.0,1675.0,440.0,523.0,1504.0,1430.0,513.0,324.0,2391.0,2218.0,682.0,1039.0,1632.0,373.0,1981.0,1362.0,932.0,1430.0,604.0,2696.0,334.0,646.0,964.0,1274.0,536.0,1002.0,440.0,2215.0,1486.0,413.0,2170.0,965.0,453.0,528.0,852.0,2032.0,852.0,322.0,1599.0,2491.0,534.0,2276.0,1415.0,2142.0,703.0,440.0,363.0,2099.0,1050.0,2154.0,375.0,462.0,943.0,1757.0,672.0,538.0,1021.0,509.0,1942.0,1004.0,000000000000000005f8,124.275946022298,C0512P10
744.0,2088.0,1760.0,519.0,606.0,1628.0,1549.0,596.0,404.0,2365.0,2310.0,763.0,1134.0,1720.0,445.0,1976.0,1457.0,1024.0,1558.0,686.0,2673.0,413.0,728.0,1061.0,1379.0,619.0,1009.0,519.0,2205.0,1609.0,481.0,2162.0,1061.0,522.0,592.0,952.0,2128.0,943.0,395.0,1688.0,2471.0,597.0,2257.0,1540.0,2235.0,784.0,519.0,442.0,2193.0,1145.0,2136.0,443.0,531.0,1046.0,1760.0,754.0,602.0,1117.0,576.0,2034.0,1102.0,000000000000000005f9,48.9035675277612,C0512R01
590.0,1957.0,1552.0,409.0,485.0,1381.0,1316.0,466.0,304.0,2272.0,2023.0,609.0,943.0,1522.0,338.0,1852.0,1228.0,799.0,1306.0,535.0,2547.0,314.0,590.0,873.0,1105.0,477.0,875.0,409.0,2063.0,1363.0,370.0,2104.0,882.0,411.0,474.0,748.0,1858.0,759.0,293.0,1476.0,2327.0,465.0,2139.0,1278.0,1949.0,656.0,419.0,342.0,1921.0,926.0,2057.0,332.0,410.0,850.0,1664.0,570.0,504.0,908.0,464.0,1804.0,917.0,000000000000000005fa,86.3220221728023,C0512R02
718.0,2047.0,1724.0,500.0,591.0,1594.0,1515.0,575.0,385.0,2335.0,2262.0,737.0,1106.0,1687.0,432.0,1933.0,1419.0,993.0,1519.0,662.0,2639.0,395.0,708.0,1032.0,1330.0,595.0,992.0,500.0,2167.0,1570.0,463.0,2136.0,1033.0,505.0,575.0,925.0,2081.0,917.0,377.0,1650.0,2431.0,575.0,2225.0,1500.0,2187.0,765.0,502.0,426.0,2149.0,1115.0,2108.0,425.0,512.0,1014.0,1725.0,725.0,586.0,1086.0,559.0,1996.0,1077.0,000000000000000005fc,59.6957808455703,C0512R04
562.0,1755.0,1469.0,435.0,484.0,1309.0,1244.0,466.0,334.0,2088.0,1862.0,581.0,891.0,1429.0,368.0,1649.0,1146.0,736.0,1228.0,517.0,2332.0,343.0,580.0,823.0,991.0,459.0,822.0,435.0,1865.0,1293.0,384.0,1947.0,839.0,437.0,486.0,697.0,1712.0,712.0,325.0,1375.0,2106.0,470.0,1953.0,1209.0,1788.0,645.0,454.0,377.0,1761.0,862.0,1885.0,347.0,431.0,795.0,1503.0,535.0,520.0,850.0,483.0,1672.0,869.0,000000000000000005fd,51.6066919563017,C0512X01
586.0,1954.0,1549.0,403.0,480.0,1373.0,1309.0,462.0,300.0,2272.0,2013.0,606.0,937.0,1518.0,338.0,1850.0,1225.0,791.0,1299.0,532.0,2543.0,310.0,585.0,867.0,1097.0,473.0,870.0,405.0,2062.0,1357.0,366.0,2102.0,876.0,412.0,471.0,740.0,1849.0,753.0,293.0,1471.0,2324.0,461.0,2136.0,1270.0,1937.0,651.0,416.0,338.0,1911.0,918.0,2056.0,328.0,410.0,842.0,1664.0,565.0,502.0,902.0,465.0,1797.0,912.0,000000000000000005fe,52.5342986024907,C0512X02
705.0,2075.0,1710.0,477.0,560.0,1568.0,1484.0,541.0,352.0,2369.0,2274.0,722.0,1084.0,1664.0,413.0,1952.0,1416.0,1004.0,1512.0,646.0,2643.0,371.0,685.0,1002.0,1386.0,570.0,1089.0,477.0,2185.0,1542.0,453.0,2127.0,981.0,486.0,578.0,919.0,2073.0,890.0,349.0,1636.0,2467.0,601.0,2279.0,1495.0,2198.0,742.0,457.0,392.0,2149.0,1117.0,2128.0,427.0,497.0,994.0,1752.0,748.0,577.0,1078.0,542.0,1945.0,1036.0,000000000000000005ff,20.2352669881715,C0512X03
595.0,2005.0,1584.0,405.0,480.0,1375.0,1314.0,470.0,300.0,2330.0,2040.0,615.0,951.0,1541.0,334.0,1898.0,1258.0,808.0,1299.0,543.0,2606.0,310.0,591.0,885.0,1116.0,475.0,887.0,411.0,2122.0,1371.0,368.0,2137.0,892.0,416.0,478.0,753.0,1880.0,769.0,285.0,1499.0,2389.0,472.0,2183.0,1274.0,1964.0,655.0,428.0,340.0,1935.0,931.0,2108.0,328.0,410.0,849.0,1707.0,570.0,508.0,918.0,468.0,1829.0,930.0,00000000000000000600,36.2814541355361,C0512X05
575.0,1778.0,1481.0,436.0,490.0,1341.0,1272.0,472.0,336.0,2103.0,1905.0,593.0,915.0,1452.0,366.0,1667.0,1169.0,763.0,1264.0,529.0,2355.0,345.0,591.0,840.0,1035.0,466.0,825.0,436.0,1881.0,1328.0,386.0,1954.0,852.0,435.0,485.0,724.0,1747.0,733.0,323.0,1401.0,2132.0,476.0,1976.0,1245.0,1829.0,655.0,450.0,372.0,1801.0,888.0,1899.0,350.0,435.0,816.0,1516.0,551.0,512.0,870.0,487.0,1701.0,888.0,00000000000000000601,46.0541472675009,C0512X07
372.0,979.0,871.0,285.0,422.0,563.0,562.0,423.0,328.0,1047.0,700.0,472.0,454.0,879.0,344.0,994.0,808.0,568.0,492.0,436.0,1045.0,285.0,429.0,569.0,765.0,384.0,415.0,363.0,981.0,596.0,421.0,1072.0,629.0,320.0,306.0,424.0,752.0,457.0,380.0,890.0,1000.0,350.0,984.0,481.0,661.0,386.0,383.0,356.0,693.0,475.0,1091.0,321.0,257.0,483.0,1064.0,418.0,398.0,647.0,347.0,741.0,531.0,00000000000000000602,17.7166132691577,C0601C01
421.0,1097.0,985.0,336.0,485.0,636.0,640.0,473.0,376.0,1192.0,825.0,539.0,512.0,1002.0,378.0,1119.0,929.0,635.0,549.0,493.0,1212.0,318.0,491.0,636.0,885.0,429.0,477.0,424.0,1109.0,696.0,473.0,1228.0,707.0,359.0,338.0,474.0,879.0,514.0,436.0,1034.0,1121.0,396.0,1118.0,549.0,747.0,429.0,425.0,389.0,811.0,540.0,1219.0,361.0,281.0,557.0,1231.0,473.0,441.0,727.0,400.0,872.0,618.0,00000000000000000603,120.804670659369,C0601C02
412.0,1077.0,966.0,330.0,473.0,625.0,628.0,461.0,370.0,1169.0,810.0,531.0,502.0,982.0,368.0,1098.0,910.0,623.0,537.0,485.0,1191.0,312.0,480.0,624.0,866.0,421.0,467.0,417.0,1089.0,684.0,467.0,1205.0,695.0,350.0,332.0,464.0,863.0,504.0,425.0,1015.0,1100.0,390.0,1096.0,537.0,732.0,419.0,419.0,383.0,796.0,529.0,1195.0,354.0,273.0,547.0,1207.0,464.0,434.0,715.0,390.0,857.0,608.0,00000000000000000604,79.590688402537,C0601C03
467.0,1305.0,1209.0,404.0,548.0,745.0,771.0,529.0,409.0,1446.0,1111.0,652.0,616.0,1190.0,404.0,1331.0,1068.0,721.0,645.0,560.0,1487.0,334.0,574.0,733.0,1019.0,468.0,592.0,501.0,1352.0,875.0,549.0,1458.0,817.0,407.0,370.0,514.0,1170.0,597.0,481.0,1221.0,1350.0,461.0,1362.0,645.0,1040.0,505.0,492.0,445.0,1067.0,616.0,1469.0,405.0,284.0,673.0,1463.0,550.0,521.0,845.0,444.0,1152.0,773.0,00000000000000000605,79.6152861356343,C0601C04
428.0,1003.0,981.0,308.0,468.0,634.0,637.0,492.0,374.0,999.0,790.0,562.0,486.0,899.0,425.0,1044.0,836.0,625.0,582.0,485.0,989.0,343.0,489.0,663.0,769.0,427.0,473.0,367.0,1005.0,581.0,430.0,1109.0,711.0,379.0,337.0,484.0,840.0,497.0,365.0,986.0,1013.0,365.0,974.0,542.0,720.0,441.0,425.0,397.0,749.0,533.0,1095.0,336.0,281.0,504.0,990.0,425.0,448.0,696.0,388.0,798.0,606.0,00000000000000000606,95.7825015710743,C0601C05
453.0,1308.0,1175.0,416.0,534.0,733.0,755.0,504.0,416.0,1444.0,1106.0,617.0,589.0,1166.0,394.0,1339.0,1065.0,715.0,646.0,539.0,1478.0,344.0,549.0,724.0,1028.0,461.0,559.0,500.0,1360.0,864.0,520.0,1466.0,788.0,392.0,376.0,505.0,1165.0,579.0,469.0,1179.0,1342.0,456.0,1374.0,647.0,1036.0,478.0,488.0,440.0,1021.0,628.0,1452.0,409.0,292.0,648.0,1476.0,537.0,515.0,828.0,437.0,1153.0,728.0,00000000000000000607,5.84905085342536,C0601F01
300.0,904.0,869.0,273.0,252.0,546.0,533.0,241.0,235.0,1030.0,809.0,361.0,427.0,783.0,206.0,821.0,533.0,339.0,500.0,280.0,1189.0,219.0,309.0,470.0,392.0,220.0,394.0,279.0,938.0,519.0,249.0,1062.0,504.0,259.0,288.0,242.0,761.0,298.0,145.0,741.0,951.0,271.0,1035.0,487.0,725.0,366.0,322.0,251.0,766.0,426.0,1042.0,194.0,196.0,361.0,738.0,247.0,354.0,459.0,269.0,717.0,459.0,00000000000000000608,26.3834867715432,C0601F03
338.0,965.0,928.0,288.0,262.0,627.0,607.0,273.0,263.0,1066.0,861.0,400.0,465.0,795.0,217.0,857.0,548.0,362.0,572.0,313.0,1228.0,250.0,324.0,512.0,336.0,239.0,403.0,300.0,979.0,542.0,253.0,1111.0,561.0,282.0,327.0,285.0,817.0,339.0,142.0,755.0,1022.0,283.0,1091.0,537.0,784.0,402.0,356.0,276.0,813.0,452.0,1011.0,204.0,217.0,388.0,709.0,252.0,376.0,488.0,293.0,765.0,486.0,00000000000000000609,57.5765200963773,C0601F04
284.0,853.0,904.0,274.0,217.0,513.0,499.0,210.0,225.0,990.0,768.0,371.0,425.0,786.0,181.0,757.0,463.0,282.0,457.0,257.0,1158.0,208.0,295.0,477.0,289.0,174.0,412.0,282.0,886.0,473.0,240.0,1029.0,532.0,248.0,297.0,182.0,717.0,253.0,103.0,730.0,900.0,272.0,1001.0,439.0,672.0,374.0,344.0,246.0,722.0,410.0,998.0,168.0,167.0,335.0,658.0,208.0,382.0,458.0,263.0,663.0,468.0,0000000000000000060a,16.6568633083502,C0601F05
335.0,936.0,1025.0,302.0,231.0,603.0,578.0,247.0,266.0,1091.0,850.0,424.0,482.0,855.0,194.0,814.0,500.0,295.0,527.0,291.0,1257.0,243.0,329.0,543.0,246.0,197.0,449.0,319.0,962.0,502.0,257.0,1136.0,614.0,282.0,359.0,212.0,788.0,284.0,101.0,793.0,1019.0,307.0,1109.0,489.0,748.0,444.0,408.0,284.0,788.0,447.0,1022.0,188.0,194.0,367.0,664.0,216.0,427.0,505.0,297.0,725.0,516.0,0000000000000000060b,35.3194413383973,C0601F06
356.0,1052.0,1017.0,317.0,440.0,593.0,634.0,425.0,326.0,1187.0,903.0,572.0,524.0,991.0,303.0,1073.0,853.0,597.0,485.0,465.0,1223.0,248.0,465.0,615.0,794.0,358.0,489.0,427.0,1086.0,726.0,479.0,1197.0,723.0,307.0,279.0,382.0,967.0,497.0,377.0,1030.0,1098.0,376.0,1105.0,480.0,829.0,406.0,426.0,374.0,891.0,471.0,1200.0,314.0,171.0,585.0,1187.0,445.0,439.0,745.0,335.0,936.0,720.0,0000000000000000060c,50.8413337771545,C0601F07
450.0,947.0,802.0,334.0,550.0,626.0,632.0,576.0,479.0,981.0,593.0,546.0,423.0,920.0,457.0,970.0,794.0,635.0,472.0,544.0,870.0,400.0,494.0,577.0,863.0,531.0,442.0,446.0,857.0,624.0,515.0,944.0,624.0,373.0,352.0,542.0,732.0,561.0,525.0,795.0,988.0,447.0,884.0,456.0,708.0,445.0,514.0,470.0,592.0,482.0,1042.0,386.0,340.0,514.0,1027.0,449.0,535.0,722.0,432.0,680.0,523.0,0000000000000000060d,39.0359509374248,C0601P01
411.0,964.0,963.0,306.0,445.0,618.0,613.0,462.0,359.0,964.0,762.0,542.0,468.0,874.0,405.0,1001.0,767.0,589.0,569.0,449.0,971.0,337.0,462.0,640.0,701.0,404.0,464.0,347.0,987.0,532.0,397.0,1064.0,685.0,376.0,325.0,444.0,799.0,463.0,322.0,931.0,963.0,356.0,964.0,520.0,674.0,431.0,405.0,382.0,724.0,519.0,1028.0,320.0,272.0,464.0,909.0,394.0,425.0,682.0,372.0,750.0,581.0,0000000000000000060e,22.0160584327239,C0601P02
437.0,1206.0,1113.0,356.0,363.0,795.0,774.0,373.0,332.0,1350.0,1101.0,483.0,586.0,994.0,302.0,1091.0,743.0,491.0,732.0,403.0,1513.0,309.0,431.0,636.0,541.0,345.0,528.0,368.0,1230.0,713.0,324.0,1384.0,676.0,366.0,394.0,404.0,1041.0,452.0,228.0,951.0,1286.0,359.0,1359.0,701.0,1012.0,510.0,425.0,344.0,1041.0,581.0,1281.0,278.0,303.0,508.0,955.0,358.0,440.0,613.0,377.0,990.0,607.0,0000000000000000060f,59.5983386730359,C0601P03
433.0,1122.0,1092.0,357.0,486.0,694.0,710.0,471.0,368.0,1210.0,944.0,600.0,590.0,1033.0,352.0,1113.0,875.0,616.0,591.0,485.0,1305.0,317.0,530.0,659.0,805.0,407.0,531.0,440.0,1163.0,742.0,488.0,1254.0,758.0,382.0,358.0,437.0,974.0,528.0,361.0,1077.0,1164.0,406.0,1173.0,584.0,875.0,499.0,442.0,389.0,937.0,538.0,1225.0,354.0,262.0,577.0,1161.0,482.0,478.0,750.0,404.0,954.0,721.0,00000000000000000610,153.413446674735,C0601P04
283.0,932.0,926.0,285.0,269.0,512.0,546.0,252.0,217.0,1059.0,845.0,404.0,464.0,838.0,168.0,878.0,608.0,368.0,458.0,272.0,1214.0,182.0,331.0,459.0,513.0,203.0,415.0,328.0,1004.0,587.0,334.0,1051.0,548.0,258.0,243.0,218.0,826.0,328.0,173.0,855.0,996.0,283.0,1028.0,457.0,758.0,361.0,336.0,266.0,838.0,390.0,1038.0,213.0,153.0,409.0,878.0,296.0,348.0,508.0,269.0,799.0,550.0,00000000000000000611,44.5988596194136,C0601R01
329.0,825.0,833.0,257.0,312.0,544.0,526.0,345.0,283.0,784.0,662.0,423.0,392.0,672.0,290.0,804.0,531.0,456.0,524.0,337.0,850.0,269.0,348.0,530.0,471.0,296.0,386.0,257.0,826.0,401.0,261.0,898.0,567.0,303.0,285.0,334.0,667.0,362.0,173.0,716.0,757.0,278.0,928.0,457.0,561.0,369.0,311.0,278.0,628.0,448.0,763.0,233.0,210.0,361.0,646.0,289.0,334.0,528.0,278.0,597.0,463.0,00000000000000000612,57.7787796470308,C0601R02
401.0,952.0,934.0,293.0,435.0,595.0,600.0,480.0,373.0,957.0,733.0,540.0,451.0,874.0,414.0,1006.0,808.0,595.0,551.0,480.0,942.0,330.0,461.0,628.0,750.0,403.0,434.0,355.0,941.0,547.0,413.0,1068.0,666.0,348.0,320.0,481.0,794.0,482.0,362.0,937.0,965.0,352.0,932.0,510.0,690.0,413.0,418.0,386.0,691.0,496.0,1068.0,323.0,259.0,487.0,966.0,401.0,435.0,671.0,365.0,745.0,567.0,00000000000000000613,31.9495229650124,C0601R03
420.0,1120.0,1062.0,350.0,497.0,676.0,694.0,491.0,374.0,1210.0,912.0,590.0,561.0,1043.0,391.0,1135.0,898.0,653.0,595.0,510.0,1261.0,317.0,525.0,671.0,838.0,428.0,522.0,423.0,1126.0,723.0,469.0,1270.0,741.0,364.0,346.0,482.0,973.0,542.0,413.0,1051.0,1145.0,406.0,1172.0,580.0,866.0,469.0,441.0,394.0,916.0,560.0,1298.0,358.0,255.0,599.0,1202.0,474.0,478.0,756.0,402.0,931.0,684.0,00000000000000000614,75.7357572417496,C0601R04
484.0,1150.0,1062.0,346.0,527.0,702.0,719.0,543.0,407.0,1193.0,873.0,592.0,554.0,1026.0,451.0,1183.0,952.0,689.0,651.0,531.0,1142.0,371.0,550.0,715.0,912.0,481.0,542.0,412.0,1148.0,689.0,475.0,1247.0,774.0,427.0,378.0,532.0,920.0,562.0,433.0,1091.0,1154.0,412.0,1142.0,626.0,829.0,509.0,438.0,423.0,836.0,616.0,1241.0,392.0,349.0,573.0,1172.0,498.0,465.0,761.0,441.0,890.0,646.0,00000000000000000615,24.4111130768226,C0601R05
345.0,842.0,879.0,286.0,312.0,543.0,535.0,327.0,297.0,891.0,674.0,427.0,419.0,736.0,288.0,793.0,517.0,418.0,502.0,337.0,995.0,275.0,359.0,531.0,387.0,291.0,423.0,286.0,851.0,420.0,269.0,969.0,567.0,308.0,312.0,295.0,664.0,339.0,175.0,733.0,836.0,290.0,975.0,454.0,591.0,399.0,342.0,297.0,640.0,454.0,854.0,236.0,233.0,368.0,646.0,284.0,361.0,523.0,305.0,595.0,466.0,00000000000000000616,181.838514427653,C0601R06
422.0,986.0,966.0,305.0,464.0,628.0,627.0,485.0,374.0,979.0,778.0,556.0,479.0,883.0,422.0,1028.0,822.0,616.0,575.0,480.0,967.0,343.0,482.0,654.0,757.0,425.0,465.0,365.0,987.0,572.0,427.0,1093.0,701.0,373.0,335.0,481.0,828.0,491.0,360.0,973.0,994.0,361.0,953.0,535.0,707.0,432.0,424.0,399.0,737.0,523.0,1071.0,333.0,275.0,499.0,974.0,420.0,446.0,683.0,382.0,787.0,600.0,00000000000000000617,19.8327229910803,C0601R07
302.0,739.0,789.0,248.0,334.0,502.0,453.0,328.0,277.0,729.0,593.0,413.0,345.0,701.0,302.0,766.0,489.0,427.0,462.0,309.0,764.0,277.0,328.0,502.0,440.0,303.0,358.0,248.0,793.0,321.0,265.0,828.0,533.0,295.0,262.0,307.0,600.0,317.0,170.0,688.0,689.0,285.0,807.0,395.0,471.0,330.0,308.0,311.0,563.0,409.0,685.0,231.0,197.0,310.0,592.0,255.0,326.0,556.0,268.0,530.0,439.0,00000000000000000618,123.246084394064,C0601R08
383.0,991.0,881.0,287.0,434.0,569.0,565.0,435.0,332.0,1060.0,704.0,479.0,464.0,898.0,357.0,1008.0,826.0,581.0,499.0,448.0,1054.0,293.0,439.0,581.0,784.0,396.0,421.0,367.0,992.0,601.0,432.0,1085.0,641.0,329.0,314.0,437.0,758.0,468.0,394.0,906.0,1012.0,358.0,994.0,488.0,665.0,394.0,389.0,365.0,695.0,485.0,1113.0,328.0,267.0,492.0,1080.0,429.0,408.0,659.0,356.0,749.0,537.0,00000000000000000619,32.3692398640104,C0601R09
391.0,1002.0,896.0,299.0,436.0,576.0,575.0,433.0,341.0,1076.0,723.0,494.0,470.0,910.0,354.0,1020.0,839.0,584.0,503.0,456.0,1078.0,296.0,440.0,584.0,799.0,405.0,425.0,378.0,1003.0,614.0,436.0,1104.0,645.0,329.0,318.0,443.0,775.0,475.0,394.0,927.0,1024.0,364.0,1012.0,497.0,672.0,392.0,392.0,364.0,714.0,492.0,1118.0,334.0,265.0,503.0,1100.0,437.0,410.0,663.0,359.0,766.0,552.0,0000000000000000061a,55.2231112765714,C0601R10
376.0,918.0,1005.0,298.0,359.0,623.0,609.0,411.0,338.0,845.0,767.0,516.0,445.0,763.0,354.0,917.0,575.0,539.0,597.0,389.0,908.0,325.0,411.0,633.0,508.0,338.0,463.0,298.0,940.0,412.0,308.0,1011.0,686.0,366.0,335.0,368.0,780.0,407.0,178.0,844.0,826.0,322.0,1050.0,498.0,630.0,424.0,365.0,338.0,730.0,512.0,821.0,268.0,228.0,394.0,690.0,313.0,403.0,646.0,328.0,693.0,547.0,0000000000000000061b,6.28288788629744,C0601R11
469.0,1136.0,1036.0,335.0,507.0,678.0,693.0,517.0,393.0,1171.0,855.0,581.0,540.0,1011.0,434.0,1157.0,922.0,679.0,620.0,523.0,1151.0,355.0,532.0,698.0,875.0,468.0,527.0,413.0,1137.0,672.0,483.0,1210.0,758.0,408.0,376.0,506.0,903.0,538.0,417.0,1055.0,1146.0,406.0,1129.0,594.0,814.0,488.0,440.0,417.0,827.0,586.0,1253.0,380.0,324.0,555.0,1148.0,497.0,470.0,762.0,425.0,879.0,632.0,0000000000000000061c,14.1471325814414,C0601R12
366.0,1075.0,954.0,308.0,308.0,704.0,688.0,320.0,290.0,1119.0,956.0,419.0,501.0,823.0,251.0,961.0,623.0,432.0,660.0,345.0,1304.0,274.0,357.0,560.0,437.0,284.0,437.0,318.0,1084.0,619.0,274.0,1166.0,601.0,307.0,338.0,353.0,922.0,403.0,181.0,794.0,1099.0,295.0,1161.0,623.0,882.0,437.0,372.0,297.0,918.0,499.0,1075.0,232.0,246.0,442.0,802.0,303.0,380.0,530.0,316.0,866.0,530.0,0000000000000000061d,13.7643950656107,C0601R13
418.0,972.0,968.0,310.0,447.0,620.0,620.0,468.0,361.0,972.0,769.0,549.0,475.0,881.0,402.0,1007.0,772.0,592.0,573.0,454.0,982.0,339.0,468.0,642.0,705.0,406.0,472.0,350.0,995.0,538.0,403.0,1069.0,688.0,377.0,330.0,448.0,806.0,469.0,322.0,933.0,971.0,364.0,977.0,524.0,681.0,439.0,408.0,383.0,731.0,523.0,1040.0,326.0,274.0,469.0,915.0,399.0,430.0,687.0,371.0,756.0,587.0,0000000000000000061e,57.2641498692882,C0601W01
428.0,1000.0,975.0,309.0,465.0,630.0,635.0,488.0,372.0,995.0,789.0,559.0,487.0,891.0,422.0,1038.0,828.0,620.0,579.0,479.0,988.0,343.0,487.0,658.0,761.0,424.0,475.0,366.0,1004.0,579.0,426.0,1101.0,707.0,381.0,335.0,478.0,836.0,494.0,361.0,977.0,1010.0,363.0,972.0,539.0,715.0,442.0,423.0,395.0,748.0,531.0,1089.0,335.0,282.0,501.0,981.0,423.0,443.0,690.0,388.0,796.0,604.0,0000000000000000061f,106.731809441965,C0601W03
378.0,988.0,882.0,296.0,428.0,571.0,573.0,423.0,335.0,1065.0,719.0,484.0,458.0,889.0,342.0,1006.0,821.0,572.0,497.0,442.0,1072.0,287.0,434.0,574.0,780.0,390.0,423.0,373.0,992.0,611.0,422.0,1095.0,635.0,321.0,306.0,427.0,768.0,461.0,383.0,912.0,1009.0,354.0,1003.0,492.0,663.0,386.0,383.0,353.0,711.0,485.0,1096.0,324.0,256.0,492.0,1088.0,424.0,396.0,653.0,353.0,759.0,544.0,00000000000000000620,149.045819112345,C0601X01
400.0,955.0,965.0,315.0,363.0,649.0,636.0,391.0,331.0,981.0,796.0,484.0,488.0,815.0,329.0,903.0,608.0,492.0,605.0,393.0,1095.0,309.0,415.0,601.0,487.0,347.0,475.0,317.0,960.0,514.0,310.0,1059.0,640.0,352.0,346.0,370.0,790.0,414.0,212.0,815.0,934.0,325.0,1079.0,553.0,714.0,458.0,373.0,328.0,765.0,519.0,945.0,272.0,271.0,438.0,740.0,339.0,390.0,591.0,345.0,717.0,537.0,00000000000000000621,311.503798666497,C0602C01
392.0,957.0,946.0,303.0,354.0,650.0,640.0,387.0,331.0,942.0,792.0,479.0,476.0,783.0,314.0,901.0,608.0,499.0,610.0,387.0,1064.0,303.0,393.0,600.0,492.0,338.0,464.0,309.0,952.0,511.0,301.0,1025.0,638.0,345.0,339.0,371.0,801.0,418.0,199.0,794.0,902.0,317.0,1059.0,561.0,716.0,447.0,365.0,320.0,773.0,510.0,922.0,268.0,257.0,433.0,727.0,338.0,382.0,584.0,330.0,721.0,528.0,00000000000000000622,74.5381963766397,C0602C02
402.0,953.0,931.0,294.0,433.0,594.0,601.0,472.0,369.0,960.0,735.0,537.0,452.0,867.0,409.0,1002.0,803.0,592.0,550.0,475.0,945.0,329.0,458.0,625.0,745.0,402.0,435.0,356.0,945.0,550.0,413.0,1065.0,665.0,350.0,320.0,473.0,791.0,478.0,358.0,933.0,966.0,352.0,934.0,510.0,688.0,412.0,415.0,384.0,694.0,496.0,1066.0,323.0,262.0,484.0,963.0,402.0,431.0,666.0,365.0,745.0,566.0,00000000000000000623,160.440636216068,C0602C03
385.0,893.0,967.0,306.0,398.0,651.0,619.0,434.0,342.0,841.0,812.0,529.0,466.0,753.0,398.0,937.0,607.0,551.0,628.0,396.0,915.0,342.0,434.0,644.0,548.0,374.0,469.0,305.0,970.0,457.0,332.0,995.0,679.0,378.0,330.0,420.0,824.0,431.0,220.0,839.0,838.0,352.0,1020.0,547.0,675.0,434.0,378.0,354.0,778.0,528.0,816.0,293.0,254.0,420.0,705.0,329.0,417.0,660.0,344.0,744.0,582.0,00000000000000000624,75.8646378542437,C0602C04
385.0,892.0,967.0,306.0,398.0,651.0,619.0,434.0,342.0,842.0,812.0,529.0,467.0,752.0,399.0,936.0,607.0,552.0,628.0,396.0,914.0,342.0,434.0,645.0,547.0,374.0,469.0,305.0,969.0,457.0,332.0,996.0,680.0,378.0,330.0,421.0,823.0,432.0,221.0,840.0,837.0,352.0,1021.0,547.0,674.0,434.0,378.0,354.0,777.0,529.0,817.0,293.0,254.0,421.0,706.0,329.0,417.0,662.0,345.0,743.0,584.0,00000000000000000625,95.1182205567781,C0602C05
431.0,913.0,800.0,311.0,514.0,630.0,625.0,549.0,446.0,943.0,589.0,534.0,409.0,910.0,435.0,959.0,766.0,618.0,483.0,529.0,866.0,381.0,476.0,559.0,836.0,508.0,419.0,408.0,830.0,606.0,485.0,936.0,608.0,346.0,327.0,527.0,726.0,538.0,493.0,794.0,952.0,426.0,880.0,456.0,694.0,424.0,483.0,440.0,588.0,469.0,1004.0,368.0,310.0,514.0,1003.0,431.0,496.0,707.0,404.0,673.0,515.0,00000000000000000626,145.594418776178,C0602P01
413.0,959.0,973.0,312.0,443.0,619.0,609.0,461.0,358.0,956.0,762.0,548.0,469.0,883.0,401.0,996.0,738.0,581.0,573.0,442.0,976.0,341.0,461.0,641.0,672.0,401.0,473.0,342.0,995.0,508.0,388.0,1059.0,685.0,381.0,329.0,434.0,792.0,455.0,301.0,916.0,948.0,364.0,983.0,516.0,661.0,439.0,403.0,384.0,723.0,523.0,1003.0,319.0,272.0,452.0,876.0,385.0,425.0,694.0,368.0,734.0,581.0,00000000000000000627,102.217694006603,C0602P02
416.0,965.0,1002.0,327.0,447.0,635.0,613.0,463.0,371.0,956.0,773.0,559.0,472.0,908.0,412.0,1004.0,722.0,583.0,589.0,440.0,986.0,357.0,463.0,655.0,656.0,405.0,483.0,349.0,1014.0,491.0,386.0,1071.0,697.0,395.0,339.0,430.0,798.0,451.0,289.0,923.0,942.0,377.0,1010.0,523.0,656.0,448.0,415.0,404.0,733.0,534.0,985.0,322.0,278.0,444.0,856.0,379.0,433.0,716.0,375.0,731.0,589.0,00000000000000000628,96.7768978458366,C0602P03
428.0,1001.0,981.0,311.0,461.0,635.0,639.0,483.0,371.0,998.0,790.0,558.0,487.0,895.0,419.0,1037.0,823.0,618.0,584.0,474.0,996.0,343.0,483.0,660.0,754.0,421.0,475.0,364.0,1010.0,577.0,421.0,1101.0,708.0,383.0,334.0,471.0,834.0,490.0,354.0,974.0,1009.0,364.0,981.0,542.0,712.0,442.0,421.0,392.0,750.0,534.0,1088.0,334.0,282.0,494.0,972.0,419.0,440.0,695.0,386.0,792.0,602.0,00000000000000000629,159.866721576744,C0602P04
421.0,978.0,1011.0,326.0,449.0,642.0,619.0,463.0,370.0,972.0,781.0,561.0,476.0,918.0,410.0,1013.0,730.0,589.0,594.0,444.0,1000.0,357.0,463.0,660.0,665.0,411.0,485.0,349.0,1024.0,498.0,387.0,1081.0,704.0,395.0,341.0,434.0,806.0,455.0,290.0,932.0,952.0,379.0,1024.0,529.0,665.0,450.0,414.0,404.0,742.0,541.0,994.0,324.0,279.0,449.0,867.0,384.0,434.0,723.0,376.0,739.0,590.0,0000000000000000062a,84.017406042317,C0602P05
380.0,983.0,876.0,293.0,432.0,564.0,560.0,430.0,336.0,1056.0,698.0,476.0,457.0,895.0,356.0,1001.0,826.0,579.0,494.0,444.0,1050.0,294.0,435.0,577.0,786.0,396.0,415.0,372.0,981.0,600.0,431.0,1082.0,637.0,326.0,313.0,436.0,753.0,464.0,395.0,906.0,1005.0,359.0,990.0,487.0,655.0,386.0,388.0,364.0,689.0,485.0,1105.0,329.0,265.0,489.0,1081.0,426.0,406.0,655.0,356.0,743.0,533.0,0000000000000000062b,137.673886243869,C0602R01
411.0,952.0,991.0,322.0,444.0,628.0,603.0,455.0,367.0,946.0,763.0,553.0,465.0,896.0,408.0,993.0,713.0,577.0,580.0,436.0,973.0,354.0,455.0,649.0,647.0,404.0,474.0,344.0,1001.0,481.0,383.0,1058.0,691.0,389.0,336.0,425.0,789.0,444.0,284.0,915.0,929.0,372.0,991.0,514.0,647.0,439.0,410.0,399.0,725.0,528.0,968.0,318.0,272.0,438.0,843.0,374.0,432.0,706.0,370.0,722.0,582.0,0000000000000000062c,51.9480931117732,C0602R02
476.0,1409.0,1287.0,437.0,556.0,771.0,796.0,528.0,436.0,1561.0,1200.0,669.0,615.0,1286.0,417.0,1446.0,1164.0,792.0,683.0,589.0,1599.0,356.0,574.0,792.0,1132.0,499.0,572.0,533.0,1461.0,925.0,563.0,1588.0,863.0,406.0,403.0,531.0,1274.0,620.0,497.0,1290.0,1442.0,492.0,1487.0,679.0,1132.0,490.0,516.0,463.0,1109.0,686.0,1604.0,438.0,293.0,708.0,1607.0,575.0,566.0,916.0,457.0,1256.0,793.0,0000000000000000062d,52.5072396607066,C0602R03
444.0,1107.0,1113.0,362.0,477.0,701.0,710.0,473.0,370.0,1163.0,886.0,596.0,558.0,996.0,379.0,1088.0,806.0,619.0,624.0,483.0,1250.0,334.0,504.0,677.0,706.0,417.0,570.0,400.0,1115.0,646.0,439.0,1225.0,753.0,403.0,372.0,443.0,912.0,515.0,331.0,1019.0,1130.0,390.0,1198.0,577.0,816.0,506.0,436.0,390.0,873.0,561.0,1211.0,354.0,290.0,547.0,1018.0,446.0,462.0,730.0,401.0,861.0,662.0,0000000000000000062e,81.8600476672518,C0602W01
422.0,990.0,970.0,306.0,460.0,624.0,628.0,489.0,377.0,991.0,776.0,557.0,478.0,894.0,424.0,1035.0,830.0,616.0,574.0,486.0,978.0,341.0,482.0,652.0,767.0,422.0,464.0,367.0,989.0,574.0,428.0,1099.0,697.0,372.0,334.0,485.0,828.0,495.0,367.0,974.0,1002.0,363.0,964.0,534.0,714.0,435.0,427.0,397.0,735.0,522.0,1090.0,335.0,277.0,502.0,986.0,421.0,445.0,688.0,384.0,785.0,597.0,0000000000000000062f,121.397372896998,C0602W03
496.0,1490.0,1370.0,460.0,586.0,805.0,809.0,542.0,425.0,1636.0,1290.0,709.0,647.0,1414.0,472.0,1537.0,1237.0,858.0,755.0,622.0,1712.0,353.0,628.0,846.0,1242.0,523.0,600.0,537.0,1527.0,1003.0,555.0,1691.0,879.0,435.0,429.0,585.0,1379.0,678.0,547.0,1371.0,1495.0,504.0,1573.0,760.0,1247.0,484.0,509.0,454.0,1233.0,761.0,1720.0,439.0,309.0,816.0,1714.0,607.0,619.0,980.0,503.0,1337.0,865.0,00000000000000000630,22.2023147320786,C0602W04
406.0,939.0,1000.0,326.0,445.0,636.0,596.0,449.0,369.0,929.0,760.0,554.0,459.0,899.0,410.0,982.0,681.0,570.0,585.0,427.0,963.0,361.0,449.0,652.0,615.0,403.0,475.0,339.0,1001.0,453.0,373.0,1050.0,693.0,393.0,339.0,415.0,781.0,432.0,264.0,904.0,903.0,375.0,991.0,511.0,628.0,438.0,411.0,407.0,722.0,529.0,926.0,314.0,270.0,424.0,804.0,361.0,433.0,714.0,368.0,705.0,582.0,00000000000000000631,63.1683184506328,C0602W05
353.0,881.0,895.0,275.0,336.0,607.0,597.0,380.0,309.0,794.0,748.0,474.0,425.0,701.0,320.0,874.0,550.0,507.0,587.0,364.0,878.0,297.0,380.0,583.0,496.0,320.0,424.0,275.0,893.0,444.0,284.0,936.0,626.0,331.0,308.0,364.0,758.0,395.0,171.0,766.0,797.0,296.0,981.0,514.0,640.0,391.0,331.0,300.0,719.0,486.0,781.0,250.0,214.0,385.0,662.0,298.0,365.0,586.0,299.0,689.0,507.0,00000000000000000632,44.0005859913055,C0602W06
406.0,939.0,1000.0,326.0,445.0,636.0,596.0,449.0,369.0,929.0,760.0,554.0,459.0,899.0,410.0,982.0,681.0,570.0,585.0,427.0,963.0,361.0,449.0,652.0,615.0,403.0,475.0,339.0,1001.0,453.0,373.0,1050.0,693.0,393.0,339.0,415.0,781.0,432.0,264.0,904.0,903.0,375.0,991.0,511.0,628.0,438.0,411.0,407.0,722.0,529.0,926.0,314.0,270.0,424.0,804.0,361.0,433.0,714.0,368.0,705.0,582.0,00000000000000000633,148.427346478027,C0602W07
335.0,936.0,1025.0,302.0,231.0,603.0,578.0,247.0,266.0,1091.0,850.0,424.0,482.0,855.0,194.0,814.0,500.0,295.0,527.0,291.0,1257.0,243.0,329.0,543.0,246.0,197.0,449.0,319.0,962.0,502.0,257.0,1136.0,614.0,282.0,359.0,212.0,788.0,284.0,101.0,793.0,1019.0,307.0,1109.0,489.0,748.0,444.0,408.0,284.0,788.0,447.0,1022.0,188.0,194.0,367.0,664.0,216.0,427.0,505.0,297.0,725.0,516.0,00000000000000000634,102.628527653711,C0603F01
297.0,915.0,987.0,304.0,317.0,503.0,542.0,298.0,240.0,1042.0,842.0,518.0,507.0,913.0,206.0,878.0,656.0,457.0,421.0,349.0,1180.0,187.0,395.0,530.0,545.0,228.0,460.0,382.0,967.0,604.0,422.0,1069.0,655.0,265.0,251.0,215.0,847.0,366.0,236.0,931.0,968.0,324.0,992.0,401.0,732.0,382.0,382.0,304.0,846.0,396.0,971.0,240.0,118.0,492.0,914.0,344.0,434.0,622.0,296.0,808.0,669.0,00000000000000000635,101.804890040201,C0603F02
298.0,838.0,1049.0,291.0,167.0,538.0,508.0,188.0,244.0,1007.0,768.0,424.0,461.0,832.0,144.0,697.0,379.0,195.0,449.0,246.0,1185.0,219.0,293.0,536.0,75.0,119.0,458.0,315.0,863.0,418.0,231.0,1059.0,640.0,256.0,363.0,115.0,701.0,203.0,31.0,753.0,923.0,296.0,1031.0,404.0,650.0,441.0,432.0,268.0,701.0,405.0,929.0,142.0,144.0,310.0,526.0,144.0,451.0,484.0,274.0,624.0,504.0,00000000000000000636,9.42696957327589,C0603F03
320.0,940.0,1124.0,334.0,280.0,528.0,566.0,248.0,230.0,1097.0,917.0,563.0,565.0,996.0,173.0,876.0,586.0,381.0,445.0,324.0,1295.0,190.0,396.0,558.0,446.0,174.0,535.0,393.0,1021.0,604.0,425.0,1115.0,697.0,284.0,284.0,110.0,875.0,319.0,146.0,986.0,992.0,339.0,1078.0,423.0,770.0,440.0,418.0,306.0,897.0,423.0,1093.0,211.0,128.0,458.0,851.0,323.0,492.0,633.0,303.0,824.0,727.0,00000000000000000637,44.5147582081647,C0603P01
327.0,1104.0,1013.0,336.0,392.0,592.0,604.0,363.0,271.0,1213.0,985.0,477.0,509.0,1013.0,306.0,1095.0,800.0,544.0,567.0,389.0,1347.0,234.0,448.0,573.0,765.0,313.0,511.0,368.0,1137.0,707.0,355.0,1290.0,600.0,303.0,290.0,375.0,1021.0,451.0,326.0,961.0,1105.0,334.0,1197.0,557.0,930.0,387.0,346.0,291.0,998.0,526.0,1286.0,276.0,204.0,566.0,1180.0,381.0,432.0,632.0,342.0,974.0,627.0,00000000000000000638,6.86215041706389,C0603R01
354.0,1142.0,1085.0,359.0,450.0,642.0,663.0,419.0,317.0,1241.0,1034.0,567.0,554.0,1082.0,338.0,1130.0,867.0,624.0,572.0,465.0,1371.0,249.0,510.0,638.0,814.0,352.0,570.0,420.0,1156.0,760.0,443.0,1323.0,699.0,327.0,304.0,405.0,1098.0,514.0,385.0,1044.0,1153.0,380.0,1199.0,556.0,964.0,417.0,420.0,354.0,1073.0,548.0,1237.0,316.0,177.0,652.0,1231.0,436.0,504.0,742.0,373.0,1041.0,736.0,00000000000000000639,12.8544717638232,C0603R02
298.0,894.0,1013.0,317.0,256.0,504.0,527.0,226.0,224.0,1038.0,845.0,462.0,486.0,902.0,178.0,818.0,527.0,329.0,440.0,287.0,1230.0,191.0,348.0,508.0,401.0,170.0,492.0,347.0,959.0,556.0,342.0,1063.0,603.0,269.0,280.0,140.0,803.0,282.0,130.0,869.0,925.0,307.0,1032.0,432.0,719.0,403.0,382.0,277.0,820.0,424.0,1078.0,188.0,140.0,403.0,783.0,275.0,447.0,539.0,288.0,752.0,604.0,0000000000000000063a,51.338814414677,C0603R03
356.0,1165.0,1016.0,325.0,349.0,718.0,718.0,330.0,259.0,1295.0,1079.0,434.0,547.0,991.0,285.0,1104.0,760.0,515.0,682.0,369.0,1455.0,254.0,406.0,564.0,701.0,305.0,499.0,334.0,1219.0,772.0,318.0,1321.0,594.0,319.0,309.0,395.0,1057.0,441.0,260.0,935.0,1206.0,318.0,1283.0,691.0,1027.0,418.0,343.0,290.0,1090.0,538.0,1415.0,264.0,259.0,521.0,1128.0,365.0,390.0,582.0,336.0,1024.0,593.0,0000000000000000063b,45.35861902265,C0603R04
317.0,1079.0,1010.0,333.0,372.0,583.0,595.0,340.0,253.0,1194.0,979.0,469.0,508.0,1004.0,297.0,1059.0,773.0,525.0,559.0,372.0,1345.0,223.0,435.0,562.0,726.0,295.0,515.0,361.0,1119.0,699.0,340.0,1272.0,592.0,303.0,283.0,349.0,1004.0,430.0,312.0,949.0,1081.0,323.0,1178.0,548.0,917.0,378.0,336.0,277.0,984.0,518.0,1227.0,261.0,196.0,557.0,1139.0,369.0,425.0,616.0,342.0,958.0,623.0,0000000000000000063c,35.1113839015867,C0603R05
327.0,1098.0,1015.0,338.0,389.0,594.0,605.0,360.0,269.0,1211.0,987.0,477.0,511.0,1013.0,304.0,1085.0,796.0,540.0,569.0,387.0,1347.0,234.0,447.0,571.0,757.0,311.0,514.0,369.0,1133.0,708.0,354.0,1289.0,600.0,304.0,291.0,371.0,1019.0,448.0,323.0,960.0,1100.0,334.0,1196.0,558.0,930.0,387.0,346.0,290.0,997.0,526.0,1271.0,275.0,204.0,565.0,1172.0,381.0,433.0,628.0,343.0,973.0,627.0,0000000000000000063d,18.0117451942163,C0603R06
294.0,886.0,983.0,313.0,252.0,501.0,519.0,223.0,223.0,1027.0,827.0,439.0,471.0,881.0,182.0,808.0,517.0,319.0,441.0,281.0,1218.0,194.0,338.0,497.0,394.0,172.0,484.0,336.0,946.0,546.0,319.0,1055.0,580.0,266.0,278.0,151.0,786.0,276.0,128.0,841.0,912.0,297.0,1023.0,436.0,707.0,396.0,372.0,271.0,802.0,424.0,1079.0,182.0,145.0,393.0,769.0,266.0,430.0,519.0,287.0,736.0,577.0,0000000000000000063e,44.970679023036,C0603R07
327.0,1109.0,1014.0,334.0,394.0,591.0,603.0,366.0,273.0,1212.0,983.0,476.0,508.0,1017.0,308.0,1103.0,807.0,549.0,565.0,391.0,1346.0,234.0,449.0,576.0,776.0,315.0,507.0,367.0,1140.0,706.0,357.0,1289.0,603.0,303.0,290.0,379.0,1022.0,454.0,330.0,964.0,1110.0,334.0,1196.0,556.0,930.0,386.0,346.0,292.0,998.0,528.0,1299.0,278.0,205.0,567.0,1185.0,382.0,432.0,638.0,343.0,975.0,627.0,0000000000000000063f,5.99286520559648,C0603R08
331.0,981.0,1141.0,338.0,304.0,546.0,595.0,277.0,239.0,1136.0,955.0,585.0,587.0,1018.0,174.0,927.0,647.0,421.0,459.0,344.0,1329.0,193.0,420.0,567.0,510.0,197.0,535.0,415.0,1071.0,644.0,473.0,1142.0,723.0,296.0,287.0,135.0,918.0,353.0,175.0,1036.0,1050.0,352.0,1104.0,430.0,808.0,454.0,426.0,323.0,946.0,417.0,1094.0,240.0,133.0,486.0,914.0,359.0,490.0,664.0,314.0,877.0,758.0,00000000000000000640,553.013250168027,C0603W01
432.0,943.0,1004.0,337.0,442.0,693.0,669.0,475.0,380.0,897.0,859.0,569.0,501.0,806.0,440.0,994.0,674.0,596.0,670.0,443.0,946.0,380.0,475.0,681.0,619.0,414.0,508.0,337.0,1029.0,516.0,371.0,1052.0,713.0,419.0,371.0,458.0,870.0,469.0,269.0,894.0,900.0,394.0,1064.0,603.0,728.0,466.0,414.0,401.0,836.0,566.0,876.0,326.0,297.0,458.0,780.0,380.0,452.0,702.0,387.0,794.0,608.0,00000000000000000642,181.124440305766,C0604C02
354.0,1130.0,1057.0,362.0,434.0,633.0,646.0,404.0,315.0,1211.0,993.0,538.0,522.0,1056.0,342.0,1106.0,843.0,599.0,578.0,451.0,1353.0,256.0,495.0,615.0,791.0,352.0,556.0,407.0,1141.0,729.0,412.0,1300.0,658.0,330.0,310.0,395.0,1043.0,486.0,369.0,1006.0,1131.0,368.0,1177.0,564.0,927.0,408.0,406.0,345.0,1029.0,546.0,1189.0,307.0,193.0,610.0,1194.0,423.0,487.0,696.0,371.0,991.0,672.0,00000000000000000643,44.7910480610605,C0604C03
416.0,928.0,1008.0,331.0,430.0,671.0,647.0,465.0,372.0,885.0,841.0,560.0,489.0,795.0,430.0,980.0,653.0,583.0,654.0,427.0,944.0,372.0,465.0,673.0,594.0,395.0,501.0,331.0,1015.0,487.0,359.0,1044.0,707.0,408.0,359.0,443.0,853.0,454.0,250.0,889.0,881.0,384.0,1062.0,579.0,702.0,460.0,407.0,388.0,811.0,555.0,863.0,317.0,282.0,443.0,757.0,360.0,445.0,696.0,374.0,772.0,603.0,00000000000000000644,137.693492041053,C0604C04
341.0,1116.0,1031.0,348.0,409.0,613.0,626.0,382.0,288.0,1207.0,982.0,501.0,519.0,1029.0,328.0,1097.0,819.0,571.0,575.0,415.0,1351.0,246.0,465.0,593.0,773.0,333.0,526.0,383.0,1139.0,714.0,377.0,1291.0,629.0,323.0,301.0,391.0,1022.0,472.0,350.0,978.0,1116.0,349.0,1185.0,563.0,925.0,396.0,371.0,314.0,1003.0,541.0,1218.0,292.0,206.0,585.0,1178.0,400.0,453.0,658.0,362.0,975.0,645.0,00000000000000000645,8.36093034960755,C0604C05
342.0,1109.0,1032.0,350.0,408.0,616.0,629.0,381.0,290.0,1208.0,985.0,503.0,519.0,1029.0,331.0,1086.0,818.0,576.0,576.0,417.0,1342.0,247.0,466.0,598.0,770.0,333.0,530.0,385.0,1131.0,714.0,380.0,1293.0,635.0,327.0,302.0,388.0,1024.0,471.0,353.0,979.0,1109.0,351.0,1185.0,563.0,926.0,396.0,374.0,316.0,1007.0,545.0,1204.0,293.0,207.0,587.0,1178.0,401.0,456.0,664.0,366.0,976.0,647.0,00000000000000000646,40.5754098711145,C0604C06
310.0,905.0,1020.0,309.0,327.0,517.0,566.0,310.0,264.0,1017.0,821.0,541.0,507.0,888.0,194.0,872.0,645.0,436.0,407.0,352.0,1162.0,197.0,402.0,534.0,520.0,229.0,449.0,402.0,976.0,600.0,441.0,1040.0,675.0,281.0,271.0,200.0,823.0,369.0,204.0,934.0,976.0,341.0,986.0,381.0,711.0,401.0,406.0,320.0,818.0,367.0,974.0,256.0,117.0,452.0,881.0,356.0,436.0,635.0,298.0,784.0,693.0,00000000000000000647,235.108626804354,C0604F01
378.0,855.0,955.0,306.0,390.0,600.0,588.0,424.0,344.0,827.0,770.0,519.0,443.0,744.0,398.0,909.0,600.0,537.0,597.0,389.0,882.0,344.0,424.0,627.0,540.0,346.0,459.0,306.0,944.0,430.0,327.0,982.0,660.0,376.0,327.0,398.0,781.0,409.0,222.0,837.0,812.0,351.0,1000.0,520.0,631.0,422.0,379.0,357.0,737.0,512.0,805.0,289.0,253.0,398.0,698.0,323.0,411.0,649.0,343.0,700.0,555.0,00000000000000000648,197.893483645501,C0604F02
343.0,1151.0,1081.0,350.0,451.0,634.0,649.0,419.0,309.0,1242.0,1030.0,551.0,539.0,1093.0,346.0,1150.0,871.0,621.0,577.0,460.0,1375.0,243.0,501.0,631.0,837.0,355.0,550.0,402.0,1160.0,755.0,414.0,1336.0,674.0,318.0,302.0,425.0,1100.0,519.0,388.0,1040.0,1151.0,370.0,1209.0,562.0,973.0,406.0,399.0,338.0,1071.0,552.0,1316.0,308.0,181.0,648.0,1249.0,424.0,493.0,731.0,370.0,1043.0,709.0,00000000000000000649,133.346232503646,C0604P01
419.0,972.0,977.0,316.0,445.0,620.0,617.0,467.0,364.0,971.0,767.0,553.0,474.0,889.0,402.0,1008.0,760.0,587.0,575.0,452.0,988.0,344.0,467.0,642.0,694.0,406.0,476.0,351.0,1002.0,525.0,400.0,1070.0,687.0,381.0,333.0,442.0,800.0,464.0,312.0,930.0,967.0,369.0,989.0,522.0,673.0,443.0,411.0,388.0,729.0,524.0,1031.0,327.0,275.0,462.0,902.0,396.0,431.0,692.0,371.0,746.0,585.0,0000000000000000064a,59.671402519633,C0604P02
435.0,1198.0,1102.0,350.0,360.0,788.0,768.0,371.0,327.0,1333.0,1090.0,480.0,582.0,985.0,297.0,1083.0,738.0,490.0,727.0,401.0,1493.0,305.0,426.0,632.0,543.0,345.0,531.0,362.0,1219.0,707.0,322.0,1364.0,675.0,358.0,390.0,407.0,1031.0,452.0,225.0,942.0,1269.0,356.0,1342.0,696.0,1001.0,503.0,418.0,339.0,1031.0,577.0,1263.0,278.0,297.0,506.0,945.0,356.0,435.0,610.0,369.0,981.0,604.0,0000000000000000064b,128.563033667552,C0604P03
336.0,1143.0,1027.0,330.0,425.0,613.0,624.0,400.0,296.0,1233.0,994.0,490.0,509.0,1041.0,336.0,1152.0,852.0,580.0,579.0,419.0,1341.0,245.0,464.0,593.0,833.0,343.0,498.0,372.0,1157.0,722.0,377.0,1313.0,619.0,311.0,293.0,421.0,1053.0,487.0,367.0,992.0,1143.0,347.0,1214.0,567.0,949.0,395.0,360.0,312.0,1022.0,534.0,1356.0,298.0,215.0,580.0,1239.0,399.0,440.0,666.0,354.0,1001.0,631.0,0000000000000000064c,133.304553895852,C0604P04
386.0,864.0,952.0,314.0,406.0,616.0,591.0,428.0,352.0,843.0,766.0,521.0,448.0,776.0,407.0,916.0,614.0,544.0,598.0,396.0,886.0,352.0,428.0,630.0,558.0,367.0,462.0,309.0,951.0,438.0,335.0,993.0,663.0,385.0,335.0,405.0,778.0,416.0,235.0,840.0,822.0,352.0,991.0,526.0,632.0,424.0,385.0,367.0,737.0,514.0,823.0,296.0,266.0,405.0,722.0,334.0,415.0,652.0,353.0,699.0,557.0,0000000000000000064d,231.873076089598,C0604P05
330.0,882.0,942.0,293.0,248.0,584.0,573.0,276.0,281.0,953.0,773.0,421.0,445.0,772.0,239.0,783.0,486.0,351.0,535.0,311.0,1141.0,252.0,325.0,513.0,271.0,228.0,410.0,295.0,892.0,466.0,256.0,1015.0,568.0,295.0,327.0,257.0,747.0,321.0,117.0,736.0,907.0,280.0,1020.0,482.0,689.0,398.0,370.0,286.0,725.0,433.0,906.0,207.0,202.0,373.0,608.0,243.0,391.0,485.0,295.0,682.0,486.0,0000000000000000064e,2372.29914204038,C0604P06
397.0,947.0,1003.0,316.0,345.0,652.0,641.0,371.0,330.0,995.0,822.0,491.0,496.0,834.0,310.0,886.0,578.0,461.0,598.0,384.0,1136.0,303.0,408.0,602.0,415.0,326.0,475.0,316.0,966.0,510.0,310.0,1064.0,640.0,344.0,349.0,344.0,803.0,396.0,180.0,823.0,946.0,323.0,1087.0,547.0,729.0,462.0,383.0,330.0,781.0,509.0,952.0,258.0,256.0,432.0,702.0,317.0,409.0,584.0,344.0,729.0,547.0,0000000000000000064f,120.477170480982,C0604R01
425.0,987.0,971.0,309.0,463.0,630.0,630.0,482.0,371.0,983.0,783.0,556.0,483.0,884.0,417.0,1025.0,814.0,613.0,577.0,473.0,977.0,344.0,482.0,654.0,746.0,422.0,472.0,363.0,996.0,568.0,423.0,1090.0,702.0,378.0,335.0,471.0,828.0,487.0,350.0,968.0,995.0,363.0,964.0,535.0,704.0,438.0,421.0,395.0,743.0,527.0,1069.0,333.0,278.0,493.0,961.0,417.0,443.0,686.0,382.0,785.0,601.0,00000000000000000650,184.982360306909,C0604R02
339.0,1102.0,1014.0,333.0,403.0,603.0,614.0,378.0,273.0,1209.0,978.0,484.0,507.0,1013.0,316.0,1088.0,810.0,551.0,574.0,401.0,1333.0,238.0,455.0,575.0,771.0,328.0,512.0,363.0,1129.0,704.0,353.0,1288.0,605.0,312.0,290.0,387.0,1015.0,458.0,335.0,963.0,1102.0,332.0,1194.0,563.0,927.0,396.0,347.0,294.0,991.0,530.0,1252.0,279.0,213.0,560.0,1178.0,392.0,424.0,631.0,348.0,968.0,616.0,00000000000000000651,17.6748393733006,C0604R03
357.0,1121.0,1058.0,352.0,425.0,629.0,642.0,397.0,299.0,1212.0,990.0,537.0,527.0,1053.0,337.0,1095.0,833.0,589.0,576.0,445.0,1356.0,247.0,488.0,612.0,775.0,346.0,550.0,395.0,1138.0,726.0,400.0,1298.0,658.0,330.0,305.0,389.0,1034.0,478.0,362.0,1004.0,1126.0,359.0,1180.0,564.0,923.0,411.0,390.0,329.0,1018.0,545.0,1191.0,296.0,197.0,603.0,1180.0,419.0,475.0,687.0,371.0,983.0,670.0,00000000000000000652,87.3709856600415,C0604R05
338.0,1150.0,1047.0,328.0,435.0,622.0,634.0,409.0,298.0,1248.0,1007.0,504.0,514.0,1064.0,338.0,1165.0,870.0,595.0,583.0,431.0,1347.0,243.0,472.0,606.0,855.0,350.0,504.0,373.0,1161.0,737.0,382.0,1330.0,634.0,308.0,291.0,429.0,1072.0,498.0,373.0,1014.0,1150.0,349.0,1226.0,571.0,961.0,398.0,363.0,314.0,1039.0,540.0,1388.0,299.0,209.0,594.0,1262.0,406.0,445.0,687.0,353.0,1018.0,645.0,00000000000000000653,22.4353520954662,C0604R06
303.0,912.0,988.0,318.0,266.0,517.0,539.0,238.0,231.0,1054.0,852.0,445.0,483.0,888.0,183.0,838.0,551.0,339.0,458.0,292.0,1239.0,199.0,349.0,499.0,432.0,188.0,482.0,346.0,976.0,571.0,337.0,1075.0,584.0,270.0,282.0,175.0,813.0,298.0,143.0,861.0,947.0,304.0,1045.0,453.0,736.0,402.0,377.0,280.0,830.0,427.0,1091.0,198.0,151.0,411.0,809.0,284.0,427.0,526.0,288.0,768.0,588.0,00000000000000000654,88.5067958302678,C0604W01
339.0,933.0,943.0,296.0,253.0,611.0,594.0,272.0,274.0,1029.0,839.0,411.0,460.0,783.0,219.0,818.0,519.0,351.0,561.0,311.0,1198.0,253.0,317.0,521.0,288.0,226.0,405.0,309.0,948.0,516.0,253.0,1079.0,570.0,288.0,336.0,271.0,799.0,332.0,126.0,744.0,977.0,280.0,1069.0,517.0,752.0,405.0,367.0,282.0,788.0,446.0,976.0,197.0,207.0,380.0,656.0,246.0,392.0,488.0,300.0,737.0,490.0,00000000000000000655,194.333859567848,C0604W02
394.0,946.0,922.0,288.0,425.0,582.0,594.0,475.0,366.0,958.0,723.0,529.0,446.0,866.0,407.0,998.0,799.0,584.0,543.0,473.0,943.0,322.0,455.0,616.0,744.0,392.0,429.0,350.0,934.0,542.0,405.0,1060.0,652.0,343.0,313.0,475.0,782.0,478.0,360.0,920.0,961.0,348.0,933.0,502.0,685.0,411.0,410.0,376.0,682.0,487.0,1072.0,319.0,258.0,482.0,963.0,395.0,424.0,663.0,360.0,734.0,557.0,00000000000000000656,60.075250575837,C0604W04
430.0,1008.0,986.0,311.0,466.0,636.0,643.0,492.0,376.0,1009.0,792.0,563.0,489.0,904.0,424.0,1047.0,840.0,625.0,586.0,485.0,999.0,344.0,489.0,663.0,773.0,426.0,476.0,370.0,1011.0,587.0,431.0,1113.0,711.0,381.0,337.0,483.0,841.0,499.0,365.0,986.0,1019.0,368.0,985.0,545.0,722.0,445.0,427.0,397.0,751.0,535.0,1107.0,339.0,283.0,505.0,995.0,427.0,447.0,698.0,389.0,799.0,606.0,00000000000000000657,82.9791796702867,C0604W05
301.0,906.0,988.0,317.0,263.0,512.0,535.0,236.0,229.0,1049.0,846.0,445.0,481.0,887.0,183.0,831.0,544.0,335.0,453.0,290.0,1234.0,197.0,348.0,500.0,423.0,184.0,484.0,345.0,970.0,566.0,336.0,1071.0,586.0,271.0,281.0,168.0,807.0,294.0,140.0,859.0,940.0,304.0,1041.0,447.0,728.0,402.0,377.0,278.0,824.0,426.0,1087.0,196.0,149.0,408.0,802.0,281.0,430.0,526.0,289.0,761.0,589.0,00000000000000000658,24.5111201913005,C0604W06
388.0,933.0,990.0,312.0,337.0,643.0,631.0,363.0,326.0,980.0,814.0,482.0,489.0,821.0,299.0,871.0,565.0,450.0,591.0,374.0,1122.0,299.0,401.0,591.0,399.0,317.0,468.0,312.0,952.0,501.0,303.0,1048.0,630.0,335.0,341.0,337.0,793.0,388.0,171.0,810.0,933.0,316.0,1071.0,538.0,719.0,455.0,379.0,326.0,771.0,499.0,937.0,251.0,247.0,425.0,686.0,307.0,404.0,574.0,335.0,719.0,540.0,00000000000000000659,55.7265757775905,C0605C01
341.0,1155.0,1077.0,347.0,449.0,633.0,647.0,418.0,306.0,1251.0,1033.0,540.0,536.0,1091.0,344.0,1160.0,873.0,613.0,582.0,452.0,1374.0,244.0,494.0,624.0,846.0,354.0,538.0,396.0,1165.0,756.0,406.0,1341.0,662.0,315.0,301.0,429.0,1102.0,516.0,386.0,1038.0,1155.0,366.0,1222.0,568.0,981.0,406.0,390.0,332.0,1070.0,549.0,1356.0,307.0,190.0,636.0,1259.0,420.0,482.0,718.0,366.0,1046.0,695.0,0000000000000000065a,96.3479399042113,C0605C02
348.0,1026.0,1122.0,341.0,348.0,576.0,618.0,326.0,259.0,1169.0,978.0,583.0,580.0,1036.0,220.0,981.0,728.0,484.0,492.0,387.0,1341.0,208.0,447.0,580.0,604.0,252.0,527.0,420.0,1096.0,685.0,477.0,1190.0,716.0,306.0,291.0,228.0,966.0,400.0,247.0,1049.0,1094.0,361.0,1123.0,471.0,852.0,448.0,418.0,331.0,979.0,444.0,1107.0,265.0,151.0,536.0,1005.0,393.0,487.0,677.0,332.0,927.0,742.0,0000000000000000065b,83.4676403076832,C0605C03
396.0,891.0,1006.0,325.0,414.0,628.0,607.0,444.0,365.0,866.0,796.0,547.0,461.0,808.0,423.0,948.0,626.0,564.0,618.0,408.0,920.0,365.0,444.0,661.0,562.0,369.0,481.0,319.0,984.0,438.0,344.0,1029.0,697.0,399.0,344.0,412.0,808.0,424.0,233.0,879.0,845.0,364.0,1029.0,535.0,646.0,442.0,403.0,379.0,760.0,532.0,843.0,304.0,267.0,412.0,730.0,338.0,433.0,685.0,363.0,721.0,581.0,0000000000000000065c,105.322732468934,C0605C04
432.0,967.0,1006.0,338.0,446.0,716.0,683.0,482.0,373.0,896.0,894.0,576.0,517.0,800.0,430.0,1022.0,662.0,597.0,683.0,443.0,968.0,373.0,482.0,686.0,605.0,421.0,517.0,327.0,1055.0,526.0,365.0,1062.0,720.0,408.0,365.0,472.0,905.0,484.0,253.0,890.0,923.0,389.0,1074.0,604.0,763.0,482.0,408.0,385.0,861.0,565.0,874.0,328.0,286.0,472.0,774.0,377.0,450.0,708.0,375.0,828.0,630.0,0000000000000000065d,188.200044568651,C0605C05
378.0,859.0,898.0,296.0,390.0,630.0,601.0,421.0,329.0,804.0,784.0,504.0,453.0,714.0,379.0,904.0,592.0,529.0,604.0,388.0,865.0,329.0,421.0,607.0,541.0,369.0,451.0,296.0,933.0,461.0,324.0,948.0,637.0,360.0,324.0,413.0,794.0,423.0,226.0,794.0,817.0,345.0,961.0,541.0,664.0,414.0,359.0,342.0,757.0,502.0,784.0,289.0,254.0,413.0,693.0,330.0,398.0,625.0,331.0,724.0,553.0,0000000000000000065e,368.243978118187,C0605F01
289.0,800.0,863.0,263.0,210.0,516.0,501.0,231.0,244.0,904.0,698.0,369.0,399.0,717.0,190.0,704.0,423.0,295.0,467.0,266.0,1063.0,221.0,284.0,462.0,214.0,185.0,361.0,268.0,817.0,417.0,222.0,949.0,517.0,254.0,295.0,207.0,663.0,270.0,93.0,669.0,849.0,249.0,938.0,419.0,621.0,362.0,337.0,249.0,653.0,392.0,845.0,170.0,172.0,320.0,548.0,199.0,358.0,434.0,258.0,604.0,432.0,0000000000000000065f,17.8842372160648,C0605F02
304.0,840.0,895.0,277.0,224.0,546.0,532.0,246.0,258.0,932.0,738.0,386.0,421.0,739.0,207.0,736.0,447.0,312.0,498.0,284.0,1105.0,234.0,299.0,480.0,228.0,198.0,380.0,282.0,852.0,441.0,233.0,984.0,536.0,268.0,310.0,227.0,704.0,290.0,103.0,696.0,885.0,262.0,976.0,447.0,657.0,374.0,351.0,263.0,688.0,410.0,876.0,184.0,183.0,341.0,572.0,213.0,376.0,452.0,272.0,642.0,455.0,00000000000000000660,167.232372304052,C0605F03
335.0,981.0,938.0,300.0,417.0,553.0,584.0,396.0,317.0,1087.0,800.0,519.0,471.0,910.0,291.0,996.0,798.0,554.0,442.0,430.0,1131.0,233.0,430.0,564.0,743.0,336.0,434.0,395.0,1012.0,658.0,443.0,1114.0,659.0,288.0,264.0,364.0,854.0,455.0,356.0,935.0,1015.0,347.0,1017.0,441.0,727.0,369.0,405.0,348.0,766.0,443.0,1083.0,292.0,175.0,522.0,1105.0,405.0,405.0,684.0,319.0,830.0,629.0,00000000000000000661,99.7156406110256,C0605F04
324.0,935.0,896.0,288.0,400.0,537.0,565.0,390.0,308.0,1033.0,738.0,502.0,454.0,874.0,300.0,954.0,744.0,546.0,455.0,423.0,1067.0,239.0,417.0,559.0,684.0,334.0,426.0,366.0,945.0,605.0,408.0,1078.0,636.0,277.0,267.0,369.0,801.0,442.0,340.0,881.0,965.0,338.0,986.0,439.0,692.0,363.0,385.0,336.0,743.0,444.0,1113.0,288.0,169.0,503.0,1032.0,383.0,401.0,656.0,311.0,758.0,591.0,00000000000000000662,521.649610624032,C0605F05
244.0,975.0,894.0,279.0,321.0,478.0,490.0,266.0,216.0,1108.0,916.0,408.0,414.0,926.0,233.0,1008.0,722.0,489.0,466.0,319.0,1239.0,168.0,375.0,498.0,748.0,245.0,397.0,318.0,1029.0,675.0,304.0,1150.0,512.0,230.0,231.0,302.0,961.0,401.0,278.0,876.0,980.0,279.0,1068.0,475.0,876.0,263.0,284.0,239.0,933.0,455.0,1193.0,221.0,142.0,544.0,1128.0,328.0,388.0,607.0,285.0,925.0,602.0,00000000000000000663,328.616450316034,C0605F06
297.0,806.0,955.0,278.0,190.0,517.0,498.0,210.0,245.0,944.0,720.0,404.0,422.0,775.0,170.0,694.0,393.0,254.0,449.0,257.0,1113.0,222.0,291.0,499.0,131.0,155.0,411.0,288.0,828.0,404.0,226.0,991.0,573.0,258.0,326.0,161.0,670.0,235.0,57.0,709.0,872.0,268.0,973.0,400.0,623.0,401.0,381.0,260.0,664.0,400.0,872.0,154.0,160.0,312.0,524.0,175.0,407.0,459.0,266.0,600.0,464.0,00000000000000000664,215.358594063694,C0605F07
265.0,680.0,668.0,206.0,292.0,441.0,403.0,278.0,233.0,696.0,520.0,344.0,302.0,604.0,250.0,688.0,457.0,376.0,398.0,272.0,704.0,228.0,280.0,426.0,420.0,270.0,301.0,216.0,701.0,320.0,232.0,741.0,459.0,246.0,220.0,274.0,528.0,286.0,168.0,606.0,642.0,237.0,716.0,352.0,433.0,278.0,261.0,260.0,495.0,352.0,650.0,200.0,173.0,286.0,575.0,234.0,270.0,471.0,231.0,481.0,371.0,00000000000000000665,42.1790113875774,C0605F08
405.0,903.0,951.0,316.0,418.0,667.0,636.0,450.0,356.0,852.0,824.0,535.0,478.0,761.0,410.0,952.0,634.0,565.0,638.0,415.0,908.0,356.0,450.0,646.0,581.0,395.0,481.0,316.0,982.0,490.0,349.0,1001.0,677.0,390.0,349.0,437.0,834.0,447.0,248.0,845.0,861.0,371.0,1013.0,573.0,698.0,441.0,388.0,374.0,800.0,537.0,831.0,308.0,279.0,437.0,738.0,355.0,427.0,667.0,360.0,761.0,582.0,00000000000000000666,236.256061335682,C0605F10
329.0,1054.0,922.0,293.0,300.0,650.0,646.0,280.0,236.0,1207.0,997.0,391.0,494.0,882.0,240.0,983.0,657.0,417.0,609.0,323.0,1368.0,231.0,352.0,503.0,575.0,263.0,445.0,302.0,1103.0,681.0,277.0,1210.0,529.0,287.0,283.0,324.0,948.0,375.0,202.0,838.0,1105.0,288.0,1184.0,617.0,919.0,385.0,326.0,266.0,959.0,484.0,1249.0,217.0,238.0,445.0,957.0,315.0,362.0,505.0,303.0,908.0,530.0,00000000000000000667,47.0436372883581,C0605P01
331.0,993.0,1109.0,328.0,320.0,548.0,599.0,298.0,241.0,1140.0,950.0,570.0,575.0,1004.0,184.0,948.0,690.0,449.0,464.0,356.0,1317.0,192.0,424.0,558.0,563.0,222.0,510.0,411.0,1079.0,658.0,477.0,1144.0,709.0,295.0,278.0,179.0,926.0,376.0,208.0,1035.0,1070.0,347.0,1097.0,436.0,817.0,442.0,410.0,321.0,951.0,413.0,1074.0,254.0,138.0,502.0,957.0,376.0,465.0,660.0,313.0,893.0,741.0,00000000000000000668,143.560104419803,C0605P02
266.0,1018.0,935.0,296.0,316.0,513.0,526.0,271.0,215.0,1139.0,942.0,412.0,446.0,947.0,240.0,1015.0,714.0,478.0,501.0,315.0,1306.0,182.0,387.0,507.0,726.0,238.0,447.0,323.0,1079.0,688.0,305.0,1189.0,521.0,252.0,250.0,291.0,964.0,392.0,262.0,894.0,1022.0,286.0,1112.0,508.0,888.0,303.0,290.0,243.0,961.0,474.0,1306.0,221.0,166.0,536.0,1115.0,323.0,396.0,590.0,298.0,927.0,607.0,00000000000000000669,214.733634973488,C0605P03
397.0,921.0,960.0,313.0,412.0,670.0,645.0,447.0,349.0,859.0,844.0,534.0,484.0,753.0,399.0,968.0,611.0,561.0,645.0,408.0,937.0,349.0,447.0,652.0,558.0,386.0,482.0,307.0,1000.0,482.0,337.0,1015.0,686.0,377.0,337.0,439.0,855.0,450.0,222.0,836.0,870.0,362.0,1034.0,559.0,714.0,447.0,385.0,361.0,812.0,535.0,825.0,300.0,255.0,439.0,724.0,341.0,424.0,666.0,344.0,779.0,597.0,0000000000000000066a,117.939695867637,C0605P04
367.0,1058.0,1173.0,363.0,413.0,611.0,675.0,387.0,302.0,1197.0,1007.0,648.0,618.0,1050.0,238.0,1024.0,792.0,542.0,489.0,429.0,1348.0,227.0,498.0,623.0,666.0,289.0,561.0,475.0,1133.0,745.0,532.0,1214.0,788.0,330.0,300.0,261.0,1025.0,465.0,289.0,1115.0,1130.0,403.0,1136.0,466.0,871.0,474.0,475.0,378.0,1002.0,445.0,1110.0,304.0,132.0,588.0,1072.0,442.0,506.0,746.0,362.0,983.0,843.0,0000000000000000066b,113.729283485613,C0605P05
352.0,825.0,879.0,280.0,363.0,592.0,562.0,395.0,313.0,771.0,744.0,481.0,424.0,684.0,357.0,866.0,555.0,501.0,572.0,362.0,844.0,313.0,395.0,584.0,501.0,342.0,427.0,280.0,896.0,419.0,304.0,914.0,615.0,337.0,304.0,382.0,754.0,393.0,199.0,764.0,775.0,326.0,934.0,500.0,620.0,395.0,345.0,323.0,713.0,480.0,751.0,270.0,229.0,382.0,650.0,302.0,382.0,598.0,307.0,682.0,527.0,0000000000000000066c,229.39631594697,C0605R01
382.0,891.0,920.0,301.0,398.0,649.0,621.0,431.0,335.0,827.0,820.0,514.0,468.0,725.0,382.0,939.0,591.0,541.0,621.0,393.0,899.0,335.0,431.0,627.0,540.0,372.0,464.0,298.0,970.0,470.0,323.0,980.0,659.0,361.0,323.0,425.0,830.0,435.0,216.0,803.0,846.0,346.0,995.0,544.0,696.0,431.0,368.0,346.0,789.0,513.0,799.0,288.0,247.0,425.0,703.0,330.0,404.0,644.0,330.0,758.0,575.0,0000000000000000066d,81.6831652640254,C0605R02
378.0,1026.0,976.0,286.0,346.0,675.0,676.0,392.0,330.0,926.0,849.0,479.0,471.0,783.0,312.0,970.0,633.0,532.0,656.0,381.0,1030.0,299.0,391.0,625.0,540.0,335.0,455.0,295.0,997.0,523.0,292.0,1039.0,669.0,343.0,336.0,383.0,869.0,432.0,182.0,808.0,919.0,313.0,1082.0,590.0,771.0,424.0,351.0,308.0,829.0,520.0,914.0,269.0,234.0,432.0,746.0,333.0,382.0,608.0,311.0,782.0,534.0,0000000000000000066e,42.22518730007,C0605R03
377.0,1065.0,1014.0,324.0,315.0,682.0,664.0,310.0,287.0,1216.0,982.0,436.0,520.0,913.0,259.0,967.0,650.0,421.0,626.0,350.0,1381.0,268.0,379.0,560.0,478.0,287.0,466.0,332.0,1100.0,636.0,296.0,1249.0,595.0,321.0,347.0,322.0,924.0,380.0,190.0,870.0,1133.0,323.0,1219.0,606.0,890.0,447.0,381.0,304.0,928.0,513.0,1201.0,240.0,255.0,445.0,869.0,313.0,411.0,545.0,332.0,875.0,549.0,0000000000000000066f,97.9746242678364,C0605R04
323.0,791.0,826.0,256.0,361.0,541.0,476.0,336.0,286.0,811.0,626.0,427.0,360.0,735.0,310.0,796.0,509.0,446.0,486.0,324.0,832.0,285.0,336.0,523.0,460.0,331.0,373.0,256.0,824.0,348.0,268.0,869.0,561.0,309.0,275.0,321.0,627.0,331.0,178.0,717.0,729.0,295.0,862.0,418.0,497.0,345.0,323.0,323.0,596.0,427.0,722.0,238.0,206.0,330.0,623.0,269.0,334.0,588.0,281.0,557.0,449.0,00000000000000000670,56.798585835657,C0605R05
374.0,839.0,880.0,291.0,384.0,611.0,588.0,413.0,328.0,796.0,760.0,492.0,441.0,707.0,380.0,885.0,591.0,520.0,589.0,383.0,842.0,328.0,413.0,594.0,543.0,359.0,442.0,291.0,915.0,454.0,321.0,933.0,622.0,361.0,321.0,404.0,770.0,413.0,232.0,784.0,801.0,341.0,944.0,531.0,645.0,405.0,357.0,346.0,740.0,494.0,777.0,283.0,257.0,404.0,692.0,328.0,391.0,613.0,333.0,702.0,536.0,00000000000000000671,224.42978608173,C0605R06
376.0,907.0,969.0,304.0,323.0,623.0,611.0,349.0,317.0,956.0,788.0,469.0,472.0,801.0,289.0,846.0,545.0,433.0,571.0,362.0,1098.0,291.0,387.0,574.0,379.0,304.0,452.0,304.0,927.0,483.0,294.0,1023.0,613.0,326.0,333.0,321.0,767.0,372.0,162.0,789.0,910.0,307.0,1045.0,519.0,695.0,439.0,371.0,317.0,746.0,483.0,913.0,243.0,238.0,409.0,664.0,295.0,397.0,557.0,326.0,695.0,523.0,00000000000000000672,279.731468006982,C0605R07
315.0,778.0,853.0,268.0,264.0,512.0,497.0,287.0,276.0,837.0,634.0,400.0,389.0,697.0,249.0,726.0,452.0,364.0,454.0,303.0,964.0,255.0,322.0,495.0,297.0,248.0,381.0,268.0,796.0,382.0,247.0,906.0,537.0,277.0,292.0,246.0,619.0,294.0,132.0,685.0,785.0,268.0,914.0,411.0,553.0,369.0,332.0,281.0,602.0,412.0,801.0,208.0,199.0,334.0,573.0,242.0,351.0,481.0,277.0,553.0,437.0,00000000000000000673,242.423079785779,C0605R08
317.0,782.0,848.0,266.0,269.0,515.0,502.0,292.0,275.0,840.0,642.0,399.0,393.0,696.0,252.0,732.0,458.0,369.0,459.0,305.0,963.0,254.0,326.0,496.0,309.0,252.0,383.0,266.0,801.0,389.0,249.0,907.0,535.0,279.0,292.0,253.0,628.0,300.0,136.0,684.0,788.0,268.0,916.0,417.0,562.0,372.0,328.0,278.0,610.0,414.0,803.0,209.0,202.0,338.0,580.0,246.0,348.0,482.0,279.0,562.0,439.0,00000000000000000674,51.3786512340906,C0605R09
304.0,784.0,874.0,271.0,238.0,511.0,498.0,263.0,265.0,863.0,666.0,397.0,395.0,712.0,227.0,706.0,428.0,329.0,458.0,290.0,1021.0,239.0,310.0,480.0,242.0,218.0,369.0,271.0,800.0,390.0,244.0,921.0,532.0,271.0,298.0,220.0,638.0,280.0,112.0,682.0,812.0,263.0,923.0,408.0,582.0,370.0,341.0,267.0,619.0,404.0,812.0,195.0,185.0,330.0,548.0,222.0,365.0,461.0,271.0,571.0,444.0,00000000000000000675,93.1590673995007,C0605R10
334.0,814.0,854.0,276.0,295.0,531.0,522.0,315.0,287.0,867.0,657.0,410.0,407.0,714.0,273.0,768.0,500.0,398.0,485.0,324.0,970.0,265.0,346.0,513.0,367.0,281.0,402.0,276.0,829.0,412.0,261.0,936.0,547.0,293.0,301.0,281.0,648.0,324.0,163.0,706.0,812.0,280.0,945.0,443.0,579.0,387.0,331.0,287.0,627.0,437.0,834.0,226.0,222.0,355.0,623.0,272.0,350.0,504.0,292.0,580.0,451.0,00000000000000000676,127.916052452583,C0605R11
373.0,906.0,896.0,288.0,339.0,613.0,604.0,366.0,308.0,909.0,749.0,450.0,455.0,753.0,304.0,857.0,580.0,470.0,574.0,367.0,1021.0,285.0,381.0,566.0,470.0,324.0,440.0,291.0,906.0,485.0,288.0,982.0,599.0,326.0,321.0,354.0,748.0,396.0,196.0,759.0,868.0,301.0,1013.0,527.0,676.0,423.0,342.0,301.0,724.0,487.0,886.0,255.0,250.0,410.0,701.0,320.0,361.0,553.0,317.0,680.0,501.0,00000000000000000677,74.9103410793935,C0605R12
288.0,833.0,999.0,307.0,211.0,491.0,485.0,187.0,222.0,987.0,784.0,433.0,457.0,865.0,177.0,729.0,414.0,249.0,427.0,260.0,1190.0,201.0,315.0,511.0,240.0,134.0,500.0,312.0,874.0,473.0,261.0,1038.0,585.0,255.0,307.0,104.0,729.0,217.0,71.0,781.0,850.0,293.0,1005.0,416.0,656.0,406.0,386.0,257.0,737.0,429.0,1056.0,144.0,137.0,346.0,636.0,203.0,459.0,498.0,283.0,659.0,543.0,00000000000000000678,102.571651205407,C0605W01
256.0,888.0,854.0,258.0,246.0,478.0,509.0,233.0,198.0,1003.0,784.0,360.0,425.0,777.0,157.0,839.0,577.0,352.0,431.0,247.0,1145.0,168.0,300.0,424.0,495.0,189.0,373.0,296.0,954.0,548.0,304.0,993.0,503.0,234.0,222.0,213.0,770.0,307.0,165.0,793.0,949.0,259.0,973.0,432.0,711.0,324.0,301.0,241.0,781.0,364.0,987.0,199.0,144.0,378.0,843.0,271.0,313.0,471.0,245.0,748.0,499.0,00000000000000000679,102.879513115401,C0605W02
355.0,897.0,970.0,300.0,285.0,607.0,595.0,313.0,303.0,950.0,777.0,458.0,454.0,793.0,268.0,814.0,514.0,399.0,552.0,340.0,1127.0,281.0,357.0,554.0,324.0,270.0,434.0,308.0,912.0,473.0,284.0,1022.0,598.0,317.0,335.0,289.0,759.0,345.0,136.0,768.0,903.0,298.0,1036.0,499.0,690.0,429.0,383.0,311.0,736.0,460.0,909.0,227.0,223.0,394.0,632.0,274.0,399.0,532.0,317.0,681.0,508.0,0000000000000000067a,111.207704338176,C0605W03
341.0,826.0,898.0,284.0,289.0,552.0,538.0,313.0,293.0,885.0,685.0,428.0,420.0,739.0,269.0,773.0,491.0,394.0,494.0,329.0,1013.0,271.0,349.0,527.0,335.0,273.0,409.0,284.0,845.0,419.0,267.0,955.0,568.0,298.0,310.0,274.0,670.0,323.0,148.0,726.0,832.0,285.0,965.0,449.0,601.0,397.0,349.0,297.0,652.0,440.0,847.0,224.0,217.0,362.0,613.0,266.0,368.0,512.0,298.0,601.0,469.0,0000000000000000067b,282.270863247571,C0605W04
267.0,985.0,928.0,301.0,320.0,513.0,525.0,284.0,220.0,1099.0,904.0,420.0,457.0,924.0,249.0,971.0,692.0,469.0,492.0,320.0,1256.0,188.0,386.0,510.0,655.0,242.0,467.0,328.0,1031.0,643.0,307.0,1170.0,536.0,256.0,248.0,288.0,926.0,376.0,267.0,869.0,989.0,288.0,1081.0,483.0,838.0,324.0,301.0,244.0,911.0,463.0,1175.0,223.0,154.0,517.0,1049.0,318.0,392.0,570.0,297.0,883.0,586.0,0000000000000000067c,78.2115452007057,C0605W05
405.0,967.0,947.0,294.0,439.0,599.0,609.0,491.0,375.0,976.0,741.0,546.0,459.0,890.0,425.0,1022.0,821.0,601.0,558.0,488.0,961.0,331.0,469.0,634.0,764.0,404.0,441.0,358.0,953.0,555.0,415.0,1085.0,671.0,355.0,321.0,493.0,803.0,494.0,373.0,947.0,981.0,355.0,951.0,516.0,702.0,422.0,420.0,386.0,698.0,500.0,1094.0,326.0,266.0,498.0,984.0,405.0,436.0,682.0,374.0,753.0,576.0,0000000000000000067d,34.9024896312608,C0606C01
455.0,1134.0,1014.0,317.0,520.0,709.0,699.0,510.0,366.0,1162.0,853.0,554.0,553.0,997.0,420.0,1143.0,893.0,657.0,626.0,507.0,1168.0,341.0,521.0,671.0,837.0,476.0,514.0,384.0,1134.0,670.0,478.0,1186.0,742.0,389.0,372.0,498.0,902.0,532.0,393.0,1006.0,1143.0,393.0,1116.0,600.0,806.0,479.0,423.0,418.0,828.0,565.0,1258.0,367.0,318.0,543.0,1114.0,483.0,463.0,745.0,398.0,870.0,624.0,0000000000000000067e,44.2699193160787,C0606C02
474.0,1171.0,1089.0,366.0,517.0,729.0,732.0,513.0,390.0,1245.0,956.0,599.0,592.0,1062.0,403.0,1170.0,931.0,670.0,636.0,514.0,1316.0,352.0,553.0,694.0,883.0,462.0,536.0,441.0,1187.0,756.0,491.0,1290.0,768.0,407.0,379.0,506.0,991.0,562.0,413.0,1107.0,1195.0,416.0,1205.0,634.0,897.0,517.0,451.0,404.0,945.0,592.0,1271.0,378.0,309.0,601.0,1219.0,512.0,480.0,767.0,430.0,978.0,704.0,0000000000000000067f,53.137545110164,C0606C03
462.0,1150.0,1066.0,342.0,514.0,712.0,722.0,510.0,376.0,1193.0,893.0,589.0,572.0,1027.0,409.0,1155.0,906.0,664.0,627.0,514.0,1222.0,342.0,532.0,684.0,844.0,458.0,542.0,409.0,1155.0,702.0,490.0,1225.0,765.0,399.0,371.0,495.0,941.0,549.0,396.0,1054.0,1170.0,403.0,1161.0,605.0,842.0,496.0,436.0,415.0,878.0,570.0,1269.0,377.0,309.0,569.0,1140.0,494.0,470.0,761.0,410.0,912.0,667.0,00000000000000000680,91.3861985818031,C0606C05
338.0,1195.0,1105.0,358.0,437.0,618.0,632.0,374.0,290.0,1343.0,1128.0,533.0,538.0,1144.0,324.0,1232.0,915.0,625.0,604.0,431.0,1485.0,232.0,502.0,631.0,937.0,342.0,523.0,410.0,1250.0,843.0,401.0,1395.0,651.0,313.0,309.0,415.0,1185.0,525.0,381.0,1088.0,1201.0,369.0,1298.0,610.0,1086.0,366.0,373.0,318.0,1147.0,578.0,1413.0,299.0,206.0,686.0,1373.0,437.0,495.0,756.0,380.0,1143.0,753.0,00000000000000000681,28.5349504454028,C0606F01
452.0,1062.0,1063.0,334.0,471.0,701.0,674.0,470.0,375.0,1002.0,866.0,564.0,513.0,919.0,416.0,1056.0,720.0,610.0,690.0,452.0,1052.0,365.0,470.0,694.0,667.0,431.0,513.0,334.0,1086.0,537.0,358.0,1142.0,735.0,416.0,369.0,464.0,866.0,488.0,271.0,945.0,985.0,366.0,1105.0,610.0,730.0,481.0,406.0,366.0,834.0,599.0,982.0,326.0,302.0,481.0,871.0,397.0,432.0,717.0,385.0,793.0,608.0,00000000000000000682,16.9987550361117,C0606P01
445.0,1110.0,1045.0,345.0,483.0,685.0,697.0,483.0,368.0,1172.0,887.0,575.0,553.0,1000.0,381.0,1110.0,872.0,637.0,599.0,486.0,1229.0,330.0,514.0,663.0,816.0,429.0,518.0,411.0,1120.0,697.0,466.0,1211.0,737.0,386.0,355.0,472.0,924.0,530.0,382.0,1040.0,1135.0,391.0,1145.0,587.0,832.0,485.0,429.0,387.0,877.0,555.0,1210.0,360.0,289.0,561.0,1126.0,476.0,453.0,733.0,401.0,904.0,663.0,00000000000000000683,145.587925051363,C0606P02
455.0,1278.0,1184.0,396.0,538.0,729.0,754.0,520.0,399.0,1415.0,1080.0,638.0,601.0,1164.0,398.0,1303.0,1046.0,706.0,630.0,548.0,1453.0,327.0,562.0,718.0,997.0,458.0,579.0,491.0,1323.0,855.0,535.0,1426.0,802.0,399.0,363.0,502.0,1137.0,585.0,471.0,1195.0,1320.0,450.0,1333.0,630.0,1008.0,495.0,481.0,436.0,1037.0,601.0,1429.0,395.0,276.0,656.0,1434.0,537.0,508.0,829.0,433.0,1120.0,753.0,00000000000000000684,90.5649304492503,C0606P03
437.0,1033.0,1087.0,326.0,455.0,691.0,659.0,458.0,372.0,969.0,853.0,568.0,497.0,895.0,409.0,1029.0,679.0,597.0,671.0,439.0,1022.0,360.0,458.0,694.0,615.0,415.0,508.0,326.0,1060.0,498.0,349.0,1128.0,744.0,412.0,363.0,440.0,855.0,466.0,242.0,944.0,949.0,358.0,1103.0,581.0,701.0,471.0,406.0,364.0,817.0,582.0,946.0,311.0,280.0,459.0,821.0,372.0,436.0,718.0,376.0,771.0,604.0,00000000000000000685,58.0841973508197,C0606P04
434.0,1102.0,1040.0,347.0,483.0,688.0,686.0,471.0,363.0,1171.0,892.0,563.0,556.0,998.0,372.0,1095.0,849.0,625.0,599.0,477.0,1251.0,327.0,513.0,654.0,794.0,427.0,516.0,411.0,1124.0,697.0,448.0,1225.0,728.0,382.0,356.0,460.0,926.0,519.0,368.0,1029.0,1123.0,384.0,1152.0,589.0,837.0,486.0,421.0,376.0,890.0,555.0,1220.0,348.0,283.0,560.0,1127.0,466.0,449.0,722.0,400.0,903.0,658.0,00000000000000000686,61.6661017451103,C0606P05
444.0,1389.0,1272.0,425.0,543.0,746.0,753.0,497.0,385.0,1533.0,1241.0,650.0,616.0,1317.0,432.0,1434.0,1124.0,777.0,711.0,561.0,1630.0,320.0,590.0,771.0,1137.0,467.0,581.0,495.0,1430.0,943.0,500.0,1593.0,796.0,397.0,390.0,534.0,1325.0,631.0,496.0,1269.0,1392.0,460.0,1481.0,719.0,1203.0,451.0,464.0,409.0,1199.0,699.0,1588.0,388.0,280.0,774.0,1598.0,548.0,579.0,900.0,465.0,1278.0,824.0,00000000000000000687,17.308303123255,C0606R01
491.0,1477.0,1358.0,458.0,577.0,797.0,800.0,534.0,423.0,1623.0,1277.0,701.0,639.0,1402.0,468.0,1525.0,1226.0,850.0,748.0,616.0,1697.0,352.0,619.0,838.0,1232.0,519.0,591.0,534.0,1514.0,993.0,550.0,1678.0,871.0,431.0,426.0,579.0,1365.0,670.0,542.0,1359.0,1482.0,500.0,1561.0,752.0,1235.0,476.0,506.0,451.0,1222.0,755.0,1709.0,437.0,307.0,807.0,1700.0,601.0,614.0,971.0,499.0,1324.0,853.0,00000000000000000688,28.0457413175794,C0606R02
394.0,991.0,891.0,286.0,424.0,580.0,599.0,430.0,328.0,1023.0,739.0,495.0,471.0,875.0,356.0,1001.0,787.0,580.0,525.0,440.0,1016.0,296.0,449.0,594.0,747.0,388.0,449.0,353.0,994.0,586.0,416.0,1057.0,653.0,336.0,318.0,426.0,783.0,463.0,346.0,907.0,998.0,345.0,991.0,509.0,703.0,410.0,373.0,351.0,726.0,496.0,1095.0,322.0,263.0,480.0,1006.0,423.0,401.0,658.0,352.0,765.0,554.0,00000000000000000689,43.3780276009638,C0606R03
435.0,1389.0,1287.0,427.0,536.0,739.0,749.0,487.0,374.0,1546.0,1263.0,654.0,621.0,1331.0,424.0,1435.0,1119.0,776.0,715.0,553.0,1658.0,310.0,596.0,771.0,1140.0,455.0,588.0,494.0,1441.0,960.0,495.0,1602.0,797.0,396.0,385.0,522.0,1340.0,633.0,487.0,1281.0,1391.0,457.0,1493.0,721.0,1221.0,445.0,458.0,401.0,1230.0,703.0,1602.0,383.0,273.0,790.0,1603.0,546.0,584.0,906.0,466.0,1293.0,844.0,0000000000000000068a,1.33038431941719,C0606R04
323.0,1146.0,1082.0,351.0,375.0,635.0,649.0,331.0,253.0,1278.0,1086.0,492.0,551.0,1072.0,296.0,1121.0,796.0,534.0,609.0,378.0,1467.0,225.0,450.0,585.0,745.0,289.0,568.0,378.0,1202.0,777.0,352.0,1355.0,616.0,311.0,295.0,345.0,1100.0,442.0,306.0,1009.0,1159.0,337.0,1256.0,597.0,1001.0,389.0,350.0,282.0,1090.0,535.0,1309.0,265.0,191.0,602.0,1193.0,375.0,457.0,646.0,352.0,1050.0,683.0,0000000000000000068b,48.4223362957291,C0606R05
422.0,1362.0,1262.0,417.0,522.0,722.0,734.0,473.0,362.0,1521.0,1248.0,636.0,609.0,1304.0,411.0,1407.0,1091.0,756.0,703.0,535.0,1634.0,300.0,584.0,753.0,1113.0,439.0,579.0,481.0,1415.0,945.0,482.0,1576.0,777.0,385.0,375.0,508.0,1322.0,618.0,472.0,1256.0,1364.0,446.0,1470.0,707.0,1207.0,435.0,445.0,388.0,1220.0,687.0,1572.0,372.0,266.0,775.0,1573.0,530.0,573.0,885.0,454.0,1276.0,830.0,0000000000000000068c,73.8207953257883,C0606R06
404.0,1327.0,1226.0,402.0,500.0,697.0,709.0,451.0,346.0,1481.0,1220.0,614.0,588.0,1266.0,394.0,1371.0,1054.0,733.0,682.0,512.0,1601.0,286.0,563.0,730.0,1077.0,419.0,559.0,464.0,1381.0,920.0,464.0,1534.0,754.0,371.0,361.0,485.0,1290.0,595.0,452.0,1218.0,1329.0,430.0,1432.0,685.0,1179.0,416.0,427.0,372.0,1196.0,668.0,1531.0,358.0,254.0,751.0,1530.0,509.0,555.0,860.0,438.0,1245.0,805.0,0000000000000000068d,5.29918981536405,C0606R07
412.0,970.0,951.0,297.0,452.0,613.0,613.0,483.0,372.0,969.0,758.0,548.0,466.0,878.0,420.0,1018.0,815.0,606.0,564.0,481.0,953.0,336.0,473.0,642.0,754.0,417.0,450.0,359.0,965.0,560.0,420.0,1083.0,685.0,361.0,328.0,483.0,813.0,488.0,362.0,958.0,980.0,355.0,941.0,523.0,701.0,423.0,420.0,392.0,717.0,510.0,1068.0,327.0,268.0,495.0,972.0,412.0,440.0,677.0,375.0,769.0,586.0,0000000000000000068e,83.7718805745619,C0606R08
352.0,1139.0,979.0,311.0,324.0,712.0,704.0,299.0,248.0,1293.0,1086.0,414.0,531.0,941.0,260.0,1068.0,709.0,449.0,670.0,345.0,1462.0,248.0,377.0,536.0,628.0,286.0,486.0,319.0,1191.0,749.0,293.0,1297.0,561.0,305.0,299.0,359.0,1034.0,411.0,222.0,895.0,1196.0,307.0,1269.0,678.0,1009.0,407.0,342.0,283.0,1047.0,517.0,1322.0,234.0,255.0,482.0,1041.0,339.0,376.0,539.0,321.0,995.0,567.0,0000000000000000068f,54.6385413011085,C0606R09
411.0,961.0,962.0,306.0,450.0,619.0,611.0,463.0,360.0,959.0,763.0,544.0,467.0,872.0,407.0,1000.0,766.0,589.0,568.0,451.0,965.0,339.0,463.0,640.0,699.0,408.0,464.0,347.0,984.0,530.0,398.0,1062.0,686.0,375.0,327.0,446.0,801.0,463.0,322.0,933.0,959.0,356.0,955.0,519.0,673.0,429.0,407.0,385.0,725.0,517.0,1019.0,320.0,271.0,465.0,906.0,394.0,428.0,679.0,371.0,751.0,583.0,00000000000000000691,193.802501095366,C0606W01
415.0,968.0,994.0,325.0,442.0,629.0,614.0,461.0,370.0,963.0,772.0,553.0,473.0,903.0,411.0,1005.0,736.0,587.0,583.0,441.0,988.0,354.0,461.0,654.0,669.0,402.0,478.0,352.0,1011.0,502.0,391.0,1071.0,697.0,394.0,337.0,434.0,799.0,455.0,299.0,925.0,951.0,375.0,1007.0,522.0,663.0,444.0,415.0,400.0,732.0,534.0,1004.0,324.0,279.0,450.0,873.0,382.0,432.0,712.0,377.0,737.0,587.0,00000000000000000692,65.9187092104673,C0606W02
443.0,1049.0,1080.0,330.0,449.0,692.0,669.0,465.0,373.0,986.0,859.0,567.0,506.0,909.0,409.0,1042.0,699.0,606.0,681.0,446.0,1038.0,361.0,465.0,696.0,640.0,414.0,512.0,330.0,1072.0,514.0,352.0,1138.0,742.0,412.0,367.0,447.0,862.0,478.0,250.0,946.0,965.0,362.0,1126.0,593.0,717.0,477.0,404.0,365.0,825.0,591.0,964.0,317.0,287.0,468.0,845.0,385.0,434.0,721.0,378.0,783.0,606.0,00000000000000000693,70.5647167013395,C0606W03
384.0,987.0,881.0,296.0,436.0,569.0,566.0,433.0,338.0,1065.0,707.0,483.0,458.0,900.0,357.0,1006.0,831.0,582.0,498.0,448.0,1058.0,295.0,439.0,580.0,792.0,400.0,418.0,374.0,984.0,608.0,433.0,1093.0,641.0,327.0,316.0,438.0,761.0,466.0,398.0,914.0,1010.0,362.0,1000.0,493.0,660.0,388.0,387.0,362.0,698.0,489.0,1112.0,332.0,266.0,492.0,1093.0,430.0,408.0,659.0,359.0,752.0,536.0,00000000000000000694,72.3510711357796,C0607C01
400.0,1015.0,913.0,315.0,455.0,590.0,590.0,446.0,355.0,1103.0,745.0,506.0,476.0,930.0,368.0,1037.0,861.0,602.0,516.0,464.0,1107.0,306.0,457.0,602.0,825.0,416.0,441.0,395.0,1016.0,636.0,441.0,1137.0,664.0,342.0,323.0,453.0,797.0,483.0,413.0,957.0,1038.0,372.0,1040.0,515.0,676.0,403.0,396.0,367.0,736.0,513.0,1136.0,342.0,277.0,514.0,1136.0,445.0,412.0,682.0,378.0,790.0,563.0,00000000000000000695,33.8090554179492,C0607C02
440.0,962.0,1028.0,347.0,453.0,704.0,681.0,487.0,392.0,916.0,876.0,578.0,513.0,826.0,454.0,1015.0,690.0,611.0,682.0,450.0,966.0,392.0,487.0,698.0,634.0,419.0,522.0,347.0,1051.0,526.0,381.0,1074.0,730.0,432.0,381.0,469.0,887.0,480.0,277.0,916.0,919.0,405.0,1086.0,614.0,742.0,478.0,426.0,413.0,852.0,580.0,894.0,335.0,306.0,469.0,797.0,386.0,464.0,720.0,398.0,809.0,622.0,00000000000000000696,201.553337825824,C0607C03
386.0,1171.0,1024.0,327.0,334.0,765.0,746.0,320.0,279.0,1345.0,1112.0,430.0,556.0,950.0,266.0,1067.0,721.0,457.0,708.0,365.0,1509.0,268.0,391.0,567.0,574.0,306.0,491.0,336.0,1208.0,744.0,292.0,1341.0,597.0,328.0,341.0,381.0,1046.0,426.0,217.0,912.0,1271.0,321.0,1319.0,695.0,1033.0,445.0,370.0,300.0,1055.0,543.0,1305.0,244.0,281.0,489.0,991.0,344.0,396.0,556.0,340.0,1006.0,577.0,00000000000000000697,30.5671163363384,C0607C04
401.0,1020.0,917.0,311.0,455.0,587.0,584.0,451.0,356.0,1106.0,727.0,503.0,475.0,939.0,376.0,1040.0,873.0,608.0,513.0,470.0,1092.0,308.0,458.0,602.0,830.0,419.0,432.0,393.0,1014.0,629.0,455.0,1133.0,667.0,340.0,330.0,459.0,786.0,486.0,421.0,955.0,1046.0,380.0,1034.0,509.0,684.0,401.0,407.0,383.0,717.0,509.0,1155.0,347.0,276.0,514.0,1139.0,450.0,429.0,686.0,376.0,776.0,557.0,00000000000000000698,53.5512064868768,C0607F01
360.0,1225.0,1123.0,359.0,431.0,627.0,638.0,392.0,308.0,1363.0,1120.0,552.0,520.0,1159.0,345.0,1268.0,969.0,673.0,614.0,461.0,1474.0,254.0,487.0,669.0,993.0,374.0,480.0,412.0,1278.0,832.0,416.0,1410.0,693.0,326.0,321.0,429.0,1183.0,528.0,396.0,1116.0,1223.0,385.0,1318.0,616.0,1083.0,359.0,378.0,329.0,1100.0,612.0,1451.0,322.0,220.0,672.0,1412.0,456.0,496.0,789.0,385.0,1143.0,716.0,00000000000000000699,31.5069975982113,C0607F02
414.0,1304.0,1198.0,401.0,536.0,724.0,748.0,487.0,381.0,1440.0,1231.0,631.0,617.0,1193.0,375.0,1335.0,1035.0,702.0,633.0,527.0,1532.0,301.0,562.0,710.0,1005.0,428.0,591.0,496.0,1363.0,904.0,515.0,1482.0,782.0,370.0,350.0,490.0,1302.0,602.0,458.0,1193.0,1333.0,444.0,1376.0,634.0,1140.0,465.0,471.0,409.0,1150.0,605.0,1450.0,375.0,236.0,714.0,1480.0,522.0,529.0,849.0,419.0,1275.0,831.0,0000000000000000069a,61.6322057741461,C0607F03
416.0,1060.0,950.0,331.0,474.0,618.0,617.0,464.0,374.0,1153.0,785.0,526.0,495.0,970.0,378.0,1082.0,903.0,625.0,537.0,484.0,1163.0,321.0,480.0,625.0,864.0,429.0,465.0,416.0,1065.0,667.0,461.0,1189.0,691.0,355.0,336.0,470.0,837.0,500.0,429.0,1004.0,1082.0,388.0,1082.0,537.0,709.0,420.0,417.0,385.0,775.0,534.0,1184.0,357.0,284.0,538.0,1190.0,464.0,430.0,710.0,395.0,833.0,590.0,0000000000000000069b,54.7772822740027,C0607P01
432.0,1223.0,1123.0,383.0,513.0,692.0,715.0,497.0,385.0,1354.0,1015.0,605.0,570.0,1105.0,385.0,1247.0,999.0,676.0,600.0,523.0,1385.0,318.0,535.0,687.0,955.0,441.0,549.0,471.0,1267.0,810.0,505.0,1367.0,765.0,384.0,352.0,480.0,1068.0,558.0,450.0,1134.0,1259.0,429.0,1280.0,600.0,945.0,471.0,460.0,418.0,966.0,577.0,1351.0,379.0,268.0,618.0,1378.0,512.0,483.0,793.0,415.0,1054.0,707.0,0000000000000000069c,45.8733310285299,C0607P02
437.0,1236.0,1145.0,388.0,525.0,703.0,728.0,510.0,389.0,1368.0,1028.0,621.0,583.0,1125.0,397.0,1259.0,1013.0,685.0,607.0,535.0,1399.0,321.0,548.0,697.0,968.0,449.0,561.0,480.0,1280.0,825.0,516.0,1381.0,780.0,395.0,357.0,488.0,1081.0,571.0,463.0,1157.0,1269.0,436.0,1291.0,607.0,951.0,482.0,468.0,426.0,980.0,578.0,1352.0,383.0,269.0,630.0,1394.0,523.0,491.0,808.0,425.0,1068.0,725.0,0000000000000000069d,88.1832956090917,C0607P03
409.0,1037.0,933.0,318.0,457.0,608.0,608.0,450.0,360.0,1122.0,763.0,519.0,488.0,949.0,366.0,1058.0,878.0,611.0,529.0,476.0,1133.0,309.0,463.0,612.0,839.0,423.0,449.0,401.0,1041.0,655.0,454.0,1156.0,677.0,342.0,330.0,461.0,815.0,493.0,413.0,978.0,1059.0,381.0,1055.0,527.0,694.0,407.0,404.0,373.0,754.0,520.0,1154.0,350.0,275.0,528.0,1154.0,457.0,424.0,696.0,379.0,808.0,581.0,0000000000000000069e,78.497102807546,C0607P04
426.0,1107.0,994.0,342.0,490.0,642.0,646.0,479.0,382.0,1202.0,833.0,544.0,516.0,1013.0,383.0,1130.0,940.0,641.0,555.0,498.0,1221.0,324.0,495.0,642.0,895.0,434.0,481.0,430.0,1119.0,701.0,479.0,1238.0,713.0,364.0,345.0,480.0,887.0,519.0,442.0,1044.0,1132.0,402.0,1128.0,555.0,755.0,434.0,431.0,395.0,819.0,546.0,1230.0,367.0,287.0,560.0,1242.0,478.0,447.0,733.0,405.0,880.0,620.0,0000000000000000069f,29.9368958855702,C0607P05
340.0,758.0,806.0,271.0,378.0,548.0,496.0,370.0,307.0,757.0,638.0,455.0,385.0,733.0,362.0,815.0,559.0,477.0,498.0,350.0,776.0,308.0,377.0,544.0,511.0,346.0,389.0,279.0,843.0,388.0,312.0,869.0,566.0,326.0,286.0,363.0,647.0,364.0,226.0,739.0,735.0,317.0,821.0,438.0,526.0,354.0,342.0,346.0,610.0,440.0,743.0,261.0,228.0,359.0,675.0,297.0,364.0,592.0,312.0,593.0,480.0,000000000000000006a0,114.485053712866,C0607R01
363.0,1140.0,992.0,318.0,328.0,717.0,710.0,303.0,255.0,1304.0,1096.0,428.0,539.0,948.0,261.0,1064.0,707.0,447.0,672.0,354.0,1477.0,253.0,384.0,544.0,619.0,290.0,495.0,327.0,1192.0,752.0,298.0,1305.0,572.0,312.0,306.0,355.0,1038.0,410.0,219.0,902.0,1197.0,313.0,1278.0,681.0,1010.0,420.0,354.0,290.0,1048.0,525.0,1326.0,234.0,261.0,484.0,1029.0,345.0,389.0,545.0,329.0,995.0,576.0,000000000000000006a1,72.2141510979214,C0607R02
450.0,1135.0,1017.0,358.0,509.0,664.0,662.0,499.0,403.0,1235.0,840.0,562.0,530.0,1042.0,408.0,1160.0,974.0,666.0,579.0,521.0,1241.0,347.0,514.0,666.0,932.0,463.0,495.0,445.0,1141.0,714.0,495.0,1272.0,734.0,385.0,366.0,507.0,896.0,538.0,464.0,1075.0,1160.0,420.0,1159.0,579.0,762.0,451.0,446.0,414.0,831.0,572.0,1268.0,388.0,310.0,575.0,1276.0,499.0,465.0,753.0,426.0,890.0,628.0,000000000000000006a2,40.4398476779477,C0607R03
365.0,1118.0,981.0,315.0,321.0,718.0,704.0,307.0,266.0,1285.0,1062.0,414.0,533.0,917.0,256.0,1025.0,690.0,437.0,666.0,348.0,1447.0,257.0,376.0,540.0,562.0,289.0,472.0,325.0,1160.0,712.0,284.0,1284.0,570.0,315.0,321.0,359.0,1001.0,406.0,210.0,878.0,1203.0,308.0,1261.0,660.0,981.0,425.0,357.0,290.0,1009.0,518.0,1270.0,232.0,268.0,471.0,962.0,331.0,383.0,532.0,328.0,959.0,558.0,000000000000000006a3,102.935510617984,C0607R04
420.0,922.0,885.0,319.0,450.0,623.0,610.0,465.0,382.0,906.0,748.0,531.0,470.0,806.0,429.0,971.0,754.0,591.0,586.0,466.0,895.0,358.0,467.0,632.0,708.0,424.0,454.0,361.0,946.0,561.0,405.0,1015.0,658.0,384.0,338.0,475.0,780.0,475.0,358.0,883.0,919.0,366.0,898.0,553.0,682.0,424.0,412.0,405.0,720.0,518.0,950.0,332.0,296.0,475.0,902.0,413.0,430.0,640.0,389.0,748.0,566.0,000000000000000006a4,45.1597145273447,C0607R05
381.0,1148.0,1007.0,327.0,330.0,748.0,730.0,318.0,280.0,1320.0,1088.0,425.0,546.0,933.0,264.0,1047.0,707.0,449.0,693.0,360.0,1481.0,269.0,386.0,558.0,562.0,301.0,483.0,336.0,1186.0,728.0,290.0,1317.0,588.0,326.0,339.0,373.0,1024.0,417.0,215.0,896.0,1246.0,318.0,1296.0,680.0,1009.0,440.0,371.0,301.0,1032.0,534.0,1284.0,242.0,279.0,480.0,972.0,340.0,394.0,546.0,338.0,983.0,566.0,000000000000000006a5,62.732852988643,C0607R06
336.0,1144.0,1036.0,330.0,371.0,646.0,659.0,338.0,256.0,1266.0,1056.0,465.0,530.0,1021.0,287.0,1118.0,796.0,525.0,619.0,372.0,1423.0,233.0,431.0,564.0,744.0,300.0,524.0,356.0,1195.0,752.0,344.0,1320.0,601.0,307.0,291.0,366.0,1059.0,443.0,298.0,978.0,1170.0,326.0,1242.0,608.0,979.0,393.0,338.0,282.0,1053.0,524.0,1266.0,269.0,215.0,555.0,1175.0,370.0,418.0,613.0,337.0,1024.0,626.0,000000000000000006a6,47.3751101313866,C0607R08
429.0,1006.0,1037.0,334.0,406.0,668.0,653.0,429.0,357.0,1008.0,831.0,543.0,503.0,885.0,378.0,984.0,651.0,555.0,649.0,429.0,1127.0,345.0,452.0,655.0,573.0,386.0,510.0,334.0,1006.0,512.0,336.0,1130.0,701.0,390.0,360.0,410.0,820.0,445.0,236.0,898.0,979.0,356.0,1138.0,568.0,711.0,476.0,405.0,357.0,780.0,567.0,962.0,302.0,289.0,457.0,798.0,371.0,429.0,673.0,368.0,743.0,583.0,000000000000000006a7,162.595538223944,C0607R09
317.0,1038.0,903.0,285.0,294.0,632.0,630.0,275.0,228.0,1178.0,965.0,379.0,480.0,867.0,238.0,972.0,651.0,420.0,594.0,316.0,1333.0,224.0,344.0,493.0,578.0,258.0,432.0,293.0,1086.0,667.0,271.0,1187.0,519.0,279.0,274.0,323.0,926.0,370.0,204.0,823.0,1084.0,279.0,1159.0,602.0,898.0,370.0,312.0,257.0,942.0,473.0,1239.0,216.0,229.0,439.0,959.0,309.0,349.0,499.0,294.0,890.0,516.0,000000000000000006a8,59.4977009914573,C0607R10
431.0,913.0,800.0,311.0,514.0,630.0,625.0,549.0,446.0,943.0,589.0,534.0,409.0,910.0,435.0,959.0,766.0,618.0,483.0,529.0,866.0,381.0,476.0,559.0,836.0,508.0,419.0,408.0,830.0,606.0,485.0,936.0,608.0,346.0,327.0,527.0,726.0,538.0,493.0,794.0,952.0,426.0,880.0,456.0,694.0,424.0,483.0,440.0,588.0,469.0,1004.0,368.0,310.0,514.0,1003.0,431.0,496.0,707.0,404.0,673.0,515.0,000000000000000006a9,100.130519317862,C0607R11
468.0,1161.0,1096.0,357.0,514.0,720.0,735.0,513.0,384.0,1215.0,917.0,607.0,582.0,1043.0,406.0,1163.0,912.0,669.0,633.0,518.0,1260.0,346.0,539.0,695.0,845.0,455.0,556.0,422.0,1169.0,717.0,493.0,1251.0,777.0,407.0,374.0,495.0,961.0,558.0,396.0,1077.0,1187.0,409.0,1191.0,611.0,862.0,508.0,448.0,415.0,904.0,578.0,1278.0,381.0,307.0,583.0,1154.0,499.0,476.0,771.0,417.0,932.0,689.0,000000000000000006aa,53.7418330884447,C0607R12
419.0,972.0,977.0,316.0,445.0,620.0,617.0,467.0,364.0,971.0,767.0,553.0,474.0,889.0,402.0,1008.0,760.0,587.0,575.0,452.0,988.0,344.0,467.0,642.0,694.0,406.0,476.0,351.0,1002.0,525.0,400.0,1070.0,687.0,381.0,333.0,442.0,800.0,464.0,312.0,930.0,967.0,369.0,989.0,522.0,673.0,443.0,411.0,388.0,729.0,524.0,1031.0,327.0,275.0,462.0,902.0,396.0,431.0,692.0,371.0,746.0,585.0,000000000000000006ab,13.3582860246559,C0607R14
459.0,1294.0,1198.0,395.0,536.0,738.0,766.0,516.0,403.0,1437.0,1120.0,644.0,612.0,1178.0,386.0,1321.0,1049.0,710.0,636.0,548.0,1483.0,325.0,563.0,723.0,998.0,453.0,585.0,495.0,1342.0,871.0,548.0,1446.0,809.0,393.0,357.0,504.0,1180.0,588.0,467.0,1210.0,1345.0,455.0,1350.0,636.0,1051.0,495.0,489.0,440.0,1087.0,605.0,1479.0,398.0,270.0,673.0,1446.0,539.0,518.0,833.0,431.0,1159.0,777.0,000000000000000006ac,81.9383464093251,C0607W02
421.0,1106.0,1002.0,340.0,490.0,642.0,648.0,477.0,379.0,1205.0,842.0,548.0,518.0,1015.0,379.0,1128.0,937.0,640.0,550.0,498.0,1226.0,317.0,497.0,641.0,891.0,429.0,485.0,430.0,1121.0,707.0,481.0,1241.0,716.0,362.0,339.0,473.0,896.0,519.0,440.0,1046.0,1131.0,400.0,1130.0,550.0,763.0,434.0,432.0,394.0,825.0,542.0,1228.0,362.0,279.0,564.0,1243.0,476.0,448.0,737.0,403.0,888.0,631.0,000000000000000006ad,175.920717667739,C0607W03
451.0,1062.0,1069.0,334.0,476.0,704.0,675.0,471.0,376.0,1001.0,868.0,566.0,515.0,919.0,416.0,1057.0,720.0,612.0,690.0,452.0,1052.0,365.0,471.0,697.0,665.0,433.0,515.0,334.0,1087.0,536.0,360.0,1144.0,740.0,417.0,372.0,465.0,868.0,489.0,270.0,948.0,985.0,367.0,1101.0,610.0,729.0,482.0,407.0,366.0,836.0,601.0,981.0,328.0,301.0,482.0,869.0,395.0,436.0,720.0,385.0,793.0,611.0,000000000000000006ae,28.0898799822934,C0607W04
429.0,1218.0,1131.0,381.0,516.0,691.0,717.0,502.0,382.0,1348.0,1015.0,614.0,573.0,1110.0,387.0,1240.0,996.0,676.0,594.0,528.0,1380.0,314.0,541.0,688.0,951.0,441.0,553.0,473.0,1261.0,813.0,511.0,1361.0,773.0,385.0,350.0,476.0,1068.0,560.0,452.0,1142.0,1251.0,431.0,1271.0,594.0,938.0,474.0,460.0,419.0,971.0,567.0,1330.0,377.0,259.0,618.0,1373.0,515.0,486.0,800.0,414.0,1055.0,716.0,000000000000000006af,119.346074478281,C0607W05
414.0,1109.0,1020.0,341.0,486.0,640.0,654.0,471.0,374.0,1212.0,863.0,559.0,524.0,1021.0,369.0,1130.0,932.0,636.0,541.0,498.0,1240.0,305.0,494.0,639.0,883.0,419.0,486.0,434.0,1130.0,719.0,486.0,1245.0,719.0,355.0,332.0,462.0,917.0,520.0,433.0,1050.0,1137.0,400.0,1138.0,541.0,786.0,430.0,438.0,394.0,838.0,534.0,1224.0,357.0,262.0,573.0,1245.0,475.0,453.0,741.0,396.0,905.0,650.0,000000000000000006b0,61.8131567212047,C0607W06
402.0,1031.0,924.0,317.0,457.0,601.0,601.0,450.0,359.0,1117.0,764.0,511.0,481.0,939.0,366.0,1052.0,870.0,605.0,522.0,468.0,1128.0,307.0,463.0,606.0,831.0,415.0,450.0,400.0,1036.0,648.0,450.0,1151.0,671.0,342.0,327.0,452.0,815.0,484.0,413.0,969.0,1053.0,378.0,1050.0,520.0,694.0,408.0,403.0,372.0,755.0,515.0,1148.0,347.0,274.0,520.0,1149.0,449.0,421.0,690.0,380.0,809.0,573.0,000000000000000006b1,55.8354616870087,C0607X01
381.0,993.0,886.0,299.0,432.0,575.0,577.0,427.0,338.0,1071.0,728.0,487.0,461.0,894.0,343.0,1011.0,826.0,576.0,500.0,445.0,1083.0,288.0,439.0,578.0,786.0,392.0,428.0,377.0,999.0,618.0,426.0,1103.0,640.0,323.0,309.0,430.0,777.0,464.0,386.0,921.0,1014.0,357.0,1009.0,496.0,667.0,389.0,383.0,353.0,720.0,489.0,1100.0,327.0,257.0,498.0,1097.0,427.0,399.0,659.0,356.0,768.0,550.0,000000000000000006b2,121.565122569537,C0607X02
402.0,1031.0,924.0,317.0,457.0,601.0,601.0,450.0,359.0,1117.0,764.0,511.0,481.0,939.0,366.0,1052.0,870.0,605.0,522.0,468.0,1128.0,307.0,463.0,606.0,831.0,415.0,450.0,400.0,1036.0,648.0,450.0,1151.0,671.0,342.0,327.0,452.0,815.0,484.0,413.0,969.0,1053.0,378.0,1050.0,520.0,694.0,408.0,403.0,372.0,755.0,515.0,1148.0,347.0,274.0,520.0,1149.0,449.0,421.0,690.0,380.0,809.0,573.0,000000000000000006b3,30.9297104661327,C0607X03
340.0,1167.0,1084.0,344.0,452.0,633.0,648.0,422.0,307.0,1254.0,1041.0,542.0,537.0,1101.0,347.0,1175.0,882.0,616.0,581.0,454.0,1386.0,243.0,496.0,625.0,858.0,355.0,537.0,396.0,1175.0,760.0,407.0,1345.0,664.0,315.0,299.0,433.0,1114.0,520.0,392.0,1048.0,1167.0,366.0,1224.0,567.0,990.0,406.0,390.0,332.0,1079.0,548.0,1375.0,307.0,189.0,641.0,1267.0,421.0,483.0,723.0,368.0,1056.0,699.0,000000000000000006b4,41.9349694870859,C0608C01
353.0,881.0,895.0,275.0,336.0,607.0,597.0,380.0,309.0,794.0,748.0,474.0,425.0,701.0,320.0,874.0,550.0,507.0,587.0,364.0,878.0,297.0,380.0,583.0,496.0,320.0,424.0,275.0,893.0,444.0,284.0,936.0,626.0,331.0,308.0,364.0,758.0,395.0,171.0,766.0,797.0,296.0,981.0,514.0,640.0,391.0,331.0,300.0,719.0,486.0,781.0,250.0,214.0,385.0,662.0,298.0,365.0,586.0,299.0,689.0,507.0,000000000000000006b5,47.8614742210939,C0608C02
350.0,1130.0,1055.0,347.0,429.0,623.0,636.0,400.0,295.0,1214.0,994.0,528.0,520.0,1056.0,336.0,1111.0,843.0,589.0,576.0,440.0,1359.0,245.0,487.0,606.0,797.0,347.0,547.0,387.0,1146.0,725.0,389.0,1301.0,645.0,325.0,300.0,396.0,1043.0,482.0,362.0,1005.0,1130.0,354.0,1186.0,563.0,934.0,406.0,381.0,323.0,1024.0,545.0,1222.0,296.0,198.0,601.0,1196.0,417.0,464.0,682.0,366.0,992.0,661.0,000000000000000006b6,25.61349603608,C0608C03
347.0,881.0,895.0,275.0,335.0,607.0,597.0,379.0,309.0,791.0,748.0,467.0,423.0,701.0,321.0,874.0,550.0,499.0,587.0,358.0,878.0,298.0,379.0,574.0,496.0,314.0,423.0,275.0,893.0,443.0,285.0,933.0,616.0,331.0,308.0,362.0,758.0,392.0,170.0,766.0,797.0,296.0,978.0,514.0,640.0,390.0,332.0,301.0,718.0,478.0,778.0,250.0,213.0,382.0,660.0,292.0,366.0,577.0,299.0,689.0,504.0,000000000000000006b7,21.5185964249618,C0608C04
344.0,1144.0,1046.0,330.0,373.0,649.0,669.0,341.0,259.0,1275.0,1061.0,476.0,540.0,1022.0,277.0,1118.0,803.0,523.0,617.0,373.0,1427.0,232.0,436.0,566.0,739.0,299.0,522.0,365.0,1201.0,757.0,363.0,1314.0,616.0,309.0,292.0,360.0,1060.0,445.0,297.0,993.0,1182.0,332.0,1243.0,605.0,977.0,406.0,348.0,289.0,1058.0,518.0,1257.0,272.0,215.0,551.0,1170.0,379.0,417.0,617.0,338.0,1030.0,639.0,000000000000000006b8,147.818345343875,C0608C05
401.0,1248.0,1176.0,384.0,533.0,714.0,725.0,493.0,379.0,1376.0,1162.0,643.0,608.0,1182.0,375.0,1278.0,996.0,700.0,606.0,543.0,1466.0,290.0,564.0,713.0,958.0,423.0,581.0,482.0,1281.0,872.0,516.0,1437.0,775.0,347.0,334.0,501.0,1249.0,599.0,462.0,1161.0,1270.0,436.0,1315.0,601.0,1089.0,453.0,476.0,409.0,1143.0,589.0,1454.0,362.0,199.0,737.0,1411.0,511.0,550.0,845.0,407.0,1204.0,832.0,000000000000000006b9,173.769196211542,C0608F01
274.0,1059.0,975.0,306.0,339.0,530.0,546.0,285.0,224.0,1194.0,1004.0,440.0,464.0,1000.0,252.0,1070.0,763.0,509.0,522.0,337.0,1361.0,183.0,414.0,530.0,789.0,254.0,463.0,339.0,1126.0,742.0,322.0,1233.0,538.0,258.0,257.0,313.0,1030.0,427.0,287.0,948.0,1067.0,301.0,1150.0,533.0,945.0,303.0,301.0,253.0,1019.0,495.0,1355.0,232.0,165.0,584.0,1186.0,350.0,423.0,639.0,314.0,991.0,659.0,000000000000000006ba,198.143417902324,C0608F02
289.0,1101.0,1012.0,321.0,373.0,548.0,561.0,314.0,251.0,1241.0,1036.0,467.0,469.0,1044.0,279.0,1138.0,835.0,569.0,537.0,371.0,1381.0,204.0,427.0,576.0,865.0,299.0,445.0,359.0,1159.0,758.0,349.0,1286.0,589.0,274.0,272.0,352.0,1087.0,457.0,326.0,996.0,1098.0,324.0,1202.0,548.0,987.0,308.0,323.0,275.0,1035.0,529.0,1284.0,263.0,181.0,605.0,1269.0,382.0,435.0,683.0,333.0,1048.0,664.0,000000000000000006bb,186.641545172246,C0608F03
310.0,801.0,891.0,279.0,236.0,521.0,509.0,262.0,268.0,889.0,685.0,403.0,409.0,730.0,230.0,715.0,437.0,329.0,469.0,295.0,1053.0,240.0,312.0,486.0,242.0,219.0,368.0,279.0,816.0,405.0,247.0,944.0,541.0,278.0,306.0,221.0,655.0,286.0,116.0,694.0,836.0,267.0,941.0,418.0,600.0,376.0,350.0,269.0,634.0,414.0,833.0,198.0,191.0,338.0,557.0,225.0,375.0,466.0,278.0,586.0,457.0,000000000000000006bc,312.619208086409,C0608F04
267.0,985.0,928.0,301.0,320.0,513.0,525.0,284.0,220.0,1099.0,904.0,420.0,457.0,924.0,249.0,971.0,692.0,469.0,492.0,320.0,1256.0,188.0,386.0,510.0,655.0,242.0,467.0,328.0,1031.0,643.0,307.0,1170.0,536.0,256.0,248.0,288.0,926.0,376.0,267.0,869.0,989.0,288.0,1081.0,483.0,838.0,324.0,301.0,244.0,911.0,463.0,1175.0,223.0,154.0,517.0,1049.0,318.0,392.0,570.0,297.0,883.0,586.0,000000000000000006bd,55.0851056834091,C0608F05
382.0,1075.0,1007.0,331.0,462.0,612.0,637.0,445.0,353.0,1185.0,861.0,551.0,509.0,989.0,337.0,1092.0,882.0,607.0,505.0,474.0,1219.0,273.0,474.0,612.0,833.0,382.0,473.0,428.0,1105.0,712.0,473.0,1210.0,697.0,329.0,304.0,419.0,912.0,496.0,404.0,1012.0,1106.0,382.0,1113.0,505.0,793.0,411.0,433.0,380.0,825.0,501.0,1176.0,330.0,222.0,561.0,1207.0,450.0,441.0,722.0,368.0,895.0,652.0,000000000000000006be,72.5060271710879,C0608F06
347.0,950.0,924.0,293.0,272.0,624.0,614.0,295.0,282.0,1007.0,841.0,414.0,460.0,773.0,241.0,850.0,549.0,388.0,580.0,322.0,1183.0,258.0,327.0,530.0,353.0,254.0,407.0,302.0,962.0,529.0,259.0,1058.0,573.0,297.0,328.0,303.0,812.0,356.0,146.0,744.0,966.0,280.0,1063.0,539.0,760.0,403.0,359.0,288.0,798.0,454.0,967.0,212.0,218.0,400.0,685.0,272.0,372.0,499.0,303.0,751.0,494.0,000000000000000006bf,63.7690549951742,C0608P01
346.0,848.0,970.0,276.0,342.0,584.0,558.0,377.0,320.0,782.0,727.0,488.0,405.0,715.0,331.0,851.0,517.0,495.0,555.0,355.0,837.0,306.0,377.0,596.0,446.0,314.0,429.0,276.0,876.0,369.0,287.0,951.0,650.0,340.0,311.0,337.0,736.0,366.0,155.0,805.0,763.0,301.0,985.0,458.0,577.0,390.0,350.0,320.0,686.0,472.0,758.0,245.0,202.0,357.0,625.0,277.0,384.0,616.0,302.0,646.0,511.0,000000000000000006c0,396.43129900114,C0608P02
366.0,894.0,982.0,289.0,350.0,608.0,594.0,399.0,328.0,822.0,750.0,503.0,431.0,743.0,345.0,894.0,557.0,523.0,583.0,378.0,883.0,315.0,399.0,615.0,491.0,329.0,450.0,289.0,917.0,400.0,300.0,987.0,668.0,356.0,326.0,357.0,761.0,393.0,172.0,823.0,805.0,313.0,1022.0,485.0,613.0,411.0,355.0,328.0,713.0,497.0,799.0,260.0,221.0,381.0,670.0,303.0,393.0,629.0,319.0,675.0,531.0,000000000000000006c1,116.263775076347,C0608P03
347.0,1134.0,1053.0,343.0,434.0,621.0,634.0,404.0,294.0,1225.0,1006.0,529.0,523.0,1057.0,335.0,1123.0,844.0,590.0,575.0,441.0,1361.0,242.0,487.0,606.0,805.0,348.0,543.0,385.0,1150.0,729.0,388.0,1312.0,644.0,319.0,297.0,404.0,1060.0,488.0,365.0,1006.0,1134.0,353.0,1198.0,561.0,950.0,406.0,377.0,320.0,1036.0,542.0,1265.0,295.0,196.0,606.0,1213.0,417.0,462.0,685.0,363.0,1008.0,666.0,000000000000000006c2,49.5424489456362,C0608P04
342.0,1181.0,1092.0,345.0,464.0,632.0,652.0,430.0,317.0,1287.0,1070.0,547.0,544.0,1111.0,340.0,1205.0,908.0,628.0,577.0,457.0,1395.0,243.0,501.0,634.0,891.0,358.0,534.0,411.0,1198.0,784.0,421.0,1360.0,682.0,311.0,293.0,439.0,1148.0,531.0,401.0,1072.0,1192.0,368.0,1246.0,564.0,1017.0,410.0,399.0,342.0,1096.0,547.0,1422.0,311.0,188.0,651.0,1312.0,429.0,475.0,747.0,364.0,1095.0,724.0,000000000000000006c3,68.3282115841765,C0608P05
378.0,873.0,943.0,303.0,391.0,631.0,599.0,426.0,338.0,823.0,789.0,518.0,451.0,733.0,386.0,916.0,593.0,536.0,609.0,389.0,894.0,338.0,426.0,625.0,535.0,367.0,461.0,302.0,948.0,443.0,328.0,975.0,659.0,365.0,327.0,406.0,800.0,418.0,214.0,824.0,819.0,351.0,997.0,532.0,654.0,426.0,373.0,350.0,755.0,513.0,801.0,291.0,246.0,406.0,692.0,324.0,412.0,645.0,332.0,722.0,564.0,000000000000000006c4,40.6005241522518,C0608R01
337.0,1089.0,1014.0,340.0,380.0,590.0,606.0,356.0,267.0,1196.0,974.0,478.0,515.0,998.0,302.0,1062.0,786.0,535.0,561.0,384.0,1345.0,237.0,441.0,568.0,729.0,311.0,507.0,371.0,1129.0,690.0,357.0,1265.0,611.0,319.0,293.0,361.0,996.0,440.0,320.0,958.0,1098.0,335.0,1178.0,550.0,913.0,393.0,352.0,293.0,980.0,525.0,1182.0,275.0,212.0,549.0,1134.0,383.0,425.0,619.0,351.0,955.0,619.0,000000000000000006c5,38.8215245061542,C0608R02
361.0,882.0,982.0,288.0,355.0,607.0,585.0,394.0,329.0,811.0,751.0,500.0,425.0,737.0,343.0,884.0,547.0,516.0,580.0,371.0,871.0,316.0,394.0,612.0,479.0,328.0,445.0,288.0,909.0,397.0,298.0,977.0,665.0,353.0,322.0,357.0,761.0,388.0,170.0,822.0,796.0,312.0,1010.0,483.0,607.0,407.0,358.0,329.0,711.0,492.0,788.0,258.0,217.0,378.0,658.0,296.0,393.0,630.0,316.0,674.0,528.0,000000000000000006c6,26.158490304534,C0608R03
387.0,1051.0,994.0,292.0,352.0,692.0,693.0,398.0,337.0,948.0,872.0,489.0,483.0,800.0,317.0,995.0,649.0,543.0,673.0,390.0,1055.0,305.0,396.0,638.0,556.0,344.0,461.0,302.0,1021.0,539.0,297.0,1062.0,680.0,348.0,341.0,394.0,893.0,444.0,186.0,825.0,943.0,318.0,1105.0,608.0,793.0,430.0,358.0,315.0,852.0,531.0,936.0,274.0,238.0,444.0,767.0,342.0,386.0,619.0,315.0,804.0,546.0,000000000000000006c8,82.2464135729231,C0608R05
370.0,1018.0,948.0,284.0,333.0,671.0,666.0,377.0,329.0,928.0,841.0,462.0,462.0,765.0,292.0,946.0,622.0,510.0,642.0,370.0,1083.0,295.0,366.0,608.0,506.0,314.0,444.0,295.0,991.0,524.0,288.0,1032.0,651.0,335.0,344.0,370.0,861.0,421.0,173.0,790.0,915.0,311.0,1078.0,583.0,764.0,422.0,352.0,307.0,823.0,499.0,925.0,264.0,227.0,430.0,735.0,325.0,382.0,586.0,302.0,775.0,523.0,000000000000000006c9,23.7343492545044,C0608R06
315.0,1094.0,1017.0,329.0,381.0,584.0,596.0,347.0,259.0,1206.0,991.0,474.0,505.0,1019.0,298.0,1087.0,792.0,537.0,559.0,377.0,1354.0,220.0,445.0,570.0,763.0,296.0,513.0,361.0,1134.0,716.0,349.0,1281.0,596.0,297.0,281.0,355.0,1025.0,440.0,321.0,963.0,1096.0,326.0,1188.0,551.0,930.0,376.0,336.0,280.0,1005.0,520.0,1313.0,262.0,194.0,572.0,1174.0,371.0,431.0,636.0,341.0,979.0,639.0,000000000000000006ca,2.86028603585899,C0608R07
338.0,1154.0,1083.0,346.0,457.0,633.0,649.0,424.0,308.0,1246.0,1038.0,557.0,539.0,1100.0,344.0,1160.0,875.0,626.0,574.0,464.0,1376.0,239.0,502.0,633.0,847.0,356.0,547.0,401.0,1160.0,763.0,414.0,1341.0,677.0,311.0,297.0,430.0,1114.0,525.0,392.0,1046.0,1154.0,369.0,1212.0,559.0,983.0,405.0,399.0,338.0,1080.0,549.0,1354.0,306.0,173.0,655.0,1262.0,424.0,493.0,740.0,365.0,1055.0,716.0,000000000000000006cb,63.4903261308159,C0608R08
302.0,923.0,987.0,316.0,271.0,517.0,543.0,246.0,231.0,1062.0,857.0,441.0,482.0,887.0,180.0,852.0,570.0,347.0,459.0,292.0,1242.0,198.0,351.0,491.0,455.0,194.0,474.0,349.0,990.0,579.0,342.0,1077.0,579.0,269.0,275.0,184.0,821.0,307.0,151.0,872.0,965.0,302.0,1048.0,453.0,744.0,400.0,375.0,282.0,838.0,418.0,1084.0,204.0,152.0,414.0,831.0,291.0,414.0,523.0,284.0,780.0,586.0,000000000000000006cc,60.8303390345892,C0608R09
383.0,925.0,960.0,306.0,338.0,637.0,626.0,362.0,318.0,962.0,800.0,470.0,481.0,801.0,301.0,866.0,568.0,455.0,588.0,371.0,1097.0,293.0,395.0,582.0,418.0,321.0,459.0,306.0,941.0,503.0,299.0,1028.0,617.0,332.0,335.0,344.0,784.0,391.0,180.0,793.0,919.0,311.0,1052.0,539.0,712.0,447.0,367.0,318.0,763.0,498.0,924.0,252.0,250.0,422.0,689.0,310.0,390.0,569.0,332.0,712.0,528.0,000000000000000006cd,67.6898218815718,C0608R10
288.0,734.0,826.0,231.0,281.0,493.0,472.0,313.0,268.0,674.0,615.0,408.0,341.0,607.0,273.0,735.0,438.0,416.0,468.0,296.0,724.0,257.0,313.0,501.0,377.0,261.0,356.0,231.0,757.0,309.0,239.0,821.0,548.0,281.0,260.0,282.0,623.0,308.0,126.0,684.0,658.0,251.0,852.0,385.0,487.0,323.0,294.0,268.0,581.0,396.0,653.0,204.0,165.0,300.0,538.0,231.0,321.0,517.0,249.0,546.0,431.0,000000000000000006ce,50.9222305652935,C0608R11
345.0,1072.0,1017.0,334.0,377.0,589.0,615.0,351.0,264.0,1196.0,970.0,490.0,525.0,987.0,273.0,1046.0,778.0,520.0,554.0,380.0,1339.0,232.0,442.0,561.0,709.0,304.0,503.0,377.0,1126.0,699.0,377.0,1241.0,624.0,309.0,290.0,339.0,984.0,430.0,301.0,969.0,1100.0,340.0,1168.0,543.0,896.0,406.0,358.0,295.0,975.0,507.0,1158.0,275.0,200.0,538.0,1111.0,389.0,423.0,615.0,335.0,948.0,632.0,000000000000000006cf,35.3328545984419,C0608R12
338.0,953.0,1037.0,279.0,306.0,632.0,628.0,375.0,340.0,830.0,816.0,517.0,425.0,755.0,315.0,932.0,521.0,517.0,610.0,361.0,942.0,314.0,370.0,630.0,434.0,290.0,438.0,279.0,947.0,414.0,291.0,1020.0,695.0,331.0,322.0,337.0,833.0,383.0,112.0,836.0,832.0,297.0,1080.0,508.0,688.0,396.0,367.0,319.0,778.0,484.0,801.0,236.0,171.0,374.0,628.0,267.0,409.0,635.0,290.0,739.0,532.0,000000000000000006d0,27.2472556711577,C0608R13
346.0,1170.0,1049.0,338.0,441.0,624.0,636.0,408.0,308.0,1270.0,1027.0,501.0,519.0,1075.0,336.0,1191.0,889.0,602.0,594.0,433.0,1369.0,251.0,479.0,611.0,882.0,355.0,505.0,386.0,1188.0,756.0,390.0,1342.0,636.0,308.0,300.0,438.0,1090.0,504.0,376.0,1024.0,1173.0,356.0,1243.0,587.0,988.0,398.0,370.0,324.0,1060.0,550.0,1396.0,306.0,219.0,605.0,1293.0,415.0,450.0,697.0,357.0,1041.0,657.0,000000000000000006d1,23.0267885746286,C0608R14
357.0,1099.0,1073.0,357.0,411.0,618.0,634.0,385.0,297.0,1213.0,995.0,540.0,539.0,1054.0,314.0,1067.0,817.0,568.0,559.0,432.0,1356.0,246.0,480.0,606.0,738.0,328.0,540.0,408.0,1126.0,719.0,417.0,1285.0,669.0,322.0,308.0,366.0,1026.0,458.0,341.0,1015.0,1120.0,367.0,1174.0,550.0,915.0,420.0,400.0,331.0,1010.0,527.0,1180.0,290.0,190.0,590.0,1146.0,410.0,486.0,677.0,361.0,977.0,675.0,000000000000000006d2,39.5128993384577,C0608R15
317.0,1130.0,1035.0,335.0,404.0,588.0,601.0,359.0,275.0,1248.0,1036.0,489.0,507.0,1059.0,304.0,1148.0,840.0,567.0,566.0,397.0,1387.0,222.0,464.0,583.0,842.0,309.0,503.0,379.0,1172.0,763.0,371.0,1312.0,607.0,293.0,286.0,383.0,1086.0,475.0,347.0,1003.0,1135.0,339.0,1217.0,566.0,991.0,364.0,349.0,298.0,1068.0,532.0,1402.0,275.0,193.0,618.0,1258.0,392.0,452.0,684.0,349.0,1042.0,682.0,000000000000000006d3,19.4846042332982,C0608R16
354.0,899.0,849.0,241.0,437.0,599.0,579.0,485.0,367.0,927.0,618.0,502.0,399.0,896.0,379.0,954.0,749.0,571.0,454.0,490.0,857.0,291.0,423.0,546.0,748.0,427.0,369.0,345.0,845.0,536.0,448.0,956.0,596.0,283.0,286.0,470.0,747.0,481.0,395.0,820.0,935.0,368.0,857.0,410.0,671.0,364.0,421.0,403.0,590.0,407.0,1038.0,313.0,214.0,472.0,960.0,384.0,458.0,685.0,324.0,684.0,510.0,000000000000000006d4,26.2422433937781,C0608R18
341.0,1133.0,1050.0,339.0,431.0,616.0,629.0,403.0,292.0,1232.0,1003.0,516.0,519.0,1057.0,333.0,1129.0,847.0,587.0,574.0,431.0,1355.0,241.0,480.0,602.0,814.0,344.0,530.0,381.0,1149.0,727.0,383.0,1318.0,637.0,315.0,295.0,408.0,1058.0,488.0,365.0,1006.0,1133.0,351.0,1208.0,561.0,950.0,403.0,371.0,316.0,1031.0,540.0,1304.0,295.0,200.0,600.0,1224.0,408.0,456.0,680.0,360.0,1006.0,657.0,000000000000000006d5,52.8483397675602,C0608W01
385.0,898.0,965.0,306.0,398.0,651.0,618.0,434.0,342.0,840.0,813.0,529.0,468.0,752.0,397.0,942.0,607.0,551.0,628.0,396.0,920.0,342.0,434.0,644.0,548.0,374.0,469.0,306.0,975.0,459.0,330.0,995.0,678.0,376.0,330.0,422.0,824.0,434.0,220.0,836.0,843.0,353.0,1018.0,549.0,677.0,434.0,377.0,354.0,779.0,528.0,816.0,293.0,253.0,422.0,704.0,330.0,416.0,657.0,343.0,745.0,584.0,000000000000000006d6,109.275130833621,C0608W03
427.0,1019.0,1098.0,323.0,432.0,680.0,653.0,452.0,370.0,953.0,845.0,566.0,489.0,883.0,401.0,1014.0,660.0,592.0,661.0,432.0,1007.0,357.0,452.0,694.0,592.0,397.0,504.0,323.0,1045.0,477.0,344.0,1121.0,747.0,406.0,362.0,424.0,850.0,455.0,224.0,942.0,929.0,355.0,1119.0,564.0,690.0,465.0,404.0,364.0,807.0,574.0,929.0,304.0,267.0,446.0,797.0,360.0,437.0,718.0,368.0,761.0,600.0,000000000000000006d7,115.847045975549,C0608W04
359.0,1115.0,1072.0,356.0,417.0,630.0,642.0,390.0,301.0,1213.0,1003.0,545.0,539.0,1063.0,336.0,1085.0,830.0,590.0,571.0,446.0,1359.0,247.0,482.0,620.0,760.0,341.0,543.0,403.0,1132.0,728.0,411.0,1297.0,674.0,331.0,307.0,386.0,1043.0,476.0,362.0,1014.0,1126.0,365.0,1177.0,561.0,928.0,411.0,399.0,333.0,1025.0,543.0,1188.0,294.0,194.0,610.0,1167.0,417.0,487.0,695.0,374.0,990.0,684.0,000000000000000006d8,21.6043147818173,C0608W05
362.0,940.0,934.0,292.0,314.0,626.0,625.0,341.0,312.0,940.0,800.0,443.0,459.0,762.0,279.0,856.0,566.0,441.0,592.0,347.0,1085.0,284.0,359.0,558.0,409.0,293.0,431.0,305.0,935.0,510.0,285.0,1017.0,604.0,325.0,346.0,332.0,797.0,378.0,161.0,756.0,905.0,300.0,1040.0,543.0,724.0,427.0,367.0,307.0,773.0,471.0,919.0,240.0,232.0,417.0,680.0,299.0,384.0,533.0,317.0,721.0,507.0,000000000000000006d9,91.3263635513431,C0608W07
331.0,1092.0,1007.0,339.0,380.0,594.0,605.0,356.0,265.0,1196.0,965.0,468.0,507.0,1001.0,309.0,1070.0,788.0,535.0,571.0,381.0,1342.0,238.0,437.0,566.0,742.0,312.0,505.0,365.0,1128.0,694.0,344.0,1273.0,597.0,316.0,293.0,370.0,991.0,441.0,323.0,949.0,1093.0,330.0,1184.0,560.0,913.0,387.0,343.0,287.0,969.0,529.0,1214.0,274.0,217.0,548.0,1145.0,378.0,422.0,613.0,350.0,947.0,607.0,000000000000000006da,0.857844526935018,C0608W09
377.0,909.0,911.0,296.0,342.0,621.0,611.0,365.0,310.0,929.0,766.0,452.0,466.0,768.0,307.0,858.0,577.0,465.0,575.0,368.0,1046.0,288.0,386.0,568.0,457.0,326.0,447.0,297.0,917.0,495.0,294.0,998.0,600.0,328.0,325.0,355.0,759.0,396.0,197.0,768.0,888.0,305.0,1024.0,533.0,691.0,434.0,350.0,308.0,739.0,492.0,901.0,255.0,256.0,416.0,700.0,318.0,366.0,557.0,325.0,692.0,508.0,000000000000000006db,60.594914495163,C0608X01
497.0,1494.0,1375.0,464.0,587.0,807.0,812.0,544.0,432.0,1644.0,1289.0,710.0,648.0,1418.0,474.0,1542.0,1242.0,862.0,756.0,623.0,1715.0,359.0,627.0,851.0,1246.0,525.0,600.0,543.0,1532.0,1004.0,559.0,1698.0,886.0,438.0,431.0,587.0,1378.0,678.0,551.0,1376.0,1501.0,507.0,1581.0,759.0,1247.0,486.0,515.0,460.0,1231.0,765.0,1729.0,443.0,312.0,816.0,1720.0,607.0,620.0,985.0,507.0,1337.0,865.0,000000000000000006dc,20.1093497905109,C0609F01
364.0,1151.0,995.0,314.0,329.0,723.0,714.0,303.0,252.0,1313.0,1108.0,427.0,542.0,952.0,261.0,1076.0,713.0,447.0,679.0,355.0,1487.0,252.0,384.0,544.0,626.0,292.0,501.0,323.0,1202.0,759.0,295.0,1313.0,571.0,311.0,304.0,360.0,1049.0,415.0,220.0,907.0,1210.0,312.0,1287.0,688.0,1023.0,420.0,350.0,287.0,1058.0,526.0,1325.0,233.0,260.0,488.0,1039.0,346.0,383.0,545.0,328.0,1006.0,578.0,000000000000000006dd,130.511865590915,C0609P01
310.0,848.0,909.0,281.0,234.0,553.0,542.0,260.0,266.0,940.0,742.0,394.0,432.0,756.0,222.0,750.0,458.0,324.0,508.0,295.0,1113.0,238.0,313.0,488.0,250.0,210.0,392.0,281.0,862.0,447.0,240.0,990.0,542.0,279.0,310.0,238.0,711.0,302.0,113.0,712.0,892.0,268.0,985.0,454.0,664.0,385.0,352.0,267.0,695.0,419.0,882.0,192.0,190.0,354.0,585.0,224.0,379.0,460.0,280.0,649.0,470.0,000000000000000006de,54.2119712414989,C0609P02
449.0,1073.0,1103.0,336.0,450.0,716.0,696.0,479.0,374.0,1010.0,874.0,576.0,522.0,917.0,409.0,1070.0,717.0,626.0,693.0,458.0,1064.0,362.0,479.0,712.0,657.0,417.0,527.0,336.0,1095.0,527.0,355.0,1166.0,760.0,418.0,376.0,455.0,883.0,490.0,249.0,961.0,986.0,371.0,1191.0,601.0,741.0,491.0,400.0,371.0,839.0,605.0,988.0,319.0,292.0,478.0,865.0,391.0,439.0,733.0,383.0,802.0,619.0,000000000000000006df,112.392155187275,C0609P03
423.0,1303.0,1176.0,399.0,510.0,715.0,744.0,473.0,392.0,1437.0,1166.0,617.0,588.0,1164.0,366.0,1332.0,1044.0,707.0,625.0,522.0,1497.0,317.0,532.0,716.0,1008.0,438.0,542.0,496.0,1363.0,878.0,518.0,1459.0,792.0,371.0,355.0,475.0,1233.0,577.0,446.0,1178.0,1338.0,447.0,1366.0,623.0,1081.0,451.0,473.0,419.0,1071.0,611.0,1462.0,386.0,251.0,665.0,1477.0,524.0,511.0,842.0,415.0,1216.0,774.0,000000000000000006e0,154.309109859471,C0609P04
413.0,963.0,991.0,320.0,444.0,632.0,607.0,455.0,363.0,961.0,767.0,548.0,467.0,901.0,403.0,995.0,716.0,576.0,583.0,435.0,985.0,350.0,455.0,646.0,654.0,405.0,477.0,343.0,1005.0,490.0,379.0,1063.0,689.0,389.0,335.0,426.0,791.0,446.0,286.0,915.0,936.0,371.0,1007.0,519.0,653.0,443.0,406.0,396.0,729.0,530.0,975.0,318.0,275.0,442.0,853.0,377.0,425.0,707.0,370.0,726.0,578.0,000000000000000006e1,113.251724813262,C0609R01
347.0,1084.0,1046.0,340.0,388.0,602.0,626.0,362.0,275.0,1206.0,987.0,508.0,536.0,1019.0,293.0,1056.0,797.0,535.0,555.0,398.0,1349.0,235.0,455.0,576.0,721.0,310.0,514.0,387.0,1129.0,710.0,393.0,1258.0,642.0,321.0,292.0,349.0,1007.0,443.0,323.0,996.0,1113.0,348.0,1171.0,545.0,907.0,411.0,374.0,308.0,997.0,510.0,1165.0,278.0,198.0,563.0,1124.0,395.0,443.0,639.0,352.0,966.0,658.0,000000000000000006e2,59.2236657065449,C0609R02
380.0,1053.0,1000.0,287.0,351.0,691.0,695.0,402.0,333.0,943.0,875.0,487.0,479.0,801.0,321.0,1001.0,647.0,551.0,675.0,390.0,1047.0,304.0,397.0,646.0,556.0,340.0,459.0,294.0,1023.0,536.0,294.0,1062.0,687.0,349.0,336.0,394.0,900.0,442.0,184.0,834.0,942.0,311.0,1114.0,604.0,795.0,431.0,351.0,310.0,855.0,535.0,928.0,271.0,234.0,442.0,764.0,335.0,383.0,630.0,316.0,809.0,546.0,000000000000000006e3,41.6566298512795,C0609R03
347.0,1134.0,987.0,315.0,333.0,698.0,697.0,315.0,251.0,1265.0,1051.0,421.0,530.0,960.0,275.0,1071.0,733.0,493.0,662.0,357.0,1424.0,247.0,389.0,547.0,670.0,294.0,481.0,324.0,1186.0,747.0,306.0,1287.0,577.0,310.0,300.0,377.0,1026.0,422.0,247.0,907.0,1176.0,308.0,1251.0,670.0,996.0,405.0,335.0,282.0,1056.0,522.0,1373.0,253.0,253.0,500.0,1086.0,352.0,379.0,562.0,327.0,991.0,573.0,000000000000000006e4,55.3480757276805,C0609R04
329.0,935.0,915.0,284.0,250.0,608.0,588.0,262.0,259.0,1035.0,835.0,393.0,453.0,774.0,209.0,824.0,521.0,347.0,554.0,303.0,1198.0,245.0,312.0,503.0,302.0,225.0,394.0,297.0,949.0,519.0,246.0,1082.0,553.0,276.0,323.0,270.0,792.0,326.0,130.0,735.0,988.0,276.0,1063.0,516.0,756.0,394.0,353.0,271.0,786.0,439.0,980.0,195.0,208.0,375.0,672.0,239.0,375.0,477.0,287.0,737.0,476.0,000000000000000006e5,78.0121239522702,C0609R08
402.0,956.0,937.0,294.0,433.0,594.0,602.0,478.0,372.0,964.0,735.0,538.0,453.0,876.0,413.0,1008.0,810.0,595.0,551.0,479.0,948.0,329.0,461.0,628.0,753.0,401.0,435.0,356.0,945.0,550.0,413.0,1070.0,666.0,349.0,320.0,480.0,794.0,482.0,363.0,938.0,969.0,353.0,938.0,510.0,692.0,414.0,417.0,385.0,693.0,497.0,1075.0,324.0,262.0,487.0,969.0,402.0,433.0,672.0,366.0,746.0,567.0,000000000000000006e6,52.9774203965782,C0609W01
361.0,986.0,927.0,273.0,324.0,651.0,647.0,367.0,318.0,902.0,816.0,458.0,445.0,747.0,282.0,927.0,600.0,501.0,626.0,361.0,1043.0,284.0,356.0,597.0,493.0,306.0,432.0,284.0,966.0,510.0,280.0,1002.0,640.0,323.0,327.0,356.0,839.0,406.0,167.0,769.0,891.0,302.0,1047.0,568.0,736.0,410.0,340.0,295.0,801.0,490.0,894.0,257.0,219.0,411.0,713.0,317.0,371.0,576.0,292.0,754.0,504.0,000000000000000006e7,68.648419480444,C0609W02
400.0,956.0,987.0,326.0,367.0,633.0,622.0,388.0,338.0,1003.0,785.0,493.0,485.0,832.0,336.0,901.0,598.0,488.0,592.0,394.0,1113.0,317.0,421.0,604.0,470.0,344.0,489.0,326.0,961.0,495.0,311.0,1089.0,648.0,358.0,354.0,356.0,774.0,403.0,213.0,832.0,946.0,331.0,1097.0,534.0,694.0,462.0,386.0,338.0,747.0,523.0,958.0,273.0,274.0,432.0,741.0,336.0,403.0,598.0,353.0,699.0,537.0,000000000000000006e8,106.288379184842,C0609W03
435.0,1389.0,1287.0,427.0,536.0,739.0,749.0,487.0,374.0,1546.0,1263.0,654.0,621.0,1331.0,424.0,1435.0,1119.0,776.0,715.0,553.0,1658.0,310.0,596.0,771.0,1140.0,455.0,588.0,494.0,1441.0,960.0,495.0,1602.0,797.0,396.0,385.0,522.0,1340.0,633.0,487.0,1281.0,1391.0,457.0,1493.0,721.0,1221.0,445.0,458.0,401.0,1230.0,703.0,1602.0,383.0,273.0,790.0,1603.0,546.0,584.0,906.0,466.0,1293.0,844.0,000000000000000006e9,2.81329175144603,C0609W04
325.0,818.0,909.0,283.0,259.0,542.0,530.0,285.0,282.0,891.0,702.0,422.0,417.0,741.0,243.0,743.0,458.0,357.0,488.0,310.0,1048.0,255.0,332.0,509.0,271.0,239.0,396.0,283.0,834.0,414.0,259.0,952.0,558.0,287.0,308.0,244.0,675.0,304.0,123.0,715.0,840.0,275.0,961.0,437.0,615.0,391.0,355.0,284.0,654.0,427.0,842.0,207.0,199.0,351.0,577.0,240.0,377.0,488.0,287.0,605.0,470.0,000000000000000006ea,165.784048150137,C0610F01
338.0,1118.0,1018.0,326.0,414.0,605.0,617.0,389.0,280.0,1221.0,976.0,488.0,512.0,1025.0,321.0,1116.0,828.0,560.0,574.0,411.0,1332.0,237.0,460.0,578.0,799.0,336.0,505.0,361.0,1139.0,710.0,359.0,1301.0,606.0,306.0,287.0,407.0,1023.0,476.0,345.0,975.0,1118.0,334.0,1204.0,563.0,928.0,396.0,347.0,297.0,996.0,527.0,1304.0,284.0,211.0,574.0,1208.0,396.0,425.0,642.0,346.0,975.0,628.0,000000000000000006eb,64.5328853943758,C0610P01
331.0,848.0,868.0,271.0,285.0,566.0,561.0,308.0,284.0,872.0,719.0,415.0,424.0,717.0,254.0,778.0,500.0,396.0,526.0,320.0,1000.0,260.0,336.0,516.0,345.0,272.0,400.0,278.0,856.0,449.0,264.0,938.0,557.0,293.0,306.0,292.0,711.0,336.0,142.0,706.0,832.0,276.0,958.0,480.0,643.0,394.0,338.0,283.0,687.0,435.0,838.0,218.0,209.0,375.0,604.0,266.0,357.0,498.0,287.0,638.0,469.0,000000000000000006ec,194.086507835468,C0610P02
335.0,1223.0,1135.0,366.0,431.0,622.0,636.0,368.0,289.0,1374.0,1152.0,533.0,533.0,1169.0,325.0,1263.0,941.0,644.0,609.0,428.0,1523.0,237.0,491.0,650.0,975.0,348.0,511.0,407.0,1285.0,852.0,398.0,1423.0,664.0,318.0,311.0,404.0,1207.0,519.0,377.0,1118.0,1219.0,371.0,1334.0,622.0,1099.0,359.0,368.0,315.0,1151.0,599.0,1427.0,304.0,214.0,682.0,1407.0,440.0,493.0,765.0,383.0,1166.0,746.0,000000000000000006ed,124.681994718272,C0610P03
343.0,1156.0,1080.0,351.0,448.0,638.0,653.0,416.0,308.0,1246.0,1034.0,546.0,538.0,1091.0,348.0,1154.0,870.0,617.0,583.0,455.0,1382.0,245.0,497.0,627.0,837.0,354.0,547.0,400.0,1167.0,758.0,411.0,1339.0,669.0,322.0,303.0,424.0,1101.0,515.0,389.0,1039.0,1156.0,369.0,1214.0,568.0,977.0,406.0,396.0,336.0,1072.0,552.0,1320.0,307.0,187.0,641.0,1250.0,422.0,488.0,723.0,373.0,1044.0,702.0,000000000000000006ee,188.128987332666,C0610P04
383.0,885.0,947.0,300.0,392.0,639.0,609.0,427.0,336.0,832.0,804.0,527.0,458.0,739.0,388.0,928.0,595.0,540.0,616.0,394.0,906.0,336.0,427.0,631.0,537.0,371.0,462.0,300.0,960.0,450.0,325.0,984.0,665.0,369.0,324.0,413.0,815.0,424.0,214.0,819.0,831.0,345.0,1009.0,538.0,670.0,427.0,371.0,347.0,770.0,518.0,807.0,288.0,247.0,413.0,696.0,327.0,410.0,644.0,336.0,737.0,571.0,000000000000000006ef,154.579428308672,C0610P05
336.0,1147.0,1038.0,328.0,428.0,619.0,631.0,404.0,298.0,1243.0,999.0,491.0,508.0,1055.0,338.0,1160.0,866.0,585.0,584.0,421.0,1339.0,245.0,466.0,597.0,850.0,345.0,496.0,371.0,1158.0,730.0,379.0,1323.0,622.0,309.0,292.0,426.0,1062.0,491.0,371.0,1004.0,1147.0,347.0,1223.0,573.0,954.0,395.0,360.0,313.0,1030.0,534.0,1381.0,300.0,215.0,582.0,1255.0,400.0,440.0,672.0,353.0,1009.0,632.0,000000000000000006f0,163.191094434963,C0610P07
411.0,961.0,962.0,306.0,450.0,619.0,611.0,463.0,360.0,959.0,763.0,544.0,467.0,872.0,407.0,1000.0,766.0,589.0,568.0,451.0,965.0,339.0,463.0,640.0,699.0,408.0,464.0,347.0,984.0,530.0,398.0,1062.0,686.0,375.0,327.0,446.0,801.0,463.0,322.0,933.0,959.0,356.0,955.0,519.0,673.0,429.0,407.0,385.0,725.0,517.0,1019.0,320.0,271.0,465.0,906.0,394.0,428.0,679.0,371.0,751.0,583.0,000000000000000006f1,48.9812382606468,C0610P08
331.0,1145.0,1044.0,340.0,413.0,604.0,617.0,371.0,285.0,1263.0,1041.0,502.0,519.0,1067.0,312.0,1162.0,853.0,579.0,580.0,412.0,1391.0,231.0,469.0,595.0,852.0,325.0,506.0,384.0,1182.0,769.0,381.0,1331.0,620.0,298.0,294.0,401.0,1094.0,489.0,353.0,1011.0,1149.0,349.0,1234.0,579.0,996.0,375.0,357.0,307.0,1072.0,541.0,1415.0,286.0,201.0,624.0,1274.0,404.0,459.0,691.0,352.0,1048.0,687.0,000000000000000006f2,56.9714168734421,C0610R01
334.0,1087.0,1015.0,340.0,380.0,592.0,605.0,356.0,266.0,1191.0,969.0,473.0,509.0,1004.0,307.0,1059.0,791.0,540.0,565.0,383.0,1338.0,238.0,439.0,571.0,738.0,312.0,507.0,368.0,1123.0,689.0,350.0,1266.0,607.0,318.0,294.0,366.0,993.0,441.0,322.0,957.0,1090.0,332.0,1176.0,554.0,913.0,389.0,348.0,290.0,974.0,532.0,1184.0,274.0,214.0,549.0,1136.0,381.0,424.0,620.0,351.0,951.0,612.0,000000000000000006f3,9.17586550969858,C0610R02
328.0,997.0,1017.0,338.0,378.0,572.0,579.0,359.0,284.0,1112.0,912.0,534.0,519.0,994.0,299.0,953.0,735.0,534.0,488.0,418.0,1245.0,224.0,447.0,583.0,631.0,293.0,500.0,400.0,1004.0,660.0,415.0,1188.0,663.0,291.0,285.0,331.0,942.0,421.0,324.0,950.0,1025.0,350.0,1057.0,485.0,823.0,394.0,400.0,324.0,915.0,473.0,1072.0,257.0,151.0,574.0,1026.0,371.0,493.0,660.0,340.0,888.0,666.0,000000000000000006f4,75.7920172800108,C0610R03
355.0,1111.0,1068.0,357.0,414.0,620.0,634.0,388.0,299.0,1216.0,1005.0,538.0,545.0,1055.0,330.0,1079.0,820.0,573.0,562.0,435.0,1361.0,247.0,481.0,607.0,746.0,331.0,542.0,405.0,1132.0,719.0,413.0,1294.0,665.0,331.0,308.0,380.0,1040.0,472.0,356.0,1010.0,1126.0,366.0,1178.0,552.0,927.0,416.0,399.0,332.0,1023.0,530.0,1187.0,292.0,195.0,607.0,1159.0,410.0,487.0,680.0,373.0,989.0,686.0,000000000000000006f5,1.21843884394128,C0610R04
438.0,1334.0,1207.0,412.0,526.0,738.0,768.0,488.0,406.0,1473.0,1192.0,634.0,606.0,1195.0,379.0,1365.0,1074.0,727.0,646.0,538.0,1529.0,330.0,548.0,736.0,1037.0,452.0,558.0,511.0,1394.0,902.0,532.0,1496.0,812.0,383.0,367.0,493.0,1260.0,594.0,462.0,1209.0,1369.0,461.0,1401.0,643.0,1107.0,465.0,489.0,434.0,1096.0,629.0,1498.0,400.0,263.0,683.0,1514.0,540.0,526.0,863.0,429.0,1244.0,791.0,000000000000000006f6,187.156188128611,C0610R05
263.0,786.0,969.0,302.0,201.0,449.0,448.0,163.0,202.0,933.0,746.0,424.0,441.0,848.0,167.0,691.0,381.0,243.0,389.0,240.0,1138.0,182.0,300.0,487.0,240.0,112.0,486.0,303.0,831.0,450.0,257.0,983.0,557.0,236.0,272.0,64.0,694.0,200.0,64.0,758.0,783.0,281.0,953.0,387.0,616.0,371.0,366.0,242.0,699.0,415.0,1038.0,127.0,118.0,334.0,619.0,195.0,456.0,485.0,261.0,621.0,544.0,000000000000000006f7,238.093263174769,C0610W01
345.0,1176.0,1065.0,337.0,454.0,625.0,642.0,420.0,309.0,1278.0,1054.0,526.0,532.0,1088.0,335.0,1199.0,896.0,615.0,582.0,446.0,1383.0,244.0,491.0,621.0,884.0,357.0,520.0,396.0,1195.0,771.0,409.0,1348.0,661.0,309.0,296.0,438.0,1124.0,518.0,389.0,1046.0,1185.0,363.0,1242.0,572.0,1008.0,404.0,381.0,330.0,1081.0,546.0,1396.0,310.0,202.0,629.0,1303.0,424.0,462.0,724.0,359.0,1075.0,695.0,000000000000000006f8,76.7269219138706,C0610W02
389.0,902.0,967.0,306.0,402.0,654.0,626.0,438.0,343.0,850.0,822.0,535.0,469.0,755.0,393.0,944.0,607.0,552.0,632.0,400.0,922.0,342.0,438.0,644.0,547.0,377.0,474.0,306.0,976.0,462.0,331.0,1004.0,680.0,375.0,331.0,422.0,834.0,434.0,216.0,835.0,846.0,351.0,1031.0,551.0,687.0,438.0,379.0,354.0,788.0,529.0,823.0,293.0,250.0,423.0,710.0,332.0,418.0,657.0,342.0,754.0,583.0,000000000000000006f9,144.865281420549,C0610W03
296.0,882.0,1008.0,317.0,251.0,499.0,518.0,219.0,222.0,1028.0,834.0,458.0,484.0,898.0,181.0,803.0,508.0,318.0,437.0,283.0,1223.0,193.0,345.0,507.0,380.0,164.0,498.0,341.0,944.0,543.0,325.0,1058.0,596.0,268.0,278.0,133.0,790.0,273.0,122.0,855.0,907.0,301.0,1026.0,430.0,707.0,403.0,381.0,273.0,805.0,426.0,1082.0,178.0,140.0,397.0,762.0,265.0,445.0,532.0,289.0,736.0,599.0,000000000000000006fa,268.850258422296,C0610W04
350.0,1048.0,1041.0,326.0,375.0,583.0,618.0,349.0,268.0,1184.0,963.0,521.0,539.0,994.0,251.0,1018.0,770.0,508.0,521.0,389.0,1327.0,221.0,448.0,562.0,669.0,291.0,497.0,392.0,1106.0,699.0,419.0,1206.0,660.0,302.0,280.0,308.0,973.0,416.0,294.0,999.0,1105.0,350.0,1131.0,512.0,862.0,420.0,382.0,309.0,971.0,473.0,1110.0,268.0,174.0,539.0,1067.0,392.0,440.0,632.0,328.0,937.0,666.0,000000000000000006fb,180.224992239226,C0610W05
360.0,861.0,917.0,296.0,312.0,574.0,563.0,335.0,308.0,923.0,707.0,442.0,440.0,765.0,295.0,812.0,531.0,422.0,519.0,349.0,1034.0,284.0,370.0,549.0,383.0,301.0,428.0,296.0,881.0,444.0,279.0,994.0,585.0,318.0,322.0,299.0,696.0,346.0,173.0,754.0,862.0,299.0,1004.0,476.0,623.0,417.0,357.0,308.0,675.0,465.0,888.0,240.0,240.0,382.0,658.0,290.0,377.0,538.0,318.0,623.0,487.0,000000000000000006fc,171.220616377413,C0611C01
447.0,969.0,1029.0,348.0,458.0,714.0,689.0,492.0,393.0,919.0,883.0,585.0,518.0,829.0,455.0,1022.0,696.0,614.0,690.0,457.0,970.0,393.0,492.0,699.0,640.0,428.0,525.0,348.0,1058.0,535.0,384.0,1077.0,731.0,433.0,384.0,475.0,894.0,486.0,280.0,918.0,927.0,407.0,1088.0,623.0,750.0,481.0,427.0,415.0,860.0,582.0,898.0,337.0,309.0,475.0,803.0,394.0,466.0,721.0,400.0,816.0,627.0,000000000000000006fd,128.781001838636,C0611C02
426.0,982.0,1214.0,383.0,320.0,615.0,646.0,347.0,365.0,1125.0,874.0,571.0,549.0,973.0,310.0,872.0,512.0,395.0,574.0,395.0,1271.0,325.0,429.0,664.0,226.0,249.0,596.0,383.0,1009.0,485.0,332.0,1202.0,749.0,388.0,428.0,234.0,820.0,342.0,123.0,916.0,1035.0,367.0,1197.0,502.0,746.0,532.0,495.0,370.0,803.0,543.0,1046.0,251.0,245.0,432.0,659.0,285.0,537.0,631.0,388.0,721.0,631.0,000000000000000006fe,551.446935994156,C0611C03
345.0,1081.0,1028.0,338.0,382.0,593.0,617.0,356.0,268.0,1202.0,976.0,494.0,530.0,1000.0,279.0,1054.0,787.0,526.0,555.0,386.0,1346.0,234.0,447.0,566.0,716.0,307.0,508.0,381.0,1131.0,701.0,380.0,1251.0,628.0,311.0,291.0,346.0,993.0,438.0,307.0,979.0,1107.0,342.0,1173.0,544.0,902.0,407.0,363.0,300.0,983.0,509.0,1165.0,276.0,200.0,549.0,1120.0,390.0,429.0,622.0,339.0,955.0,642.0,000000000000000006ff,54.615042744973,C0611C04
363.0,872.0,894.0,291.0,324.0,589.0,578.0,346.0,303.0,921.0,728.0,439.0,447.0,756.0,298.0,826.0,546.0,436.0,542.0,354.0,1022.0,282.0,376.0,548.0,424.0,312.0,429.0,292.0,887.0,468.0,284.0,990.0,581.0,318.0,317.0,324.0,718.0,366.0,187.0,748.0,869.0,296.0,1001.0,499.0,650.0,418.0,347.0,303.0,698.0,467.0,883.0,244.0,246.0,396.0,677.0,301.0,358.0,538.0,317.0,651.0,490.0,00000000000000000700,217.080190548153,C0611C05
449.0,1416.0,1308.0,435.0,554.0,760.0,771.0,504.0,388.0,1569.0,1280.0,666.0,635.0,1353.0,438.0,1462.0,1143.0,794.0,733.0,568.0,1681.0,321.0,610.0,789.0,1159.0,470.0,604.0,505.0,1464.0,976.0,507.0,1628.0,814.0,407.0,395.0,539.0,1362.0,645.0,504.0,1303.0,1420.0,468.0,1516.0,738.0,1240.0,461.0,471.0,413.0,1245.0,718.0,1620.0,393.0,285.0,800.0,1628.0,558.0,595.0,924.0,478.0,1313.0,855.0,00000000000000000701,55.2827593570822,C0611F01
449.0,1416.0,1308.0,435.0,554.0,760.0,771.0,504.0,388.0,1569.0,1280.0,666.0,635.0,1353.0,438.0,1462.0,1143.0,794.0,733.0,568.0,1681.0,321.0,610.0,789.0,1159.0,470.0,604.0,505.0,1464.0,976.0,507.0,1628.0,814.0,407.0,395.0,539.0,1362.0,645.0,504.0,1303.0,1420.0,468.0,1516.0,738.0,1240.0,461.0,471.0,413.0,1245.0,718.0,1620.0,393.0,285.0,800.0,1628.0,558.0,595.0,924.0,478.0,1313.0,855.0,00000000000000000702,1.32916281574242,C0611F02
449.0,1416.0,1308.0,435.0,554.0,760.0,771.0,504.0,388.0,1569.0,1280.0,666.0,635.0,1353.0,438.0,1462.0,1143.0,794.0,733.0,568.0,1681.0,321.0,610.0,789.0,1159.0,470.0,604.0,505.0,1464.0,976.0,507.0,1628.0,814.0,407.0,395.0,539.0,1362.0,645.0,504.0,1303.0,1420.0,468.0,1516.0,738.0,1240.0,461.0,471.0,413.0,1245.0,718.0,1620.0,393.0,285.0,800.0,1628.0,558.0,595.0,924.0,478.0,1313.0,855.0,00000000000000000703,1.8220658468731,C0611F03
435.0,1389.0,1287.0,427.0,536.0,739.0,749.0,487.0,374.0,1546.0,1263.0,654.0,621.0,1331.0,424.0,1435.0,1119.0,776.0,715.0,553.0,1658.0,310.0,596.0,771.0,1140.0,455.0,588.0,494.0,1441.0,960.0,495.0,1602.0,797.0,396.0,385.0,522.0,1340.0,633.0,487.0,1281.0,1391.0,457.0,1493.0,721.0,1221.0,445.0,458.0,401.0,1230.0,703.0,1602.0,383.0,273.0,790.0,1603.0,546.0,584.0,906.0,466.0,1293.0,844.0,00000000000000000704,67.7683681157065,C0611F04
449.0,1416.0,1308.0,435.0,554.0,760.0,771.0,504.0,388.0,1569.0,1280.0,666.0,635.0,1353.0,438.0,1462.0,1143.0,794.0,733.0,568.0,1681.0,321.0,610.0,789.0,1159.0,470.0,604.0,505.0,1464.0,976.0,507.0,1628.0,814.0,407.0,395.0,539.0,1362.0,645.0,504.0,1303.0,1420.0,468.0,1516.0,738.0,1240.0,461.0,471.0,413.0,1245.0,718.0,1620.0,393.0,285.0,800.0,1628.0,558.0,595.0,924.0,478.0,1313.0,855.0,00000000000000000705,26.9060614430465,C0611F05
394.0,935.0,971.0,312.0,350.0,642.0,631.0,374.0,325.0,982.0,800.0,478.0,488.0,815.0,315.0,881.0,584.0,467.0,588.0,382.0,1106.0,300.0,407.0,592.0,440.0,332.0,470.0,312.0,952.0,508.0,307.0,1052.0,627.0,341.0,342.0,350.0,787.0,397.0,193.0,807.0,931.0,319.0,1071.0,544.0,715.0,458.0,374.0,325.0,766.0,505.0,943.0,260.0,261.0,429.0,713.0,322.0,392.0,579.0,341.0,715.0,535.0,00000000000000000707,62.8079600602158,C0611P02
448.0,1388.0,1264.0,417.0,561.0,759.0,772.0,516.0,398.0,1529.0,1238.0,651.0,630.0,1311.0,437.0,1433.0,1120.0,775.0,717.0,568.0,1620.0,329.0,595.0,774.0,1123.0,474.0,604.0,497.0,1423.0,939.0,507.0,1597.0,799.0,397.0,393.0,550.0,1335.0,634.0,504.0,1263.0,1397.0,464.0,1481.0,719.0,1207.0,471.0,469.0,413.0,1195.0,697.0,1568.0,392.0,286.0,778.0,1589.0,544.0,581.0,904.0,465.0,1280.0,827.0,00000000000000000708,60.2521872580237,C0611P03
358.0,1240.0,1147.0,374.0,458.0,645.0,660.0,394.0,306.0,1390.0,1165.0,555.0,559.0,1186.0,343.0,1276.0,955.0,654.0,633.0,451.0,1533.0,246.0,524.0,659.0,977.0,362.0,543.0,428.0,1295.0,874.0,419.0,1443.0,679.0,331.0,326.0,438.0,1224.0,549.0,401.0,1131.0,1244.0,387.0,1344.0,638.0,1123.0,384.0,390.0,334.0,1182.0,604.0,1447.0,316.0,222.0,708.0,1423.0,458.0,514.0,784.0,399.0,1181.0,776.0,00000000000000000709,161.228496496725,C0611P05
363.0,1092.0,1077.0,348.0,407.0,621.0,639.0,381.0,289.0,1208.0,996.0,552.0,549.0,1054.0,311.0,1057.0,808.0,558.0,557.0,436.0,1356.0,238.0,478.0,602.0,719.0,326.0,536.0,403.0,1120.0,725.0,419.0,1275.0,674.0,323.0,303.0,360.0,1023.0,455.0,340.0,1018.0,1120.0,364.0,1164.0,549.0,909.0,424.0,396.0,325.0,1007.0,516.0,1169.0,283.0,187.0,593.0,1128.0,412.0,485.0,674.0,363.0,974.0,687.0,0000000000000000070a,81.2163843956603,C0611R01
357.0,990.0,1001.0,285.0,335.0,660.0,655.0,392.0,331.0,873.0,847.0,504.0,451.0,774.0,324.0,970.0,579.0,537.0,640.0,375.0,983.0,313.0,388.0,632.0,507.0,316.0,446.0,285.0,981.0,472.0,296.0,1030.0,686.0,341.0,320.0,375.0,864.0,415.0,151.0,836.0,881.0,301.0,1092.0,553.0,738.0,410.0,356.0,313.0,816.0,510.0,849.0,256.0,202.0,407.0,696.0,302.0,391.0,630.0,303.0,779.0,544.0,0000000000000000070b,1307.96146237024,C0611R02
445.0,1386.0,1265.0,417.0,558.0,755.0,768.0,511.0,393.0,1530.0,1241.0,648.0,629.0,1311.0,433.0,1431.0,1116.0,772.0,716.0,563.0,1626.0,326.0,595.0,771.0,1121.0,469.0,603.0,495.0,1424.0,940.0,505.0,1596.0,796.0,396.0,392.0,545.0,1335.0,633.0,500.0,1263.0,1395.0,463.0,1482.0,718.0,1209.0,469.0,465.0,410.0,1202.0,696.0,1568.0,390.0,285.0,778.0,1588.0,542.0,581.0,901.0,464.0,1281.0,829.0,0000000000000000070c,14.4139766555114,C0611R03
359.0,1115.0,1072.0,356.0,417.0,630.0,642.0,390.0,301.0,1213.0,1003.0,545.0,539.0,1063.0,336.0,1085.0,830.0,590.0,571.0,446.0,1359.0,247.0,482.0,620.0,760.0,341.0,543.0,403.0,1132.0,728.0,411.0,1297.0,674.0,331.0,307.0,386.0,1043.0,476.0,362.0,1014.0,1126.0,365.0,1177.0,561.0,928.0,411.0,399.0,333.0,1025.0,543.0,1188.0,294.0,194.0,610.0,1167.0,417.0,487.0,695.0,374.0,990.0,684.0,0000000000000000070d,47.4469550164558,C0611R05
497.0,1492.0,1370.0,460.0,588.0,809.0,813.0,544.0,426.0,1639.0,1295.0,711.0,651.0,1414.0,472.0,1540.0,1236.0,854.0,757.0,623.0,1716.0,353.0,630.0,843.0,1241.0,524.0,603.0,538.0,1531.0,1008.0,557.0,1694.0,878.0,435.0,429.0,586.0,1385.0,681.0,547.0,1372.0,1499.0,505.0,1576.0,763.0,1252.0,487.0,509.0,454.0,1237.0,758.0,1720.0,438.0,309.0,819.0,1716.0,608.0,620.0,977.0,504.0,1343.0,871.0,0000000000000000070e,99.9460055956658,C0611R06
348.0,970.0,932.0,293.0,269.0,631.0,618.0,288.0,277.0,1056.0,870.0,410.0,473.0,788.0,235.0,863.0,557.0,379.0,587.0,323.0,1222.0,256.0,325.0,532.0,353.0,249.0,405.0,306.0,988.0,548.0,255.0,1098.0,570.0,295.0,328.0,305.0,830.0,359.0,149.0,754.0,1012.0,282.0,1093.0,547.0,785.0,405.0,358.0,281.0,822.0,462.0,1003.0,207.0,220.0,403.0,706.0,271.0,376.0,498.0,306.0,773.0,502.0,0000000000000000070f,151.79242091964,C0611W01
343.0,1031.0,1033.0,328.0,372.0,577.0,604.0,348.0,271.0,1162.0,946.0,520.0,529.0,994.0,266.0,997.0,759.0,514.0,512.0,395.0,1302.0,222.0,444.0,567.0,657.0,290.0,494.0,392.0,1075.0,684.0,416.0,1200.0,658.0,300.0,283.0,313.0,961.0,414.0,302.0,983.0,1080.0,350.0,1110.0,505.0,849.0,410.0,384.0,311.0,952.0,474.0,1100.0,265.0,170.0,544.0,1053.0,384.0,455.0,637.0,332.0,920.0,658.0,00000000000000000710,347.610820881116,C0611W02
434.0,1151.0,1058.0,357.0,509.0,667.0,680.0,495.0,391.0,1257.0,898.0,581.0,545.0,1062.0,388.0,1173.0,970.0,663.0,567.0,519.0,1284.0,321.0,517.0,666.0,921.0,439.0,508.0,454.0,1172.0,747.0,506.0,1290.0,746.0,373.0,349.0,484.0,954.0,542.0,455.0,1091.0,1180.0,418.0,1181.0,567.0,820.0,452.0,456.0,411.0,873.0,558.0,1271.0,374.0,277.0,595.0,1292.0,496.0,472.0,769.0,415.0,942.0,673.0,00000000000000000711,194.529228362451,C0611W03
400.0,956.0,987.0,326.0,367.0,633.0,622.0,388.0,338.0,1003.0,785.0,493.0,485.0,832.0,336.0,901.0,598.0,488.0,592.0,394.0,1113.0,317.0,421.0,604.0,470.0,344.0,489.0,326.0,961.0,495.0,311.0,1089.0,648.0,358.0,354.0,356.0,774.0,403.0,213.0,832.0,946.0,331.0,1097.0,534.0,694.0,462.0,386.0,338.0,747.0,523.0,958.0,273.0,274.0,432.0,741.0,336.0,403.0,598.0,353.0,699.0,537.0,00000000000000000712,50.8968503617955,C0611W04
338.0,928.0,915.0,292.0,261.0,608.0,598.0,284.0,279.0,992.0,821.0,408.0,449.0,762.0,233.0,830.0,532.0,374.0,563.0,313.0,1167.0,253.0,319.0,521.0,332.0,242.0,400.0,300.0,942.0,513.0,257.0,1043.0,563.0,290.0,327.0,288.0,791.0,343.0,136.0,732.0,948.0,277.0,1047.0,522.0,739.0,395.0,359.0,285.0,777.0,443.0,950.0,207.0,210.0,387.0,665.0,261.0,371.0,490.0,296.0,732.0,483.0,00000000000000000713,212.385042580527,C0611W05
273.0,941.0,879.0,262.0,294.0,497.0,530.0,268.0,208.0,1067.0,847.0,396.0,442.0,839.0,194.0,923.0,664.0,417.0,461.0,285.0,1194.0,177.0,349.0,461.0,591.0,220.0,405.0,309.0,1006.0,600.0,329.0,1069.0,532.0,243.0,225.0,257.0,842.0,344.0,228.0,849.0,997.0,276.0,1021.0,450.0,758.0,336.0,295.0,239.0,847.0,401.0,1011.0,219.0,156.0,427.0,959.0,309.0,334.0,513.0,267.0,825.0,535.0,00000000000000000714,72.7656620157458,C0612F01
363.0,954.0,982.0,322.0,413.0,615.0,583.0,388.0,309.0,994.0,752.0,501.0,475.0,878.0,322.0,925.0,648.0,544.0,524.0,404.0,1104.0,277.0,423.0,596.0,558.0,370.0,493.0,347.0,971.0,527.0,359.0,1087.0,659.0,339.0,326.0,358.0,785.0,419.0,264.0,865.0,954.0,328.0,1055.0,479.0,700.0,430.0,376.0,326.0,777.0,484.0,1124.0,291.0,228.0,473.0,872.0,360.0,404.0,635.0,338.0,726.0,566.0,00000000000000000715,46.1636447451664,C0612F02
329.0,773.0,907.0,273.0,347.0,533.0,518.0,376.0,310.0,751.0,688.0,477.0,390.0,709.0,360.0,826.0,520.0,482.0,526.0,341.0,804.0,310.0,376.0,579.0,456.0,302.0,412.0,270.0,859.0,349.0,295.0,906.0,616.0,337.0,292.0,342.0,701.0,354.0,176.0,775.0,726.0,310.0,906.0,444.0,541.0,376.0,346.0,322.0,652.0,455.0,725.0,254.0,210.0,342.0,612.0,272.0,381.0,604.0,302.0,615.0,509.0,00000000000000000716,174.658711705447,C0612F03
398.0,1280.0,1188.0,398.0,540.0,720.0,740.0,490.0,374.0,1411.0,1242.0,634.0,620.0,1183.0,365.0,1311.0,1008.0,693.0,617.0,527.0,1519.0,284.0,567.0,700.0,973.0,413.0,604.0,493.0,1333.0,902.0,515.0,1464.0,775.0,354.0,339.0,490.0,1317.0,605.0,454.0,1176.0,1308.0,437.0,1349.0,616.0,1148.0,466.0,473.0,406.0,1181.0,587.0,1433.0,369.0,209.0,731.0,1444.0,511.0,538.0,843.0,405.0,1285.0,848.0,00000000000000000717,220.974670420947,C0612F04
367.0,963.0,918.0,305.0,412.0,596.0,586.0,396.0,311.0,1017.0,760.0,483.0,477.0,868.0,318.0,951.0,713.0,543.0,516.0,405.0,1100.0,280.0,433.0,574.0,655.0,366.0,452.0,353.0,983.0,582.0,380.0,1077.0,638.0,328.0,312.0,385.0,791.0,438.0,301.0,883.0,976.0,331.0,1019.0,499.0,712.0,417.0,365.0,324.0,766.0,482.0,1084.0,298.0,237.0,479.0,961.0,388.0,392.0,629.0,340.0,762.0,565.0,00000000000000000718,114.075965853804,C0612P01
311.0,1177.0,1085.0,344.0,402.0,597.0,608.0,338.0,266.0,1320.0,1109.0,498.0,509.0,1118.0,299.0,1216.0,893.0,605.0,583.0,396.0,1477.0,219.0,460.0,616.0,927.0,321.0,486.0,382.0,1240.0,819.0,375.0,1365.0,625.0,298.0,295.0,380.0,1160.0,493.0,349.0,1064.0,1175.0,349.0,1281.0,597.0,1056.0,336.0,344.0,294.0,1112.0,566.0,1367.0,281.0,199.0,651.0,1345.0,411.0,469.0,726.0,360.0,1120.0,715.0,00000000000000000719,87.8947486891079,C0612P02
341.0,863.0,967.0,305.0,259.0,575.0,562.0,288.0,293.0,949.0,758.0,452.0,445.0,791.0,252.0,770.0,476.0,362.0,524.0,325.0,1124.0,261.0,345.0,529.0,262.0,246.0,418.0,305.0,875.0,448.0,274.0,1009.0,588.0,306.0,333.0,245.0,725.0,316.0,127.0,751.0,892.0,289.0,1012.0,464.0,665.0,417.0,384.0,293.0,702.0,449.0,893.0,215.0,209.0,373.0,598.0,247.0,407.0,512.0,306.0,645.0,504.0,0000000000000000071a,161.043784154342,C0612P03
439.0,978.0,1018.0,342.0,454.0,726.0,692.0,489.0,378.0,908.0,904.0,585.0,525.0,809.0,436.0,1033.0,671.0,605.0,692.0,451.0,979.0,378.0,489.0,695.0,613.0,428.0,525.0,331.0,1066.0,533.0,372.0,1075.0,729.0,413.0,372.0,479.0,915.0,490.0,257.0,901.0,933.0,397.0,1087.0,613.0,772.0,489.0,413.0,390.0,871.0,572.0,885.0,335.0,290.0,479.0,784.0,383.0,459.0,717.0,380.0,838.0,639.0,0000000000000000071b,214.37674166426,C0612P04
364.0,875.0,914.0,297.0,323.0,580.0,570.0,344.0,309.0,929.0,716.0,447.0,444.0,767.0,301.0,826.0,543.0,436.0,533.0,355.0,1035.0,287.0,377.0,554.0,408.0,309.0,437.0,297.0,888.0,452.0,282.0,1004.0,591.0,322.0,323.0,313.0,706.0,358.0,183.0,760.0,871.0,301.0,1013.0,486.0,633.0,420.0,355.0,309.0,684.0,473.0,892.0,245.0,245.0,390.0,674.0,299.0,373.0,545.0,320.0,635.0,492.0,0000000000000000071c,131.595221339457,C0612P05
363.0,820.0,908.0,297.0,433.0,602.0,532.0,403.0,337.0,848.0,693.0,501.0,412.0,800.0,393.0,881.0,586.0,517.0,538.0,375.0,860.0,338.0,407.0,601.0,527.0,383.0,430.0,297.0,912.0,389.0,330.0,944.0,632.0,359.0,312.0,377.0,705.0,383.0,225.0,811.0,786.0,337.0,868.0,463.0,555.0,386.0,377.0,373.0,663.0,481.0,787.0,280.0,241.0,374.0,696.0,312.0,401.0,648.0,335.0,632.0,529.0,0000000000000000071d,217.312282555621,C0612R01
390.0,1266.0,1179.0,394.0,536.0,712.0,731.0,486.0,371.0,1394.0,1232.0,631.0,615.0,1178.0,363.0,1297.0,995.0,687.0,610.0,524.0,1504.0,280.0,564.0,695.0,961.0,408.0,599.0,489.0,1314.0,893.0,511.0,1451.0,767.0,347.0,335.0,487.0,1312.0,602.0,451.0,1164.0,1292.0,433.0,1334.0,607.0,1141.0,459.0,471.0,402.0,1183.0,580.0,1433.0,363.0,199.0,734.0,1428.0,503.0,541.0,837.0,401.0,1275.0,847.0,0000000000000000071e,138.104906349528,C0612R02
322.0,866.0,897.0,293.0,343.0,528.0,526.0,328.0,282.0,932.0,702.0,450.0,437.0,800.0,263.0,830.0,582.0,450.0,452.0,351.0,1034.0,244.0,376.0,526.0,481.0,290.0,430.0,331.0,895.0,496.0,339.0,998.0,598.0,294.0,296.0,286.0,713.0,360.0,218.0,797.0,888.0,304.0,957.0,423.0,639.0,385.0,357.0,297.0,702.0,424.0,978.0,253.0,190.0,413.0,794.0,318.0,383.0,570.0,302.0,668.0,531.0,0000000000000000071f,275.653684744089,C0612R03
252.0,871.0,835.0,256.0,241.0,473.0,496.0,224.0,198.0,987.0,770.0,348.0,415.0,764.0,161.0,819.0,556.0,341.0,428.0,243.0,1132.0,172.0,293.0,421.0,473.0,186.0,369.0,287.0,932.0,532.0,288.0,984.0,490.0,231.0,224.0,210.0,751.0,297.0,157.0,768.0,924.0,254.0,962.0,429.0,695.0,320.0,297.0,237.0,761.0,367.0,989.0,192.0,148.0,367.0,815.0,258.0,313.0,458.0,242.0,725.0,481.0,00000000000000000720,71.2424342287529,C0612R04
323.0,956.0,841.0,261.0,282.0,616.0,612.0,310.0,276.0,910.0,809.0,385.0,425.0,697.0,239.0,864.0,551.0,414.0,591.0,310.0,1073.0,251.0,319.0,511.0,414.0,257.0,389.0,275.0,951.0,516.0,251.0,981.0,548.0,283.0,307.0,324.0,809.0,360.0,155.0,693.0,899.0,267.0,999.0,547.0,738.0,380.0,320.0,265.0,788.0,441.0,897.0,217.0,212.0,394.0,695.0,272.0,332.0,483.0,274.0,747.0,466.0,00000000000000000721,93.5331448408799,C0612R05
361.0,868.0,887.0,289.0,322.0,584.0,573.0,345.0,300.0,913.0,721.0,437.0,443.0,750.0,295.0,822.0,544.0,435.0,539.0,353.0,1015.0,280.0,374.0,544.0,425.0,311.0,426.0,289.0,881.0,464.0,283.0,982.0,578.0,315.0,316.0,324.0,711.0,365.0,187.0,744.0,864.0,295.0,993.0,495.0,643.0,413.0,343.0,300.0,691.0,466.0,874.0,244.0,244.0,394.0,673.0,301.0,357.0,535.0,313.0,645.0,486.0,00000000000000000722,97.4505412682124,C0612R06
391.0,918.0,1124.0,351.0,295.0,574.0,597.0,321.0,336.0,1048.0,806.0,524.0,504.0,900.0,285.0,818.0,477.0,369.0,531.0,363.0,1193.0,301.0,394.0,612.0,215.0,233.0,539.0,351.0,944.0,448.0,304.0,1121.0,690.0,354.0,391.0,221.0,758.0,318.0,114.0,849.0,967.0,337.0,1117.0,465.0,688.0,486.0,453.0,342.0,741.0,500.0,975.0,232.0,224.0,400.0,618.0,263.0,490.0,582.0,354.0,667.0,579.0,00000000000000000723,590.149561370356,C0612W01
387.0,895.0,959.0,304.0,396.0,646.0,615.0,431.0,339.0,842.0,808.0,532.0,464.0,747.0,394.0,939.0,603.0,547.0,624.0,398.0,917.0,339.0,431.0,639.0,544.0,376.0,466.0,303.0,972.0,455.0,329.0,997.0,673.0,374.0,328.0,419.0,819.0,430.0,218.0,830.0,840.0,350.0,1021.0,545.0,673.0,431.0,375.0,351.0,774.0,524.0,817.0,291.0,251.0,419.0,706.0,331.0,414.0,652.0,341.0,740.0,579.0,00000000000000000724,186.129534720067,C0612W02
390.0,900.0,965.0,306.0,402.0,651.0,621.0,438.0,342.0,848.0,821.0,537.0,469.0,754.0,396.0,944.0,607.0,551.0,629.0,401.0,922.0,342.0,438.0,644.0,548.0,379.0,474.0,306.0,977.0,460.0,330.0,1002.0,678.0,377.0,330.0,422.0,833.0,434.0,219.0,834.0,845.0,351.0,1028.0,549.0,686.0,438.0,378.0,354.0,787.0,528.0,822.0,293.0,253.0,422.0,709.0,333.0,417.0,655.0,343.0,754.0,583.0,00000000000000000725,204.089082648092,C0612W03
331.0,784.0,823.0,262.0,343.0,563.0,535.0,372.0,292.0,732.0,708.0,450.0,402.0,644.0,333.0,823.0,525.0,472.0,543.0,340.0,799.0,292.0,372.0,548.0,475.0,322.0,401.0,262.0,851.0,402.0,286.0,867.0,577.0,315.0,286.0,364.0,718.0,373.0,189.0,717.0,739.0,306.0,885.0,478.0,594.0,370.0,321.0,302.0,680.0,451.0,713.0,255.0,216.0,364.0,620.0,285.0,357.0,561.0,288.0,651.0,498.0,00000000000000000726,133.25523871855,C0612W04
310.0,905.0,1020.0,309.0,327.0,517.0,566.0,310.0,264.0,1017.0,821.0,541.0,507.0,888.0,194.0,872.0,645.0,436.0,407.0,352.0,1162.0,197.0,402.0,534.0,520.0,229.0,449.0,402.0,976.0,600.0,441.0,1040.0,675.0,281.0,271.0,200.0,823.0,369.0,204.0,934.0,976.0,341.0,986.0,381.0,711.0,401.0,406.0,320.0,818.0,367.0,974.0,256.0,117.0,452.0,881.0,356.0,436.0,635.0,298.0,784.0,693.0,00000000000000000727,175.176131793482,C0612W05
424.0,1491.0,1152.0,280.0,338.0,860.0,850.0,360.0,293.0,1370.0,1295.0,455.0,573.0,958.0,224.0,1346.0,881.0,573.0,841.0,404.0,1624.0,244.0,358.0,706.0,669.0,331.0,496.0,341.0,1528.0,793.0,242.0,1437.0,726.0,322.0,371.0,450.0,1305.0,507.0,162.0,967.0,1404.0,285.0,1486.0,813.0,1229.0,476.0,365.0,292.0,1295.0,592.0,1390.0,211.0,232.0,545.0,1130.0,383.0,361.0,658.0,312.0,1239.0,621.0,00000000000000000728,11.0649066553608,C0701C10
429.0,1648.0,1296.0,224.0,298.0,922.0,913.0,309.0,181.0,1722.0,1423.0,437.0,608.0,1139.0,177.0,1526.0,1015.0,587.0,867.0,388.0,1963.0,156.0,328.0,731.0,736.0,305.0,519.0,301.0,1843.0,878.0,193.0,1648.0,737.0,255.0,325.0,459.0,1404.0,526.0,117.0,1047.0,1703.0,257.0,1726.0,878.0,1413.0,489.0,300.0,224.0,1433.0,661.0,1677.0,161.0,213.0,587.0,1370.0,379.0,344.0,665.0,286.0,1360.0,634.0,00000000000000000729,99.3280019226061,C0701C95
413.0,1483.0,1145.0,260.0,323.0,842.0,833.0,342.0,271.0,1376.0,1289.0,433.0,559.0,948.0,212.0,1342.0,884.0,552.0,824.0,390.0,1629.0,223.0,339.0,688.0,658.0,313.0,482.0,319.0,1538.0,779.0,228.0,1432.0,707.0,308.0,358.0,430.0,1301.0,495.0,154.0,948.0,1404.0,273.0,1488.0,803.0,1223.0,455.0,339.0,268.0,1298.0,579.0,1397.0,200.0,222.0,532.0,1134.0,373.0,347.0,637.0,299.0,1235.0,606.0,0000000000000000072a,59.9192119277066,C0701C96
410.0,1519.0,1158.0,247.0,314.0,836.0,826.0,339.0,259.0,1393.0,1296.0,431.0,547.0,961.0,203.0,1382.0,913.0,563.0,823.0,386.0,1641.0,205.0,327.0,702.0,685.0,318.0,477.0,310.0,1566.0,779.0,209.0,1466.0,708.0,303.0,338.0,433.0,1315.0,503.0,146.0,967.0,1428.0,250.0,1517.0,790.0,1232.0,451.0,325.0,250.0,1306.0,578.0,1418.0,189.0,213.0,529.0,1156.0,376.0,328.0,651.0,290.0,1247.0,602.0,0000000000000000072b,102.719816869131,C0701C98
425.0,1527.0,1178.0,261.0,329.0,863.0,856.0,350.0,268.0,1439.0,1327.0,445.0,574.0,986.0,210.0,1388.0,913.0,563.0,836.0,394.0,1701.0,216.0,342.0,705.0,670.0,322.0,504.0,329.0,1603.0,805.0,232.0,1473.0,714.0,310.0,361.0,440.0,1338.0,506.0,151.0,969.0,1467.0,276.0,1547.0,827.0,1272.0,469.0,343.0,268.0,1336.0,593.0,1460.0,202.0,229.0,546.0,1178.0,383.0,353.0,649.0,310.0,1271.0,619.0,0000000000000000072c,48.610836168402,C0701C99
400.0,1226.0,1043.0,304.0,379.0,788.0,797.0,430.0,347.0,1061.0,1073.0,501.0,525.0,870.0,328.0,1162.0,733.0,598.0,780.0,411.0,1199.0,314.0,420.0,669.0,667.0,361.0,470.0,304.0,1171.0,635.0,317.0,1193.0,718.0,357.0,347.0,457.0,1102.0,496.0,216.0,909.0,1113.0,317.0,1231.0,703.0,996.0,451.0,367.0,325.0,1046.0,587.0,1049.0,287.0,256.0,496.0,908.0,352.0,389.0,660.0,327.0,1015.0,593.0,0000000000000000072d,12.7621221987079,C0701F03
439.0,1457.0,1140.0,331.0,377.0,885.0,876.0,400.0,331.0,1361.0,1282.0,478.0,611.0,964.0,271.0,1306.0,849.0,576.0,857.0,418.0,1619.0,294.0,408.0,706.0,650.0,348.0,524.0,368.0,1480.0,801.0,284.0,1427.0,743.0,349.0,391.0,471.0,1274.0,524.0,204.0,962.0,1397.0,316.0,1466.0,821.0,1199.0,511.0,412.0,331.0,1257.0,616.0,1362.0,251.0,271.0,564.0,1101.0,388.0,401.0,655.0,348.0,1208.0,652.0,0000000000000000072e,33.5630639786383,C0701F04
515.0,1822.0,1456.0,366.0,420.0,1156.0,1107.0,403.0,263.0,2096.0,1757.0,538.0,798.0,1392.0,283.0,1701.0,1094.0,653.0,1078.0,473.0,2366.0,263.0,500.0,794.0,848.0,400.0,775.0,378.0,1958.0,1135.0,310.0,1998.0,823.0,362.0,421.0,589.0,1645.0,628.0,238.0,1304.0,2094.0,388.0,1959.0,1059.0,1684.0,593.0,412.0,312.0,1675.0,791.0,1933.0,266.0,341.0,706.0,1547.0,452.0,475.0,781.0,402.0,1625.0,786.0,0000000000000000072f,210.222997717189,C0701F05
378.0,1134.0,994.0,298.0,365.0,740.0,750.0,417.0,342.0,1006.0,990.0,490.0,503.0,825.0,335.0,1104.0,687.0,573.0,730.0,396.0,1106.0,318.0,407.0,643.0,628.0,357.0,449.0,298.0,1114.0,583.0,314.0,1134.0,684.0,354.0,338.0,434.0,1019.0,473.0,202.0,864.0,1037.0,316.0,1164.0,652.0,913.0,430.0,353.0,320.0,970.0,553.0,986.0,284.0,243.0,473.0,849.0,337.0,382.0,644.0,324.0,933.0,572.0,00000000000000000730,32.932944666053,C0701F07
407.0,1600.0,1255.0,230.0,296.0,910.0,892.0,304.0,187.0,1681.0,1400.0,416.0,596.0,1107.0,173.0,1478.0,969.0,556.0,854.0,368.0,1934.0,156.0,327.0,701.0,695.0,290.0,506.0,297.0,1780.0,864.0,189.0,1618.0,708.0,256.0,317.0,440.0,1380.0,503.0,120.0,1025.0,1667.0,251.0,1677.0,859.0,1382.0,472.0,302.0,223.0,1404.0,630.0,1634.0,158.0,209.0,563.0,1317.0,353.0,329.0,641.0,286.0,1335.0,617.0,00000000000000000731,113.022041600958,C0701P01
372.0,1156.0,984.0,288.0,357.0,741.0,752.0,405.0,328.0,1009.0,1012.0,472.0,497.0,825.0,319.0,1108.0,690.0,565.0,739.0,389.0,1135.0,299.0,396.0,631.0,633.0,343.0,436.0,288.0,1116.0,600.0,304.0,1129.0,677.0,340.0,325.0,433.0,1039.0,470.0,201.0,861.0,1055.0,304.0,1160.0,665.0,938.0,425.0,341.0,308.0,991.0,549.0,986.0,275.0,238.0,470.0,864.0,333.0,373.0,629.0,312.0,955.0,562.0,00000000000000000732,37.1679900592678,C0701P02
442.0,1470.0,1145.0,330.0,375.0,894.0,884.0,397.0,323.0,1396.0,1301.0,475.0,614.0,972.0,265.0,1324.0,858.0,574.0,864.0,416.0,1652.0,287.0,405.0,708.0,646.0,352.0,531.0,372.0,1514.0,815.0,283.0,1445.0,740.0,347.0,389.0,471.0,1288.0,533.0,205.0,959.0,1421.0,321.0,1484.0,835.0,1223.0,514.0,409.0,330.0,1282.0,618.0,1392.0,251.0,271.0,573.0,1122.0,392.0,399.0,657.0,346.0,1228.0,654.0,00000000000000000733,107.569600633351,C0701P03
374.0,1163.0,1002.0,298.0,359.0,743.0,752.0,410.0,340.0,1016.0,1017.0,479.0,502.0,833.0,327.0,1116.0,689.0,569.0,740.0,390.0,1137.0,307.0,400.0,639.0,631.0,348.0,442.0,300.0,1128.0,596.0,307.0,1141.0,686.0,349.0,338.0,434.0,1046.0,473.0,198.0,872.0,1060.0,313.0,1173.0,662.0,941.0,431.0,351.0,318.0,997.0,550.0,993.0,281.0,240.0,473.0,862.0,334.0,385.0,642.0,319.0,965.0,570.0,00000000000000000734,34.2447257692182,C0701P05
417.0,1612.0,1271.0,224.0,290.0,893.0,885.0,305.0,194.0,1668.0,1393.0,423.0,590.0,1107.0,172.0,1495.0,995.0,571.0,844.0,376.0,1912.0,156.0,320.0,718.0,716.0,298.0,507.0,300.0,1799.0,853.0,189.0,1611.0,718.0,257.0,325.0,441.0,1374.0,506.0,113.0,1022.0,1652.0,251.0,1691.0,853.0,1374.0,475.0,299.0,224.0,1406.0,632.0,1636.0,155.0,205.0,562.0,1329.0,368.0,338.0,652.0,286.0,1330.0,618.0,00000000000000000735,105.11820716703,C0701P06
449.0,1406.0,1135.0,362.0,387.0,898.0,889.0,398.0,338.0,1402.0,1280.0,485.0,636.0,988.0,288.0,1269.0,825.0,555.0,859.0,421.0,1655.0,311.0,430.0,695.0,615.0,356.0,538.0,385.0,1437.0,829.0,315.0,1446.0,731.0,367.0,405.0,465.0,1243.0,525.0,225.0,967.0,1422.0,349.0,1446.0,829.0,1199.0,527.0,432.0,350.0,1241.0,619.0,1373.0,270.0,298.0,578.0,1081.0,385.0,439.0,650.0,368.0,1187.0,663.0,00000000000000000736,94.393577623357,C0701R01
382.0,1252.0,1023.0,285.0,360.0,763.0,747.0,396.0,317.0,1065.0,1097.0,471.0,516.0,854.0,289.0,1153.0,720.0,565.0,767.0,395.0,1224.0,274.0,384.0,650.0,659.0,351.0,447.0,298.0,1205.0,641.0,264.0,1191.0,697.0,343.0,334.0,448.0,1127.0,487.0,191.0,907.0,1129.0,292.0,1217.0,703.0,1013.0,431.0,337.0,287.0,1082.0,556.0,1042.0,252.0,238.0,488.0,907.0,351.0,359.0,650.0,314.0,1067.0,582.0,00000000000000000737,65.0717523792405,C0701R02
384.0,1225.0,1016.0,287.0,364.0,774.0,783.0,406.0,321.0,1054.0,1079.0,460.0,521.0,843.0,296.0,1137.0,728.0,572.0,778.0,393.0,1208.0,287.0,392.0,644.0,657.0,348.0,448.0,292.0,1168.0,649.0,290.0,1177.0,688.0,333.0,328.0,444.0,1101.0,485.0,201.0,878.0,1106.0,295.0,1216.0,707.0,998.0,439.0,341.0,297.0,1052.0,567.0,1045.0,262.0,242.0,485.0,908.0,348.0,360.0,630.0,311.0,1020.0,575.0,00000000000000000738,37.5931346090528,C0701R04
400.0,1282.0,1046.0,285.0,376.0,796.0,795.0,408.0,325.0,1108.0,1136.0,473.0,534.0,875.0,284.0,1177.0,760.0,581.0,804.0,400.0,1262.0,284.0,394.0,664.0,677.0,361.0,467.0,306.0,1229.0,689.0,278.0,1223.0,706.0,342.0,342.0,459.0,1156.0,506.0,196.0,915.0,1161.0,297.0,1259.0,738.0,1049.0,453.0,346.0,295.0,1118.0,573.0,1096.0,258.0,244.0,511.0,947.0,363.0,364.0,655.0,317.0,1081.0,598.0,00000000000000000739,30.1748050854495,C0701R06
451.0,1491.0,1167.0,337.0,379.0,909.0,899.0,399.0,324.0,1443.0,1332.0,482.0,629.0,994.0,264.0,1347.0,870.0,573.0,877.0,420.0,1706.0,289.0,411.0,715.0,643.0,356.0,544.0,381.0,1550.0,836.0,291.0,1481.0,745.0,349.0,398.0,474.0,1312.0,541.0,206.0,973.0,1463.0,333.0,1516.0,850.0,1256.0,526.0,418.0,336.0,1312.0,626.0,1432.0,256.0,274.0,585.0,1146.0,398.0,411.0,663.0,349.0,1254.0,667.0,0000000000000000073a,112.435216070171,C0701R07
362.0,1104.0,961.0,286.0,349.0,715.0,724.0,399.0,328.0,973.0,961.0,468.0,484.0,797.0,318.0,1073.0,663.0,552.0,705.0,377.0,1077.0,303.0,389.0,619.0,607.0,342.0,429.0,286.0,1083.0,563.0,299.0,1097.0,658.0,337.0,323.0,418.0,989.0,456.0,192.0,835.0,1010.0,303.0,1125.0,630.0,888.0,412.0,339.0,307.0,942.0,532.0,954.0,272.0,231.0,455.0,822.0,323.0,365.0,620.0,308.0,908.0,550.0,0000000000000000073b,4.07013347097272,C0701R08
389.0,1223.0,1030.0,299.0,372.0,780.0,784.0,421.0,332.0,1058.0,1076.0,478.0,522.0,856.0,312.0,1148.0,726.0,584.0,776.0,400.0,1203.0,301.0,408.0,655.0,661.0,353.0,461.0,299.0,1173.0,641.0,298.0,1181.0,703.0,349.0,336.0,453.0,1104.0,491.0,209.0,898.0,1111.0,303.0,1226.0,703.0,998.0,447.0,353.0,305.0,1053.0,572.0,1044.0,274.0,248.0,491.0,906.0,351.0,372.0,646.0,318.0,1025.0,585.0,0000000000000000073c,27.9392305617454,C0701R09
430.0,1668.0,1313.0,233.0,314.0,953.0,934.0,318.0,173.0,1797.0,1459.0,442.0,629.0,1179.0,184.0,1550.0,1021.0,588.0,895.0,389.0,2014.0,158.0,353.0,723.0,760.0,310.0,554.0,293.0,1878.0,916.0,198.0,1689.0,733.0,247.0,315.0,484.0,1419.0,538.0,129.0,1063.0,1764.0,267.0,1746.0,911.0,1447.0,507.0,291.0,223.0,1446.0,674.0,1707.0,164.0,222.0,605.0,1414.0,381.0,346.0,665.0,291.0,1393.0,640.0,0000000000000000073d,143.11204510519,C0701R10
358.0,1115.0,957.0,283.0,347.0,716.0,726.0,395.0,324.0,979.0,972.0,460.0,482.0,796.0,314.0,1077.0,665.0,549.0,710.0,373.0,1091.0,295.0,385.0,614.0,610.0,336.0,424.0,283.0,1085.0,572.0,293.0,1098.0,655.0,332.0,317.0,418.0,998.0,455.0,192.0,833.0,1020.0,298.0,1126.0,636.0,902.0,413.0,334.0,303.0,952.0,530.0,957.0,268.0,229.0,455.0,833.0,321.0,361.0,614.0,304.0,919.0,546.0,0000000000000000073e,39.9194097456771,C0701R11
429.0,1339.0,1079.0,348.0,374.0,856.0,847.0,389.0,332.0,1312.0,1207.0,461.0,603.0,937.0,279.0,1203.0,784.0,543.0,818.0,401.0,1550.0,303.0,414.0,671.0,592.0,341.0,508.0,370.0,1354.0,783.0,303.0,1359.0,703.0,354.0,386.0,451.0,1176.0,504.0,216.0,918.0,1338.0,334.0,1365.0,790.0,1125.0,505.0,414.0,337.0,1169.0,596.0,1291.0,268.0,283.0,546.0,1016.0,371.0,412.0,625.0,354.0,1114.0,632.0,0000000000000000073f,65.3842510509345,C0701R12
413.0,1434.0,1114.0,301.0,336.0,856.0,846.0,363.0,300.0,1331.0,1250.0,442.0,568.0,936.0,234.0,1295.0,843.0,549.0,827.0,393.0,1579.0,255.0,356.0,671.0,636.0,325.0,490.0,348.0,1482.0,776.0,243.0,1385.0,697.0,318.0,354.0,445.0,1258.0,501.0,169.0,926.0,1364.0,283.0,1439.0,801.0,1186.0,470.0,372.0,301.0,1249.0,579.0,1349.0,221.0,235.0,539.0,1087.0,365.0,364.0,616.0,310.0,1193.0,613.0,00000000000000000740,442.198119169051,C0701R14
404.0,1315.0,1057.0,332.0,352.0,832.0,817.0,356.0,305.0,1357.0,1184.0,442.0,589.0,942.0,266.0,1188.0,760.0,503.0,785.0,384.0,1577.0,283.0,398.0,626.0,572.0,322.0,487.0,352.0,1351.0,765.0,292.0,1381.0,660.0,336.0,372.0,426.0,1144.0,479.0,214.0,910.0,1362.0,324.0,1371.0,763.0,1115.0,484.0,393.0,321.0,1144.0,575.0,1311.0,253.0,280.0,528.0,1032.0,348.0,401.0,590.0,342.0,1094.0,602.0,00000000000000000741,14.2391289021313,C0701R15
410.0,1313.0,1049.0,327.0,355.0,823.0,814.0,376.0,323.0,1255.0,1163.0,443.0,574.0,898.0,264.0,1178.0,766.0,531.0,790.0,385.0,1482.0,287.0,390.0,655.0,579.0,326.0,486.0,353.0,1325.0,743.0,284.0,1311.0,688.0,338.0,367.0,434.0,1149.0,484.0,200.0,886.0,1280.0,311.0,1323.0,758.0,1086.0,481.0,394.0,320.0,1138.0,575.0,1247.0,250.0,262.0,525.0,990.0,352.0,385.0,611.0,334.0,1084.0,610.0,00000000000000000742,75.8424179405982,C0701R16
418.0,1360.0,1093.0,297.0,375.0,849.0,852.0,414.0,329.0,1216.0,1181.0,475.0,564.0,914.0,283.0,1253.0,820.0,595.0,839.0,408.0,1426.0,287.0,395.0,699.0,679.0,360.0,500.0,329.0,1332.0,746.0,285.0,1315.0,727.0,348.0,367.0,469.0,1209.0,526.0,200.0,933.0,1244.0,306.0,1362.0,784.0,1113.0,471.0,372.0,308.0,1172.0,604.0,1229.0,258.0,256.0,535.0,1021.0,379.0,378.0,667.0,329.0,1122.0,620.0,00000000000000000743,51.0326395847111,C0701R17
460.0,1552.0,1203.0,342.0,388.0,953.0,939.0,400.0,322.0,1542.0,1401.0,490.0,654.0,1052.0,272.0,1406.0,904.0,582.0,907.0,431.0,1811.0,287.0,421.0,723.0,674.0,361.0,551.0,382.0,1626.0,887.0,299.0,1557.0,756.0,352.0,402.0,492.0,1374.0,550.0,216.0,1021.0,1556.0,340.0,1578.0,892.0,1333.0,533.0,415.0,332.0,1382.0,647.0,1518.0,262.0,289.0,608.0,1217.0,402.0,417.0,673.0,360.0,1324.0,680.0,00000000000000000744,78.8290515457232,C0701R20
419.0,1484.0,1146.0,275.0,331.0,856.0,843.0,351.0,287.0,1378.0,1289.0,445.0,567.0,956.0,221.0,1341.0,880.0,556.0,831.0,399.0,1630.0,240.0,350.0,692.0,660.0,323.0,492.0,334.0,1536.0,787.0,239.0,1432.0,711.0,318.0,362.0,438.0,1303.0,501.0,161.0,953.0,1406.0,282.0,1490.0,810.0,1227.0,465.0,357.0,287.0,1297.0,582.0,1396.0,208.0,233.0,539.0,1131.0,378.0,356.0,638.0,308.0,1237.0,614.0,00000000000000000745,98.9715342406412,C0701R22
463.0,1680.0,1333.0,287.0,351.0,996.0,967.0,356.0,244.0,1759.0,1504.0,473.0,657.0,1185.0,216.0,1536.0,1023.0,597.0,929.0,420.0,2045.0,213.0,391.0,755.0,732.0,342.0,555.0,342.0,1834.0,947.0,246.0,1728.0,774.0,308.0,376.0,479.0,1470.0,538.0,166.0,1121.0,1748.0,307.0,1755.0,933.0,1463.0,524.0,365.0,272.0,1499.0,679.0,1723.0,207.0,256.0,610.0,1369.0,399.0,396.0,701.0,331.0,1433.0,683.0,00000000000000000746,75.6715245441145,C0701R23
403.0,1295.0,1052.0,286.0,378.0,795.0,792.0,407.0,326.0,1115.0,1147.0,476.0,537.0,881.0,279.0,1187.0,764.0,582.0,807.0,403.0,1270.0,283.0,395.0,667.0,683.0,366.0,473.0,309.0,1244.0,690.0,276.0,1232.0,712.0,343.0,346.0,463.0,1168.0,509.0,195.0,926.0,1172.0,298.0,1264.0,741.0,1057.0,454.0,347.0,296.0,1131.0,576.0,1104.0,257.0,241.0,518.0,952.0,369.0,365.0,660.0,315.0,1097.0,602.0,00000000000000000747,369.947464728237,C0701R24
347.0,1183.0,942.0,283.0,291.0,725.0,716.0,300.0,266.0,1158.0,1066.0,374.0,502.0,797.0,206.0,1057.0,661.0,433.0,690.0,319.0,1393.0,237.0,322.0,559.0,468.0,264.0,421.0,304.0,1207.0,661.0,236.0,1200.0,587.0,273.0,317.0,357.0,1042.0,411.0,149.0,780.0,1186.0,266.0,1208.0,664.0,995.0,410.0,346.0,272.0,1036.0,488.0,1141.0,196.0,211.0,456.0,880.0,292.0,341.0,515.0,273.0,987.0,530.0,00000000000000000748,54.3576423492691,C0701R87
385.0,1109.0,964.0,305.0,347.0,720.0,720.0,381.0,326.0,1020.0,934.0,456.0,499.0,793.0,288.0,1001.0,658.0,512.0,701.0,375.0,1182.0,294.0,381.0,611.0,525.0,322.0,457.0,320.0,1094.0,601.0,290.0,1106.0,651.0,340.0,354.0,394.0,944.0,439.0,200.0,806.0,1018.0,310.0,1128.0,648.0,858.0,446.0,369.0,306.0,916.0,526.0,1011.0,258.0,252.0,464.0,811.0,335.0,375.0,578.0,327.0,870.0,547.0,00000000000000000749,79.307262138141,C0701R88
524.0,1797.0,1437.0,362.0,419.0,1152.0,1102.0,409.0,271.0,2049.0,1727.0,546.0,794.0,1355.0,283.0,1657.0,1075.0,643.0,1072.0,474.0,2322.0,267.0,494.0,789.0,811.0,397.0,759.0,396.0,1950.0,1119.0,312.0,1955.0,820.0,366.0,431.0,583.0,1625.0,624.0,232.0,1271.0,2030.0,393.0,1928.0,1055.0,1655.0,602.0,421.0,325.0,1659.0,776.0,1908.0,266.0,335.0,709.0,1522.0,448.0,474.0,765.0,407.0,1599.0,787.0,0000000000000000074a,118.368321000092,C0701R89
422.0,1572.0,1242.0,244.0,315.0,877.0,876.0,331.0,236.0,1543.0,1376.0,433.0,579.0,1045.0,192.0,1445.0,973.0,571.0,840.0,391.0,1809.0,191.0,335.0,722.0,701.0,318.0,519.0,313.0,1691.0,831.0,222.0,1549.0,725.0,294.0,361.0,438.0,1382.0,503.0,132.0,1014.0,1546.0,272.0,1626.0,841.0,1336.0,471.0,327.0,244.0,1392.0,610.0,1561.0,189.0,214.0,550.0,1252.0,381.0,354.0,661.0,295.0,1320.0,624.0,0000000000000000074b,273.716378346851,C0701R96
436.0,1684.0,1333.0,245.0,315.0,974.0,952.0,320.0,178.0,1832.0,1481.0,451.0,641.0,1203.0,186.0,1566.0,1032.0,598.0,913.0,392.0,2044.0,166.0,360.0,732.0,776.0,314.0,564.0,306.0,1904.0,940.0,198.0,1712.0,740.0,245.0,312.0,497.0,1436.0,549.0,131.0,1078.0,1799.0,271.0,1766.0,929.0,1473.0,514.0,300.0,234.0,1461.0,692.0,1725.0,164.0,225.0,618.0,1439.0,388.0,349.0,672.0,296.0,1414.0,649.0,0000000000000000074c,112.486659736094,C0701X01
416.0,1639.0,1276.0,204.0,274.0,876.0,876.0,290.0,169.0,1698.0,1393.0,416.0,585.0,1122.0,164.0,1529.0,1017.0,577.0,836.0,376.0,1917.0,148.0,303.0,723.0,749.0,295.0,494.0,275.0,1840.0,848.0,181.0,1636.0,716.0,231.0,307.0,443.0,1367.0,517.0,107.0,1020.0,1678.0,233.0,1707.0,848.0,1386.0,465.0,275.0,211.0,1396.0,642.0,1659.0,142.0,193.0,573.0,1368.0,376.0,317.0,652.0,269.0,1345.0,610.0,0000000000000000074d,58.3339420830438,C0701X90
418.0,1615.0,1274.0,224.0,291.0,894.0,886.0,306.0,195.0,1670.0,1398.0,425.0,591.0,1111.0,173.0,1497.0,997.0,573.0,845.0,377.0,1915.0,156.0,321.0,721.0,718.0,300.0,507.0,300.0,1800.0,854.0,194.0,1616.0,721.0,260.0,334.0,442.0,1378.0,507.0,114.0,1026.0,1654.0,256.0,1694.0,854.0,1378.0,475.0,300.0,224.0,1412.0,634.0,1640.0,158.0,206.0,563.0,1331.0,369.0,345.0,655.0,288.0,1335.0,619.0,0000000000000000074e,68.1184095093359,C0701X91
418.0,1607.0,1265.0,223.0,291.0,892.0,884.0,306.0,197.0,1657.0,1389.0,425.0,591.0,1102.0,172.0,1489.0,990.0,571.0,844.0,377.0,1901.0,156.0,321.0,719.0,714.0,302.0,506.0,298.0,1788.0,853.0,194.0,1607.0,719.0,260.0,333.0,442.0,1370.0,507.0,115.0,1020.0,1643.0,253.0,1685.0,853.0,1370.0,473.0,299.0,223.0,1405.0,630.0,1630.0,158.0,207.0,563.0,1322.0,371.0,342.0,654.0,288.0,1329.0,619.0,0000000000000000074f,142.878182588625,C0701X92
433.0,1579.0,1200.0,268.0,343.0,871.0,857.0,373.0,289.0,1423.0,1344.0,465.0,577.0,999.0,225.0,1432.0,938.0,602.0,864.0,418.0,1673.0,231.0,353.0,741.0,732.0,347.0,499.0,327.0,1596.0,805.0,231.0,1514.0,756.0,337.0,364.0,465.0,1370.0,533.0,163.0,1020.0,1463.0,269.0,1567.0,822.0,1266.0,477.0,350.0,270.0,1347.0,611.0,1443.0,206.0,230.0,554.0,1192.0,401.0,354.0,696.0,317.0,1296.0,635.0,00000000000000000750,96.101748120723,C0702C01
439.0,1584.0,1209.0,269.0,344.0,874.0,861.0,372.0,288.0,1437.0,1356.0,468.0,579.0,1005.0,222.0,1436.0,947.0,606.0,866.0,421.0,1686.0,230.0,354.0,745.0,732.0,351.0,504.0,331.0,1608.0,809.0,225.0,1526.0,760.0,333.0,358.0,468.0,1378.0,535.0,161.0,1022.0,1472.0,264.0,1577.0,825.0,1277.0,481.0,354.0,273.0,1357.0,616.0,1457.0,202.0,227.0,558.0,1201.0,407.0,347.0,699.0,312.0,1304.0,637.0,00000000000000000751,124.088134152838,C0702C04
507.0,1774.0,1402.0,346.0,407.0,1116.0,1072.0,401.0,266.0,1971.0,1669.0,522.0,761.0,1302.0,266.0,1630.0,1065.0,632.0,1038.0,458.0,2246.0,251.0,471.0,785.0,787.0,383.0,692.0,382.0,1936.0,1076.0,294.0,1895.0,815.0,348.0,419.0,556.0,1591.0,605.0,215.0,1226.0,1946.0,365.0,1877.0,1032.0,1607.0,590.0,406.0,311.0,1617.0,751.0,1862.0,249.0,311.0,695.0,1491.0,434.0,453.0,749.0,389.0,1561.0,767.0,00000000000000000752,230.13471509938,C0702C08
372.0,1065.0,970.0,302.0,378.0,717.0,703.0,416.0,334.0,965.0,958.0,482.0,488.0,825.0,349.0,1086.0,679.0,567.0,702.0,391.0,1042.0,312.0,406.0,647.0,643.0,362.0,450.0,304.0,1108.0,563.0,306.0,1084.0,673.0,359.0,338.0,441.0,993.0,460.0,211.0,879.0,1000.0,318.0,1102.0,631.0,888.0,417.0,353.0,326.0,949.0,544.0,934.0,281.0,246.0,460.0,836.0,334.0,382.0,666.0,328.0,942.0,568.0,00000000000000000753,168.224209047243,C0702C10
500.0,1752.0,1378.0,341.0,403.0,1091.0,1055.0,398.0,275.0,1907.0,1636.0,516.0,742.0,1269.0,265.0,1608.0,1052.0,628.0,1014.0,452.0,2190.0,251.0,456.0,784.0,767.0,376.0,605.0,382.0,1912.0,1050.0,291.0,1852.0,809.0,347.0,417.0,539.0,1570.0,590.0,214.0,1191.0,1886.0,354.0,1843.0,1014.0,1576.0,583.0,406.0,311.0,1596.0,738.0,1818.0,245.0,306.0,677.0,1457.0,430.0,445.0,738.0,383.0,1535.0,753.0,00000000000000000754,151.978980056096,C0702C88
443.0,1486.0,1154.0,324.0,372.0,904.0,895.0,392.0,314.0,1439.0,1327.0,472.0,621.0,990.0,259.0,1346.0,873.0,571.0,870.0,414.0,1695.0,280.0,401.0,704.0,652.0,350.0,528.0,368.0,1552.0,836.0,283.0,1472.0,732.0,342.0,386.0,472.0,1310.0,534.0,204.0,966.0,1457.0,323.0,1510.0,849.0,1258.0,515.0,401.0,324.0,1315.0,617.0,1430.0,252.0,268.0,578.0,1154.0,394.0,397.0,651.0,341.0,1253.0,654.0,00000000000000000755,84.431263780831,C0702R01
340.0,1067.0,915.0,268.0,327.0,682.0,691.0,373.0,307.0,937.0,927.0,438.0,459.0,759.0,296.0,1033.0,634.0,524.0,674.0,353.0,1041.0,282.0,364.0,587.0,581.0,321.0,401.0,268.0,1041.0,541.0,277.0,1053.0,624.0,314.0,301.0,398.0,953.0,433.0,181.0,795.0,977.0,282.0,1080.0,603.0,860.0,389.0,317.0,288.0,908.0,506.0,918.0,253.0,216.0,433.0,795.0,304.0,340.0,587.0,287.0,877.0,521.0,00000000000000000756,1661.66439527344,C0702R02
453.0,1445.0,1152.0,368.0,399.0,924.0,912.0,407.0,342.0,1468.0,1322.0,492.0,654.0,1028.0,299.0,1308.0,850.0,563.0,880.0,432.0,1710.0,312.0,444.0,698.0,644.0,361.0,545.0,390.0,1485.0,855.0,324.0,1499.0,730.0,374.0,408.0,483.0,1278.0,534.0,243.0,997.0,1481.0,356.0,1496.0,854.0,1244.0,537.0,434.0,356.0,1278.0,636.0,1433.0,282.0,312.0,593.0,1138.0,392.0,440.0,659.0,384.0,1230.0,678.0,00000000000000000757,143.041147321956,C0702R03
330.0,1038.0,906.0,264.0,318.0,661.0,666.0,366.0,305.0,906.0,905.0,434.0,448.0,743.0,294.0,1011.0,608.0,513.0,652.0,340.0,1015.0,280.0,357.0,579.0,557.0,312.0,395.0,264.0,1020.0,513.0,271.0,1032.0,617.0,308.0,296.0,388.0,929.0,420.0,169.0,785.0,949.0,281.0,1064.0,582.0,831.0,380.0,315.0,284.0,886.0,494.0,887.0,250.0,206.0,415.0,766.0,293.0,342.0,584.0,281.0,858.0,512.0,00000000000000000758,68.1704391850109,C0702R04
369.0,1237.0,997.0,301.0,308.0,758.0,749.0,321.0,291.0,1193.0,1107.0,400.0,528.0,835.0,220.0,1102.0,696.0,461.0,723.0,340.0,1435.0,255.0,339.0,595.0,489.0,280.0,447.0,325.0,1255.0,683.0,249.0,1242.0,625.0,294.0,337.0,377.0,1091.0,434.0,155.0,818.0,1221.0,281.0,1260.0,694.0,1034.0,437.0,371.0,290.0,1081.0,516.0,1185.0,207.0,219.0,481.0,913.0,309.0,358.0,548.0,293.0,1027.0,559.0,00000000000000000759,419.942811811913,C0702R05
425.0,1561.0,1184.0,268.0,340.0,861.0,848.0,372.0,290.0,1400.0,1323.0,460.0,571.0,987.0,221.0,1416.0,923.0,593.0,855.0,413.0,1651.0,233.0,350.0,730.0,724.0,341.0,492.0,326.0,1573.0,796.0,229.0,1490.0,746.0,332.0,358.0,460.0,1351.0,526.0,161.0,1009.0,1443.0,264.0,1545.0,814.0,1246.0,472.0,349.0,269.0,1326.0,603.0,1419.0,202.0,227.0,546.0,1173.0,393.0,348.0,688.0,312.0,1277.0,628.0,0000000000000000075a,135.534761833474,C0703C02
387.0,1433.0,1077.0,248.0,324.0,775.0,760.0,350.0,273.0,1226.0,1207.0,430.0,520.0,896.0,215.0,1290.0,820.0,549.0,784.0,381.0,1462.0,223.0,332.0,670.0,673.0,322.0,451.0,295.0,1412.0,710.0,223.0,1340.0,692.0,309.0,330.0,432.0,1230.0,491.0,157.0,933.0,1300.0,255.0,1383.0,731.0,1122.0,430.0,318.0,248.0,1202.0,555.0,1235.0,205.0,211.0,502.0,1032.0,361.0,329.0,646.0,282.0,1164.0,583.0,0000000000000000075b,154.046810583324,C0703C07
414.0,1549.0,1164.0,259.0,331.0,844.0,826.0,367.0,281.0,1379.0,1306.0,447.0,559.0,972.0,214.0,1411.0,912.0,585.0,844.0,404.0,1617.0,227.0,341.0,723.0,723.0,334.0,482.0,313.0,1556.0,778.0,222.0,1478.0,735.0,320.0,347.0,455.0,1334.0,521.0,156.0,1001.0,1428.0,258.0,1523.0,796.0,1229.0,460.0,334.0,260.0,1312.0,594.0,1395.0,200.0,214.0,540.0,1158.0,384.0,338.0,681.0,298.0,1264.0,616.0,0000000000000000075c,91.7662080534489,C0703C08
439.0,1762.0,1346.0,202.0,271.0,900.0,900.0,288.0,161.0,1784.0,1448.0,439.0,609.0,1185.0,157.0,1659.0,1107.0,639.0,874.0,398.0,2001.0,140.0,300.0,778.0,851.0,315.0,492.0,272.0,1982.0,893.0,169.0,1716.0,744.0,214.0,292.0,475.0,1420.0,541.0,106.0,1057.0,1804.0,228.0,1777.0,888.0,1452.0,473.0,253.0,212.0,1442.0,689.0,1736.0,138.0,185.0,604.0,1495.0,409.0,307.0,696.0,263.0,1422.0,629.0,0000000000000000075d,298.948273303401,C0703C12
445.0,1734.0,1382.0,230.0,299.0,975.0,965.0,309.0,157.0,1871.0,1484.0,451.0,639.0,1248.0,170.0,1621.0,1090.0,641.0,932.0,400.0,2055.0,146.0,346.0,768.0,839.0,317.0,569.0,293.0,1982.0,959.0,185.0,1729.0,764.0,223.0,304.0,504.0,1443.0,560.0,118.0,1089.0,1847.0,271.0,1797.0,947.0,1503.0,523.0,274.0,221.0,1466.0,732.0,1744.0,146.0,218.0,627.0,1501.0,406.0,347.0,703.0,290.0,1437.0,645.0,0000000000000000075e,103.114786372165,C0703C13
476.0,1756.0,1370.0,308.0,380.0,1077.0,1036.0,377.0,237.0,1932.0,1621.0,490.0,727.0,1268.0,240.0,1614.0,1048.0,618.0,1004.0,431.0,2201.0,223.0,445.0,763.0,779.0,357.0,662.0,349.0,1928.0,1033.0,263.0,1850.0,795.0,320.0,383.0,537.0,1550.0,579.0,191.0,1187.0,1903.0,329.0,1844.0,997.0,1563.0,563.0,372.0,280.0,1578.0,728.0,1829.0,220.0,283.0,666.0,1474.0,408.0,410.0,722.0,360.0,1521.0,733.0,0000000000000000075f,143.78208686571,C0703C65
457.0,1671.0,1322.0,279.0,345.0,989.0,960.0,350.0,233.0,1756.0,1498.0,467.0,654.0,1178.0,213.0,1529.0,1016.0,589.0,921.0,415.0,2040.0,205.0,385.0,746.0,726.0,336.0,547.0,332.0,1830.0,940.0,241.0,1720.0,764.0,302.0,368.0,477.0,1464.0,535.0,163.0,1110.0,1745.0,302.0,1744.0,926.0,1460.0,517.0,354.0,263.0,1492.0,673.0,1716.0,203.0,252.0,608.0,1365.0,394.0,390.0,691.0,327.0,1425.0,679.0,00000000000000000760,175.632390469586,C0703C67
420.0,1499.0,1160.0,270.0,330.0,853.0,844.0,350.0,282.0,1398.0,1306.0,441.0,566.0,963.0,214.0,1357.0,895.0,556.0,832.0,396.0,1653.0,231.0,346.0,695.0,664.0,318.0,498.0,333.0,1559.0,789.0,230.0,1450.0,710.0,312.0,357.0,435.0,1316.0,501.0,155.0,958.0,1425.0,273.0,1511.0,816.0,1242.0,466.0,352.0,281.0,1315.0,584.0,1418.0,200.0,226.0,538.0,1151.0,379.0,347.0,640.0,305.0,1250.0,614.0,00000000000000000761,118.592752552689,C0703C95
418.0,1654.0,1285.0,202.0,270.0,877.0,877.0,290.0,170.0,1710.0,1396.0,418.0,584.0,1130.0,162.0,1546.0,1028.0,583.0,839.0,377.0,1927.0,148.0,300.0,734.0,760.0,292.0,496.0,278.0,1860.0,849.0,178.0,1648.0,720.0,229.0,304.0,446.0,1371.0,518.0,105.0,1023.0,1696.0,231.0,1716.0,849.0,1390.0,467.0,274.0,213.0,1400.0,649.0,1667.0,136.0,191.0,574.0,1382.0,378.0,315.0,658.0,267.0,1352.0,612.0,00000000000000000762,409.442786582158,C0703F01
426.0,1627.0,1259.0,230.0,294.0,881.0,874.0,318.0,222.0,1593.0,1400.0,426.0,582.0,1071.0,181.0,1511.0,1011.0,587.0,852.0,386.0,1852.0,180.0,312.0,740.0,734.0,314.0,509.0,310.0,1767.0,846.0,205.0,1602.0,733.0,280.0,355.0,446.0,1397.0,519.0,125.0,1029.0,1602.0,258.0,1671.0,845.0,1362.0,472.0,314.0,242.0,1414.0,623.0,1600.0,174.0,209.0,561.0,1303.0,385.0,344.0,673.0,290.0,1345.0,628.0,00000000000000000763,334.100874765931,C0703F02
420.0,1488.0,1142.0,269.0,332.0,846.0,837.0,351.0,281.0,1364.0,1287.0,446.0,562.0,951.0,219.0,1342.0,879.0,568.0,828.0,399.0,1615.0,235.0,347.0,699.0,669.0,328.0,485.0,327.0,1524.0,783.0,232.0,1430.0,717.0,316.0,357.0,444.0,1300.0,504.0,160.0,960.0,1400.0,271.0,1480.0,801.0,1221.0,465.0,350.0,277.0,1291.0,587.0,1383.0,201.0,228.0,538.0,1128.0,379.0,347.0,652.0,307.0,1234.0,612.0,00000000000000000764,125.074170607217,C0703P04
427.0,1663.0,1297.0,227.0,312.0,940.0,927.0,318.0,179.0,1767.0,1448.0,431.0,615.0,1161.0,181.0,1544.0,1023.0,586.0,890.0,388.0,1993.0,157.0,342.0,723.0,753.0,309.0,535.0,293.0,1871.0,903.0,198.0,1674.0,732.0,249.0,322.0,470.0,1417.0,527.0,123.0,1056.0,1736.0,262.0,1738.0,897.0,1435.0,499.0,293.0,223.0,1447.0,662.0,1694.0,163.0,220.0,594.0,1398.0,378.0,343.0,662.0,288.0,1382.0,630.0,00000000000000000765,481.3058779308,C0703P06
468.0,1791.0,1401.0,296.0,345.0,1010.0,974.0,347.0,200.0,2021.0,1596.0,491.0,701.0,1301.0,211.0,1657.0,1078.0,608.0,960.0,428.0,2253.0,200.0,409.0,737.0,827.0,350.0,675.0,331.0,1986.0,995.0,238.0,1882.0,761.0,280.0,355.0,536.0,1515.0,576.0,162.0,1200.0,1998.0,325.0,1886.0,934.0,1541.0,532.0,344.0,249.0,1521.0,724.0,1839.0,206.0,263.0,643.0,1525.0,415.0,397.0,705.0,337.0,1479.0,701.0,00000000000000000766,299.270266988803,C0703P08
397.0,1452.0,1100.0,259.0,335.0,794.0,780.0,360.0,286.0,1247.0,1229.0,439.0,533.0,916.0,222.0,1310.0,839.0,559.0,802.0,389.0,1486.0,234.0,341.0,684.0,688.0,330.0,462.0,308.0,1433.0,728.0,224.0,1360.0,705.0,316.0,332.0,443.0,1250.0,503.0,162.0,953.0,1319.0,255.0,1405.0,749.0,1140.0,442.0,332.0,259.0,1222.0,567.0,1256.0,205.0,216.0,515.0,1051.0,369.0,329.0,659.0,289.0,1184.0,596.0,00000000000000000767,38.2804539975481,C0703P10
469.0,1735.0,1365.0,310.0,376.0,1082.0,1033.0,366.0,233.0,1953.0,1634.0,489.0,736.0,1282.0,241.0,1601.0,1031.0,605.0,1005.0,429.0,2221.0,223.0,445.0,742.0,777.0,359.0,677.0,342.0,1896.0,1048.0,269.0,1862.0,776.0,318.0,381.0,541.0,1539.0,579.0,194.0,1200.0,1931.0,339.0,1840.0,991.0,1567.0,543.0,364.0,271.0,1576.0,724.0,1823.0,226.0,289.0,664.0,1467.0,404.0,419.0,714.0,357.0,1519.0,732.0,00000000000000000768,254.286524622825,C0703P92
423.0,1563.0,1220.0,263.0,330.0,887.0,881.0,340.0,256.0,1524.0,1371.0,443.0,588.0,1039.0,207.0,1433.0,950.0,569.0,845.0,393.0,1798.0,216.0,349.0,712.0,691.0,324.0,513.0,333.0,1668.0,835.0,241.0,1533.0,727.0,305.0,369.0,447.0,1368.0,507.0,149.0,1005.0,1540.0,283.0,1603.0,844.0,1317.0,475.0,356.0,263.0,1374.0,612.0,1537.0,209.0,227.0,560.0,1231.0,377.0,369.0,656.0,305.0,1308.0,635.0,00000000000000000769,232.940209257481,C0703R01
425.0,1602.0,1270.0,239.0,310.0,916.0,899.0,320.0,207.0,1660.0,1410.0,435.0,601.0,1113.0,185.0,1475.0,983.0,564.0,859.0,384.0,1926.0,174.0,343.0,718.0,703.0,310.0,514.0,306.0,1770.0,868.0,211.0,1619.0,725.0,275.0,345.0,442.0,1391.0,504.0,131.0,1041.0,1646.0,272.0,1681.0,868.0,1383.0,482.0,318.0,233.0,1422.0,631.0,1641.0,176.0,220.0,568.0,1308.0,368.0,353.0,657.0,295.0,1351.0,631.0,0000000000000000076a,222.312759888815,C0703R02
402.0,1476.0,1110.0,259.0,333.0,796.0,779.0,361.0,282.0,1265.0,1241.0,443.0,535.0,924.0,221.0,1329.0,849.0,562.0,805.0,393.0,1507.0,230.0,342.0,691.0,694.0,333.0,465.0,310.0,1456.0,731.0,228.0,1379.0,711.0,319.0,340.0,442.0,1261.0,506.0,164.0,961.0,1339.0,264.0,1425.0,751.0,1154.0,445.0,332.0,259.0,1232.0,571.0,1274.0,209.0,219.0,516.0,1066.0,373.0,339.0,664.0,292.0,1194.0,600.0,0000000000000000076c,151.994043159585,C0703R04
395.0,1143.0,998.0,315.0,346.0,744.0,742.0,385.0,333.0,1068.0,975.0,469.0,518.0,832.0,290.0,1032.0,673.0,515.0,720.0,382.0,1266.0,301.0,390.0,625.0,523.0,320.0,475.0,335.0,1135.0,627.0,297.0,1152.0,665.0,349.0,365.0,402.0,981.0,443.0,198.0,830.0,1061.0,320.0,1172.0,672.0,892.0,464.0,382.0,317.0,955.0,543.0,1057.0,264.0,261.0,483.0,840.0,339.0,391.0,585.0,333.0,905.0,565.0,0000000000000000076d,40.1637535812023,C0703R06
438.0,1630.0,1295.0,266.0,328.0,952.0,924.0,338.0,228.0,1695.0,1445.0,448.0,621.0,1140.0,194.0,1494.0,996.0,572.0,884.0,397.0,1976.0,194.0,367.0,733.0,708.0,322.0,533.0,326.0,1788.0,897.0,220.0,1662.0,744.0,284.0,359.0,450.0,1423.0,515.0,144.0,1076.0,1684.0,286.0,1706.0,894.0,1414.0,501.0,350.0,254.0,1450.0,650.0,1671.0,187.0,234.0,583.0,1328.0,376.0,365.0,675.0,305.0,1383.0,649.0,0000000000000000076e,176.225546234573,C0703R07
431.0,1575.0,1243.0,253.0,324.0,878.0,878.0,344.0,252.0,1519.0,1378.0,442.0,587.0,1040.0,205.0,1450.0,972.0,574.0,848.0,400.0,1789.0,206.0,344.0,725.0,708.0,328.0,522.0,322.0,1681.0,831.0,229.0,1536.0,733.0,308.0,370.0,445.0,1387.0,511.0,143.0,1011.0,1538.0,283.0,1613.0,841.0,1331.0,482.0,334.0,253.0,1397.0,612.0,1546.0,205.0,225.0,558.0,1241.0,390.0,360.0,668.0,308.0,1320.0,634.0,0000000000000000076f,176.967936638337,C0703R08
427.0,1621.0,1262.0,223.0,293.0,879.0,874.0,315.0,212.0,1604.0,1397.0,427.0,582.0,1081.0,177.0,1503.0,1011.0,584.0,847.0,385.0,1861.0,172.0,313.0,738.0,726.0,311.0,509.0,304.0,1766.0,842.0,201.0,1603.0,734.0,281.0,353.0,439.0,1396.0,509.0,124.0,1030.0,1606.0,256.0,1678.0,846.0,1366.0,477.0,314.0,235.0,1415.0,625.0,1609.0,167.0,209.0,558.0,1305.0,385.0,345.0,671.0,294.0,1346.0,623.0,00000000000000000770,164.976003089624,C0703W04
449.0,1654.0,1304.0,279.0,342.0,983.0,954.0,344.0,228.0,1748.0,1491.0,459.0,651.0,1167.0,208.0,1518.0,1002.0,580.0,915.0,408.0,2029.0,204.0,382.0,732.0,719.0,328.0,540.0,326.0,1817.0,935.0,241.0,1710.0,750.0,294.0,360.0,473.0,1455.0,530.0,160.0,1098.0,1737.0,296.0,1729.0,917.0,1454.0,510.0,348.0,260.0,1483.0,667.0,1703.0,200.0,246.0,601.0,1357.0,388.0,382.0,680.0,321.0,1417.0,671.0,00000000000000000771,225.02389612991,C0703W05
403.0,1549.0,1174.0,230.0,300.0,834.0,826.0,329.0,240.0,1427.0,1313.0,422.0,549.0,975.0,193.0,1420.0,939.0,562.0,823.0,383.0,1681.0,190.0,309.0,709.0,697.0,314.0,475.0,299.0,1615.0,782.0,201.0,1501.0,708.0,296.0,336.0,430.0,1332.0,504.0,137.0,980.0,1466.0,248.0,1549.0,789.0,1250.0,447.0,309.0,239.0,1323.0,580.0,1452.0,181.0,211.0,531.0,1188.0,380.0,325.0,654.0,287.0,1262.0,606.0,00000000000000000772,92.6595572497288,C0703W07
417.0,1621.0,1280.0,235.0,305.0,901.0,892.0,318.0,212.0,1663.0,1400.0,427.0,590.0,1117.0,174.0,1498.0,1002.0,574.0,854.0,377.0,1916.0,166.0,335.0,725.0,724.0,305.0,518.0,315.0,1795.0,862.0,199.0,1624.0,726.0,264.0,333.0,441.0,1381.0,506.0,117.0,1038.0,1650.0,254.0,1697.0,863.0,1380.0,485.0,318.0,235.0,1419.0,631.0,1646.0,160.0,207.0,562.0,1327.0,369.0,340.0,659.0,287.0,1343.0,619.0,00000000000000000773,265.592456541441,C0703W08
424.0,1536.0,1187.0,261.0,324.0,865.0,857.0,351.0,263.0,1449.0,1333.0,444.0,572.0,991.0,211.0,1402.0,927.0,570.0,838.0,394.0,1707.0,216.0,342.0,712.0,686.0,323.0,504.0,330.0,1615.0,810.0,225.0,1487.0,718.0,308.0,358.0,442.0,1347.0,507.0,153.0,981.0,1475.0,275.0,1557.0,829.0,1277.0,469.0,342.0,263.0,1343.0,598.0,1475.0,202.0,226.0,544.0,1190.0,384.0,349.0,654.0,308.0,1281.0,618.0,00000000000000000774,89.2619712066073,C0703W09
419.0,1649.0,1289.0,213.0,284.0,882.0,874.0,302.0,199.0,1667.0,1397.0,419.0,584.0,1116.0,166.0,1531.0,1024.0,589.0,847.0,379.0,1908.0,157.0,307.0,738.0,749.0,304.0,505.0,292.0,1820.0,846.0,193.0,1637.0,730.0,253.0,333.0,444.0,1385.0,519.0,117.0,1042.0,1658.0,247.0,1710.0,848.0,1377.0,468.0,292.0,225.0,1417.0,634.0,1645.0,160.0,197.0,566.0,1352.0,379.0,333.0,667.0,282.0,1343.0,620.0,00000000000000000775,195.715802898676,C0703W10
423.0,1678.0,1318.0,231.0,295.0,936.0,931.0,309.0,169.0,1784.0,1439.0,433.0,618.0,1175.0,169.0,1566.0,1032.0,598.0,888.0,378.0,2004.0,152.0,335.0,733.0,767.0,299.0,540.0,298.0,1901.0,907.0,186.0,1676.0,733.0,232.0,302.0,475.0,1406.0,534.0,117.0,1048.0,1761.0,255.0,1748.0,903.0,1439.0,499.0,287.0,225.0,1434.0,673.0,1705.0,149.0,209.0,599.0,1420.0,378.0,329.0,663.0,285.0,1382.0,631.0,00000000000000000776,133.002806689177,C0703W91
411.0,1664.0,1286.0,198.0,270.0,884.0,884.0,290.0,162.0,1718.0,1396.0,412.0,587.0,1138.0,162.0,1556.0,1030.0,588.0,847.0,372.0,1936.0,141.0,301.0,736.0,764.0,283.0,498.0,272.0,1872.0,858.0,175.0,1648.0,716.0,227.0,299.0,454.0,1376.0,520.0,105.0,1018.0,1713.0,229.0,1718.0,858.0,1398.0,470.0,262.0,207.0,1406.0,652.0,1669.0,135.0,191.0,578.0,1399.0,373.0,311.0,661.0,267.0,1359.0,612.0,00000000000000000777,244.678214065828,C0703X02
397.0,1460.0,1096.0,257.0,330.0,788.0,772.0,356.0,280.0,1250.0,1229.0,438.0,529.0,913.0,218.0,1316.0,839.0,557.0,797.0,388.0,1492.0,229.0,337.0,684.0,685.0,329.0,459.0,307.0,1441.0,724.0,222.0,1364.0,704.0,314.0,331.0,438.0,1249.0,500.0,161.0,950.0,1326.0,256.0,1409.0,743.0,1142.0,439.0,329.0,257.0,1220.0,565.0,1260.0,204.0,215.0,511.0,1054.0,368.0,330.0,657.0,287.0,1183.0,593.0,00000000000000000778,87.981426688391,C0703X03
419.0,1654.0,1289.0,209.0,271.0,890.0,890.0,290.0,170.0,1721.0,1396.0,419.0,589.0,1141.0,162.0,1547.0,1028.0,588.0,852.0,378.0,1937.0,149.0,305.0,733.0,757.0,293.0,496.0,280.0,1858.0,862.0,177.0,1649.0,720.0,229.0,298.0,454.0,1372.0,519.0,105.0,1029.0,1708.0,228.0,1722.0,862.0,1396.0,467.0,275.0,214.0,1406.0,653.0,1673.0,137.0,190.0,574.0,1390.0,378.0,309.0,663.0,267.0,1353.0,611.0,00000000000000000779,74.6321247861342,C0703X87
489.0,1751.0,1389.0,363.0,405.0,1113.0,1065.0,385.0,261.0,2013.0,1685.0,510.0,767.0,1324.0,281.0,1631.0,1031.0,615.0,1036.0,448.0,2291.0,261.0,485.0,754.0,787.0,376.0,722.0,374.0,1887.0,1090.0,305.0,1923.0,784.0,358.0,414.0,562.0,1577.0,601.0,232.0,1238.0,2016.0,382.0,1884.0,1017.0,1617.0,576.0,408.0,316.0,1606.0,750.0,1859.0,262.0,339.0,678.0,1481.0,428.0,469.0,740.0,397.0,1557.0,759.0,0000000000000000077b,47.6198934742455,C0704C02
488.0,1814.0,1417.0,319.0,393.0,1135.0,1070.0,383.0,230.0,2059.0,1708.0,508.0,774.0,1344.0,248.0,1669.0,1077.0,640.0,1050.0,447.0,2330.0,221.0,471.0,776.0,820.0,374.0,708.0,343.0,1971.0,1097.0,275.0,1961.0,814.0,327.0,384.0,564.0,1605.0,603.0,206.0,1272.0,2034.0,351.0,1907.0,1029.0,1626.0,564.0,365.0,266.0,1635.0,766.0,1905.0,231.0,297.0,690.0,1537.0,417.0,428.0,747.0,375.0,1584.0,773.0,0000000000000000077c,89.6338020065234,C0704C03
493.0,1737.0,1382.0,368.0,404.0,1109.0,1060.0,387.0,267.0,1999.0,1675.0,513.0,769.0,1308.0,280.0,1610.0,1023.0,613.0,1031.0,448.0,2273.0,267.0,486.0,757.0,771.0,374.0,736.0,383.0,1877.0,1080.0,305.0,1908.0,787.0,358.0,418.0,560.0,1569.0,600.0,231.0,1227.0,1992.0,382.0,1875.0,1012.0,1609.0,577.0,418.0,325.0,1599.0,748.0,1852.0,261.0,336.0,679.0,1471.0,427.0,470.0,738.0,397.0,1547.0,762.0,0000000000000000077e,100.8962089136,C0704C05
503.0,1818.0,1442.0,360.0,414.0,1145.0,1098.0,394.0,260.0,2092.0,1745.0,523.0,794.0,1385.0,280.0,1702.0,1085.0,644.0,1069.0,463.0,2363.0,260.0,493.0,779.0,850.0,392.0,770.0,372.0,1942.0,1126.0,307.0,1995.0,808.0,357.0,413.0,585.0,1629.0,623.0,241.0,1299.0,2101.0,381.0,1954.0,1050.0,1671.0,581.0,405.0,305.0,1658.0,782.0,1928.0,265.0,338.0,699.0,1539.0,442.0,466.0,772.0,396.0,1610.0,776.0,0000000000000000077f,98.2602863864107,C0704F03
510.0,1831.0,1459.0,363.0,419.0,1157.0,1109.0,399.0,261.0,2105.0,1761.0,530.0,803.0,1399.0,281.0,1713.0,1096.0,653.0,1080.0,469.0,2379.0,261.0,500.0,791.0,855.0,397.0,776.0,374.0,1960.0,1138.0,315.0,2007.0,820.0,358.0,425.0,593.0,1645.0,631.0,240.0,1308.0,2113.0,392.0,1968.0,1061.0,1685.0,590.0,408.0,309.0,1674.0,791.0,1939.0,271.0,339.0,709.0,1551.0,448.0,480.0,781.0,397.0,1625.0,786.0,00000000000000000780,134.917238127125,C0704F05
500.0,1751.0,1395.0,365.0,408.0,1119.0,1070.0,392.0,266.0,2008.0,1688.0,521.0,774.0,1319.0,281.0,1620.0,1036.0,620.0,1040.0,453.0,2283.0,266.0,487.0,764.0,781.0,379.0,744.0,386.0,1893.0,1089.0,306.0,1919.0,794.0,360.0,418.0,565.0,1584.0,605.0,232.0,1237.0,1999.0,383.0,1885.0,1021.0,1620.0,584.0,416.0,324.0,1614.0,754.0,1865.0,261.0,336.0,685.0,1483.0,432.0,468.0,744.0,400.0,1560.0,765.0,00000000000000000781,104.898286106603,C0704F08
491.0,1713.0,1371.0,366.0,404.0,1100.0,1050.0,392.0,270.0,1980.0,1651.0,512.0,763.0,1291.0,282.0,1586.0,1002.0,609.0,1021.0,441.0,2249.0,270.0,487.0,749.0,755.0,368.0,736.0,387.0,1859.0,1071.0,304.0,1883.0,779.0,362.0,425.0,553.0,1550.0,593.0,232.0,1209.0,1972.0,383.0,1859.0,1001.0,1589.0,580.0,422.0,328.0,1580.0,740.0,1832.0,260.0,334.0,673.0,1448.0,420.0,473.0,730.0,401.0,1522.0,762.0,00000000000000000782,66.7367024424866,C0704F10
427.0,1391.0,1118.0,344.0,376.0,895.0,876.0,376.0,312.0,1459.0,1273.0,465.0,627.0,1001.0,283.0,1264.0,807.0,532.0,839.0,402.0,1681.0,292.0,426.0,659.0,610.0,340.0,522.0,365.0,1440.0,826.0,307.0,1472.0,696.0,351.0,389.0,456.0,1232.0,507.0,229.0,964.0,1456.0,344.0,1462.0,820.0,1209.0,517.0,406.0,333.0,1232.0,612.0,1405.0,266.0,301.0,561.0,1111.0,369.0,421.0,622.0,364.0,1183.0,637.0,00000000000000000783,119.148118175997,C0704P01
434.0,1456.0,1154.0,356.0,378.0,920.0,892.0,368.0,313.0,1543.0,1334.0,464.0,645.0,1051.0,280.0,1321.0,843.0,531.0,864.0,405.0,1775.0,292.0,428.0,670.0,630.0,346.0,527.0,367.0,1510.0,864.0,304.0,1543.0,701.0,350.0,385.0,468.0,1286.0,516.0,226.0,1004.0,1541.0,345.0,1524.0,853.0,1270.0,518.0,410.0,335.0,1295.0,625.0,1479.0,263.0,298.0,584.0,1171.0,373.0,426.0,635.0,360.0,1242.0,652.0,00000000000000000784,52.8834317192635,C0704P02
487.0,1785.0,1386.0,295.0,382.0,1088.0,1046.0,381.0,224.0,1961.0,1632.0,498.0,734.0,1281.0,240.0,1641.0,1070.0,633.0,1017.0,437.0,2219.0,210.0,444.0,774.0,804.0,366.0,672.0,336.0,1963.0,1040.0,260.0,1874.0,803.0,317.0,381.0,551.0,1563.0,592.0,190.0,1199.0,1924.0,329.0,1873.0,1007.0,1576.0,565.0,358.0,266.0,1592.0,739.0,1854.0,220.0,283.0,676.0,1506.0,416.0,407.0,727.0,360.0,1535.0,743.0,00000000000000000786,92.9839710288574,C0704P05
492.0,1824.0,1428.0,317.0,393.0,1135.0,1074.0,383.0,227.0,2065.0,1708.0,512.0,771.0,1351.0,248.0,1675.0,1087.0,640.0,1053.0,451.0,2336.0,222.0,469.0,779.0,829.0,374.0,712.0,344.0,1985.0,1098.0,279.0,1966.0,815.0,327.0,389.0,566.0,1606.0,605.0,203.0,1276.0,2041.0,356.0,1918.0,1030.0,1630.0,565.0,366.0,266.0,1638.0,766.0,1912.0,235.0,298.0,691.0,1545.0,420.0,433.0,749.0,376.0,1585.0,771.0,00000000000000000787,113.012297009611,C0704P07
479.0,1672.0,1328.0,342.0,386.0,1066.0,1019.0,374.0,261.0,1910.0,1605.0,500.0,738.0,1246.0,267.0,1544.0,975.0,587.0,988.0,428.0,2183.0,252.0,457.0,724.0,722.0,356.0,679.0,373.0,1823.0,1037.0,293.0,1818.0,757.0,343.0,416.0,530.0,1514.0,572.0,219.0,1167.0,1902.0,370.0,1799.0,972.0,1544.0,557.0,398.0,308.0,1544.0,711.0,1778.0,248.0,315.0,657.0,1402.0,406.0,452.0,703.0,382.0,1487.0,732.0,00000000000000000788,38.1731194832305,C0704R01
440.0,1390.0,1124.0,357.0,377.0,884.0,874.0,388.0,333.0,1393.0,1270.0,476.0,625.0,977.0,279.0,1255.0,813.0,540.0,844.0,412.0,1644.0,303.0,420.0,682.0,600.0,346.0,527.0,381.0,1424.0,815.0,309.0,1435.0,718.0,357.0,400.0,453.0,1233.0,512.0,217.0,955.0,1409.0,343.0,1435.0,815.0,1189.0,517.0,428.0,345.0,1230.0,607.0,1364.0,264.0,288.0,566.0,1070.0,376.0,434.0,638.0,359.0,1178.0,654.0,0000000000000000078a,31.2757262355916,C0704R03
423.0,1385.0,1118.0,348.0,366.0,883.0,858.0,365.0,310.0,1483.0,1263.0,459.0,618.0,1016.0,281.0,1262.0,811.0,518.0,828.0,394.0,1693.0,289.0,415.0,646.0,618.0,337.0,502.0,360.0,1432.0,820.0,302.0,1492.0,678.0,351.0,381.0,447.0,1217.0,494.0,228.0,973.0,1470.0,342.0,1475.0,809.0,1197.0,502.0,401.0,330.0,1217.0,603.0,1422.0,263.0,299.0,550.0,1127.0,364.0,419.0,612.0,360.0,1172.0,625.0,0000000000000000078b,44.3390463566857,C0704R04
401.0,1322.0,1062.0,327.0,348.0,838.0,819.0,348.0,295.0,1402.0,1196.0,437.0,587.0,959.0,265.0,1202.0,769.0,496.0,785.0,373.0,1608.0,275.0,395.0,619.0,583.0,318.0,478.0,343.0,1364.0,776.0,291.0,1416.0,654.0,331.0,367.0,423.0,1153.0,468.0,215.0,921.0,1394.0,329.0,1399.0,767.0,1130.0,478.0,382.0,314.0,1153.0,576.0,1348.0,253.0,282.0,523.0,1064.0,346.0,399.0,585.0,341.0,1110.0,596.0,0000000000000000078c,72.4847409455423,C0704R05
500.0,1763.0,1403.0,370.0,412.0,1125.0,1076.0,393.0,267.0,2025.0,1701.0,522.0,780.0,1329.0,285.0,1634.0,1044.0,623.0,1047.0,456.0,2303.0,267.0,494.0,770.0,788.0,382.0,752.0,385.0,1903.0,1096.0,309.0,1936.0,800.0,364.0,420.0,570.0,1593.0,610.0,235.0,1247.0,2017.0,386.0,1899.0,1027.0,1632.0,588.0,419.0,326.0,1623.0,760.0,1879.0,264.0,342.0,690.0,1495.0,435.0,473.0,750.0,403.0,1571.0,770.0,0000000000000000078d,25.4059761664753,C0704R07
400.0,1186.0,1011.0,326.0,361.0,785.0,775.0,385.0,328.0,1148.0,1046.0,462.0,548.0,860.0,291.0,1079.0,698.0,511.0,748.0,382.0,1351.0,304.0,403.0,627.0,538.0,329.0,485.0,341.0,1189.0,680.0,303.0,1207.0,662.0,345.0,367.0,419.0,1035.0,462.0,208.0,849.0,1155.0,324.0,1222.0,708.0,970.0,472.0,390.0,329.0,1017.0,557.0,1127.0,268.0,272.0,501.0,886.0,341.0,402.0,594.0,342.0,967.0,583.0,0000000000000000078e,33.8965904772945,C0704R13
401.0,1328.0,1064.0,323.0,348.0,846.0,825.0,348.0,290.0,1406.0,1206.0,438.0,589.0,961.0,263.0,1208.0,769.0,498.0,792.0,374.0,1618.0,271.0,395.0,624.0,582.0,318.0,479.0,338.0,1374.0,783.0,292.0,1420.0,656.0,331.0,370.0,425.0,1163.0,470.0,212.0,922.0,1402.0,331.0,1403.0,774.0,1140.0,479.0,377.0,309.0,1163.0,579.0,1351.0,253.0,280.0,525.0,1067.0,346.0,403.0,588.0,339.0,1119.0,598.0,0000000000000000078f,97.6581007688239,C0704X01
469.0,1632.0,1301.0,352.0,387.0,1045.0,999.0,372.0,273.0,1866.0,1569.0,490.0,724.0,1216.0,266.0,1507.0,950.0,575.0,960.0,421.0,2140.0,262.0,455.0,718.0,693.0,348.0,641.0,379.0,1780.0,1015.0,285.0,1782.0,744.0,343.0,406.0,514.0,1475.0,558.0,219.0,1139.0,1856.0,358.0,1762.0,954.0,1501.0,559.0,409.0,318.0,1505.0,700.0,1743.0,241.0,314.0,638.0,1367.0,396.0,439.0,694.0,381.0,1449.0,724.0,00000000000000000790,78.9318358974198,C0704X02
424.0,1415.0,1140.0,353.0,375.0,907.0,879.0,370.0,311.0,1524.0,1305.0,457.0,632.0,1039.0,280.0,1289.0,827.0,528.0,850.0,395.0,1740.0,291.0,426.0,658.0,629.0,338.0,519.0,363.0,1468.0,846.0,303.0,1527.0,690.0,347.0,383.0,456.0,1255.0,503.0,227.0,993.0,1511.0,343.0,1509.0,832.0,1242.0,515.0,405.0,332.0,1259.0,616.0,1460.0,262.0,298.0,564.0,1155.0,362.0,424.0,625.0,360.0,1214.0,636.0,00000000000000000791,41.2650284484458,C0704X03
518.0,1862.0,1485.0,364.0,427.0,1175.0,1126.0,407.0,262.0,2146.0,1785.0,538.0,816.0,1426.0,284.0,1744.0,1116.0,666.0,1097.0,475.0,2421.0,262.0,509.0,802.0,878.0,404.0,799.0,376.0,1988.0,1156.0,317.0,2048.0,835.0,364.0,427.0,602.0,1665.0,642.0,241.0,1340.0,2155.0,394.0,2006.0,1077.0,1711.0,600.0,410.0,308.0,1695.0,807.0,1978.0,273.0,344.0,719.0,1582.0,455.0,482.0,797.0,404.0,1646.0,797.0,00000000000000000792,82.8929643113305,C0704X04
397.0,1323.0,1062.0,276.0,357.0,770.0,755.0,386.0,305.0,1118.0,1143.0,467.0,528.0,876.0,260.0,1207.0,766.0,574.0,789.0,397.0,1293.0,257.0,367.0,670.0,679.0,353.0,454.0,296.0,1283.0,670.0,250.0,1255.0,709.0,337.0,341.0,451.0,1182.0,499.0,180.0,936.0,1197.0,278.0,1272.0,719.0,1066.0,434.0,325.0,276.0,1138.0,565.0,1106.0,240.0,226.0,499.0,955.0,367.0,353.0,664.0,300.0,1124.0,595.0,00000000000000000793,80.0457878320546,C0705C02
390.0,1456.0,1092.0,258.0,325.0,781.0,763.0,352.0,282.0,1241.0,1218.0,435.0,524.0,908.0,216.0,1308.0,831.0,554.0,790.0,385.0,1481.0,230.0,333.0,678.0,682.0,325.0,456.0,305.0,1433.0,714.0,222.0,1357.0,699.0,310.0,330.0,434.0,1241.0,496.0,158.0,945.0,1319.0,255.0,1399.0,736.0,1134.0,433.0,331.0,258.0,1212.0,560.0,1249.0,203.0,212.0,505.0,1044.0,365.0,330.0,652.0,284.0,1174.0,589.0,00000000000000000794,129.403640006805,C0705C03
389.0,1342.0,1055.0,263.0,341.0,770.0,752.0,376.0,285.0,1133.0,1150.0,456.0,524.0,871.0,241.0,1220.0,770.0,562.0,781.0,389.0,1333.0,237.0,351.0,670.0,678.0,341.0,448.0,289.0,1304.0,673.0,233.0,1263.0,702.0,323.0,322.0,448.0,1188.0,496.0,168.0,926.0,1210.0,260.0,1288.0,718.0,1068.0,429.0,311.0,256.0,1143.0,560.0,1124.0,218.0,213.0,502.0,963.0,360.0,331.0,654.0,293.0,1131.0,591.0,00000000000000000795,56.73881146363,C0705C05
367.0,1064.0,963.0,299.0,377.0,704.0,686.0,409.0,332.0,956.0,951.0,479.0,480.0,812.0,339.0,1080.0,676.0,565.0,688.0,386.0,1036.0,309.0,399.0,642.0,642.0,358.0,446.0,302.0,1109.0,552.0,296.0,1076.0,668.0,356.0,331.0,438.0,987.0,452.0,210.0,872.0,1000.0,312.0,1091.0,622.0,884.0,412.0,348.0,324.0,945.0,541.0,925.0,275.0,242.0,452.0,833.0,333.0,372.0,660.0,322.0,945.0,562.0,00000000000000000796,64.5917760772666,C0705C06
425.0,1646.0,1288.0,251.0,324.0,960.0,939.0,324.0,207.0,1744.0,1463.0,435.0,638.0,1155.0,188.0,1514.0,991.0,567.0,894.0,385.0,2016.0,175.0,362.0,713.0,722.0,310.0,515.0,305.0,1817.0,913.0,213.0,1695.0,731.0,271.0,335.0,465.0,1434.0,521.0,141.0,1079.0,1733.0,274.0,1723.0,902.0,1435.0,487.0,327.0,240.0,1453.0,658.0,1693.0,183.0,226.0,592.0,1363.0,367.0,355.0,658.0,301.0,1389.0,647.0,00000000000000000797,105.235021105466,C0705C07
378.0,1140.0,1012.0,312.0,375.0,709.0,700.0,408.0,342.0,986.0,981.0,487.0,488.0,841.0,336.0,1129.0,706.0,578.0,696.0,398.0,1084.0,306.0,399.0,658.0,674.0,368.0,448.0,312.0,1166.0,561.0,283.0,1121.0,689.0,359.0,335.0,442.0,1033.0,467.0,207.0,904.0,1057.0,305.0,1133.0,629.0,933.0,418.0,352.0,328.0,983.0,558.0,952.0,274.0,239.0,460.0,859.0,348.0,370.0,678.0,321.0,990.0,575.0,00000000000000000798,67.3333902228272,C0705C09
416.0,1584.0,1254.0,240.0,308.0,910.0,889.0,318.0,207.0,1640.0,1397.0,426.0,595.0,1099.0,184.0,1456.0,968.0,556.0,850.0,376.0,1910.0,175.0,342.0,709.0,690.0,304.0,507.0,303.0,1746.0,859.0,206.0,1603.0,718.0,272.0,339.0,435.0,1378.0,497.0,132.0,1032.0,1630.0,267.0,1660.0,859.0,1370.0,476.0,318.0,232.0,1407.0,625.0,1621.0,174.0,220.0,561.0,1291.0,359.0,344.0,651.0,292.0,1339.0,624.0,00000000000000000799,73.6419450488146,C0705C11
416.0,1585.0,1241.0,226.0,299.0,866.0,865.0,316.0,217.0,1558.0,1378.0,420.0,571.0,1056.0,177.0,1466.0,986.0,567.0,835.0,381.0,1821.0,176.0,319.0,718.0,706.0,304.0,509.0,305.0,1719.0,828.0,204.0,1559.0,716.0,280.0,353.0,431.0,1379.0,497.0,125.0,1011.0,1565.0,256.0,1637.0,835.0,1344.0,472.0,314.0,233.0,1395.0,604.0,1572.0,173.0,207.0,544.0,1266.0,375.0,342.0,654.0,289.0,1326.0,611.0,0000000000000000079a,188.300745732641,C0705C13
409.0,1387.0,1095.0,277.0,362.0,826.0,817.0,390.0,310.0,1212.0,1210.0,455.0,554.0,909.0,251.0,1266.0,823.0,581.0,827.0,399.0,1418.0,261.0,377.0,685.0,688.0,349.0,479.0,315.0,1357.0,741.0,251.0,1312.0,717.0,325.0,343.0,462.0,1238.0,517.0,178.0,946.0,1267.0,279.0,1357.0,774.0,1132.0,460.0,353.0,288.0,1206.0,581.0,1221.0,231.0,233.0,527.0,1028.0,375.0,348.0,663.0,306.0,1165.0,609.0,0000000000000000079b,88.6175562125992,C0705C17
416.0,1547.0,1200.0,238.0,311.0,844.0,835.0,330.0,239.0,1458.0,1321.0,426.0,560.0,992.0,191.0,1415.0,943.0,565.0,817.0,386.0,1711.0,196.0,320.0,711.0,695.0,317.0,493.0,303.0,1634.0,790.0,213.0,1496.0,711.0,297.0,347.0,432.0,1339.0,497.0,143.0,981.0,1481.0,255.0,1562.0,800.0,1274.0,455.0,313.0,240.0,1340.0,584.0,1478.0,183.0,211.0,534.0,1204.0,376.0,337.0,648.0,297.0,1274.0,607.0,0000000000000000079c,158.189761684379,C0705C19
389.0,1306.0,1041.0,276.0,345.0,744.0,726.0,375.0,306.0,1095.0,1123.0,463.0,515.0,857.0,254.0,1192.0,744.0,561.0,760.0,392.0,1273.0,257.0,356.0,659.0,660.0,351.0,443.0,296.0,1269.0,641.0,241.0,1235.0,698.0,327.0,334.0,438.0,1162.0,484.0,172.0,923.0,1181.0,269.0,1241.0,689.0,1047.0,424.0,326.0,275.0,1115.0,551.0,1082.0,232.0,218.0,486.0,933.0,362.0,343.0,659.0,291.0,1106.0,582.0,0000000000000000079d,69.314373961486,C0705C20
376.0,1183.0,1022.0,307.0,368.0,720.0,707.0,408.0,338.0,1002.0,1022.0,486.0,494.0,843.0,322.0,1147.0,705.0,580.0,714.0,396.0,1115.0,297.0,398.0,654.0,675.0,366.0,441.0,307.0,1182.0,573.0,279.0,1141.0,700.0,358.0,338.0,445.0,1073.0,466.0,203.0,912.0,1086.0,301.0,1156.0,647.0,964.0,418.0,348.0,317.0,1018.0,560.0,963.0,270.0,241.0,465.0,865.0,346.0,368.0,681.0,319.0,1027.0,575.0,0000000000000000079e,83.1748193712389,C0705C21
407.0,1284.0,1086.0,319.0,386.0,769.0,750.0,425.0,351.0,1073.0,1109.0,516.0,538.0,894.0,326.0,1211.0,747.0,610.0,774.0,423.0,1220.0,308.0,415.0,693.0,704.0,378.0,469.0,329.0,1259.0,623.0,288.0,1224.0,741.0,378.0,362.0,469.0,1151.0,497.0,210.0,971.0,1169.0,314.0,1239.0,700.0,1037.0,448.0,369.0,325.0,1099.0,589.0,1041.0,278.0,255.0,501.0,921.0,372.0,391.0,704.0,333.0,1105.0,612.0,0000000000000000079f,83.8918276910779,C0705C22
443.0,1538.0,1195.0,292.0,369.0,895.0,886.0,407.0,315.0,1376.0,1330.0,486.0,593.0,991.0,253.0,1408.0,922.0,621.0,886.0,433.0,1631.0,266.0,387.0,750.0,741.0,367.0,520.0,342.0,1533.0,812.0,254.0,1470.0,769.0,353.0,371.0,484.0,1359.0,552.0,182.0,1018.0,1423.0,294.0,1523.0,841.0,1246.0,492.0,374.0,304.0,1330.0,623.0,1396.0,233.0,245.0,571.0,1157.0,411.0,371.0,709.0,327.0,1273.0,659.0,000000000000000007a0,91.956787677347,C0705C23
414.0,1526.0,1161.0,269.0,341.0,825.0,815.0,365.0,291.0,1328.0,1286.0,455.0,561.0,961.0,227.0,1384.0,889.0,579.0,834.0,404.0,1583.0,237.0,346.0,712.0,718.0,338.0,485.0,323.0,1520.0,760.0,231.0,1441.0,731.0,322.0,354.0,458.0,1314.0,524.0,166.0,991.0,1399.0,266.0,1485.0,779.0,1203.0,457.0,344.0,269.0,1285.0,589.0,1338.0,212.0,223.0,538.0,1115.0,384.0,344.0,684.0,299.0,1242.0,619.0,000000000000000007a2,89.8552163278488,C0705C28
443.0,1518.0,1195.0,301.0,372.0,900.0,890.0,411.0,327.0,1356.0,1320.0,491.0,593.0,989.0,268.0,1391.0,918.0,626.0,885.0,432.0,1609.0,277.0,391.0,752.0,736.0,369.0,520.0,349.0,1513.0,808.0,268.0,1455.0,773.0,361.0,382.0,486.0,1349.0,553.0,189.0,1019.0,1404.0,305.0,1509.0,842.0,1238.0,491.0,385.0,313.0,1319.0,626.0,1375.0,246.0,252.0,572.0,1141.0,411.0,382.0,709.0,335.0,1262.0,660.0,000000000000000007a3,152.879237980033,C0705C29
419.0,1550.0,1204.0,236.0,311.0,844.0,835.0,330.0,240.0,1466.0,1327.0,429.0,562.0,999.0,192.0,1421.0,947.0,566.0,817.0,389.0,1722.0,193.0,320.0,711.0,695.0,318.0,496.0,304.0,1641.0,789.0,213.0,1503.0,712.0,299.0,347.0,432.0,1341.0,497.0,142.0,985.0,1489.0,254.0,1569.0,803.0,1279.0,458.0,315.0,240.0,1346.0,584.0,1489.0,182.0,211.0,538.0,1211.0,379.0,337.0,648.0,299.0,1279.0,609.0,000000000000000007a4,116.856941782094,C0705C30
447.0,1704.0,1327.0,259.0,342.0,1008.0,980.0,342.0,212.0,1817.0,1515.0,457.0,665.0,1199.0,203.0,1568.0,1023.0,595.0,941.0,400.0,2091.0,181.0,382.0,744.0,751.0,327.0,550.0,314.0,1885.0,960.0,222.0,1759.0,763.0,285.0,349.0,489.0,1478.0,550.0,153.0,1120.0,1800.0,287.0,1786.0,943.0,1485.0,519.0,336.0,247.0,1504.0,689.0,1750.0,191.0,243.0,618.0,1413.0,386.0,370.0,688.0,322.0,1438.0,674.0,000000000000000007a5,109.124715374381,C0705C31
414.0,1597.0,1204.0,235.0,291.0,835.0,832.0,329.0,245.0,1472.0,1343.0,426.0,556.0,1007.0,195.0,1477.0,976.0,575.0,836.0,395.0,1732.0,191.0,302.0,727.0,726.0,324.0,478.0,296.0,1682.0,798.0,206.0,1562.0,718.0,291.0,343.0,434.0,1359.0,518.0,139.0,1001.0,1515.0,245.0,1609.0,789.0,1281.0,442.0,306.0,235.0,1360.0,585.0,1500.0,185.0,204.0,537.0,1237.0,395.0,323.0,671.0,290.0,1292.0,623.0,000000000000000007a6,100.068834893072,C0705C81
354.0,1197.0,957.0,289.0,298.0,734.0,725.0,309.0,278.0,1158.0,1071.0,383.0,507.0,806.0,212.0,1068.0,672.0,445.0,700.0,327.0,1389.0,246.0,328.0,571.0,478.0,270.0,428.0,311.0,1214.0,663.0,240.0,1204.0,599.0,281.0,322.0,364.0,1053.0,418.0,152.0,789.0,1185.0,270.0,1219.0,672.0,1000.0,419.0,354.0,279.0,1045.0,497.0,1148.0,200.0,213.0,462.0,888.0,298.0,343.0,526.0,280.0,993.0,536.0,000000000000000007a7,197.164861445211,C0705F01
396.0,1243.0,1042.0,303.0,376.0,790.0,796.0,425.0,335.0,1073.0,1093.0,482.0,532.0,866.0,315.0,1160.0,737.0,592.0,790.0,406.0,1225.0,303.0,411.0,663.0,671.0,358.0,465.0,304.0,1191.0,654.0,302.0,1198.0,716.0,352.0,340.0,459.0,1120.0,498.0,212.0,906.0,1127.0,306.0,1243.0,715.0,1012.0,455.0,356.0,310.0,1068.0,583.0,1060.0,276.0,251.0,498.0,922.0,358.0,375.0,653.0,323.0,1039.0,593.0,000000000000000007a8,17.5387088222847,C0705F03
357.0,1170.0,963.0,261.0,338.0,746.0,751.0,371.0,295.0,1028.0,1028.0,420.0,490.0,795.0,269.0,1081.0,695.0,534.0,734.0,359.0,1189.0,266.0,359.0,612.0,600.0,313.0,425.0,280.0,1130.0,633.0,259.0,1125.0,648.0,311.0,306.0,411.0,1049.0,456.0,188.0,822.0,1067.0,267.0,1171.0,683.0,960.0,410.0,316.0,275.0,1012.0,534.0,1029.0,237.0,232.0,464.0,868.0,324.0,327.0,593.0,290.0,969.0,540.0,000000000000000007a9,671.089772777344,C0705F07
415.0,1583.0,1200.0,240.0,321.0,851.0,838.0,350.0,258.0,1437.0,1341.0,440.0,566.0,997.0,208.0,1441.0,955.0,589.0,847.0,395.0,1690.0,203.0,330.0,734.0,731.0,329.0,492.0,306.0,1619.0,795.0,210.0,1530.0,738.0,315.0,345.0,454.0,1359.0,526.0,150.0,1014.0,1475.0,252.0,1579.0,801.0,1267.0,463.0,324.0,250.0,1346.0,599.0,1459.0,190.0,215.0,547.0,1204.0,395.0,334.0,684.0,300.0,1291.0,626.0,000000000000000007aa,98.2188525899259,C0705P01
408.0,1440.0,1108.0,269.0,327.0,827.0,819.0,355.0,291.0,1297.0,1248.0,439.0,545.0,922.0,227.0,1303.0,849.0,556.0,811.0,390.0,1542.0,235.0,344.0,682.0,664.0,322.0,466.0,324.0,1449.0,756.0,241.0,1371.0,700.0,319.0,344.0,436.0,1260.0,492.0,161.0,941.0,1338.0,272.0,1428.0,775.0,1175.0,447.0,347.0,280.0,1240.0,572.0,1315.0,213.0,226.0,518.0,1076.0,370.0,344.0,637.0,302.0,1194.0,599.0,000000000000000007ab,121.405470131874,C0705P02
457.0,1697.0,1328.0,277.0,351.0,1017.0,981.0,351.0,222.0,1816.0,1529.0,467.0,670.0,1200.0,209.0,1563.0,1025.0,595.0,941.0,416.0,2089.0,199.0,391.0,746.0,751.0,335.0,552.0,324.0,1871.0,969.0,232.0,1767.0,765.0,295.0,360.0,493.0,1492.0,549.0,161.0,1122.0,1793.0,296.0,1779.0,951.0,1493.0,522.0,346.0,256.0,1512.0,689.0,1750.0,200.0,247.0,623.0,1413.0,387.0,381.0,689.0,324.0,1453.0,687.0,000000000000000007ac,133.450215942474,C0705P03
407.0,1564.0,1233.0,233.0,299.0,871.0,863.0,312.0,219.0,1568.0,1362.0,417.0,568.0,1054.0,173.0,1446.0,969.0,559.0,829.0,375.0,1824.0,175.0,319.0,711.0,692.0,297.0,504.0,313.0,1711.0,829.0,201.0,1550.0,712.0,270.0,339.0,423.0,1359.0,486.0,120.0,1002.0,1560.0,251.0,1631.0,838.0,1334.0,466.0,313.0,233.0,1381.0,607.0,1578.0,169.0,204.0,538.0,1262.0,366.0,335.0,647.0,282.0,1313.0,605.0,000000000000000007ad,187.459087125544,C0705P88
423.0,1526.0,1191.0,284.0,337.0,881.0,872.0,357.0,282.0,1474.0,1343.0,443.0,590.0,1002.0,220.0,1390.0,914.0,556.0,844.0,393.0,1743.0,235.0,357.0,696.0,663.0,322.0,508.0,353.0,1614.0,819.0,241.0,1497.0,715.0,317.0,367.0,447.0,1340.0,514.0,161.0,980.0,1490.0,284.0,1556.0,834.0,1280.0,485.0,377.0,289.0,1343.0,594.0,1480.0,210.0,238.0,556.0,1184.0,373.0,368.0,640.0,317.0,1277.0,631.0,000000000000000007ae,100.126502847644,C0705R02
434.0,1561.0,1208.0,304.0,351.0,909.0,897.0,366.0,279.0,1536.0,1374.0,452.0,612.0,1043.0,228.0,1417.0,927.0,564.0,868.0,403.0,1817.0,243.0,376.0,709.0,675.0,333.0,524.0,362.0,1663.0,854.0,252.0,1546.0,730.0,315.0,370.0,461.0,1362.0,518.0,175.0,1003.0,1551.0,299.0,1587.0,858.0,1317.0,499.0,386.0,292.0,1372.0,619.0,1529.0,219.0,247.0,577.0,1221.0,380.0,380.0,651.0,321.0,1307.0,653.0,000000000000000007af,180.436697349478,C0705R03
407.0,1563.0,1234.0,233.0,299.0,875.0,866.0,313.0,219.0,1569.0,1362.0,417.0,571.0,1054.0,174.0,1444.0,968.0,558.0,832.0,375.0,1825.0,176.0,319.0,711.0,692.0,297.0,504.0,312.0,1710.0,832.0,201.0,1550.0,712.0,270.0,339.0,424.0,1359.0,487.0,121.0,1002.0,1560.0,252.0,1630.0,842.0,1334.0,466.0,312.0,233.0,1381.0,607.0,1579.0,169.0,204.0,540.0,1261.0,366.0,336.0,646.0,282.0,1313.0,608.0,000000000000000007b0,170.911533425296,C0705R04
441.0,1653.0,1298.0,263.0,336.0,973.0,945.0,343.0,217.0,1748.0,1482.0,451.0,641.0,1163.0,203.0,1518.0,1004.0,577.0,907.0,401.0,2024.0,194.0,375.0,735.0,719.0,322.0,532.0,316.0,1823.0,926.0,229.0,1703.0,747.0,289.0,353.0,470.0,1451.0,526.0,156.0,1088.0,1732.0,290.0,1727.0,913.0,1451.0,503.0,338.0,249.0,1473.0,665.0,1700.0,194.0,242.0,600.0,1363.0,381.0,374.0,678.0,318.0,1413.0,666.0,000000000000000007b1,121.526275634124,C0705R05
420.0,1439.0,1116.0,306.0,344.0,856.0,847.0,378.0,312.0,1317.0,1249.0,454.0,575.0,938.0,249.0,1299.0,844.0,563.0,833.0,400.0,1569.0,266.0,369.0,685.0,651.0,331.0,492.0,346.0,1470.0,774.0,259.0,1383.0,713.0,333.0,367.0,453.0,1258.0,509.0,183.0,939.0,1354.0,294.0,1438.0,802.0,1179.0,473.0,375.0,306.0,1244.0,587.0,1335.0,237.0,244.0,542.0,1083.0,370.0,372.0,633.0,319.0,1193.0,622.0,000000000000000007b2,159.10926806422,C0705R06
442.0,1520.0,1181.0,320.0,364.0,912.0,903.0,383.0,308.0,1481.0,1353.0,467.0,621.0,1014.0,250.0,1377.0,901.0,573.0,874.0,412.0,1740.0,268.0,393.0,709.0,664.0,346.0,527.0,365.0,1597.0,846.0,274.0,1505.0,737.0,336.0,385.0,471.0,1342.0,533.0,193.0,989.0,1493.0,312.0,1542.0,855.0,1287.0,512.0,399.0,314.0,1344.0,622.0,1472.0,241.0,260.0,582.0,1182.0,391.0,396.0,659.0,336.0,1282.0,654.0,000000000000000007b3,96.1566741154431,C0705R07
410.0,1544.0,1190.0,219.0,293.0,831.0,822.0,320.0,220.0,1454.0,1311.0,420.0,546.0,985.0,183.0,1418.0,943.0,558.0,812.0,380.0,1710.0,179.0,302.0,704.0,695.0,311.0,480.0,288.0,1641.0,785.0,196.0,1503.0,696.0,280.0,332.0,424.0,1329.0,496.0,126.0,972.0,1479.0,244.0,1564.0,786.0,1263.0,442.0,298.0,228.0,1330.0,577.0,1479.0,175.0,202.0,524.0,1204.0,370.0,322.0,646.0,282.0,1263.0,597.0,000000000000000007b4,127.221579471221,C0705R08
417.0,1523.0,1157.0,271.0,341.0,851.0,840.0,371.0,294.0,1360.0,1295.0,458.0,564.0,963.0,226.0,1382.0,898.0,584.0,842.0,407.0,1614.0,239.0,352.0,715.0,709.0,339.0,486.0,328.0,1527.0,782.0,233.0,1451.0,734.0,329.0,356.0,454.0,1324.0,520.0,163.0,987.0,1406.0,265.0,1507.0,803.0,1219.0,464.0,351.0,275.0,1295.0,593.0,1379.0,207.0,229.0,539.0,1140.0,387.0,347.0,676.0,308.0,1247.0,623.0,000000000000000007b5,108.99854477636,C0705R09
383.0,1253.0,1021.0,281.0,360.0,762.0,748.0,393.0,315.0,1069.0,1099.0,468.0,517.0,853.0,284.0,1153.0,721.0,566.0,768.0,393.0,1225.0,271.0,380.0,650.0,658.0,350.0,446.0,296.0,1207.0,644.0,261.0,1192.0,697.0,341.0,332.0,447.0,1129.0,488.0,191.0,904.0,1130.0,289.0,1218.0,704.0,1015.0,431.0,334.0,285.0,1086.0,556.0,1046.0,248.0,237.0,489.0,908.0,351.0,356.0,650.0,312.0,1068.0,582.0,000000000000000007b6,95.0666212315441,C0705R10
426.0,1432.0,1121.0,306.0,363.0,862.0,854.0,393.0,320.0,1291.0,1248.0,466.0,573.0,936.0,263.0,1300.0,851.0,584.0,844.0,408.0,1518.0,274.0,382.0,705.0,679.0,349.0,496.0,340.0,1434.0,774.0,268.0,1376.0,733.0,342.0,365.0,463.0,1263.0,519.0,196.0,956.0,1332.0,294.0,1416.0,807.0,1174.0,476.0,375.0,307.0,1235.0,601.0,1305.0,243.0,252.0,545.0,1072.0,378.0,366.0,667.0,327.0,1188.0,630.0,000000000000000007b7,123.982265004638,C0705R13
447.0,1611.0,1269.0,296.0,351.0,947.0,925.0,355.0,265.0,1631.0,1432.0,461.0,634.0,1105.0,216.0,1475.0,975.0,577.0,893.0,409.0,1911.0,228.0,380.0,738.0,702.0,336.0,540.0,358.0,1741.0,895.0,244.0,1622.0,751.0,313.0,379.0,467.0,1417.0,531.0,166.0,1058.0,1631.0,301.0,1666.0,893.0,1381.0,509.0,383.0,285.0,1433.0,647.0,1620.0,211.0,245.0,589.0,1287.0,388.0,382.0,676.0,322.0,1371.0,667.0,000000000000000007b8,117.416719549708,C0705R14
409.0,1427.0,1118.0,271.0,358.0,832.0,823.0,387.0,303.0,1252.0,1238.0,457.0,558.0,928.0,244.0,1302.0,845.0,586.0,834.0,400.0,1468.0,249.0,368.0,697.0,695.0,342.0,482.0,315.0,1406.0,754.0,243.0,1353.0,724.0,327.0,343.0,464.0,1267.0,520.0,174.0,961.0,1306.0,275.0,1400.0,782.0,1155.0,463.0,347.0,282.0,1230.0,586.0,1261.0,223.0,230.0,534.0,1054.0,381.0,343.0,669.0,304.0,1192.0,614.0,000000000000000007b9,90.6790559237272,C0705R15
413.0,1349.0,1093.0,293.0,375.0,793.0,778.0,405.0,324.0,1138.0,1165.0,490.0,547.0,903.0,280.0,1232.0,785.0,597.0,811.0,413.0,1314.0,273.0,385.0,697.0,698.0,372.0,475.0,314.0,1305.0,682.0,261.0,1281.0,737.0,358.0,354.0,467.0,1205.0,516.0,191.0,966.0,1222.0,290.0,1296.0,735.0,1086.0,455.0,344.0,293.0,1161.0,587.0,1123.0,251.0,240.0,517.0,971.0,382.0,369.0,692.0,318.0,1146.0,617.0,000000000000000007bb,144.72784901418,C0705R17
441.0,1496.0,1180.0,300.0,383.0,900.0,890.0,416.0,334.0,1327.0,1301.0,493.0,592.0,980.0,272.0,1370.0,902.0,624.0,882.0,430.0,1570.0,276.0,395.0,743.0,731.0,367.0,519.0,348.0,1482.0,805.0,272.0,1432.0,770.0,356.0,381.0,492.0,1324.0,553.0,192.0,1010.0,1373.0,305.0,1484.0,836.0,1223.0,497.0,384.0,312.0,1295.0,624.0,1345.0,249.0,253.0,566.0,1118.0,409.0,381.0,703.0,335.0,1244.0,653.0,000000000000000007bc,102.616561973553,C0705R19
451.0,1605.0,1256.0,305.0,360.0,941.0,926.0,367.0,277.0,1605.0,1426.0,469.0,636.0,1092.0,226.0,1467.0,964.0,578.0,891.0,417.0,1888.0,241.0,391.0,736.0,701.0,344.0,545.0,365.0,1726.0,887.0,259.0,1608.0,752.0,323.0,386.0,474.0,1411.0,534.0,177.0,1049.0,1611.0,308.0,1649.0,891.0,1369.0,517.0,389.0,293.0,1424.0,642.0,1597.0,224.0,257.0,594.0,1272.0,396.0,396.0,671.0,333.0,1359.0,672.0,000000000000000007bd,137.124687177421,C0705R21
409.0,1454.0,1117.0,269.0,330.0,834.0,825.0,358.0,291.0,1310.0,1258.0,440.0,551.0,930.0,228.0,1315.0,857.0,559.0,818.0,392.0,1558.0,236.0,347.0,686.0,670.0,323.0,472.0,325.0,1464.0,763.0,242.0,1384.0,704.0,321.0,346.0,441.0,1271.0,497.0,161.0,948.0,1352.0,273.0,1441.0,783.0,1186.0,453.0,348.0,280.0,1251.0,575.0,1328.0,213.0,228.0,523.0,1086.0,372.0,346.0,641.0,304.0,1204.0,605.0,000000000000000007be,126.202269288786,C0705R22
411.0,1335.0,1101.0,312.0,379.0,797.0,777.0,417.0,344.0,1125.0,1154.0,515.0,547.0,911.0,298.0,1222.0,769.0,603.0,806.0,430.0,1298.0,298.0,404.0,699.0,703.0,379.0,475.0,333.0,1287.0,672.0,278.0,1272.0,755.0,372.0,365.0,473.0,1195.0,507.0,199.0,976.0,1204.0,301.0,1286.0,738.0,1075.0,461.0,366.0,312.0,1147.0,593.0,1105.0,268.0,250.0,517.0,955.0,382.0,383.0,707.0,331.0,1137.0,619.0,000000000000000007bf,41.3274494378483,C0705R23
416.0,1357.0,1105.0,301.0,380.0,800.0,783.0,412.0,332.0,1145.0,1172.0,503.0,552.0,914.0,288.0,1240.0,788.0,605.0,815.0,422.0,1320.0,282.0,394.0,705.0,706.0,378.0,480.0,322.0,1312.0,684.0,270.0,1291.0,750.0,366.0,363.0,473.0,1213.0,518.0,196.0,979.0,1228.0,298.0,1304.0,741.0,1093.0,462.0,353.0,301.0,1167.0,594.0,1129.0,260.0,246.0,522.0,975.0,386.0,379.0,704.0,326.0,1153.0,624.0,000000000000000007c0,121.335389938128,C0705R24
410.0,1586.0,1250.0,234.0,302.0,910.0,892.0,307.0,191.0,1667.0,1401.0,420.0,597.0,1105.0,177.0,1463.0,957.0,550.0,851.0,371.0,1934.0,162.0,331.0,697.0,683.0,293.0,505.0,289.0,1756.0,864.0,201.0,1615.0,705.0,263.0,328.0,435.0,1383.0,498.0,128.0,1028.0,1656.0,264.0,1663.0,855.0,1379.0,467.0,304.0,223.0,1402.0,623.0,1629.0,169.0,215.0,561.0,1295.0,352.0,338.0,641.0,287.0,1337.0,619.0,000000000000000007c1,140.372140413822,C0705R26
392.0,1526.0,1172.0,209.0,277.0,823.0,814.0,296.0,210.0,1474.0,1318.0,392.0,534.0,987.0,165.0,1408.0,934.0,541.0,796.0,360.0,1730.0,168.0,292.0,687.0,678.0,288.0,470.0,281.0,1647.0,787.0,192.0,1488.0,678.0,257.0,332.0,409.0,1322.0,475.0,116.0,950.0,1494.0,242.0,1556.0,787.0,1275.0,433.0,288.0,220.0,1331.0,572.0,1487.0,168.0,189.0,516.0,1207.0,354.0,322.0,625.0,266.0,1266.0,578.0,000000000000000007c2,149.047120402611,C0705R30
418.0,1434.0,1109.0,299.0,342.0,846.0,837.0,373.0,310.0,1294.0,1242.0,457.0,563.0,931.0,245.0,1301.0,843.0,564.0,828.0,399.0,1553.0,265.0,370.0,684.0,660.0,331.0,483.0,340.0,1452.0,764.0,253.0,1374.0,712.0,333.0,354.0,449.0,1257.0,505.0,180.0,941.0,1342.0,284.0,1424.0,792.0,1169.0,464.0,367.0,299.0,1238.0,583.0,1318.0,227.0,241.0,532.0,1071.0,370.0,354.0,638.0,315.0,1187.0,615.0,000000000000000007c3,116.500511433723,C0705R31
354.0,1149.0,989.0,283.0,341.0,682.0,666.0,377.0,312.0,961.0,978.0,461.0,462.0,806.0,300.0,1114.0,670.0,549.0,671.0,373.0,1080.0,274.0,369.0,623.0,641.0,344.0,412.0,283.0,1154.0,537.0,257.0,1103.0,669.0,332.0,313.0,415.0,1029.0,439.0,183.0,875.0,1055.0,275.0,1112.0,607.0,924.0,388.0,321.0,293.0,978.0,529.0,923.0,248.0,219.0,434.0,833.0,324.0,340.0,649.0,294.0,989.0,542.0,000000000000000007c4,47.0334292271225,C0705R33
412.0,1496.0,1145.0,249.0,318.0,835.0,826.0,341.0,256.0,1390.0,1291.0,432.0,552.0,951.0,205.0,1360.0,896.0,552.0,814.0,383.0,1641.0,206.0,331.0,687.0,669.0,314.0,483.0,314.0,1558.0,777.0,212.0,1443.0,700.0,299.0,343.0,426.0,1310.0,491.0,149.0,951.0,1419.0,261.0,1501.0,794.0,1231.0,452.0,325.0,249.0,1302.0,578.0,1418.0,192.0,214.0,525.0,1147.0,373.0,333.0,638.0,293.0,1245.0,597.0,000000000000000007c5,109.361900612366,C0705R34
372.0,1159.0,1013.0,286.0,350.0,746.0,757.0,404.0,328.0,1009.0,1011.0,467.0,494.0,828.0,307.0,1091.0,685.0,565.0,739.0,384.0,1148.0,295.0,393.0,646.0,615.0,332.0,446.0,292.0,1109.0,597.0,293.0,1138.0,688.0,336.0,323.0,421.0,1037.0,461.0,193.0,868.0,1044.0,293.0,1187.0,660.0,930.0,428.0,342.0,305.0,988.0,548.0,990.0,261.0,233.0,461.0,842.0,330.0,368.0,627.0,306.0,949.0,560.0,000000000000000007c6,141.391065264274,C0705R35
383.0,1383.0,1064.0,256.0,335.0,804.0,795.0,362.0,285.0,1218.0,1193.0,427.0,527.0,889.0,223.0,1266.0,812.0,553.0,796.0,374.0,1443.0,235.0,345.0,657.0,662.0,321.0,450.0,298.0,1372.0,721.0,230.0,1307.0,682.0,309.0,320.0,441.0,1220.0,493.0,163.0,916.0,1267.0,256.0,1360.0,753.0,1120.0,431.0,327.0,266.0,1193.0,554.0,1227.0,204.0,214.0,510.0,1024.0,356.0,320.0,631.0,283.0,1149.0,579.0,000000000000000007c7,123.899249025621,C0705R36
320.0,1071.0,920.0,260.0,308.0,626.0,615.0,342.0,286.0,894.0,907.0,419.0,423.0,749.0,273.0,1041.0,620.0,507.0,617.0,338.0,1005.0,251.0,333.0,579.0,592.0,311.0,376.0,260.0,1078.0,492.0,234.0,1028.0,619.0,300.0,285.0,378.0,955.0,403.0,164.0,814.0,985.0,251.0,1037.0,556.0,858.0,351.0,295.0,269.0,907.0,488.0,858.0,225.0,197.0,396.0,775.0,293.0,310.0,601.0,266.0,917.0,500.0,000000000000000007c8,114.412324127138,C0705R37
325.0,1131.0,897.0,265.0,271.0,690.0,682.0,280.0,250.0,1106.0,1020.0,352.0,474.0,758.0,192.0,1010.0,628.0,408.0,657.0,299.0,1332.0,222.0,301.0,528.0,442.0,247.0,395.0,285.0,1155.0,628.0,221.0,1146.0,555.0,254.0,298.0,337.0,997.0,388.0,138.0,741.0,1133.0,249.0,1155.0,632.0,951.0,385.0,325.0,255.0,991.0,461.0,1090.0,183.0,196.0,430.0,839.0,273.0,320.0,486.0,254.0,944.0,501.0,000000000000000007c9,130.355944361535,C0705R38
427.0,1504.0,1166.0,276.0,337.0,861.0,852.0,356.0,288.0,1391.0,1308.0,452.0,575.0,968.0,222.0,1359.0,896.0,572.0,843.0,405.0,1646.0,239.0,355.0,709.0,673.0,329.0,499.0,336.0,1551.0,797.0,239.0,1454.0,728.0,322.0,370.0,447.0,1319.0,509.0,161.0,973.0,1421.0,283.0,1507.0,819.0,1241.0,475.0,359.0,286.0,1313.0,595.0,1411.0,207.0,232.0,547.0,1147.0,385.0,360.0,658.0,312.0,1252.0,623.0,000000000000000007ca,230.624787200953,C0705R39
447.0,1665.0,1305.0,280.0,342.0,989.0,960.0,343.0,226.0,1766.0,1504.0,457.0,659.0,1177.0,206.0,1531.0,1010.0,583.0,922.0,407.0,2048.0,205.0,381.0,734.0,726.0,327.0,538.0,324.0,1829.0,942.0,241.0,1727.0,752.0,290.0,358.0,481.0,1466.0,537.0,159.0,1108.0,1752.0,295.0,1737.0,923.0,1466.0,508.0,346.0,259.0,1494.0,677.0,1717.0,200.0,243.0,613.0,1374.0,387.0,380.0,678.0,318.0,1428.0,679.0,000000000000000007cb,82.7935177437273,C0705R40
396.0,1448.0,1099.0,258.0,338.0,797.0,786.0,359.0,286.0,1251.0,1233.0,434.0,537.0,917.0,221.0,1311.0,843.0,559.0,806.0,386.0,1492.0,235.0,341.0,686.0,689.0,329.0,461.0,309.0,1436.0,735.0,225.0,1362.0,704.0,312.0,334.0,446.0,1252.0,503.0,160.0,953.0,1321.0,254.0,1408.0,753.0,1142.0,442.0,330.0,258.0,1224.0,568.0,1261.0,207.0,214.0,519.0,1057.0,367.0,327.0,659.0,285.0,1187.0,595.0,000000000000000007cc,94.1380464185358,C0705R41
445.0,1620.0,1263.0,292.0,351.0,965.0,937.0,351.0,256.0,1683.0,1461.0,455.0,642.0,1128.0,218.0,1478.0,967.0,571.0,908.0,406.0,1971.0,223.0,385.0,724.0,697.0,337.0,533.0,343.0,1753.0,918.0,252.0,1663.0,743.0,310.0,374.0,470.0,1423.0,527.0,171.0,1077.0,1682.0,304.0,1679.0,908.0,1411.0,508.0,365.0,278.0,1449.0,649.0,1644.0,211.0,255.0,592.0,1311.0,384.0,387.0,675.0,327.0,1392.0,667.0,000000000000000007cd,142.416994293378,C0705R42
448.0,1562.0,1209.0,321.0,367.0,926.0,916.0,386.0,304.0,1534.0,1382.0,469.0,633.0,1046.0,248.0,1415.0,926.0,577.0,887.0,417.0,1806.0,263.0,397.0,717.0,679.0,347.0,535.0,372.0,1653.0,864.0,272.0,1548.0,745.0,333.0,389.0,477.0,1371.0,536.0,191.0,1012.0,1547.0,319.0,1584.0,868.0,1320.0,515.0,402.0,310.0,1376.0,631.0,1523.0,238.0,263.0,594.0,1222.0,392.0,400.0,664.0,339.0,1315.0,666.0,000000000000000007ce,67.6915408668912,C0705R44
420.0,1453.0,1126.0,309.0,354.0,877.0,868.0,377.0,302.0,1386.0,1286.0,449.0,587.0,957.0,243.0,1312.0,855.0,555.0,840.0,395.0,1634.0,265.0,383.0,682.0,641.0,334.0,510.0,354.0,1511.0,806.0,263.0,1425.0,709.0,327.0,364.0,453.0,1284.0,515.0,188.0,942.0,1403.0,293.0,1465.0,822.0,1222.0,496.0,383.0,309.0,1280.0,594.0,1384.0,232.0,252.0,553.0,1117.0,373.0,375.0,631.0,323.0,1219.0,628.0,000000000000000007cf,72.9342228991611,C0705R45
465.0,1607.0,1245.0,321.0,376.0,970.0,943.0,378.0,288.0,1640.0,1455.0,477.0,664.0,1104.0,244.0,1465.0,952.0,581.0,913.0,424.0,1942.0,256.0,407.0,735.0,691.0,353.0,553.0,375.0,1728.0,918.0,278.0,1634.0,753.0,335.0,400.0,488.0,1421.0,548.0,195.0,1056.0,1656.0,329.0,1653.0,909.0,1399.0,533.0,400.0,310.0,1439.0,656.0,1606.0,237.0,278.0,615.0,1275.0,404.0,412.0,683.0,346.0,1380.0,694.0,000000000000000007d0,48.5841508546729,C0705R47
410.0,1409.0,1090.0,296.0,340.0,836.0,827.0,374.0,307.0,1272.0,1223.0,449.0,559.0,914.0,247.0,1275.0,824.0,555.0,818.0,391.0,1522.0,263.0,366.0,674.0,649.0,327.0,479.0,331.0,1425.0,754.0,256.0,1349.0,701.0,329.0,356.0,443.0,1234.0,499.0,183.0,924.0,1318.0,285.0,1399.0,782.0,1150.0,460.0,362.0,296.0,1214.0,573.0,1291.0,232.0,239.0,526.0,1052.0,363.0,356.0,630.0,312.0,1167.0,609.0,000000000000000007d1,116.641966518711,C0705R48
426.0,1631.0,1279.0,245.0,321.0,946.0,927.0,322.0,201.0,1723.0,1449.0,435.0,625.0,1143.0,186.0,1501.0,982.0,564.0,883.0,386.0,1995.0,170.0,358.0,711.0,712.0,308.0,516.0,299.0,1801.0,899.0,213.0,1674.0,727.0,271.0,337.0,456.0,1423.0,512.0,139.0,1066.0,1713.0,275.0,1707.0,890.0,1423.0,485.0,318.0,234.0,1442.0,650.0,1677.0,182.0,224.0,583.0,1346.0,367.0,356.0,656.0,299.0,1378.0,638.0,000000000000000007d2,209.995494146679,C0705R51
447.0,1713.0,1334.0,266.0,349.0,1016.0,985.0,349.0,215.0,1835.0,1526.0,457.0,673.0,1209.0,205.0,1576.0,1028.0,601.0,949.0,401.0,2107.0,187.0,392.0,749.0,757.0,328.0,563.0,323.0,1896.0,968.0,223.0,1770.0,767.0,285.0,348.0,496.0,1485.0,556.0,155.0,1128.0,1815.0,288.0,1796.0,949.0,1495.0,530.0,342.0,252.0,1513.0,695.0,1761.0,191.0,244.0,624.0,1423.0,385.0,369.0,693.0,321.0,1447.0,680.0,000000000000000007d3,131.848219237356,C0705R52
414.0,1620.0,1256.0,238.0,313.0,935.0,913.0,315.0,194.0,1715.0,1431.0,424.0,614.0,1126.0,178.0,1491.0,969.0,556.0,874.0,373.0,1977.0,164.0,349.0,697.0,706.0,301.0,510.0,292.0,1793.0,891.0,202.0,1659.0,712.0,256.0,323.0,451.0,1401.0,508.0,132.0,1049.0,1703.0,262.0,1694.0,878.0,1406.0,480.0,308.0,227.0,1424.0,640.0,1658.0,172.0,215.0,573.0,1338.0,359.0,341.0,642.0,288.0,1360.0,625.0,000000000000000007d4,168.14407606965,C0705R83
406.0,1577.0,1227.0,213.0,283.0,857.0,855.0,302.0,202.0,1561.0,1361.0,407.0,563.0,1051.0,169.0,1461.0,979.0,562.0,825.0,366.0,1817.0,164.0,303.0,711.0,700.0,295.0,489.0,291.0,1719.0,819.0,192.0,1557.0,709.0,270.0,340.0,422.0,1361.0,488.0,118.0,1000.0,1565.0,246.0,1635.0,826.0,1332.0,459.0,301.0,223.0,1380.0,602.0,1568.0,160.0,199.0,537.0,1267.0,365.0,332.0,646.0,283.0,1312.0,600.0,000000000000000007d5,160.657887181015,C0705R85
444.0,1571.0,1212.0,312.0,360.0,921.0,912.0,380.0,291.0,1541.0,1381.0,464.0,628.0,1047.0,242.0,1421.0,932.0,573.0,883.0,414.0,1817.0,254.0,389.0,715.0,682.0,345.0,528.0,369.0,1666.0,863.0,262.0,1553.0,743.0,327.0,379.0,474.0,1371.0,532.0,186.0,1009.0,1552.0,313.0,1593.0,865.0,1322.0,508.0,394.0,301.0,1379.0,628.0,1533.0,230.0,259.0,590.0,1230.0,387.0,389.0,659.0,334.0,1314.0,666.0,000000000000000007d6,122.709555158736,C0705R86
416.0,1433.0,1110.0,301.0,340.0,859.0,850.0,369.0,301.0,1326.0,1248.0,446.0,571.0,934.0,235.0,1294.0,840.0,555.0,831.0,396.0,1572.0,255.0,361.0,675.0,637.0,327.0,494.0,346.0,1478.0,777.0,248.0,1382.0,703.0,319.0,359.0,449.0,1257.0,505.0,171.0,926.0,1359.0,287.0,1437.0,804.0,1183.0,475.0,369.0,301.0,1247.0,582.0,1343.0,226.0,236.0,542.0,1086.0,367.0,369.0,620.0,309.0,1192.0,617.0,000000000000000007d7,144.625644162772,C0705X01
448.0,1638.0,1305.0,271.0,331.0,953.0,929.0,341.0,235.0,1686.0,1450.0,458.0,633.0,1144.0,204.0,1500.0,1002.0,584.0,890.0,405.0,1973.0,199.0,372.0,745.0,714.0,331.0,538.0,331.0,1785.0,900.0,228.0,1662.0,760.0,302.0,375.0,458.0,1435.0,526.0,146.0,1083.0,1677.0,296.0,1716.0,899.0,1415.0,507.0,355.0,259.0,1459.0,657.0,1671.0,194.0,240.0,589.0,1326.0,384.0,376.0,686.0,318.0,1391.0,662.0,000000000000000007d8,106.475457004713,C0705X03
406.0,1571.0,1237.0,224.0,295.0,871.0,863.0,305.0,203.0,1580.0,1364.0,417.0,565.0,1061.0,170.0,1455.0,973.0,558.0,826.0,368.0,1839.0,168.0,315.0,712.0,699.0,296.0,500.0,302.0,1731.0,826.0,193.0,1560.0,713.0,269.0,335.0,425.0,1355.0,489.0,119.0,1003.0,1579.0,254.0,1639.0,835.0,1335.0,462.0,302.0,224.0,1382.0,610.0,1583.0,160.0,207.0,543.0,1273.0,365.0,334.0,648.0,287.0,1309.0,602.0,000000000000000007d9,123.699351832151,C0705X60
403.0,1538.0,1182.0,218.0,287.0,824.0,815.0,315.0,218.0,1450.0,1304.0,412.0,541.0,982.0,176.0,1414.0,939.0,555.0,806.0,374.0,1705.0,179.0,297.0,700.0,691.0,306.0,472.0,287.0,1638.0,779.0,195.0,1496.0,691.0,268.0,331.0,419.0,1323.0,491.0,121.0,967.0,1476.0,243.0,1557.0,779.0,1257.0,435.0,297.0,228.0,1323.0,574.0,1473.0,175.0,194.0,518.0,1201.0,364.0,321.0,641.0,273.0,1257.0,590.0,000000000000000007da,73.0349882280049,C0705X69
439.0,1731.0,1356.0,195.0,259.0,900.0,903.0,268.0,137.0,1802.0,1449.0,439.0,589.0,1204.0,149.0,1629.0,1107.0,641.0,875.0,389.0,1983.0,127.0,286.0,770.0,863.0,308.0,480.0,250.0,1975.0,912.0,169.0,1688.0,737.0,194.0,279.0,467.0,1400.0,520.0,105.0,1043.0,1812.0,239.0,1754.0,897.0,1459.0,462.0,224.0,195.0,1420.0,708.0,1713.0,130.0,184.0,589.0,1503.0,413.0,309.0,693.0,254.0,1420.0,608.0,000000000000000007db,1428.39608157943,C0706C01
440.0,1711.0,1368.0,202.0,257.0,913.0,913.0,267.0,136.0,1813.0,1451.0,440.0,594.0,1215.0,151.0,1609.0,1108.0,649.0,884.0,389.0,1974.0,133.0,294.0,777.0,866.0,304.0,503.0,263.0,1955.0,926.0,169.0,1684.0,748.0,196.0,281.0,471.0,1397.0,520.0,107.0,1047.0,1804.0,244.0,1747.0,907.0,1465.0,469.0,233.0,202.0,1417.0,722.0,1711.0,128.0,187.0,590.0,1500.0,410.0,315.0,698.0,258.0,1421.0,609.0,000000000000000007de,313.053772914464,C0706W03
454.0,1710.0,1402.0,203.0,249.0,901.0,903.0,256.0,130.0,1821.0,1451.0,454.0,589.0,1244.0,152.0,1606.0,1137.0,653.0,879.0,400.0,1973.0,136.0,289.0,783.0,894.0,304.0,529.0,264.0,1961.0,923.0,176.0,1678.0,747.0,195.0,297.0,469.0,1392.0,504.0,105.0,1064.0,1814.0,261.0,1734.0,903.0,1465.0,467.0,235.0,203.0,1408.0,730.0,1702.0,132.0,192.0,585.0,1502.0,428.0,334.0,700.0,265.0,1424.0,601.0,000000000000000007df,2933.13375201154,C0706W05
451.0,1753.0,1394.0,197.0,250.0,896.0,906.0,259.0,139.0,1819.0,1460.0,451.0,591.0,1232.0,141.0,1652.0,1149.0,661.0,881.0,402.0,1994.0,132.0,278.0,800.0,898.0,314.0,468.0,252.0,1998.0,917.0,169.0,1709.0,757.0,186.0,282.0,467.0,1413.0,517.0,98.0,1070.0,1830.0,239.0,1774.0,903.0,1470.0,448.0,231.0,201.0,1429.0,728.0,1729.0,129.0,176.0,591.0,1520.0,430.0,309.0,719.0,243.0,1435.0,611.0,000000000000000007e0,3075.15667897054,C0706W06
439.0,1756.0,1381.0,198.0,252.0,896.0,902.0,261.0,143.0,1818.0,1460.0,439.0,590.0,1224.0,143.0,1650.0,1139.0,651.0,877.0,392.0,1997.0,131.0,279.0,789.0,886.0,307.0,464.0,249.0,1995.0,912.0,169.0,1716.0,748.0,188.0,282.0,466.0,1414.0,515.0,100.0,1065.0,1828.0,236.0,1775.0,901.0,1468.0,449.0,229.0,199.0,1433.0,716.0,1733.0,129.0,177.0,590.0,1520.0,419.0,308.0,710.0,244.0,1434.0,609.0,000000000000000007e1,2543.86978675538,C0706W09
451.0,1754.0,1381.0,192.0,250.0,897.0,905.0,259.0,138.0,1818.0,1458.0,451.0,590.0,1221.0,141.0,1653.0,1142.0,652.0,881.0,404.0,1991.0,131.0,277.0,791.0,891.0,315.0,460.0,247.0,1994.0,915.0,169.0,1713.0,747.0,188.0,284.0,464.0,1412.0,517.0,98.0,1065.0,1826.0,238.0,1777.0,901.0,1466.0,447.0,227.0,197.0,1428.0,716.0,1732.0,129.0,175.0,590.0,1521.0,430.0,309.0,712.0,243.0,1433.0,609.0,000000000000000007e2,2016.01275932572,C0706W11
454.0,1706.0,1400.0,203.0,251.0,913.0,914.0,256.0,129.0,1824.0,1451.0,454.0,591.0,1242.0,154.0,1603.0,1132.0,653.0,890.0,400.0,1977.0,139.0,289.0,784.0,889.0,303.0,532.0,267.0,1959.0,933.0,176.0,1673.0,748.0,196.0,297.0,471.0,1391.0,505.0,107.0,1062.0,1818.0,264.0,1729.0,914.0,1465.0,469.0,235.0,203.0,1405.0,733.0,1699.0,132.0,192.0,587.0,1498.0,427.0,335.0,703.0,267.0,1421.0,601.0,000000000000000007e3,2111.77864097863,C0706W12
465.0,1741.0,1418.0,202.0,247.0,906.0,915.0,256.0,135.0,1833.0,1463.0,465.0,583.0,1260.0,138.0,1636.0,1164.0,671.0,890.0,411.0,1982.0,127.0,284.0,803.0,917.0,318.0,521.0,255.0,1993.0,936.0,176.0,1710.0,762.0,182.0,296.0,464.0,1409.0,503.0,94.0,1077.0,1825.0,252.0,1770.0,916.0,1473.0,459.0,233.0,202.0,1422.0,742.0,1731.0,132.0,182.0,583.0,1535.0,443.0,329.0,713.0,247.0,1442.0,603.0,000000000000000007e4,135.338195435938,C0707C02
499.0,1809.0,1433.0,361.0,413.0,1144.0,1096.0,393.0,261.0,2080.0,1739.0,520.0,793.0,1376.0,281.0,1694.0,1074.0,641.0,1067.0,459.0,2357.0,261.0,492.0,777.0,840.0,389.0,758.0,372.0,1935.0,1125.0,306.0,1983.0,806.0,359.0,412.0,583.0,1624.0,622.0,239.0,1290.0,2094.0,380.0,1941.0,1048.0,1667.0,582.0,406.0,307.0,1653.0,780.0,1916.0,263.0,339.0,698.0,1528.0,439.0,465.0,770.0,397.0,1604.0,776.0,000000000000000007e5,87.8095140856872,C0707C03
487.0,1786.0,1393.0,298.0,382.0,1094.0,1048.0,381.0,224.0,1976.0,1636.0,498.0,735.0,1293.0,240.0,1642.0,1075.0,632.0,1020.0,437.0,2232.0,208.0,445.0,769.0,809.0,366.0,674.0,336.0,1967.0,1047.0,259.0,1883.0,799.0,315.0,378.0,551.0,1565.0,593.0,191.0,1209.0,1939.0,330.0,1878.0,1010.0,1581.0,564.0,358.0,263.0,1594.0,738.0,1860.0,220.0,286.0,675.0,1514.0,416.0,408.0,724.0,360.0,1537.0,743.0,000000000000000007e6,91.3475233844086,C0707C04
439.0,1784.0,1349.0,202.0,270.0,898.0,894.0,285.0,163.0,1795.0,1456.0,439.0,611.0,1182.0,164.0,1678.0,1115.0,640.0,879.0,398.0,2014.0,141.0,298.0,786.0,853.0,316.0,493.0,270.0,1998.0,897.0,178.0,1734.0,747.0,226.0,311.0,472.0,1427.0,542.0,107.0,1058.0,1819.0,239.0,1795.0,889.0,1456.0,474.0,253.0,212.0,1448.0,688.0,1749.0,142.0,192.0,602.0,1504.0,413.0,321.0,703.0,276.0,1431.0,637.0,000000000000000007e7,85.2345201910274,C0707C05
462.0,1764.0,1428.0,258.0,319.0,1010.0,991.0,330.0,173.0,1962.0,1553.0,477.0,664.0,1288.0,191.0,1645.0,1120.0,648.0,962.0,420.0,2134.0,173.0,372.0,776.0,853.0,330.0,635.0,330.0,2012.0,987.0,214.0,1800.0,786.0,243.0,338.0,522.0,1499.0,576.0,129.0,1144.0,1908.0,293.0,1861.0,962.0,1539.0,541.0,310.0,234.0,1513.0,746.0,1810.0,169.0,233.0,645.0,1537.0,421.0,372.0,717.0,317.0,1470.0,668.0,000000000000000007e8,165.955723725364,C0707C06
448.0,1727.0,1380.0,213.0,282.0,947.0,942.0,292.0,149.0,1843.0,1476.0,452.0,617.0,1234.0,169.0,1616.0,1099.0,640.0,913.0,399.0,2021.0,140.0,328.0,766.0,852.0,316.0,541.0,277.0,1972.0,949.0,177.0,1701.0,750.0,216.0,291.0,492.0,1429.0,537.0,111.0,1067.0,1832.0,260.0,1767.0,937.0,1495.0,502.0,255.0,213.0,1448.0,727.0,1725.0,135.0,210.0,611.0,1496.0,415.0,333.0,698.0,288.0,1437.0,627.0,000000000000000007e9,71.9228475899199,C0707C07
464.0,1755.0,1419.0,247.0,310.0,997.0,982.0,320.0,164.0,1932.0,1524.0,476.0,651.0,1282.0,182.0,1639.0,1113.0,642.0,952.0,421.0,2106.0,159.0,361.0,770.0,853.0,331.0,622.0,313.0,2004.0,978.0,200.0,1777.0,773.0,233.0,321.0,513.0,1473.0,568.0,122.0,1130.0,1889.0,282.0,1839.0,957.0,1524.0,535.0,293.0,228.0,1490.0,737.0,1787.0,161.0,224.0,636.0,1527.0,424.0,360.0,708.0,305.0,1454.0,656.0,000000000000000007ea,178.241877829472,C0707C08
463.0,1759.0,1418.0,251.0,311.0,1009.0,992.0,321.0,168.0,1947.0,1538.0,477.0,661.0,1282.0,183.0,1641.0,1112.0,639.0,962.0,420.0,2123.0,166.0,362.0,767.0,849.0,331.0,619.0,319.0,2007.0,987.0,203.0,1790.0,774.0,233.0,323.0,521.0,1486.0,574.0,123.0,1135.0,1898.0,282.0,1851.0,964.0,1530.0,530.0,301.0,229.0,1502.0,736.0,1800.0,162.0,224.0,644.0,1531.0,422.0,358.0,707.0,304.0,1461.0,666.0,000000000000000007eb,176.511016897631,C0707C09
483.0,1814.0,1448.0,268.0,341.0,1029.0,1001.0,350.0,184.0,2015.0,1588.0,504.0,695.0,1314.0,201.0,1690.0,1136.0,645.0,981.0,440.0,2210.0,183.0,387.0,776.0,870.0,354.0,659.0,336.0,2058.0,1010.0,226.0,1859.0,793.0,261.0,348.0,543.0,1520.0,589.0,151.0,1186.0,1966.0,315.0,1904.0,971.0,1557.0,550.0,326.0,242.0,1531.0,754.0,1856.0,191.0,242.0,656.0,1569.0,439.0,392.0,726.0,321.0,1499.0,695.0,000000000000000007ec,105.349906634273,C0707C10
446.0,1702.0,1348.0,245.0,309.0,979.0,962.0,319.0,173.0,1859.0,1484.0,458.0,642.0,1219.0,181.0,1584.0,1055.0,613.0,926.0,400.0,2051.0,164.0,350.0,740.0,800.0,320.0,575.0,306.0,1938.0,951.0,195.0,1724.0,746.0,236.0,308.0,501.0,1442.0,552.0,128.0,1083.0,1816.0,269.0,1787.0,937.0,1487.0,513.0,295.0,229.0,1466.0,703.0,1740.0,156.0,225.0,623.0,1472.0,400.0,342.0,678.0,298.0,1422.0,646.0,000000000000000007ed,75.7277369660827,C0707C11
415.0,1677.0,1288.0,193.0,272.0,893.0,893.0,291.0,151.0,1724.0,1398.0,417.0,589.0,1142.0,158.0,1571.0,1036.0,596.0,855.0,375.0,1938.0,131.0,303.0,737.0,778.0,288.0,497.0,261.0,1895.0,874.0,169.0,1651.0,713.0,214.0,291.0,457.0,1377.0,522.0,102.0,1013.0,1726.0,230.0,1721.0,872.0,1407.0,475.0,251.0,201.0,1405.0,656.0,1672.0,135.0,188.0,585.0,1420.0,383.0,311.0,662.0,262.0,1365.0,608.0,000000000000000007ee,98.4507494984115,C0707C13
446.0,1730.0,1389.0,227.0,290.0,963.0,954.0,300.0,157.0,1869.0,1483.0,451.0,626.0,1248.0,172.0,1619.0,1101.0,647.0,924.0,399.0,2038.0,146.0,337.0,775.0,850.0,316.0,549.0,293.0,1978.0,955.0,184.0,1726.0,763.0,225.0,304.0,498.0,1440.0,551.0,118.0,1082.0,1840.0,271.0,1795.0,942.0,1502.0,513.0,271.0,224.0,1460.0,736.0,1744.0,142.0,219.0,619.0,1508.0,409.0,347.0,707.0,294.0,1442.0,635.0,000000000000000007ef,333.513580628177,C0707C14
416.0,1658.0,1289.0,210.0,273.0,894.0,894.0,293.0,167.0,1730.0,1405.0,418.0,595.0,1144.0,162.0,1553.0,1026.0,587.0,856.0,376.0,1947.0,146.0,310.0,729.0,757.0,293.0,502.0,278.0,1869.0,868.0,176.0,1651.0,716.0,225.0,296.0,459.0,1379.0,524.0,105.0,1026.0,1719.0,230.0,1726.0,867.0,1408.0,473.0,273.0,214.0,1413.0,653.0,1678.0,137.0,192.0,580.0,1397.0,377.0,309.0,659.0,268.0,1361.0,616.0,000000000000000007f0,120.533522613525,C0707C84
454.0,1716.0,1393.0,203.0,248.0,899.0,904.0,256.0,132.0,1818.0,1452.0,454.0,587.0,1236.0,143.0,1612.0,1131.0,653.0,877.0,400.0,1976.0,134.0,289.0,783.0,889.0,306.0,525.0,262.0,1966.0,923.0,171.0,1683.0,747.0,186.0,288.0,466.0,1395.0,504.0,99.0,1057.0,1816.0,251.0,1739.0,904.0,1466.0,463.0,235.0,203.0,1410.0,729.0,1705.0,128.0,182.0,583.0,1503.0,428.0,325.0,699.0,249.0,1426.0,601.0,000000000000000007f1,232.161740532684,C0707F01
439.0,1752.0,1369.0,199.0,258.0,897.0,901.0,268.0,143.0,1806.0,1460.0,439.0,589.0,1214.0,149.0,1646.0,1126.0,651.0,876.0,391.0,1997.0,131.0,286.0,787.0,875.0,307.0,477.0,251.0,1991.0,910.0,169.0,1702.0,749.0,196.0,282.0,466.0,1413.0,515.0,105.0,1056.0,1825.0,236.0,1762.0,899.0,1467.0,461.0,229.0,199.0,1433.0,716.0,1721.0,129.0,184.0,589.0,1509.0,417.0,308.0,707.0,254.0,1433.0,608.0,000000000000000007f2,142.932621551552,C0707F03
439.0,1736.0,1357.0,192.0,258.0,899.0,902.0,268.0,136.0,1806.0,1454.0,439.0,589.0,1204.0,149.0,1633.0,1111.0,649.0,875.0,390.0,1985.0,125.0,286.0,783.0,865.0,307.0,478.0,244.0,1977.0,910.0,169.0,1697.0,747.0,195.0,280.0,466.0,1407.0,518.0,105.0,1046.0,1813.0,237.0,1760.0,898.0,1464.0,461.0,220.0,192.0,1427.0,716.0,1719.0,129.0,184.0,589.0,1507.0,414.0,309.0,704.0,254.0,1427.0,608.0,000000000000000007f3,206.979272376089,C0707F05
454.0,1706.0,1393.0,203.0,255.0,913.0,913.0,264.0,129.0,1824.0,1455.0,454.0,601.0,1236.0,155.0,1603.0,1122.0,649.0,884.0,400.0,1981.0,139.0,303.0,779.0,881.0,303.0,539.0,267.0,1953.0,933.0,176.0,1683.0,749.0,200.0,297.0,476.0,1395.0,514.0,109.0,1058.0,1818.0,264.0,1734.0,913.0,1474.0,480.0,236.0,203.0,1414.0,729.0,1703.0,132.0,192.0,592.0,1493.0,422.0,340.0,699.0,265.0,1425.0,612.0,000000000000000007f4,239.231130794805,C0707F08
441.0,1717.0,1368.0,201.0,266.0,922.0,922.0,276.0,138.0,1815.0,1460.0,441.0,606.0,1215.0,155.0,1609.0,1100.0,643.0,894.0,390.0,1990.0,131.0,309.0,771.0,858.0,306.0,515.0,262.0,1959.0,933.0,169.0,1682.0,748.0,199.0,280.0,482.0,1409.0,526.0,104.0,1050.0,1814.0,247.0,1744.0,919.0,1477.0,480.0,236.0,201.0,1428.0,725.0,1710.0,129.0,191.0,600.0,1490.0,410.0,317.0,699.0,264.0,1426.0,619.0,000000000000000007f5,197.230065951931,C0707F10
441.0,1721.0,1368.0,200.0,267.0,924.0,924.0,276.0,140.0,1824.0,1463.0,441.0,606.0,1216.0,161.0,1613.0,1100.0,642.0,896.0,390.0,1995.0,130.0,309.0,770.0,856.0,308.0,511.0,261.0,1963.0,934.0,174.0,1690.0,747.0,208.0,286.0,482.0,1413.0,526.0,107.0,1053.0,1817.0,253.0,1753.0,922.0,1480.0,478.0,237.0,200.0,1433.0,725.0,1720.0,133.0,199.0,599.0,1497.0,410.0,325.0,698.0,274.0,1427.0,618.0,000000000000000007f6,104.571610524563,C0707P02
458.0,1729.0,1353.0,269.0,352.0,1030.0,996.0,352.0,211.0,1871.0,1548.0,468.0,686.0,1231.0,209.0,1590.0,1041.0,606.0,962.0,412.0,2133.0,189.0,397.0,751.0,771.0,337.0,578.0,322.0,1916.0,983.0,233.0,1792.0,769.0,285.0,360.0,509.0,1503.0,564.0,158.0,1143.0,1840.0,304.0,1816.0,963.0,1516.0,533.0,338.0,251.0,1532.0,701.0,1783.0,200.0,248.0,636.0,1446.0,392.0,384.0,695.0,322.0,1468.0,691.0,000000000000000007f7,132.269027808976,C0707P05
454.0,1704.0,1393.0,203.0,255.0,913.0,913.0,265.0,128.0,1823.0,1461.0,454.0,601.0,1236.0,154.0,1597.0,1117.0,645.0,884.0,400.0,1984.0,134.0,304.0,775.0,877.0,303.0,532.0,267.0,1949.0,928.0,176.0,1682.0,749.0,196.0,296.0,476.0,1401.0,514.0,107.0,1059.0,1816.0,263.0,1737.0,913.0,1481.0,481.0,235.0,203.0,1420.0,729.0,1702.0,132.0,191.0,592.0,1488.0,422.0,340.0,699.0,265.0,1431.0,610.0,000000000000000007f8,480.307780028545,C0707P06
498.0,1821.0,1427.0,317.0,402.0,1144.0,1082.0,392.0,228.0,2068.0,1714.0,519.0,777.0,1353.0,249.0,1675.0,1085.0,640.0,1060.0,457.0,2337.0,222.0,480.0,776.0,828.0,381.0,724.0,342.0,1978.0,1107.0,284.0,1970.0,814.0,327.0,395.0,568.0,1611.0,607.0,206.0,1279.0,2042.0,362.0,1919.0,1039.0,1634.0,576.0,364.0,266.0,1641.0,766.0,1915.0,240.0,298.0,694.0,1546.0,426.0,440.0,749.0,374.0,1589.0,776.0,000000000000000007f9,107.977209659538,C0707P08
439.0,1738.0,1345.0,209.0,280.0,923.0,923.0,290.0,153.0,1799.0,1448.0,439.0,618.0,1191.0,163.0,1637.0,1090.0,634.0,894.0,392.0,2001.0,139.0,310.0,769.0,831.0,307.0,514.0,276.0,1974.0,913.0,177.0,1700.0,747.0,220.0,300.0,492.0,1419.0,550.0,115.0,1047.0,1802.0,246.0,1776.0,913.0,1465.0,488.0,255.0,213.0,1442.0,705.0,1726.0,136.0,200.0,618.0,1496.0,409.0,321.0,692.0,276.0,1422.0,637.0,000000000000000007fa,207.104444321532,C0707P09
408.0,1311.0,1070.0,294.0,385.0,827.0,827.0,420.0,336.0,1143.0,1158.0,480.0,556.0,895.0,293.0,1203.0,785.0,598.0,827.0,408.0,1315.0,294.0,405.0,681.0,685.0,361.0,481.0,315.0,1261.0,717.0,289.0,1258.0,722.0,349.0,352.0,472.0,1186.0,519.0,203.0,923.0,1194.0,303.0,1294.0,763.0,1079.0,472.0,357.0,305.0,1139.0,598.0,1138.0,264.0,259.0,528.0,975.0,374.0,372.0,667.0,326.0,1102.0,613.0,000000000000000007fb,68.418101941762,C0707R01
414.0,1445.0,1116.0,289.0,334.0,855.0,843.0,360.0,291.0,1341.0,1259.0,441.0,567.0,936.0,233.0,1303.0,849.0,549.0,825.0,392.0,1592.0,248.0,355.0,674.0,640.0,325.0,490.0,338.0,1493.0,778.0,242.0,1392.0,699.0,318.0,355.0,442.0,1268.0,500.0,170.0,928.0,1375.0,283.0,1447.0,801.0,1198.0,468.0,363.0,293.0,1261.0,578.0,1358.0,219.0,236.0,537.0,1095.0,368.0,361.0,621.0,310.0,1203.0,611.0,000000000000000007fc,101.629557415069,C0707R02
416.0,1658.0,1288.0,210.0,271.0,893.0,893.0,291.0,167.0,1726.0,1404.0,418.0,591.0,1143.0,162.0,1553.0,1026.0,587.0,855.0,376.0,1944.0,146.0,306.0,730.0,758.0,292.0,498.0,279.0,1868.0,867.0,176.0,1648.0,716.0,226.0,296.0,456.0,1379.0,520.0,105.0,1025.0,1717.0,230.0,1722.0,866.0,1407.0,469.0,273.0,214.0,1412.0,653.0,1674.0,136.0,192.0,577.0,1395.0,377.0,309.0,659.0,268.0,1361.0,612.0,000000000000000007fd,143.642550653075,C0707R03
447.0,1694.0,1320.0,253.0,338.0,992.0,966.0,340.0,206.0,1804.0,1502.0,457.0,658.0,1189.0,193.0,1559.0,1022.0,590.0,928.0,399.0,2069.0,175.0,378.0,737.0,748.0,327.0,552.0,311.0,1878.0,947.0,220.0,1743.0,753.0,273.0,349.0,486.0,1466.0,549.0,144.0,1109.0,1784.0,284.0,1778.0,930.0,1475.0,522.0,328.0,242.0,1494.0,679.0,1738.0,187.0,233.0,614.0,1407.0,389.0,371.0,679.0,312.0,1428.0,669.0,000000000000000007fe,93.2125422310075,C0707R05
421.0,1649.0,1268.0,221.0,288.0,876.0,867.0,314.0,212.0,1611.0,1405.0,425.0,584.0,1079.0,182.0,1535.0,1024.0,586.0,851.0,385.0,1867.0,169.0,307.0,740.0,749.0,315.0,504.0,295.0,1793.0,846.0,204.0,1622.0,727.0,277.0,345.0,451.0,1401.0,527.0,123.0,1040.0,1627.0,252.0,1683.0,838.0,1366.0,468.0,295.0,232.0,1420.0,619.0,1613.0,173.0,207.0,565.0,1322.0,386.0,337.0,671.0,291.0,1351.0,632.0,000000000000000007ff,89.7726880682568,C0707R85
449.0,1684.0,1307.0,281.0,350.0,1014.0,976.0,350.0,226.0,1822.0,1534.0,459.0,673.0,1194.0,217.0,1546.0,1007.0,586.0,939.0,410.0,2089.0,204.0,401.0,734.0,738.0,331.0,554.0,325.0,1854.0,967.0,239.0,1757.0,758.0,295.0,357.0,493.0,1484.0,542.0,170.0,1116.0,1796.0,301.0,1760.0,942.0,1484.0,523.0,347.0,259.0,1503.0,684.0,1743.0,202.0,254.0,622.0,1401.0,380.0,377.0,684.0,329.0,1447.0,686.0,00000000000000000800,411.825038064278,C0707W01
417.0,1651.0,1275.0,214.0,268.0,869.0,858.0,289.0,200.0,1648.0,1387.0,417.0,581.0,1101.0,163.0,1532.0,1026.0,588.0,842.0,376.0,1886.0,157.0,293.0,737.0,755.0,305.0,486.0,294.0,1815.0,836.0,187.0,1633.0,724.0,250.0,328.0,441.0,1381.0,518.0,113.0,1030.0,1646.0,242.0,1696.0,834.0,1359.0,456.0,294.0,225.0,1406.0,623.0,1632.0,156.0,192.0,566.0,1342.0,379.0,328.0,670.0,277.0,1343.0,621.0,00000000000000000801,241.659804383169,C0707W02
439.0,1670.0,1305.0,264.0,336.0,984.0,956.0,336.0,215.0,1774.0,1493.0,449.0,648.0,1174.0,198.0,1536.0,1006.0,580.0,913.0,399.0,2049.0,187.0,375.0,729.0,734.0,320.0,531.0,314.0,1841.0,936.0,223.0,1726.0,747.0,284.0,348.0,475.0,1461.0,530.0,151.0,1097.0,1759.0,285.0,1746.0,922.0,1461.0,502.0,336.0,248.0,1480.0,673.0,1718.0,192.0,236.0,603.0,1384.0,375.0,368.0,673.0,312.0,1418.0,662.0,00000000000000000802,218.583614321577,C0707W05
476.0,1770.0,1385.0,289.0,368.0,1072.0,1027.0,371.0,212.0,1961.0,1605.0,489.0,713.0,1282.0,222.0,1630.0,1067.0,622.0,1000.0,428.0,2213.0,193.0,428.0,759.0,800.0,353.0,657.0,327.0,1966.0,1029.0,244.0,1853.0,786.0,290.0,364.0,535.0,1540.0,580.0,173.0,1186.0,1928.0,320.0,1859.0,993.0,1563.0,555.0,345.0,253.0,1567.0,729.0,1834.0,211.0,267.0,659.0,1502.0,407.0,399.0,713.0,339.0,1514.0,717.0,00000000000000000803,192.6781188775,C0707W06
489.0,1835.0,1439.0,316.0,390.0,1119.0,1068.0,381.0,222.0,2076.0,1695.0,509.0,762.0,1358.0,240.0,1685.0,1097.0,642.0,1049.0,448.0,2344.0,222.0,461.0,781.0,844.0,367.0,725.0,345.0,2002.0,1089.0,274.0,1970.0,817.0,317.0,384.0,566.0,1593.0,605.0,191.0,1278.0,2054.0,351.0,1935.0,1020.0,1622.0,564.0,368.0,267.0,1625.0,768.0,1916.0,232.0,289.0,685.0,1553.0,419.0,427.0,754.0,367.0,1567.0,759.0,00000000000000000804,158.860666268354,C0707W09
468.0,1731.0,1353.0,283.0,361.0,1040.0,1001.0,361.0,220.0,1870.0,1558.0,479.0,694.0,1231.0,217.0,1589.0,1042.0,614.0,968.0,427.0,2139.0,204.0,408.0,761.0,771.0,345.0,577.0,336.0,1911.0,991.0,235.0,1798.0,781.0,300.0,364.0,514.0,1514.0,565.0,168.0,1146.0,1839.0,306.0,1814.0,972.0,1520.0,540.0,352.0,261.0,1539.0,710.0,1785.0,203.0,257.0,641.0,1445.0,397.0,385.0,704.0,330.0,1476.0,701.0,00000000000000000805,188.762842429894,C0707W10
478.0,1767.0,1374.0,294.0,372.0,1068.0,1029.0,372.0,225.0,1918.0,1597.0,488.0,712.0,1261.0,230.0,1622.0,1058.0,626.0,999.0,432.0,2188.0,213.0,428.0,770.0,791.0,356.0,627.0,345.0,1945.0,1019.0,248.0,1836.0,795.0,310.0,372.0,531.0,1539.0,574.0,180.0,1177.0,1888.0,318.0,1845.0,994.0,1548.0,555.0,363.0,271.0,1567.0,727.0,1821.0,210.0,270.0,655.0,1476.0,407.0,393.0,718.0,345.0,1506.0,717.0,00000000000000000806,264.80936217503,C0707W68
454.0,1704.0,1383.0,203.0,255.0,913.0,913.0,265.0,129.0,1823.0,1451.0,454.0,601.0,1228.0,154.0,1599.0,1111.0,646.0,884.0,400.0,1983.0,136.0,303.0,776.0,872.0,303.0,532.0,267.0,1950.0,929.0,176.0,1683.0,749.0,198.0,296.0,475.0,1392.0,514.0,108.0,1052.0,1816.0,263.0,1737.0,912.0,1471.0,480.0,235.0,203.0,1412.0,729.0,1704.0,132.0,191.0,591.0,1489.0,422.0,339.0,699.0,265.0,1421.0,611.0,00000000000000000807,80.839001357483,C0707X01
397.0,1543.0,1166.0,229.0,292.0,818.0,813.0,323.0,239.0,1417.0,1306.0,417.0,543.0,968.0,192.0,1416.0,938.0,558.0,813.0,378.0,1663.0,190.0,301.0,702.0,703.0,310.0,462.0,292.0,1604.0,773.0,197.0,1498.0,698.0,293.0,326.0,428.0,1321.0,501.0,137.0,977.0,1455.0,239.0,1546.0,773.0,1236.0,435.0,302.0,234.0,1315.0,571.0,1441.0,179.0,206.0,524.0,1185.0,378.0,313.0,648.0,284.0,1255.0,602.0,00000000000000000808,124.121798217239,C0707X02
408.0,1645.0,1262.0,215.0,260.0,846.0,836.0,280.0,199.0,1620.0,1369.0,408.0,565.0,1084.0,160.0,1530.0,1021.0,583.0,828.0,367.0,1855.0,157.0,279.0,731.0,753.0,297.0,476.0,296.0,1806.0,822.0,174.0,1618.0,706.0,247.0,321.0,430.0,1368.0,507.0,108.0,1010.0,1629.0,230.0,1681.0,817.0,1342.0,447.0,295.0,227.0,1388.0,611.0,1611.0,148.0,189.0,555.0,1342.0,377.0,320.0,658.0,271.0,1332.0,603.0,00000000000000000809,238.945748590073,C0707X04
442.0,1713.0,1368.0,201.0,266.0,922.0,922.0,276.0,137.0,1819.0,1461.0,442.0,609.0,1215.0,161.0,1603.0,1094.0,640.0,893.0,390.0,1994.0,130.0,314.0,768.0,854.0,304.0,521.0,262.0,1955.0,931.0,177.0,1681.0,748.0,207.0,293.0,484.0,1408.0,523.0,107.0,1050.0,1816.0,261.0,1740.0,921.0,1480.0,482.0,238.0,201.0,1428.0,728.0,1707.0,134.0,200.0,599.0,1483.0,411.0,335.0,699.0,277.0,1424.0,619.0,0000000000000000080a,149.090610309681,C0707X05
441.0,1716.0,1387.0,215.0,282.0,951.0,941.0,292.0,147.0,1847.0,1470.0,451.0,615.0,1244.0,169.0,1607.0,1101.0,640.0,912.0,399.0,2014.0,138.0,324.0,766.0,856.0,313.0,558.0,278.0,1965.0,950.0,177.0,1699.0,747.0,210.0,292.0,493.0,1421.0,540.0,110.0,1072.0,1826.0,260.0,1766.0,931.0,1489.0,505.0,257.0,213.0,1439.0,727.0,1718.0,135.0,210.0,614.0,1493.0,411.0,334.0,697.0,290.0,1430.0,625.0,0000000000000000080b,108.130903158756,C0708C01
426.0,1463.0,1142.0,293.0,357.0,868.0,859.0,389.0,311.0,1312.0,1269.0,469.0,571.0,948.0,256.0,1330.0,875.0,590.0,850.0,410.0,1557.0,264.0,377.0,713.0,692.0,348.0,496.0,336.0,1466.0,782.0,263.0,1400.0,736.0,340.0,368.0,462.0,1291.0,522.0,184.0,974.0,1360.0,295.0,1449.0,813.0,1194.0,473.0,368.0,299.0,1265.0,601.0,1328.0,240.0,244.0,546.0,1093.0,386.0,368.0,670.0,321.0,1213.0,631.0,0000000000000000080c,69.7866974899387,C0708C02
462.0,1756.0,1404.0,255.0,328.0,1009.0,985.0,338.0,176.0,1940.0,1543.0,482.0,668.0,1269.0,193.0,1633.0,1099.0,632.0,961.0,420.0,2133.0,175.0,379.0,762.0,838.0,337.0,632.0,322.0,1994.0,985.0,215.0,1793.0,772.0,248.0,335.0,524.0,1485.0,571.0,139.0,1140.0,1893.0,297.0,1842.0,956.0,1523.0,536.0,311.0,232.0,1504.0,733.0,1798.0,176.0,233.0,640.0,1518.0,420.0,374.0,705.0,312.0,1461.0,673.0,0000000000000000080d,151.947443918732,C0708C03
458.0,1681.0,1328.0,277.0,348.0,991.0,962.0,356.0,233.0,1767.0,1502.0,468.0,656.0,1183.0,213.0,1538.0,1022.0,595.0,923.0,416.0,2050.0,204.0,389.0,754.0,730.0,336.0,554.0,332.0,1842.0,943.0,239.0,1729.0,771.0,302.0,370.0,479.0,1470.0,537.0,163.0,1113.0,1753.0,303.0,1755.0,930.0,1466.0,523.0,356.0,262.0,1497.0,680.0,1726.0,203.0,252.0,612.0,1375.0,395.0,392.0,697.0,328.0,1431.0,682.0,0000000000000000080e,59.6000872173768,C0708C04
454.0,1740.0,1403.0,241.0,300.0,985.0,975.0,310.0,159.0,1897.0,1501.0,465.0,639.0,1273.0,177.0,1627.0,1101.0,637.0,942.0,411.0,2071.0,147.0,349.0,764.0,850.0,325.0,605.0,301.0,1989.0,968.0,189.0,1754.0,762.0,228.0,311.0,504.0,1455.0,560.0,118.0,1113.0,1860.0,277.0,1817.0,952.0,1519.0,527.0,282.0,225.0,1478.0,729.0,1764.0,155.0,222.0,626.0,1516.0,417.0,355.0,699.0,301.0,1447.0,645.0,0000000000000000080f,114.438744261354,C0708C05
430.0,1766.0,1335.0,201.0,265.0,893.0,890.0,282.0,162.0,1772.0,1441.0,430.0,608.0,1170.0,157.0,1661.0,1102.0,632.0,873.0,390.0,1999.0,140.0,293.0,777.0,843.0,309.0,484.0,271.0,1980.0,891.0,169.0,1712.0,738.0,218.0,298.0,470.0,1412.0,539.0,104.0,1048.0,1803.0,229.0,1773.0,883.0,1441.0,465.0,252.0,211.0,1432.0,680.0,1729.0,137.0,184.0,598.0,1485.0,402.0,308.0,693.0,263.0,1413.0,631.0,00000000000000000810,82.6330947409424,C0708F01
443.0,1705.0,1381.0,201.0,264.0,922.0,922.0,274.0,132.0,1821.0,1459.0,443.0,599.0,1226.0,160.0,1594.0,1104.0,640.0,893.0,390.0,1986.0,129.0,314.0,769.0,863.0,300.0,528.0,264.0,1947.0,932.0,176.0,1681.0,749.0,203.0,294.0,476.0,1403.0,514.0,108.0,1056.0,1812.0,262.0,1741.0,922.0,1479.0,489.0,236.0,201.0,1423.0,729.0,1705.0,133.0,200.0,589.0,1483.0,411.0,337.0,699.0,278.0,1426.0,608.0,00000000000000000811,153.42538261825,C0708F02
427.0,1704.0,1326.0,210.0,280.0,925.0,923.0,295.0,157.0,1783.0,1438.0,431.0,610.0,1178.0,162.0,1600.0,1058.0,618.0,887.0,381.0,1994.0,141.0,317.0,755.0,796.0,298.0,516.0,277.0,1937.0,909.0,180.0,1682.0,737.0,219.0,303.0,478.0,1409.0,537.0,110.0,1036.0,1778.0,250.0,1758.0,907.0,1453.0,491.0,263.0,213.0,1435.0,690.0,1711.0,141.0,200.0,603.0,1457.0,392.0,327.0,680.0,273.0,1403.0,626.0,00000000000000000812,330.368582609339,C0708F03
430.0,1766.0,1335.0,201.0,265.0,893.0,890.0,282.0,162.0,1772.0,1441.0,430.0,608.0,1170.0,157.0,1661.0,1102.0,632.0,873.0,390.0,1999.0,140.0,293.0,777.0,843.0,309.0,484.0,271.0,1980.0,891.0,169.0,1712.0,738.0,218.0,298.0,470.0,1412.0,539.0,104.0,1048.0,1803.0,229.0,1773.0,883.0,1441.0,465.0,252.0,211.0,1432.0,680.0,1729.0,137.0,184.0,598.0,1485.0,402.0,308.0,693.0,263.0,1413.0,631.0,00000000000000000813,79.6942592078838,C0708F05
427.0,1705.0,1322.0,208.0,280.0,914.0,913.0,296.0,157.0,1768.0,1428.0,430.0,609.0,1174.0,162.0,1601.0,1060.0,610.0,877.0,383.0,1981.0,140.0,314.0,748.0,798.0,297.0,514.0,277.0,1934.0,897.0,174.0,1677.0,728.0,219.0,296.0,476.0,1403.0,538.0,108.0,1035.0,1768.0,240.0,1752.0,896.0,1442.0,490.0,263.0,213.0,1429.0,678.0,1704.0,137.0,197.0,604.0,1453.0,393.0,318.0,673.0,272.0,1395.0,627.0,00000000000000000814,191.615430471417,C0708F09
424.0,1646.0,1267.0,223.0,286.0,879.0,867.0,313.0,212.0,1626.0,1401.0,426.0,585.0,1084.0,174.0,1532.0,1024.0,587.0,851.0,386.0,1868.0,168.0,306.0,738.0,749.0,315.0,505.0,299.0,1795.0,848.0,202.0,1629.0,724.0,264.0,344.0,451.0,1397.0,527.0,121.0,1035.0,1629.0,253.0,1691.0,843.0,1366.0,471.0,299.0,233.0,1416.0,621.0,1622.0,172.0,201.0,570.0,1332.0,387.0,340.0,670.0,279.0,1349.0,631.0,00000000000000000815,84.791757524854,C0708P01
389.0,1295.0,1041.0,276.0,366.0,789.0,781.0,394.0,311.0,1115.0,1139.0,453.0,526.0,863.0,257.0,1176.0,758.0,557.0,793.0,389.0,1294.0,262.0,375.0,655.0,659.0,343.0,465.0,303.0,1248.0,693.0,254.0,1222.0,691.0,327.0,334.0,450.0,1166.0,498.0,179.0,901.0,1170.0,278.0,1258.0,737.0,1062.0,451.0,344.0,282.0,1131.0,557.0,1115.0,231.0,234.0,507.0,947.0,362.0,343.0,641.0,301.0,1097.0,589.0,00000000000000000816,40.0932870366262,C0708P02
406.0,1641.0,1250.0,214.0,267.0,849.0,839.0,287.0,203.0,1604.0,1370.0,411.0,563.0,1066.0,166.0,1524.0,1014.0,579.0,831.0,371.0,1844.0,160.0,284.0,732.0,746.0,302.0,477.0,289.0,1789.0,820.0,185.0,1613.0,709.0,251.0,323.0,432.0,1372.0,508.0,112.0,1014.0,1618.0,232.0,1671.0,815.0,1337.0,449.0,289.0,223.0,1390.0,605.0,1601.0,160.0,188.0,550.0,1327.0,378.0,320.0,659.0,270.0,1327.0,608.0,00000000000000000817,206.399287548006,C0708P04
408.0,1638.0,1271.0,204.0,272.0,872.0,872.0,290.0,169.0,1695.0,1387.0,408.0,580.0,1118.0,162.0,1530.0,1014.0,577.0,834.0,368.0,1914.0,148.0,302.0,724.0,748.0,287.0,495.0,277.0,1841.0,845.0,176.0,1632.0,714.0,229.0,299.0,442.0,1362.0,514.0,106.0,1014.0,1681.0,228.0,1702.0,845.0,1381.0,466.0,274.0,212.0,1391.0,642.0,1653.0,137.0,191.0,569.0,1367.0,368.0,310.0,652.0,266.0,1341.0,606.0,00000000000000000818,168.2028795574,C0708P06
432.0,1616.0,1287.0,249.0,318.0,921.0,904.0,335.0,231.0,1639.0,1414.0,443.0,603.0,1106.0,194.0,1488.0,1003.0,581.0,871.0,397.0,1903.0,188.0,344.0,743.0,717.0,317.0,531.0,329.0,1769.0,872.0,220.0,1611.0,747.0,294.0,366.0,442.0,1407.0,507.0,133.0,1047.0,1622.0,278.0,1689.0,881.0,1384.0,494.0,332.0,247.0,1432.0,641.0,1641.0,185.0,225.0,567.0,1307.0,385.0,369.0,676.0,308.0,1362.0,640.0,00000000000000000819,89.8999093789272,C0708P09
407.0,1640.0,1273.0,204.0,270.0,872.0,872.0,289.0,169.0,1695.0,1384.0,407.0,579.0,1122.0,162.0,1533.0,1016.0,577.0,834.0,367.0,1916.0,148.0,301.0,724.0,749.0,284.0,494.0,278.0,1843.0,844.0,177.0,1630.0,711.0,229.0,300.0,443.0,1361.0,512.0,105.0,1014.0,1685.0,228.0,1699.0,844.0,1381.0,465.0,273.0,213.0,1390.0,642.0,1651.0,136.0,191.0,568.0,1369.0,367.0,310.0,652.0,267.0,1341.0,605.0,0000000000000000081a,130.513375638277,C0708R01
419.0,1390.0,1107.0,286.0,374.0,841.0,833.0,404.0,319.0,1215.0,1217.0,468.0,568.0,922.0,262.0,1270.0,831.0,595.0,841.0,409.0,1417.0,275.0,393.0,696.0,701.0,361.0,490.0,320.0,1354.0,750.0,258.0,1316.0,732.0,335.0,345.0,474.0,1244.0,530.0,187.0,958.0,1270.0,286.0,1362.0,787.0,1141.0,471.0,363.0,297.0,1215.0,595.0,1224.0,237.0,242.0,540.0,1033.0,381.0,355.0,677.0,317.0,1169.0,623.0,0000000000000000081b,65.530329192056,C0708R02
424.0,1458.0,1130.0,312.0,352.0,881.0,871.0,378.0,307.0,1368.0,1282.0,451.0,584.0,956.0,243.0,1315.0,857.0,558.0,847.0,400.0,1622.0,265.0,379.0,685.0,646.0,335.0,512.0,358.0,1511.0,804.0,257.0,1416.0,711.0,328.0,365.0,454.0,1284.0,514.0,183.0,943.0,1397.0,293.0,1464.0,825.0,1216.0,492.0,386.0,312.0,1278.0,593.0,1377.0,229.0,249.0,552.0,1112.0,374.0,376.0,631.0,322.0,1219.0,628.0,0000000000000000081c,38.6244427786198,C0708R03
412.0,1453.0,1119.0,281.0,332.0,842.0,831.0,359.0,296.0,1321.0,1257.0,444.0,556.0,933.0,231.0,1313.0,856.0,560.0,822.0,393.0,1573.0,247.0,354.0,684.0,660.0,324.0,479.0,336.0,1477.0,768.0,243.0,1392.0,707.0,325.0,354.0,442.0,1271.0,497.0,167.0,944.0,1361.0,279.0,1443.0,790.0,1190.0,460.0,359.0,290.0,1257.0,578.0,1342.0,214.0,234.0,529.0,1091.0,371.0,351.0,638.0,311.0,1204.0,607.0,0000000000000000081d,120.385392882574,C0708R04
421.0,1649.0,1267.0,221.0,287.0,876.0,867.0,314.0,211.0,1612.0,1406.0,425.0,584.0,1079.0,182.0,1535.0,1024.0,586.0,851.0,385.0,1869.0,169.0,307.0,739.0,749.0,315.0,504.0,295.0,1794.0,847.0,204.0,1622.0,726.0,277.0,344.0,451.0,1400.0,527.0,124.0,1040.0,1628.0,252.0,1682.0,838.0,1366.0,468.0,295.0,232.0,1420.0,619.0,1613.0,174.0,208.0,565.0,1322.0,385.0,337.0,670.0,290.0,1351.0,632.0,0000000000000000081e,54.9330460923939,C0708R08
416.0,1639.0,1278.0,213.0,282.0,877.0,867.0,303.0,202.0,1650.0,1392.0,416.0,583.0,1102.0,165.0,1520.0,1019.0,586.0,843.0,376.0,1893.0,157.0,306.0,737.0,742.0,305.0,502.0,291.0,1803.0,839.0,193.0,1628.0,728.0,253.0,333.0,441.0,1384.0,516.0,116.0,1034.0,1642.0,247.0,1699.0,839.0,1367.0,468.0,293.0,224.0,1412.0,629.0,1633.0,161.0,194.0,565.0,1336.0,376.0,333.0,667.0,280.0,1339.0,622.0,0000000000000000081f,104.419718379988,C0708X01
426.0,1635.0,1267.0,221.0,288.0,878.0,867.0,318.0,211.0,1613.0,1402.0,426.0,581.0,1082.0,183.0,1524.0,1021.0,586.0,847.0,386.0,1861.0,168.0,308.0,735.0,745.0,316.0,506.0,296.0,1782.0,847.0,204.0,1618.0,726.0,278.0,346.0,449.0,1395.0,524.0,126.0,1039.0,1617.0,255.0,1680.0,840.0,1366.0,469.0,297.0,232.0,1415.0,623.0,1611.0,173.0,212.0,564.0,1318.0,386.0,338.0,670.0,290.0,1346.0,628.0,00000000000000000820,38.0872913488811,C0708X02
417.0,1651.0,1275.0,214.0,268.0,869.0,858.0,289.0,200.0,1648.0,1387.0,417.0,581.0,1101.0,163.0,1532.0,1026.0,588.0,842.0,376.0,1886.0,157.0,293.0,737.0,755.0,305.0,486.0,294.0,1815.0,836.0,187.0,1633.0,724.0,250.0,328.0,441.0,1381.0,518.0,113.0,1030.0,1646.0,242.0,1696.0,834.0,1359.0,456.0,294.0,225.0,1406.0,623.0,1632.0,156.0,192.0,566.0,1342.0,379.0,328.0,670.0,277.0,1343.0,621.0,00000000000000000821,136.080053879874,C0708X03
427.0,1653.0,1281.0,223.0,280.0,884.0,867.0,308.0,212.0,1641.0,1394.0,427.0,575.0,1101.0,173.0,1536.0,1033.0,587.0,849.0,386.0,1878.0,167.0,299.0,736.0,755.0,315.0,494.0,302.0,1802.0,848.0,193.0,1633.0,724.0,261.0,329.0,442.0,1394.0,518.0,125.0,1041.0,1641.0,245.0,1701.0,847.0,1364.0,464.0,302.0,234.0,1413.0,623.0,1631.0,164.0,202.0,565.0,1339.0,388.0,328.0,669.0,280.0,1346.0,621.0,00000000000000000822,118.463522872218,C0708X04
401.0,1635.0,1245.0,206.0,254.0,834.0,824.0,273.0,186.0,1610.0,1351.0,401.0,552.0,1072.0,153.0,1517.0,1006.0,571.0,816.0,361.0,1844.0,150.0,273.0,714.0,744.0,291.0,466.0,285.0,1795.0,813.0,169.0,1604.0,693.0,237.0,314.0,419.0,1350.0,495.0,99.0,995.0,1623.0,228.0,1669.0,805.0,1328.0,438.0,284.0,217.0,1369.0,599.0,1601.0,139.0,181.0,543.0,1333.0,371.0,313.0,646.0,264.0,1318.0,590.0,00000000000000000823,62.3705766741228,C0708X05
405.0,1214.0,1080.0,317.0,389.0,788.0,807.0,449.0,365.0,1066.0,1055.0,523.0,533.0,890.0,355.0,1165.0,730.0,616.0,779.0,428.0,1190.0,341.0,436.0,694.0,664.0,374.0,489.0,317.0,1173.0,625.0,331.0,1204.0,747.0,378.0,355.0,458.0,1084.0,501.0,209.0,926.0,1100.0,331.0,1253.0,693.0,969.0,471.0,378.0,341.0,1030.0,595.0,1045.0,296.0,253.0,501.0,899.0,359.0,411.0,686.0,344.0,988.0,608.0,00000000000000000824,92.0892181957064,C0709C01
400.0,1115.0,995.0,317.0,358.0,727.0,727.0,392.0,339.0,1037.0,932.0,476.0,509.0,819.0,299.0,1002.0,670.0,523.0,707.0,388.0,1198.0,305.0,393.0,629.0,530.0,333.0,471.0,329.0,1098.0,601.0,304.0,1126.0,671.0,352.0,372.0,397.0,940.0,443.0,203.0,829.0,1024.0,326.0,1146.0,649.0,855.0,460.0,385.0,321.0,912.0,536.0,1026.0,269.0,258.0,469.0,814.0,345.0,395.0,593.0,341.0,865.0,559.0,00000000000000000825,86.4457746977829,C0709C02
427.0,1413.0,1129.0,306.0,383.0,871.0,870.0,422.0,340.0,1261.0,1222.0,480.0,580.0,942.0,288.0,1301.0,853.0,609.0,860.0,417.0,1486.0,295.0,402.0,722.0,703.0,361.0,510.0,340.0,1391.0,772.0,285.0,1358.0,750.0,354.0,367.0,483.0,1245.0,541.0,203.0,961.0,1299.0,305.0,1412.0,811.0,1151.0,487.0,384.0,317.0,1213.0,619.0,1278.0,255.0,260.0,551.0,1060.0,388.0,377.0,685.0,336.0,1161.0,644.0,00000000000000000826,83.0378992104293,C0709C03
405.0,1220.0,1022.0,316.0,376.0,790.0,790.0,407.0,340.0,1111.0,1055.0,475.0,539.0,856.0,302.0,1114.0,732.0,561.0,770.0,396.0,1297.0,309.0,406.0,658.0,599.0,347.0,485.0,328.0,1208.0,675.0,303.0,1196.0,697.0,357.0,364.0,438.0,1066.0,485.0,214.0,868.0,1127.0,314.0,1237.0,723.0,972.0,473.0,379.0,328.0,1037.0,578.0,1103.0,274.0,271.0,503.0,909.0,357.0,394.0,630.0,338.0,991.0,588.0,00000000000000000827,78.3393493078161,C0709C04
411.0,1220.0,1039.0,342.0,373.0,810.0,801.0,389.0,337.0,1202.0,1091.0,468.0,575.0,895.0,298.0,1107.0,717.0,521.0,771.0,391.0,1410.0,313.0,415.0,643.0,547.0,338.0,497.0,355.0,1225.0,712.0,315.0,1255.0,680.0,354.0,382.0,433.0,1068.0,480.0,219.0,875.0,1209.0,338.0,1269.0,731.0,1011.0,486.0,404.0,341.0,1054.0,576.0,1173.0,276.0,283.0,520.0,916.0,349.0,421.0,612.0,359.0,1003.0,607.0,00000000000000000828,63.0492859962639,C0709C09
382.0,1225.0,978.0,306.0,339.0,774.0,769.0,364.0,311.0,1150.0,1072.0,428.0,525.0,835.0,261.0,1114.0,723.0,511.0,742.0,367.0,1351.0,279.0,369.0,622.0,558.0,312.0,460.0,328.0,1240.0,685.0,274.0,1210.0,651.0,316.0,342.0,409.0,1066.0,460.0,192.0,828.0,1168.0,292.0,1237.0,709.0,999.0,449.0,368.0,303.0,1051.0,539.0,1152.0,245.0,245.0,490.0,929.0,335.0,359.0,583.0,314.0,1004.0,572.0,00000000000000000829,61.6247716006821,C0709F01
412.0,1349.0,1054.0,316.0,358.0,825.0,820.0,387.0,326.0,1240.0,1160.0,455.0,564.0,892.0,261.0,1213.0,788.0,549.0,802.0,392.0,1453.0,283.0,387.0,664.0,614.0,334.0,490.0,349.0,1354.0,734.0,281.0,1313.0,702.0,334.0,364.0,440.0,1172.0,491.0,198.0,895.0,1266.0,302.0,1336.0,765.0,1092.0,476.0,382.0,316.0,1150.0,579.0,1248.0,250.0,252.0,526.0,1016.0,358.0,379.0,626.0,325.0,1100.0,611.0,0000000000000000082a,28.949235019399,C0709F02
395.0,1219.0,1001.0,325.0,349.0,788.0,771.0,358.0,310.0,1237.0,1087.0,442.0,560.0,884.0,272.0,1111.0,710.0,491.0,744.0,376.0,1448.0,294.0,391.0,606.0,539.0,320.0,467.0,336.0,1237.0,708.0,295.0,1276.0,642.0,328.0,354.0,417.0,1057.0,458.0,212.0,858.0,1249.0,320.0,1271.0,712.0,1015.0,467.0,386.0,315.0,1048.0,551.0,1198.0,256.0,272.0,500.0,941.0,339.0,392.0,578.0,332.0,1002.0,582.0,0000000000000000082b,99.9931810346403,C0709F03
405.0,1389.0,1081.0,318.0,351.0,861.0,843.0,355.0,298.0,1386.0,1272.0,438.0,592.0,943.0,254.0,1256.0,789.0,511.0,816.0,383.0,1638.0,267.0,385.0,642.0,583.0,319.0,492.0,343.0,1433.0,806.0,281.0,1416.0,670.0,323.0,369.0,435.0,1240.0,482.0,199.0,920.0,1408.0,310.0,1419.0,797.0,1195.0,482.0,380.0,308.0,1239.0,575.0,1362.0,242.0,263.0,537.0,1073.0,350.0,389.0,602.0,331.0,1186.0,620.0,0000000000000000082c,233.611355302691,C0709F04
409.0,1328.0,1064.0,309.0,367.0,829.0,829.0,401.0,332.0,1195.0,1147.0,462.0,558.0,887.0,279.0,1210.0,793.0,573.0,811.0,395.0,1407.0,288.0,395.0,679.0,641.0,342.0,494.0,337.0,1310.0,722.0,284.0,1286.0,712.0,344.0,363.0,449.0,1162.0,506.0,200.0,906.0,1223.0,305.0,1324.0,764.0,1075.0,470.0,381.0,315.0,1130.0,587.0,1210.0,258.0,256.0,525.0,993.0,366.0,377.0,640.0,330.0,1084.0,611.0,0000000000000000082d,30.4670282260351,C0709F05
516.0,1844.0,1484.0,289.0,342.0,1064.0,1029.0,360.0,181.0,2128.0,1695.0,538.0,727.0,1336.0,219.0,1717.0,1174.0,687.0,1026.0,473.0,2292.0,200.0,409.0,791.0,928.0,379.0,799.0,335.0,2078.0,1077.0,256.0,1898.0,804.0,282.0,391.0,580.0,1599.0,618.0,167.0,1240.0,2082.0,376.0,1963.0,982.0,1629.0,546.0,315.0,245.0,1579.0,800.0,1885.0,233.0,282.0,670.0,1602.0,492.0,429.0,770.0,355.0,1534.0,727.0,0000000000000000082e,145.309725680437,C0709P03
405.0,1294.0,1062.0,294.0,384.0,815.0,818.0,421.0,335.0,1122.0,1142.0,479.0,549.0,886.0,294.0,1190.0,774.0,594.0,820.0,408.0,1285.0,294.0,404.0,677.0,684.0,363.0,476.0,311.0,1238.0,703.0,291.0,1242.0,715.0,344.0,348.0,467.0,1165.0,513.0,202.0,918.0,1173.0,305.0,1278.0,751.0,1062.0,466.0,356.0,304.0,1120.0,592.0,1114.0,266.0,253.0,518.0,961.0,369.0,373.0,662.0,324.0,1084.0,607.0,0000000000000000082f,88.473700296319,C0709P06
380.0,1199.0,985.0,302.0,344.0,772.0,766.0,381.0,323.0,1100.0,1032.0,445.0,518.0,825.0,277.0,1095.0,708.0,526.0,744.0,371.0,1297.0,292.0,380.0,624.0,564.0,314.0,470.0,324.0,1200.0,655.0,284.0,1174.0,667.0,332.0,346.0,415.0,1042.0,456.0,195.0,834.0,1118.0,295.0,1212.0,699.0,962.0,449.0,366.0,303.0,1015.0,544.0,1095.0,255.0,250.0,490.0,893.0,333.0,374.0,593.0,316.0,970.0,574.0,00000000000000000830,89.5363344567325,C0709P07
488.0,1787.0,1409.0,321.0,393.0,1121.0,1067.0,382.0,237.0,2019.0,1685.0,508.0,764.0,1328.0,250.0,1647.0,1066.0,629.0,1041.0,447.0,2289.0,228.0,466.0,768.0,808.0,373.0,707.0,351.0,1948.0,1086.0,282.0,1925.0,804.0,328.0,397.0,561.0,1586.0,599.0,203.0,1248.0,1996.0,357.0,1892.0,1024.0,1613.0,565.0,374.0,277.0,1621.0,753.0,1880.0,238.0,299.0,687.0,1514.0,419.0,439.0,741.0,370.0,1565.0,761.0,00000000000000000831,51.967440070422,C0709P09
490.0,1837.0,1440.0,312.0,384.0,1099.0,1051.0,376.0,222.0,2085.0,1688.0,511.0,759.0,1359.0,238.0,1689.0,1093.0,635.0,1033.0,449.0,2355.0,221.0,454.0,771.0,844.0,367.0,725.0,346.0,1999.0,1078.0,274.0,1976.0,809.0,316.0,388.0,561.0,1583.0,600.0,187.0,1279.0,2069.0,354.0,1948.0,1004.0,1612.0,556.0,368.0,267.0,1612.0,761.0,1918.0,231.0,288.0,676.0,1548.0,420.0,432.0,749.0,368.0,1555.0,759.0,00000000000000000832,168.203197829731,C0709P10
433.0,1433.0,1156.0,353.0,381.0,920.0,891.0,376.0,310.0,1548.0,1323.0,466.0,641.0,1055.0,289.0,1306.0,839.0,537.0,862.0,403.0,1764.0,291.0,434.0,667.0,638.0,346.0,527.0,363.0,1486.0,859.0,312.0,1548.0,700.0,357.0,395.0,462.0,1270.0,510.0,235.0,1007.0,1533.0,354.0,1530.0,843.0,1258.0,523.0,404.0,331.0,1275.0,627.0,1481.0,270.0,309.0,572.0,1172.0,370.0,436.0,635.0,372.0,1228.0,645.0,00000000000000000833,44.5483244145453,C0709R02
415.0,1486.0,1142.0,274.0,341.0,850.0,841.0,370.0,297.0,1339.0,1280.0,452.0,562.0,953.0,234.0,1351.0,884.0,577.0,838.0,403.0,1589.0,241.0,353.0,706.0,697.0,334.0,484.0,331.0,1495.0,777.0,238.0,1416.0,725.0,324.0,347.0,451.0,1303.0,514.0,166.0,972.0,1382.0,269.0,1478.0,802.0,1210.0,464.0,354.0,286.0,1277.0,589.0,1358.0,215.0,234.0,535.0,1114.0,383.0,347.0,660.0,311.0,1230.0,618.0,00000000000000000834,63.358071219023,C0709R04
455.0,1542.0,1205.0,344.0,389.0,961.0,935.0,389.0,312.0,1585.0,1417.0,479.0,667.0,1075.0,272.0,1403.0,890.0,568.0,905.0,422.0,1855.0,290.0,428.0,705.0,665.0,358.0,544.0,377.0,1615.0,899.0,293.0,1581.0,739.0,347.0,392.0,494.0,1375.0,543.0,221.0,1037.0,1604.0,333.0,1582.0,895.0,1351.0,533.0,409.0,333.0,1384.0,653.0,1535.0,255.0,293.0,610.0,1224.0,388.0,413.0,666.0,355.0,1332.0,678.0,00000000000000000835,71.170437854129,C0709R06
401.0,1180.0,1020.0,329.0,363.0,787.0,777.0,384.0,328.0,1154.0,1049.0,463.0,553.0,866.0,292.0,1073.0,694.0,510.0,748.0,381.0,1355.0,304.0,406.0,631.0,529.0,328.0,485.0,342.0,1183.0,682.0,306.0,1211.0,666.0,345.0,372.0,420.0,1034.0,463.0,208.0,852.0,1157.0,328.0,1228.0,708.0,972.0,474.0,394.0,334.0,1017.0,561.0,1131.0,270.0,274.0,503.0,881.0,339.0,408.0,600.0,346.0,964.0,585.0,00000000000000000836,77.2646595628678,C0709R07
398.0,1155.0,1010.0,321.0,356.0,767.0,759.0,384.0,327.0,1111.0,1012.0,466.0,536.0,846.0,293.0,1049.0,680.0,509.0,733.0,380.0,1306.0,301.0,399.0,627.0,521.0,323.0,479.0,335.0,1153.0,654.0,302.0,1177.0,661.0,347.0,369.0,412.0,1008.0,452.0,202.0,839.0,1107.0,324.0,1197.0,690.0,934.0,467.0,389.0,329.0,986.0,551.0,1094.0,268.0,270.0,492.0,856.0,337.0,400.0,593.0,341.0,933.0,573.0,00000000000000000837,79.5986400732215,C0709R08
381.0,1082.0,985.0,284.0,355.0,705.0,705.0,396.0,325.0,974.0,908.0,473.0,488.0,804.0,307.0,1021.0,663.0,545.0,686.0,381.0,1097.0,294.0,391.0,636.0,571.0,335.0,455.0,294.0,1055.0,566.0,289.0,1075.0,677.0,342.0,331.0,401.0,927.0,449.0,193.0,832.0,979.0,301.0,1127.0,628.0,828.0,433.0,346.0,304.0,890.0,535.0,964.0,267.0,243.0,454.0,793.0,341.0,373.0,624.0,312.0,843.0,545.0,00000000000000000838,18.5457803767472,C0709R09
400.0,1252.0,1085.0,299.0,367.0,813.0,817.0,413.0,343.0,1109.0,1103.0,485.0,531.0,874.0,301.0,1153.0,745.0,583.0,796.0,401.0,1282.0,306.0,396.0,683.0,620.0,339.0,485.0,318.0,1214.0,668.0,297.0,1232.0,728.0,351.0,362.0,432.0,1125.0,489.0,186.0,907.0,1133.0,309.0,1292.0,732.0,1016.0,462.0,372.0,318.0,1082.0,583.0,1113.0,268.0,246.0,500.0,904.0,355.0,393.0,660.0,328.0,1031.0,595.0,00000000000000000839,88.185635687895,C0709R10
449.0,1396.0,1130.0,362.0,387.0,892.0,882.0,398.0,338.0,1389.0,1273.0,484.0,628.0,979.0,287.0,1259.0,820.0,552.0,853.0,420.0,1638.0,313.0,430.0,691.0,613.0,357.0,538.0,385.0,1425.0,823.0,315.0,1435.0,725.0,366.0,405.0,461.0,1235.0,522.0,222.0,959.0,1409.0,349.0,1435.0,823.0,1191.0,527.0,432.0,350.0,1234.0,614.0,1361.0,270.0,297.0,573.0,1073.0,386.0,439.0,645.0,366.0,1179.0,656.0,0000000000000000083a,57.9616165359043,C0709R11
425.0,1358.0,1084.0,346.0,374.0,867.0,857.0,384.0,325.0,1362.0,1230.0,464.0,613.0,959.0,282.0,1231.0,797.0,537.0,829.0,406.0,1602.0,302.0,415.0,664.0,604.0,345.0,514.0,368.0,1387.0,802.0,306.0,1402.0,698.0,355.0,388.0,451.0,1191.0,507.0,227.0,937.0,1380.0,337.0,1400.0,802.0,1156.0,504.0,410.0,336.0,1191.0,598.0,1332.0,265.0,291.0,556.0,1052.0,367.0,419.0,626.0,356.0,1139.0,633.0,0000000000000000083b,77.6643332060915,C0709R12
422.0,1321.0,1066.0,345.0,372.0,850.0,839.0,382.0,325.0,1316.0,1194.0,463.0,600.0,938.0,280.0,1194.0,777.0,532.0,811.0,403.0,1551.0,304.0,412.0,656.0,588.0,343.0,505.0,366.0,1343.0,778.0,305.0,1364.0,693.0,352.0,385.0,443.0,1158.0,500.0,224.0,918.0,1337.0,335.0,1363.0,783.0,1117.0,501.0,410.0,335.0,1153.0,590.0,1291.0,268.0,288.0,543.0,1017.0,367.0,417.0,619.0,352.0,1099.0,624.0,0000000000000000083c,18.5861570939048,C0709R13
414.0,1303.0,1070.0,309.0,382.0,832.0,842.0,413.0,342.0,1156.0,1129.0,475.0,552.0,892.0,299.0,1200.0,784.0,593.0,822.0,404.0,1368.0,309.0,402.0,693.0,647.0,353.0,493.0,331.0,1266.0,715.0,303.0,1265.0,723.0,348.0,366.0,453.0,1157.0,513.0,203.0,912.0,1190.0,314.0,1314.0,764.0,1063.0,473.0,375.0,320.0,1119.0,594.0,1166.0,272.0,261.0,523.0,969.0,374.0,387.0,654.0,329.0,1063.0,612.0,0000000000000000083d,99.567069706812,C0709R15
412.0,1352.0,1086.0,337.0,357.0,862.0,838.0,357.0,301.0,1438.0,1233.0,449.0,600.0,983.0,271.0,1231.0,784.0,507.0,807.0,383.0,1652.0,281.0,405.0,635.0,595.0,327.0,492.0,351.0,1401.0,798.0,293.0,1450.0,666.0,341.0,371.0,433.0,1189.0,480.0,219.0,942.0,1431.0,331.0,1433.0,789.0,1168.0,492.0,391.0,321.0,1189.0,589.0,1380.0,254.0,289.0,535.0,1092.0,355.0,406.0,598.0,350.0,1145.0,610.0,0000000000000000083e,60.1751119147076,C0709R16
459.0,1579.0,1230.0,329.0,376.0,963.0,941.0,382.0,295.0,1607.0,1431.0,477.0,662.0,1088.0,251.0,1447.0,930.0,578.0,907.0,420.0,1903.0,270.0,413.0,724.0,677.0,351.0,545.0,376.0,1686.0,902.0,286.0,1609.0,744.0,332.0,396.0,485.0,1399.0,549.0,199.0,1041.0,1631.0,330.0,1621.0,894.0,1379.0,527.0,407.0,317.0,1411.0,650.0,1574.0,244.0,276.0,612.0,1249.0,398.0,414.0,671.0,347.0,1353.0,689.0,0000000000000000083f,102.866012163957,C0709R17
434.0,1434.0,1139.0,313.0,381.0,878.0,874.0,416.0,336.0,1291.0,1244.0,481.0,586.0,953.0,281.0,1312.0,861.0,603.0,863.0,419.0,1520.0,290.0,401.0,724.0,696.0,359.0,515.0,347.0,1427.0,781.0,288.0,1383.0,752.0,353.0,378.0,478.0,1261.0,537.0,204.0,968.0,1331.0,309.0,1431.0,820.0,1172.0,495.0,387.0,319.0,1232.0,618.0,1310.0,256.0,262.0,556.0,1079.0,389.0,383.0,682.0,339.0,1181.0,649.0,00000000000000000840,86.3854398168989,C0709R21
400.0,1162.0,1016.0,323.0,358.0,769.0,763.0,388.0,331.0,1113.0,1014.0,469.0,537.0,850.0,294.0,1054.0,684.0,513.0,737.0,383.0,1309.0,304.0,401.0,631.0,526.0,325.0,483.0,338.0,1159.0,655.0,304.0,1183.0,666.0,349.0,372.0,413.0,1012.0,454.0,203.0,844.0,1109.0,327.0,1203.0,693.0,935.0,471.0,391.0,330.0,990.0,554.0,1098.0,270.0,270.0,494.0,861.0,339.0,403.0,596.0,341.0,936.0,575.0,00000000000000000841,74.8497024361289,C0709R22
411.0,1210.0,1034.0,334.0,372.0,803.0,793.0,391.0,331.0,1184.0,1078.0,471.0,566.0,887.0,297.0,1100.0,713.0,520.0,765.0,391.0,1393.0,308.0,415.0,641.0,546.0,338.0,497.0,347.0,1215.0,703.0,309.0,1239.0,678.0,352.0,375.0,429.0,1059.0,474.0,216.0,870.0,1193.0,331.0,1253.0,725.0,999.0,485.0,397.0,335.0,1043.0,573.0,1158.0,272.0,281.0,514.0,905.0,350.0,412.0,609.0,354.0,992.0,599.0,00000000000000000842,57.8185297051964,C0709R79
403.0,1291.0,1045.0,303.0,369.0,813.0,817.0,403.0,335.0,1148.0,1117.0,461.0,541.0,874.0,284.0,1190.0,776.0,573.0,798.0,393.0,1361.0,297.0,394.0,674.0,637.0,345.0,487.0,331.0,1260.0,701.0,288.0,1246.0,703.0,342.0,355.0,447.0,1139.0,503.0,196.0,893.0,1181.0,305.0,1293.0,748.0,1048.0,462.0,375.0,314.0,1102.0,579.0,1163.0,264.0,252.0,513.0,963.0,364.0,376.0,636.0,323.0,1053.0,598.0,00000000000000000843,135.554027848137,C0709X01
412.0,1352.0,1086.0,337.0,357.0,862.0,838.0,357.0,301.0,1438.0,1233.0,449.0,600.0,983.0,271.0,1231.0,784.0,507.0,807.0,383.0,1652.0,281.0,405.0,635.0,595.0,327.0,492.0,351.0,1401.0,798.0,293.0,1450.0,666.0,341.0,371.0,433.0,1189.0,480.0,219.0,942.0,1431.0,331.0,1433.0,789.0,1168.0,492.0,391.0,321.0,1189.0,589.0,1380.0,254.0,289.0,535.0,1092.0,355.0,406.0,598.0,350.0,1145.0,610.0,00000000000000000844,60.6764929391564,C0709X02
421.0,1404.0,1121.0,305.0,378.0,866.0,864.0,416.0,338.0,1257.0,1213.0,474.0,574.0,935.0,286.0,1295.0,848.0,604.0,854.0,412.0,1479.0,294.0,397.0,717.0,698.0,355.0,503.0,338.0,1383.0,766.0,285.0,1353.0,744.0,352.0,367.0,478.0,1235.0,535.0,201.0,954.0,1293.0,305.0,1406.0,806.0,1142.0,482.0,383.0,316.0,1204.0,614.0,1274.0,255.0,258.0,545.0,1056.0,382.0,377.0,678.0,333.0,1152.0,639.0,00000000000000000845,100.769195623938,C0709X03
405.0,1297.0,1049.0,304.0,369.0,817.0,820.0,405.0,336.0,1154.0,1123.0,463.0,546.0,878.0,285.0,1196.0,780.0,574.0,801.0,395.0,1368.0,297.0,395.0,677.0,641.0,347.0,489.0,333.0,1267.0,704.0,288.0,1251.0,706.0,345.0,356.0,451.0,1144.0,508.0,197.0,897.0,1187.0,305.0,1298.0,751.0,1053.0,463.0,377.0,315.0,1108.0,581.0,1169.0,264.0,254.0,517.0,967.0,366.0,376.0,639.0,326.0,1059.0,603.0,00000000000000000846,110.750418360738,C0709X04
377.0,1190.0,975.0,302.0,340.0,767.0,760.0,377.0,324.0,1090.0,1024.0,443.0,512.0,816.0,274.0,1086.0,699.0,524.0,740.0,368.0,1286.0,292.0,376.0,620.0,558.0,311.0,463.0,324.0,1189.0,649.0,284.0,1165.0,664.0,329.0,346.0,411.0,1035.0,451.0,192.0,825.0,1108.0,295.0,1202.0,694.0,954.0,443.0,366.0,303.0,1007.0,542.0,1084.0,255.0,247.0,485.0,884.0,331.0,375.0,590.0,312.0,963.0,568.0,00000000000000000847,63.6245839097463,C0709X05
465.0,1751.0,1370.0,273.0,356.0,1049.0,1010.0,360.0,201.0,1930.0,1578.0,479.0,702.0,1262.0,216.0,1615.0,1053.0,614.0,981.0,418.0,2181.0,184.0,413.0,754.0,785.0,342.0,641.0,315.0,1954.0,1010.0,234.0,1823.0,778.0,285.0,353.0,527.0,1516.0,571.0,166.0,1156.0,1898.0,310.0,1837.0,979.0,1543.0,546.0,328.0,248.0,1541.0,720.0,1808.0,202.0,256.0,654.0,1484.0,397.0,386.0,706.0,334.0,1493.0,703.0,00000000000000000848,109.599386923425,C0710C01
411.0,1659.0,1292.0,211.0,273.0,900.0,900.0,293.0,161.0,1736.0,1408.0,418.0,601.0,1152.0,161.0,1559.0,1024.0,588.0,862.0,371.0,1960.0,140.0,310.0,728.0,760.0,289.0,505.0,277.0,1884.0,880.0,175.0,1648.0,715.0,220.0,292.0,463.0,1381.0,528.0,104.0,1020.0,1733.0,235.0,1723.0,874.0,1416.0,477.0,267.0,213.0,1411.0,658.0,1675.0,135.0,197.0,586.0,1401.0,373.0,311.0,654.0,273.0,1364.0,620.0,00000000000000000849,166.417936730974,C0710C02
419.0,1636.0,1275.0,224.0,285.0,886.0,873.0,308.0,213.0,1632.0,1394.0,419.0,582.0,1094.0,169.0,1516.0,1016.0,584.0,847.0,378.0,1886.0,166.0,305.0,738.0,735.0,306.0,499.0,306.0,1792.0,847.0,193.0,1622.0,728.0,267.0,336.0,440.0,1393.0,510.0,118.0,1034.0,1633.0,248.0,1698.0,847.0,1365.0,469.0,314.0,236.0,1414.0,630.0,1629.0,160.0,199.0,565.0,1324.0,378.0,336.0,671.0,288.0,1344.0,623.0,0000000000000000084a,151.50598898488,C0710C07
419.0,1636.0,1275.0,224.0,285.0,886.0,873.0,308.0,213.0,1632.0,1394.0,419.0,582.0,1094.0,169.0,1516.0,1016.0,584.0,847.0,378.0,1886.0,166.0,305.0,738.0,735.0,306.0,499.0,306.0,1792.0,847.0,193.0,1622.0,728.0,267.0,336.0,440.0,1393.0,510.0,118.0,1034.0,1633.0,248.0,1698.0,847.0,1365.0,469.0,314.0,236.0,1414.0,630.0,1629.0,160.0,199.0,565.0,1324.0,378.0,336.0,671.0,288.0,1344.0,623.0,0000000000000000084b,147.456235314973,C0710C08
406.0,1583.0,1237.0,216.0,281.0,862.0,853.0,299.0,201.0,1594.0,1359.0,410.0,563.0,1064.0,161.0,1467.0,977.0,560.0,822.0,366.0,1844.0,159.0,303.0,710.0,705.0,296.0,491.0,293.0,1744.0,823.0,183.0,1573.0,704.0,254.0,320.0,424.0,1351.0,491.0,112.0,1000.0,1592.0,238.0,1649.0,825.0,1335.0,455.0,298.0,223.0,1378.0,610.0,1586.0,151.0,194.0,543.0,1288.0,366.0,320.0,643.0,278.0,1305.0,598.0,0000000000000000084c,74.4216691810042,C0710C09
437.0,1687.0,1322.0,246.0,330.0,979.0,956.0,331.0,189.0,1811.0,1487.0,447.0,644.0,1187.0,194.0,1557.0,1028.0,594.0,918.0,394.0,2045.0,167.0,365.0,734.0,758.0,319.0,567.0,304.0,1887.0,937.0,213.0,1718.0,747.0,264.0,332.0,489.0,1448.0,540.0,138.0,1088.0,1777.0,280.0,1765.0,932.0,1465.0,516.0,308.0,232.0,1471.0,680.0,1728.0,176.0,232.0,612.0,1417.0,384.0,356.0,677.0,302.0,1418.0,655.0,0000000000000000084d,122.307412958071,C0710C10
427.0,1663.0,1297.0,227.0,312.0,940.0,927.0,318.0,179.0,1767.0,1448.0,431.0,615.0,1161.0,181.0,1544.0,1023.0,586.0,890.0,388.0,1993.0,157.0,342.0,723.0,753.0,309.0,535.0,293.0,1871.0,903.0,198.0,1674.0,732.0,249.0,322.0,470.0,1417.0,527.0,123.0,1056.0,1736.0,262.0,1738.0,897.0,1435.0,499.0,293.0,223.0,1447.0,662.0,1694.0,163.0,220.0,594.0,1398.0,378.0,343.0,662.0,288.0,1382.0,630.0,0000000000000000084e,116.31884978093,C0710C12
458.0,1757.0,1372.0,284.0,336.0,997.0,961.0,345.0,193.0,1970.0,1560.0,478.0,681.0,1267.0,203.0,1622.0,1053.0,598.0,944.0,419.0,2202.0,183.0,396.0,729.0,803.0,339.0,644.0,318.0,1949.0,979.0,229.0,1845.0,756.0,270.0,343.0,520.0,1485.0,556.0,155.0,1170.0,1942.0,312.0,1845.0,924.0,1504.0,523.0,330.0,239.0,1494.0,710.0,1806.0,198.0,251.0,627.0,1496.0,399.0,384.0,692.0,319.0,1457.0,681.0,00000000000000000850,144.283173219294,C0710C14
439.0,1699.0,1340.0,265.0,338.0,997.0,969.0,329.0,186.0,1854.0,1510.0,458.0,659.0,1221.0,194.0,1576.0,1027.0,597.0,931.0,399.0,2088.0,174.0,380.0,729.0,772.0,319.0,603.0,313.0,1909.0,959.0,213.0,1748.0,746.0,252.0,322.0,496.0,1455.0,551.0,144.0,1103.0,1831.0,279.0,1779.0,941.0,1492.0,534.0,323.0,243.0,1483.0,699.0,1749.0,172.0,233.0,624.0,1442.0,389.0,364.0,681.0,309.0,1444.0,661.0,00000000000000000851,219.861042835618,C0710C15
422.0,1523.0,1172.0,258.0,320.0,853.0,843.0,348.0,258.0,1431.0,1317.0,442.0,566.0,975.0,211.0,1392.0,920.0,564.0,826.0,391.0,1684.0,213.0,337.0,702.0,684.0,321.0,499.0,325.0,1599.0,798.0,220.0,1478.0,710.0,307.0,356.0,438.0,1335.0,503.0,153.0,974.0,1458.0,271.0,1542.0,815.0,1261.0,462.0,336.0,258.0,1328.0,590.0,1459.0,199.0,221.0,538.0,1178.0,381.0,345.0,647.0,307.0,1270.0,612.0,00000000000000000852,176.179131843982,C0710C16
439.0,1695.0,1337.0,264.0,328.0,990.0,962.0,322.0,186.0,1856.0,1500.0,459.0,658.0,1217.0,194.0,1574.0,1025.0,597.0,925.0,399.0,2082.0,174.0,372.0,730.0,771.0,319.0,586.0,314.0,1907.0,954.0,212.0,1745.0,746.0,252.0,323.0,499.0,1446.0,554.0,141.0,1098.0,1827.0,280.0,1781.0,936.0,1483.0,522.0,322.0,243.0,1473.0,699.0,1748.0,172.0,233.0,624.0,1443.0,389.0,365.0,680.0,308.0,1432.0,661.0,00000000000000000853,188.178691385407,C0710C17
420.0,1671.0,1312.0,212.0,280.0,912.0,912.0,299.0,159.0,1766.0,1425.0,429.0,614.0,1172.0,167.0,1572.0,1035.0,597.0,874.0,378.0,1990.0,139.0,320.0,738.0,767.0,296.0,519.0,276.0,1904.0,893.0,185.0,1668.0,728.0,227.0,304.0,473.0,1396.0,539.0,109.0,1033.0,1757.0,250.0,1746.0,884.0,1435.0,490.0,266.0,213.0,1425.0,672.0,1697.0,142.0,207.0,596.0,1417.0,379.0,327.0,663.0,285.0,1378.0,633.0,00000000000000000854,144.626761431163,C0710C18
452.0,1737.0,1395.0,247.0,310.0,998.0,984.0,320.0,166.0,1911.0,1515.0,467.0,653.0,1267.0,180.0,1620.0,1092.0,630.0,951.0,410.0,2092.0,159.0,357.0,755.0,835.0,326.0,607.0,310.0,1983.0,971.0,199.0,1763.0,763.0,230.0,321.0,513.0,1470.0,566.0,124.0,1119.0,1865.0,282.0,1827.0,956.0,1520.0,529.0,297.0,224.0,1494.0,725.0,1773.0,160.0,225.0,635.0,1510.0,411.0,360.0,696.0,301.0,1448.0,657.0,00000000000000000855,260.794172050803,C0710C19
418.0,1612.0,1233.0,220.0,287.0,867.0,857.0,312.0,217.0,1543.0,1357.0,423.0,570.0,1037.0,181.0,1491.0,989.0,584.0,843.0,383.0,1799.0,175.0,297.0,736.0,730.0,312.0,491.0,293.0,1736.0,827.0,200.0,1571.0,723.0,281.0,351.0,439.0,1368.0,516.0,122.0,1005.0,1567.0,252.0,1640.0,827.0,1316.0,455.0,294.0,230.0,1379.0,608.0,1560.0,173.0,201.0,553.0,1279.0,384.0,337.0,670.0,290.0,1311.0,622.0,00000000000000000856,70.3820703654892,C0710C21
383.0,1588.0,1202.0,193.0,243.0,806.0,796.0,262.0,177.0,1558.0,1312.0,383.0,534.0,1034.0,147.0,1476.0,973.0,548.0,790.0,345.0,1789.0,141.0,260.0,687.0,719.0,279.0,445.0,265.0,1743.0,784.0,158.0,1556.0,664.0,227.0,293.0,406.0,1310.0,479.0,97.0,962.0,1574.0,210.0,1616.0,778.0,1287.0,420.0,263.0,203.0,1329.0,574.0,1550.0,133.0,173.0,525.0,1292.0,355.0,290.0,619.0,251.0,1277.0,571.0,00000000000000000857,199.791875703936,C0710F01
388.0,1365.0,1039.0,285.0,323.0,810.0,802.0,352.0,288.0,1255.0,1184.0,418.0,539.0,879.0,226.0,1230.0,788.0,526.0,781.0,370.0,1496.0,247.0,347.0,639.0,606.0,308.0,462.0,324.0,1402.0,733.0,244.0,1312.0,665.0,301.0,339.0,425.0,1193.0,476.0,171.0,876.0,1290.0,272.0,1359.0,759.0,1121.0,444.0,348.0,285.0,1181.0,551.0,1268.0,218.0,228.0,510.0,1031.0,344.0,348.0,587.0,292.0,1132.0,583.0,00000000000000000859,66.0764346959523,C0710F03
418.0,1627.0,1284.0,243.0,307.0,944.0,917.0,305.0,166.0,1802.0,1456.0,437.0,626.0,1171.0,176.0,1514.0,982.0,559.0,888.0,379.0,2022.0,156.0,354.0,684.0,737.0,302.0,554.0,287.0,1838.0,915.0,198.0,1685.0,702.0,232.0,304.0,475.0,1401.0,527.0,124.0,1065.0,1772.0,265.0,1720.0,890.0,1430.0,492.0,298.0,212.0,1421.0,657.0,1685.0,158.0,213.0,590.0,1387.0,369.0,336.0,639.0,286.0,1378.0,626.0,0000000000000000085a,157.568020533611,C0710P01
439.0,1697.0,1331.0,264.0,317.0,973.0,941.0,319.0,184.0,1888.0,1509.0,459.0,654.0,1220.0,188.0,1568.0,1020.0,580.0,919.0,400.0,2116.0,173.0,375.0,707.0,769.0,322.0,606.0,306.0,1897.0,951.0,216.0,1768.0,727.0,249.0,331.0,498.0,1444.0,541.0,141.0,1116.0,1856.0,290.0,1782.0,908.0,1469.0,499.0,317.0,228.0,1456.0,681.0,1748.0,176.0,235.0,612.0,1442.0,388.0,364.0,663.0,300.0,1416.0,654.0,0000000000000000085b,144.442871577672,C0710P02
434.0,1677.0,1322.0,245.0,327.0,974.0,951.0,327.0,183.0,1818.0,1482.0,448.0,642.0,1192.0,195.0,1556.0,1025.0,592.0,913.0,394.0,2036.0,166.0,367.0,731.0,763.0,316.0,573.0,304.0,1885.0,936.0,207.0,1710.0,741.0,259.0,322.0,493.0,1439.0,544.0,138.0,1077.0,1782.0,275.0,1760.0,931.0,1466.0,521.0,306.0,233.0,1463.0,685.0,1723.0,170.0,234.0,613.0,1424.0,384.0,354.0,676.0,303.0,1416.0,651.0,0000000000000000085c,140.116889970532,C0710P03
434.0,1688.0,1327.0,252.0,317.0,965.0,933.0,318.0,176.0,1879.0,1499.0,453.0,652.0,1214.0,185.0,1560.0,1017.0,580.0,911.0,395.0,2104.0,165.0,374.0,708.0,766.0,317.0,604.0,293.0,1888.0,942.0,215.0,1758.0,726.0,246.0,331.0,496.0,1435.0,539.0,139.0,1110.0,1845.0,289.0,1774.0,901.0,1461.0,499.0,303.0,218.0,1448.0,681.0,1742.0,175.0,231.0,610.0,1435.0,384.0,363.0,663.0,296.0,1407.0,652.0,0000000000000000085d,136.299009717693,C0710P04
409.0,1661.0,1287.0,202.0,272.0,891.0,891.0,292.0,159.0,1724.0,1399.0,412.0,592.0,1143.0,162.0,1557.0,1027.0,589.0,853.0,370.0,1945.0,138.0,307.0,732.0,762.0,286.0,500.0,269.0,1876.0,868.0,174.0,1645.0,716.0,223.0,294.0,457.0,1375.0,522.0,105.0,1020.0,1721.0,231.0,1718.0,865.0,1404.0,473.0,261.0,207.0,1405.0,655.0,1670.0,136.0,193.0,580.0,1399.0,372.0,310.0,659.0,269.0,1358.0,612.0,0000000000000000085e,141.086493714923,C0710P06
412.0,1600.0,1264.0,228.0,293.0,911.0,893.0,307.0,189.0,1678.0,1400.0,422.0,592.0,1110.0,175.0,1482.0,981.0,563.0,855.0,372.0,1927.0,155.0,323.0,713.0,699.0,292.0,508.0,303.0,1786.0,864.0,186.0,1614.0,715.0,258.0,321.0,441.0,1381.0,505.0,117.0,1024.0,1663.0,250.0,1682.0,861.0,1381.0,475.0,306.0,225.0,1407.0,638.0,1637.0,155.0,208.0,563.0,1323.0,359.0,332.0,650.0,288.0,1334.0,617.0,0000000000000000085f,109.041882132142,C0710R01
410.0,1614.0,1266.0,215.0,283.0,878.0,877.0,293.0,183.0,1670.0,1383.0,410.0,584.0,1102.0,168.0,1498.0,994.0,571.0,832.0,370.0,1906.0,151.0,311.0,711.0,721.0,290.0,497.0,290.0,1804.0,841.0,184.0,1606.0,711.0,247.0,313.0,437.0,1364.0,504.0,110.0,1013.0,1650.0,245.0,1690.0,842.0,1367.0,467.0,281.0,216.0,1394.0,627.0,1633.0,152.0,199.0,559.0,1336.0,363.0,331.0,646.0,278.0,1321.0,611.0,00000000000000000860,136.832524447872,C0710R02
407.0,1603.0,1259.0,224.0,287.0,887.0,878.0,301.0,191.0,1664.0,1384.0,412.0,583.0,1097.0,167.0,1487.0,985.0,563.0,836.0,367.0,1907.0,156.0,316.0,707.0,707.0,289.0,503.0,304.0,1793.0,845.0,184.0,1600.0,707.0,248.0,319.0,436.0,1365.0,500.0,109.0,1010.0,1648.0,248.0,1681.0,845.0,1365.0,472.0,299.0,224.0,1395.0,626.0,1628.0,151.0,198.0,555.0,1324.0,358.0,334.0,642.0,277.0,1319.0,610.0,00000000000000000861,160.082380115338,C0710R03
445.0,1716.0,1351.0,263.0,326.0,980.0,949.0,328.0,184.0,1914.0,1524.0,465.0,662.0,1238.0,193.0,1587.0,1035.0,590.0,926.0,406.0,2139.0,173.0,384.0,719.0,783.0,326.0,624.0,305.0,1919.0,960.0,216.0,1791.0,739.0,255.0,330.0,505.0,1457.0,549.0,145.0,1133.0,1878.0,290.0,1806.0,915.0,1483.0,512.0,316.0,228.0,1469.0,693.0,1771.0,177.0,241.0,620.0,1463.0,394.0,363.0,674.0,308.0,1430.0,662.0,00000000000000000862,192.708641000879,C0710R04
428.0,1662.0,1303.0,251.0,318.0,965.0,934.0,317.0,175.0,1834.0,1484.0,448.0,643.0,1192.0,186.0,1538.0,999.0,573.0,905.0,389.0,2061.0,164.0,368.0,700.0,748.0,311.0,580.0,295.0,1865.0,932.0,206.0,1724.0,721.0,245.0,314.0,485.0,1425.0,532.0,137.0,1084.0,1805.0,274.0,1747.0,907.0,1455.0,503.0,306.0,225.0,1446.0,673.0,1717.0,168.0,224.0,603.0,1412.0,376.0,348.0,655.0,297.0,1403.0,643.0,00000000000000000863,131.312792036177,C0710R05
411.0,1481.0,1143.0,269.0,332.0,859.0,844.0,351.0,279.0,1385.0,1284.0,437.0,561.0,959.0,215.0,1342.0,878.0,545.0,826.0,390.0,1640.0,233.0,350.0,682.0,654.0,319.0,495.0,328.0,1542.0,790.0,236.0,1430.0,700.0,310.0,354.0,431.0,1298.0,495.0,158.0,949.0,1413.0,277.0,1493.0,810.0,1226.0,467.0,350.0,281.0,1292.0,574.0,1403.0,205.0,232.0,532.0,1131.0,370.0,352.0,627.0,303.0,1233.0,606.0,00000000000000000864,92.6471676056978,C0710R06
407.0,1658.0,1273.0,192.0,263.0,872.0,872.0,282.0,156.0,1700.0,1381.0,407.0,574.0,1127.0,155.0,1551.0,1025.0,583.0,836.0,367.0,1917.0,135.0,292.0,727.0,766.0,280.0,483.0,264.0,1867.0,849.0,164.0,1633.0,704.0,215.0,282.0,445.0,1362.0,510.0,100.0,1005.0,1702.0,218.0,1700.0,849.0,1385.0,459.0,254.0,202.0,1390.0,643.0,1652.0,129.0,182.0,569.0,1395.0,372.0,297.0,653.0,255.0,1348.0,597.0,00000000000000000865,100.498462845755,C0710X02
469.0,1778.0,1391.0,295.0,346.0,1023.0,986.0,350.0,202.0,2012.0,1599.0,489.0,703.0,1294.0,212.0,1643.0,1065.0,605.0,969.0,428.0,2251.0,198.0,411.0,737.0,818.0,348.0,674.0,330.0,1969.0,1005.0,237.0,1883.0,765.0,280.0,353.0,535.0,1515.0,572.0,164.0,1201.0,1990.0,322.0,1884.0,941.0,1539.0,529.0,347.0,249.0,1528.0,724.0,1839.0,206.0,261.0,644.0,1514.0,409.0,395.0,705.0,333.0,1481.0,703.0,00000000000000000866,119.043403216098,C0710X05
405.0,1673.0,1263.0,192.0,253.0,850.0,850.0,272.0,158.0,1686.0,1375.0,405.0,573.0,1107.0,148.0,1566.0,1038.0,583.0,821.0,366.0,1903.0,131.0,281.0,720.0,780.0,287.0,469.0,263.0,1880.0,837.0,159.0,1625.0,688.0,208.0,285.0,442.0,1350.0,507.0,95.0,994.0,1702.0,218.0,1688.0,835.0,1376.0,451.0,247.0,202.0,1374.0,633.0,1642.0,130.0,174.0,565.0,1402.0,376.0,297.0,645.0,247.0,1344.0,599.0,00000000000000000867,90.9168634529906,C0710X06
499.0,1835.0,1440.0,316.0,397.0,1142.0,1085.0,387.0,224.0,2078.0,1710.0,520.0,773.0,1361.0,249.0,1684.0,1097.0,647.0,1064.0,458.0,2345.0,222.0,471.0,788.0,840.0,377.0,723.0,344.0,1998.0,1107.0,285.0,1978.0,823.0,328.0,396.0,571.0,1609.0,610.0,201.0,1283.0,2051.0,362.0,1934.0,1038.0,1635.0,570.0,366.0,266.0,1641.0,775.0,1924.0,240.0,298.0,695.0,1558.0,427.0,440.0,759.0,376.0,1586.0,771.0,00000000000000000868,135.602229824764,C0711C02
446.0,1433.0,1149.0,356.0,389.0,925.0,906.0,390.0,324.0,1490.0,1318.0,481.0,648.0,1025.0,291.0,1303.0,836.0,549.0,869.0,418.0,1725.0,302.0,439.0,680.0,632.0,354.0,538.0,377.0,1485.0,858.0,314.0,1505.0,717.0,359.0,397.0,475.0,1276.0,524.0,236.0,988.0,1494.0,350.0,1496.0,850.0,1253.0,529.0,421.0,345.0,1276.0,632.0,1441.0,273.0,308.0,585.0,1142.0,383.0,428.0,642.0,372.0,1230.0,659.0,00000000000000000869,60.34208242685,C0711C03
505.0,1809.0,1432.0,337.0,404.0,1136.0,1088.0,394.0,244.0,2058.0,1720.0,530.0,774.0,1357.0,261.0,1673.0,1082.0,644.0,1059.0,462.0,2327.0,242.0,479.0,787.0,831.0,386.0,736.0,359.0,1959.0,1111.0,294.0,1963.0,820.0,338.0,404.0,573.0,1617.0,611.0,213.0,1277.0,2045.0,371.0,1925.0,1040.0,1650.0,576.0,387.0,287.0,1648.0,776.0,1909.0,251.0,313.0,692.0,1535.0,437.0,452.0,767.0,377.0,1594.0,772.0,0000000000000000086a,97.2139013574221,C0711C04
432.0,1422.0,1143.0,353.0,375.0,909.0,881.0,369.0,311.0,1532.0,1313.0,465.0,639.0,1043.0,281.0,1294.0,829.0,531.0,853.0,403.0,1749.0,291.0,426.0,661.0,630.0,345.0,520.0,364.0,1475.0,849.0,308.0,1533.0,694.0,347.0,389.0,461.0,1261.0,509.0,228.0,996.0,1519.0,348.0,1516.0,834.0,1249.0,514.0,405.0,332.0,1267.0,621.0,1467.0,266.0,300.0,571.0,1160.0,369.0,430.0,630.0,362.0,1221.0,643.0,0000000000000000086b,72.817606623599,C0711C06
487.0,1709.0,1359.0,357.0,398.0,1091.0,1043.0,384.0,261.0,1968.0,1645.0,508.0,755.0,1283.0,276.0,1582.0,1001.0,603.0,1014.0,440.0,2237.0,261.0,478.0,744.0,754.0,367.0,725.0,375.0,1850.0,1062.0,298.0,1876.0,773.0,353.0,412.0,549.0,1543.0,588.0,227.0,1202.0,1961.0,374.0,1848.0,994.0,1582.0,570.0,409.0,318.0,1572.0,734.0,1823.0,254.0,328.0,667.0,1445.0,419.0,460.0,724.0,392.0,1518.0,750.0,0000000000000000086c,66.633083479383,C0711C07
435.0,1518.0,1192.0,342.0,378.0,944.0,916.0,368.0,297.0,1609.0,1395.0,465.0,661.0,1087.0,265.0,1379.0,871.0,544.0,886.0,405.0,1867.0,278.0,429.0,685.0,645.0,342.0,538.0,369.0,1588.0,888.0,293.0,1599.0,720.0,339.0,388.0,479.0,1342.0,528.0,214.0,1038.0,1615.0,346.0,1584.0,876.0,1330.0,529.0,401.0,325.0,1353.0,640.0,1541.0,251.0,289.0,596.0,1217.0,376.0,430.0,649.0,350.0,1305.0,666.0,0000000000000000086d,51.0385871498486,C0711C08
491.0,1721.0,1366.0,342.0,397.0,1095.0,1047.0,387.0,259.0,1954.0,1649.0,511.0,754.0,1284.0,267.0,1586.0,1019.0,609.0,1016.0,443.0,2225.0,252.0,467.0,748.0,763.0,370.0,712.0,376.0,1870.0,1063.0,294.0,1865.0,779.0,344.0,411.0,550.0,1556.0,591.0,219.0,1204.0,1941.0,370.0,1842.0,1002.0,1584.0,569.0,398.0,308.0,1587.0,733.0,1823.0,250.0,315.0,674.0,1450.0,420.0,448.0,725.0,383.0,1528.0,748.0,0000000000000000086e,153.074301296026,C0711C09
477.0,1706.0,1336.0,305.0,376.0,1045.0,1011.0,372.0,245.0,1853.0,1577.0,487.0,699.0,1222.0,242.0,1571.0,1024.0,603.0,972.0,431.0,2129.0,224.0,427.0,757.0,746.0,355.0,575.0,344.0,1870.0,1006.0,270.0,1795.0,781.0,320.0,390.0,511.0,1519.0,559.0,194.0,1152.0,1830.0,330.0,1791.0,972.0,1524.0,548.0,366.0,279.0,1544.0,709.0,1772.0,227.0,281.0,641.0,1422.0,405.0,416.0,709.0,354.0,1486.0,714.0,0000000000000000086f,95.2755888829418,C0711C10
528.0,1883.0,1505.0,371.0,434.0,1192.0,1143.0,413.0,267.0,2170.0,1808.0,549.0,831.0,1444.0,289.0,1763.0,1132.0,678.0,1113.0,485.0,2445.0,267.0,516.0,815.0,890.0,412.0,810.0,383.0,2012.0,1172.0,323.0,2070.0,849.0,369.0,436.0,613.0,1687.0,653.0,244.0,1355.0,2176.0,402.0,2030.0,1094.0,1732.0,609.0,418.0,313.0,1717.0,819.0,2000.0,278.0,349.0,732.0,1601.0,464.0,492.0,809.0,410.0,1667.0,811.0,00000000000000000870,49.4604243603464,C0711F02
519.0,1899.0,1511.0,358.0,430.0,1184.0,1136.0,410.0,256.0,2184.0,1803.0,541.0,822.0,1450.0,279.0,1777.0,1139.0,676.0,1107.0,478.0,2463.0,256.0,513.0,810.0,902.0,405.0,811.0,369.0,2033.0,1167.0,314.0,2081.0,846.0,359.0,426.0,609.0,1681.0,651.0,229.0,1367.0,2195.0,393.0,2041.0,1087.0,1729.0,606.0,403.0,301.0,1711.0,817.0,2009.0,270.0,339.0,726.0,1616.0,457.0,482.0,808.0,398.0,1661.0,808.0,00000000000000000871,53.9637769455174,C0711F03
516.0,1846.0,1472.0,367.0,424.0,1167.0,1119.0,404.0,264.0,2122.0,1775.0,537.0,811.0,1411.0,284.0,1727.0,1108.0,662.0,1090.0,475.0,2396.0,264.0,505.0,800.0,865.0,402.0,786.0,378.0,1975.0,1148.0,316.0,2024.0,830.0,363.0,426.0,599.0,1657.0,638.0,244.0,1320.0,2129.0,393.0,1984.0,1071.0,1697.0,596.0,413.0,310.0,1687.0,800.0,1956.0,273.0,343.0,715.0,1565.0,454.0,481.0,790.0,402.0,1637.0,793.0,00000000000000000872,57.6106179572474,C0711F05
521.0,1827.0,1461.0,367.0,421.0,1164.0,1114.0,406.0,263.0,2100.0,1765.0,544.0,801.0,1395.0,284.0,1702.0,1097.0,657.0,1085.0,476.0,2370.0,263.0,501.0,802.0,849.0,402.0,775.0,379.0,1967.0,1141.0,314.0,2002.0,832.0,365.0,426.0,591.0,1655.0,631.0,237.0,1307.0,2094.0,393.0,1963.0,1065.0,1692.0,597.0,413.0,313.0,1685.0,797.0,1938.0,268.0,342.0,710.0,1551.0,455.0,480.0,787.0,405.0,1635.0,791.0,00000000000000000873,335.527311433405,C0711F09
477.0,1756.0,1365.0,292.0,372.0,1067.0,1028.0,372.0,230.0,1913.0,1601.0,488.0,711.0,1254.0,231.0,1611.0,1052.0,616.0,994.0,432.0,2178.0,213.0,431.0,763.0,780.0,355.0,620.0,338.0,1930.0,1018.0,261.0,1836.0,791.0,310.0,384.0,527.0,1541.0,571.0,182.0,1174.0,1879.0,328.0,1838.0,990.0,1546.0,555.0,360.0,270.0,1565.0,719.0,1821.0,219.0,270.0,655.0,1469.0,406.0,406.0,714.0,347.0,1507.0,721.0,00000000000000000874,99.6384434937766,C0711P01
484.0,1691.0,1341.0,350.0,397.0,1076.0,1030.0,384.0,270.0,1910.0,1615.0,506.0,743.0,1254.0,271.0,1557.0,991.0,597.0,995.0,437.0,2187.0,258.0,465.0,739.0,731.0,363.0,662.0,384.0,1838.0,1044.0,294.0,1828.0,771.0,350.0,417.0,533.0,1528.0,578.0,223.0,1176.0,1902.0,366.0,1809.0,986.0,1552.0,568.0,407.0,315.0,1558.0,719.0,1789.0,249.0,320.0,663.0,1412.0,413.0,450.0,715.0,388.0,1501.0,739.0,00000000000000000875,177.997499779524,C0711P02
477.0,1768.0,1382.0,292.0,380.0,1073.0,1034.0,380.0,227.0,1925.0,1611.0,487.0,723.0,1271.0,238.0,1624.0,1066.0,625.0,1003.0,430.0,2191.0,213.0,440.0,771.0,794.0,356.0,648.0,339.0,1943.0,1024.0,261.0,1848.0,798.0,318.0,384.0,539.0,1548.0,580.0,188.0,1190.0,1892.0,329.0,1850.0,996.0,1556.0,566.0,360.0,270.0,1575.0,729.0,1831.0,219.0,278.0,665.0,1481.0,406.0,406.0,722.0,357.0,1516.0,732.0,00000000000000000876,116.304245727637,C0711P04
407.0,1327.0,1046.0,316.0,359.0,821.0,813.0,388.0,327.0,1219.0,1142.0,452.0,558.0,883.0,268.0,1194.0,784.0,550.0,794.0,390.0,1427.0,286.0,388.0,664.0,611.0,332.0,488.0,346.0,1332.0,726.0,285.0,1295.0,702.0,338.0,368.0,438.0,1149.0,488.0,202.0,887.0,1242.0,305.0,1314.0,757.0,1068.0,476.0,381.0,316.0,1130.0,578.0,1228.0,253.0,256.0,523.0,1002.0,355.0,379.0,626.0,329.0,1077.0,608.0,00000000000000000877,126.942881902874,C0711P05
477.0,1716.0,1342.0,317.0,376.0,1053.0,1020.0,373.0,256.0,1853.0,1585.0,487.0,709.0,1225.0,242.0,1578.0,1028.0,603.0,981.0,432.0,2135.0,233.0,427.0,761.0,748.0,354.0,575.0,359.0,1879.0,1013.0,272.0,1798.0,783.0,320.0,394.0,518.0,1529.0,568.0,193.0,1155.0,1835.0,331.0,1796.0,981.0,1532.0,548.0,382.0,290.0,1555.0,709.0,1775.0,228.0,281.0,649.0,1424.0,405.0,419.0,709.0,353.0,1496.0,725.0,00000000000000000878,163.709919546985,C0711P06
477.0,1720.0,1339.0,307.0,372.0,1051.0,1013.0,371.0,243.0,1880.0,1586.0,487.0,705.0,1231.0,239.0,1578.0,1028.0,601.0,977.0,432.0,2148.0,223.0,431.0,754.0,753.0,354.0,607.0,349.0,1888.0,1007.0,263.0,1811.0,781.0,318.0,381.0,514.0,1526.0,562.0,190.0,1157.0,1853.0,326.0,1804.0,975.0,1530.0,554.0,372.0,280.0,1547.0,708.0,1793.0,220.0,278.0,647.0,1438.0,405.0,407.0,708.0,355.0,1492.0,716.0,00000000000000000879,135.243553249239,C0711R01
500.0,1736.0,1379.0,353.0,406.0,1108.0,1058.0,396.0,270.0,1960.0,1657.0,521.0,764.0,1293.0,272.0,1598.0,1030.0,617.0,1025.0,452.0,2236.0,260.0,475.0,760.0,768.0,378.0,714.0,388.0,1885.0,1073.0,300.0,1875.0,793.0,350.0,422.0,554.0,1569.0,598.0,223.0,1211.0,1946.0,375.0,1854.0,1014.0,1595.0,579.0,411.0,318.0,1600.0,741.0,1835.0,255.0,321.0,684.0,1459.0,429.0,458.0,735.0,389.0,1540.0,759.0,0000000000000000087b,135.666017452905,C0711R04
458.0,1481.0,1187.0,365.0,403.0,959.0,936.0,401.0,330.0,1550.0,1368.0,493.0,671.0,1064.0,299.0,1347.0,865.0,563.0,900.0,427.0,1790.0,308.0,455.0,701.0,653.0,364.0,559.0,387.0,1537.0,892.0,324.0,1560.0,738.0,370.0,409.0,492.0,1324.0,542.0,243.0,1024.0,1551.0,364.0,1549.0,884.0,1302.0,549.0,430.0,352.0,1326.0,652.0,1496.0,281.0,318.0,607.0,1186.0,394.0,443.0,662.0,384.0,1277.0,681.0,0000000000000000087c,89.5331647468379,C0711R06
485.0,1780.0,1388.0,294.0,381.0,1091.0,1049.0,379.0,224.0,1952.0,1632.0,498.0,736.0,1284.0,240.0,1637.0,1066.0,631.0,1020.0,436.0,2219.0,213.0,445.0,773.0,800.0,365.0,674.0,335.0,1955.0,1044.0,263.0,1870.0,804.0,319.0,383.0,550.0,1560.0,589.0,190.0,1202.0,1920.0,329.0,1867.0,1010.0,1574.0,564.0,358.0,268.0,1591.0,739.0,1848.0,219.0,282.0,676.0,1496.0,416.0,408.0,729.0,360.0,1534.0,744.0,0000000000000000087d,140.007037876575,C0711R07
389.0,1219.0,1029.0,301.0,370.0,779.0,788.0,419.0,334.0,1053.0,1071.0,476.0,525.0,855.0,317.0,1142.0,726.0,584.0,778.0,399.0,1201.0,303.0,409.0,652.0,661.0,351.0,458.0,301.0,1165.0,638.0,303.0,1179.0,704.0,345.0,332.0,451.0,1097.0,488.0,212.0,892.0,1104.0,303.0,1224.0,703.0,989.0,447.0,354.0,313.0,1043.0,575.0,1042.0,274.0,249.0,488.0,905.0,350.0,371.0,641.0,316.0,1014.0,582.0,0000000000000000087e,101.448509561682,C0711R08
446.0,1644.0,1292.0,280.0,342.0,979.0,950.0,342.0,226.0,1740.0,1487.0,456.0,651.0,1158.0,207.0,1509.0,991.0,574.0,912.0,406.0,2022.0,205.0,381.0,724.0,713.0,326.0,537.0,323.0,1806.0,931.0,242.0,1701.0,743.0,291.0,358.0,472.0,1448.0,529.0,160.0,1090.0,1731.0,295.0,1716.0,912.0,1448.0,508.0,344.0,258.0,1477.0,662.0,1691.0,200.0,245.0,598.0,1348.0,386.0,379.0,673.0,319.0,1411.0,669.0,0000000000000000087f,124.376957880752,C0711R09
464.0,1732.0,1357.0,302.0,372.0,1077.0,1026.0,363.0,225.0,1950.0,1628.0,484.0,729.0,1276.0,235.0,1597.0,1026.0,602.0,1000.0,424.0,2217.0,215.0,443.0,735.0,774.0,355.0,672.0,331.0,1892.0,1042.0,266.0,1857.0,771.0,310.0,378.0,536.0,1534.0,573.0,189.0,1195.0,1927.0,335.0,1832.0,986.0,1561.0,539.0,353.0,263.0,1569.0,719.0,1818.0,223.0,282.0,657.0,1464.0,400.0,416.0,708.0,350.0,1515.0,728.0,00000000000000000880,134.018455790404,C0711R10
483.0,1688.0,1335.0,344.0,390.0,1048.0,1015.0,391.0,288.0,1810.0,1572.0,504.0,718.0,1218.0,269.0,1550.0,1010.0,604.0,975.0,442.0,2102.0,263.0,443.0,765.0,731.0,368.0,589.0,388.0,1828.0,1002.0,294.0,1776.0,786.0,347.0,413.0,521.0,1510.0,579.0,219.0,1148.0,1809.0,347.0,1763.0,974.0,1512.0,568.0,414.0,321.0,1538.0,709.0,1740.0,249.0,306.0,653.0,1383.0,418.0,438.0,721.0,377.0,1478.0,735.0,00000000000000000881,151.785191643022,C0711R11
430.0,1471.0,1139.0,319.0,364.0,891.0,881.0,385.0,309.0,1417.0,1308.0,459.0,604.0,974.0,252.0,1331.0,864.0,561.0,855.0,403.0,1670.0,274.0,394.0,691.0,646.0,341.0,521.0,363.0,1534.0,822.0,273.0,1450.0,719.0,336.0,375.0,462.0,1297.0,523.0,197.0,954.0,1434.0,308.0,1489.0,835.0,1242.0,508.0,394.0,319.0,1299.0,605.0,1410.0,243.0,262.0,564.0,1137.0,382.0,385.0,640.0,334.0,1237.0,640.0,00000000000000000882,115.553594913441,C0711R12
461.0,1560.0,1219.0,345.0,391.0,970.0,941.0,391.0,310.0,1607.0,1431.0,486.0,674.0,1090.0,270.0,1420.0,904.0,574.0,912.0,427.0,1882.0,288.0,431.0,713.0,672.0,362.0,549.0,378.0,1639.0,908.0,292.0,1602.0,745.0,347.0,393.0,497.0,1388.0,547.0,221.0,1050.0,1627.0,333.0,1602.0,903.0,1366.0,540.0,411.0,332.0,1399.0,660.0,1556.0,252.0,294.0,615.0,1240.0,393.0,414.0,674.0,358.0,1345.0,685.0,00000000000000000883,50.6454422775199,C0711R13
507.0,1815.0,1444.0,351.0,412.0,1147.0,1099.0,401.0,251.0,2076.0,1737.0,534.0,786.0,1372.0,270.0,1683.0,1089.0,646.0,1069.0,463.0,2343.0,250.0,490.0,792.0,838.0,389.0,757.0,365.0,1962.0,1124.0,304.0,1979.0,822.0,349.0,417.0,582.0,1632.0,621.0,220.0,1291.0,2062.0,383.0,1940.0,1050.0,1667.0,587.0,397.0,296.0,1662.0,782.0,1922.0,259.0,325.0,700.0,1543.0,441.0,469.0,772.0,388.0,1611.0,783.0,00000000000000000884,174.466315448797,C0711R14
397.0,1310.0,1027.0,307.0,350.0,805.0,802.0,379.0,317.0,1198.0,1127.0,443.0,547.0,863.0,259.0,1179.0,767.0,541.0,784.0,380.0,1400.0,277.0,379.0,649.0,604.0,324.0,477.0,334.0,1310.0,711.0,274.0,1275.0,686.0,326.0,354.0,429.0,1137.0,482.0,194.0,873.0,1221.0,294.0,1298.0,746.0,1058.0,462.0,370.0,307.0,1114.0,566.0,1207.0,244.0,247.0,512.0,985.0,350.0,367.0,612.0,317.0,1067.0,595.0,00000000000000000885,71.7582323186293,C0711R15
394.0,1319.0,1045.0,311.0,335.0,803.0,794.0,351.0,306.0,1247.0,1168.0,429.0,557.0,878.0,238.0,1177.0,749.0,503.0,771.0,368.0,1496.0,270.0,365.0,633.0,549.0,304.0,475.0,340.0,1336.0,723.0,260.0,1304.0,667.0,312.0,355.0,412.0,1157.0,466.0,172.0,869.0,1283.0,292.0,1331.0,738.0,1091.0,464.0,386.0,305.0,1142.0,551.0,1243.0,222.0,237.0,510.0,979.0,338.0,372.0,586.0,311.0,1091.0,592.0,00000000000000000886,102.833535779937,C0711R16
437.0,1637.0,1283.0,266.0,333.0,969.0,940.0,336.0,218.0,1729.0,1472.0,446.0,637.0,1149.0,206.0,1502.0,988.0,572.0,903.0,397.0,2007.0,195.0,372.0,723.0,709.0,319.0,526.0,312.0,1798.0,921.0,233.0,1691.0,740.0,291.0,351.0,464.0,1437.0,519.0,158.0,1081.0,1717.0,288.0,1709.0,905.0,1436.0,497.0,334.0,249.0,1464.0,658.0,1684.0,195.0,243.0,590.0,1344.0,377.0,372.0,670.0,318.0,1399.0,658.0,00000000000000000887,115.620378564183,C0711R17
467.0,1732.0,1360.0,307.0,375.0,1081.0,1032.0,365.0,230.0,1953.0,1634.0,487.0,733.0,1279.0,239.0,1598.0,1028.0,603.0,1004.0,428.0,2217.0,220.0,445.0,739.0,776.0,357.0,675.0,338.0,1891.0,1048.0,266.0,1862.0,773.0,315.0,377.0,539.0,1539.0,576.0,192.0,1198.0,1929.0,336.0,1838.0,990.0,1566.0,542.0,360.0,268.0,1575.0,722.0,1822.0,224.0,286.0,661.0,1467.0,402.0,415.0,711.0,354.0,1519.0,729.0,00000000000000000888,159.704236834929,C0711R75
470.0,1661.0,1303.0,336.0,381.0,1035.0,998.0,381.0,279.0,1795.0,1551.0,490.0,709.0,1199.0,263.0,1525.0,989.0,584.0,958.0,429.0,2085.0,257.0,433.0,747.0,715.0,357.0,576.0,381.0,1799.0,988.0,285.0,1756.0,766.0,339.0,402.0,511.0,1484.0,563.0,216.0,1128.0,1794.0,338.0,1739.0,958.0,1492.0,556.0,403.0,313.0,1514.0,697.0,1720.0,242.0,301.0,641.0,1366.0,408.0,431.0,701.0,368.0,1454.0,721.0,00000000000000000889,196.640914534048,C0711X02
408.0,1284.0,1076.0,302.0,391.0,828.0,832.0,430.0,343.0,1123.0,1135.0,485.0,553.0,891.0,316.0,1190.0,781.0,605.0,822.0,415.0,1296.0,309.0,412.0,690.0,682.0,367.0,483.0,316.0,1234.0,700.0,302.0,1243.0,729.0,357.0,354.0,469.0,1156.0,515.0,219.0,926.0,1167.0,312.0,1285.0,753.0,1051.0,471.0,364.0,320.0,1111.0,605.0,1119.0,275.0,265.0,520.0,961.0,371.0,380.0,671.0,337.0,1064.0,609.0,0000000000000000088a,56.12900340767,C0711X03
476.0,1708.0,1338.0,317.0,377.0,1052.0,1018.0,373.0,256.0,1853.0,1586.0,487.0,709.0,1224.0,243.0,1571.0,1024.0,603.0,979.0,431.0,2130.0,233.0,427.0,757.0,745.0,354.0,573.0,358.0,1870.0,1012.0,273.0,1798.0,780.0,321.0,393.0,518.0,1527.0,568.0,194.0,1152.0,1831.0,332.0,1794.0,979.0,1531.0,548.0,381.0,290.0,1552.0,709.0,1772.0,229.0,282.0,649.0,1421.0,405.0,419.0,709.0,354.0,1494.0,724.0,0000000000000000088b,203.285106278287,C0711X08
477.0,1707.0,1336.0,303.0,372.0,1043.0,1012.0,370.0,246.0,1839.0,1572.0,488.0,697.0,1216.0,242.0,1568.0,1024.0,602.0,973.0,434.0,2116.0,224.0,423.0,764.0,744.0,353.0,573.0,346.0,1869.0,1003.0,272.0,1789.0,785.0,321.0,395.0,509.0,1519.0,560.0,191.0,1145.0,1818.0,329.0,1789.0,973.0,1521.0,545.0,368.0,280.0,1547.0,709.0,1767.0,227.0,281.0,638.0,1416.0,405.0,419.0,709.0,352.0,1488.0,715.0,0000000000000000088c,134.799773391687,C0711X88
423.0,1343.0,1103.0,306.0,400.0,850.0,850.0,439.0,349.0,1170.0,1181.0,501.0,574.0,922.0,308.0,1231.0,808.0,617.0,851.0,424.0,1343.0,306.0,420.0,703.0,705.0,375.0,499.0,327.0,1287.0,737.0,302.0,1291.0,743.0,359.0,364.0,487.0,1209.0,535.0,212.0,951.0,1221.0,314.0,1329.0,784.0,1104.0,489.0,371.0,316.0,1162.0,617.0,1168.0,273.0,270.0,544.0,1000.0,385.0,385.0,685.0,338.0,1124.0,632.0,0000000000000000088d,45.1388787678612,C0712C02
434.0,1556.0,1199.0,282.0,360.0,869.0,857.0,393.0,305.0,1369.0,1330.0,475.0,584.0,997.0,244.0,1415.0,919.0,608.0,873.0,423.0,1617.0,251.0,373.0,744.0,742.0,361.0,510.0,339.0,1544.0,798.0,245.0,1475.0,764.0,342.0,365.0,479.0,1360.0,545.0,176.0,1026.0,1425.0,276.0,1527.0,819.0,1241.0,480.0,361.0,285.0,1330.0,618.0,1379.0,224.0,235.0,564.0,1152.0,403.0,357.0,712.0,313.0,1280.0,642.0,0000000000000000088e,195.13597832145,C0712C04
368.0,1044.0,958.0,299.0,377.0,699.0,681.0,409.0,329.0,950.0,941.0,481.0,478.0,808.0,343.0,1072.0,673.0,562.0,679.0,387.0,1023.0,309.0,400.0,640.0,637.0,359.0,447.0,300.0,1102.0,544.0,294.0,1066.0,665.0,355.0,329.0,437.0,975.0,450.0,210.0,869.0,986.0,310.0,1079.0,614.0,872.0,410.0,348.0,328.0,937.0,535.0,920.0,274.0,239.0,450.0,829.0,331.0,371.0,659.0,322.0,934.0,560.0,00000000000000000890,146.025846849771,C0712C06
315.0,968.0,839.0,268.0,272.0,623.0,613.0,281.0,257.0,995.0,852.0,363.0,439.0,722.0,217.0,873.0,547.0,386.0,586.0,297.0,1168.0,239.0,310.0,493.0,391.0,246.0,379.0,276.0,976.0,548.0,237.0,1036.0,529.0,264.0,293.0,312.0,826.0,355.0,154.0,698.0,984.0,256.0,1038.0,555.0,784.0,377.0,324.0,261.0,818.0,439.0,960.0,202.0,208.0,390.0,720.0,261.0,328.0,468.0,270.0,776.0,465.0,00000000000000000891,128.690842619822,C0712C88
378.0,1112.0,995.0,308.0,387.0,718.0,703.0,418.0,341.0,981.0,979.0,490.0,491.0,834.0,344.0,1113.0,699.0,581.0,704.0,397.0,1070.0,312.0,408.0,659.0,668.0,368.0,457.0,311.0,1147.0,568.0,298.0,1108.0,688.0,368.0,343.0,447.0,1021.0,465.0,216.0,899.0,1039.0,320.0,1123.0,639.0,918.0,425.0,353.0,328.0,976.0,559.0,948.0,282.0,250.0,463.0,855.0,346.0,380.0,678.0,330.0,981.0,576.0,00000000000000000892,159.741503839206,C0712F01
493.0,1717.0,1370.0,365.0,404.0,1100.0,1051.0,390.0,268.0,1980.0,1651.0,514.0,764.0,1292.0,281.0,1590.0,1004.0,608.0,1021.0,443.0,2254.0,268.0,486.0,749.0,756.0,370.0,734.0,385.0,1862.0,1071.0,305.0,1884.0,779.0,361.0,425.0,554.0,1549.0,594.0,231.0,1210.0,1976.0,384.0,1860.0,1001.0,1589.0,579.0,420.0,327.0,1579.0,740.0,1833.0,260.0,334.0,674.0,1450.0,422.0,474.0,730.0,400.0,1523.0,762.0,00000000000000000893,30.0806117515327,C0712F03
432.0,1592.0,1260.0,249.0,320.0,885.0,883.0,340.0,242.0,1549.0,1400.0,441.0,587.0,1055.0,196.0,1466.0,989.0,580.0,851.0,400.0,1818.0,195.0,340.0,733.0,716.0,325.0,529.0,320.0,1708.0,839.0,224.0,1562.0,733.0,300.0,372.0,446.0,1409.0,513.0,137.0,1025.0,1560.0,280.0,1637.0,848.0,1357.0,483.0,332.0,251.0,1418.0,617.0,1569.0,194.0,219.0,561.0,1263.0,390.0,360.0,674.0,302.0,1342.0,635.0,00000000000000000894,108.148792898622,C0712F05
438.0,1760.0,1346.0,202.0,271.0,912.0,912.0,288.0,160.0,1785.0,1452.0,438.0,609.0,1187.0,164.0,1657.0,1104.0,646.0,882.0,398.0,2001.0,140.0,300.0,785.0,849.0,314.0,492.0,273.0,1982.0,902.0,177.0,1714.0,753.0,223.0,302.0,476.0,1426.0,541.0,111.0,1057.0,1803.0,238.0,1776.0,899.0,1459.0,473.0,253.0,212.0,1449.0,697.0,1734.0,143.0,195.0,606.0,1495.0,409.0,320.0,704.0,276.0,1429.0,628.0,00000000000000000895,180.972256944769,C0712F08
435.0,1608.0,1271.0,256.0,328.0,907.0,901.0,341.0,252.0,1589.0,1404.0,445.0,597.0,1076.0,199.0,1474.0,994.0,585.0,866.0,403.0,1860.0,203.0,348.0,741.0,714.0,325.0,534.0,333.0,1733.0,859.0,232.0,1590.0,748.0,303.0,372.0,448.0,1405.0,515.0,136.0,1040.0,1584.0,281.0,1668.0,868.0,1362.0,486.0,349.0,256.0,1417.0,628.0,1606.0,198.0,223.0,565.0,1282.0,392.0,372.0,674.0,306.0,1349.0,642.0,00000000000000000896,83.4790756271192,C0712F09
432.0,1364.0,1124.0,306.0,404.0,859.0,859.0,441.0,347.0,1186.0,1203.0,505.0,579.0,939.0,309.0,1251.0,826.0,621.0,859.0,429.0,1368.0,306.0,424.0,711.0,714.0,379.0,508.0,329.0,1311.0,746.0,304.0,1306.0,750.0,366.0,370.0,489.0,1232.0,540.0,214.0,967.0,1241.0,318.0,1347.0,793.0,1126.0,495.0,376.0,317.0,1184.0,621.0,1188.0,277.0,273.0,550.0,1012.0,393.0,390.0,690.0,342.0,1143.0,638.0,00000000000000000897,178.486098033548,C0712P01
441.0,1717.0,1368.0,201.0,266.0,922.0,922.0,276.0,139.0,1815.0,1460.0,441.0,606.0,1215.0,160.0,1610.0,1100.0,643.0,894.0,390.0,1989.0,130.0,308.0,771.0,858.0,307.0,512.0,261.0,1959.0,932.0,169.0,1682.0,748.0,206.0,279.0,482.0,1409.0,526.0,107.0,1051.0,1812.0,246.0,1745.0,919.0,1477.0,479.0,236.0,201.0,1429.0,725.0,1711.0,129.0,197.0,599.0,1491.0,410.0,316.0,698.0,273.0,1425.0,619.0,00000000000000000898,63.4347400747475,C0712P03
420.0,1374.0,1125.0,316.0,391.0,811.0,792.0,429.0,350.0,1155.0,1181.0,524.0,562.0,931.0,306.0,1257.0,792.0,617.0,821.0,437.0,1330.0,300.0,413.0,719.0,719.0,387.0,494.0,338.0,1329.0,685.0,284.0,1307.0,772.0,386.0,378.0,482.0,1223.0,519.0,205.0,1002.0,1239.0,310.0,1316.0,750.0,1102.0,475.0,372.0,316.0,1176.0,607.0,1133.0,272.0,258.0,530.0,978.0,393.0,394.0,725.0,343.0,1168.0,636.0,00000000000000000899,157.94317610362,C0712P06
500.0,1812.0,1438.0,361.0,415.0,1144.0,1097.0,395.0,261.0,2089.0,1740.0,520.0,793.0,1382.0,281.0,1697.0,1078.0,641.0,1068.0,460.0,2360.0,261.0,495.0,777.0,845.0,389.0,765.0,372.0,1936.0,1125.0,306.0,1992.0,806.0,359.0,412.0,583.0,1624.0,622.0,240.0,1297.0,2097.0,380.0,1950.0,1049.0,1668.0,584.0,405.0,307.0,1653.0,781.0,1925.0,263.0,339.0,698.0,1535.0,440.0,465.0,771.0,397.0,1605.0,776.0,0000000000000000089a,163.744557372887,C0712P08
405.0,1280.0,1057.0,302.0,376.0,818.0,828.0,409.0,335.0,1134.0,1110.0,468.0,541.0,878.0,296.0,1180.0,771.0,581.0,808.0,396.0,1339.0,302.0,396.0,679.0,635.0,346.0,488.0,324.0,1246.0,699.0,298.0,1244.0,711.0,344.0,361.0,443.0,1136.0,501.0,199.0,900.0,1168.0,308.0,1291.0,749.0,1042.0,467.0,368.0,313.0,1098.0,582.0,1144.0,266.0,257.0,511.0,946.0,365.0,382.0,644.0,325.0,1044.0,599.0,0000000000000000089b,224.185659240989,C0712P10
437.0,1495.0,1178.0,298.0,377.0,895.0,886.0,412.0,328.0,1329.0,1299.0,488.0,588.0,977.0,269.0,1368.0,902.0,619.0,878.0,427.0,1575.0,274.0,392.0,740.0,727.0,364.0,516.0,345.0,1484.0,801.0,269.0,1431.0,765.0,355.0,378.0,486.0,1324.0,549.0,189.0,1007.0,1376.0,302.0,1485.0,834.0,1221.0,492.0,381.0,309.0,1295.0,619.0,1348.0,246.0,250.0,565.0,1119.0,406.0,378.0,699.0,332.0,1242.0,651.0,0000000000000000089c,70.823373103394,C0712R01
410.0,1455.0,1125.0,276.0,351.0,850.0,841.0,383.0,304.0,1291.0,1258.0,454.0,558.0,936.0,238.0,1333.0,862.0,587.0,841.0,401.0,1528.0,254.0,364.0,701.0,701.0,343.0,480.0,321.0,1445.0,765.0,241.0,1384.0,724.0,331.0,342.0,462.0,1286.0,521.0,173.0,964.0,1337.0,274.0,1435.0,797.0,1179.0,457.0,353.0,287.0,1258.0,587.0,1304.0,216.0,229.0,540.0,1086.0,381.0,342.0,669.0,303.0,1207.0,617.0,0000000000000000089d,112.734609521418,C0712R03
457.0,1623.0,1275.0,306.0,360.0,955.0,935.0,365.0,275.0,1637.0,1444.0,473.0,644.0,1111.0,224.0,1485.0,978.0,584.0,901.0,420.0,1922.0,238.0,391.0,746.0,708.0,345.0,549.0,368.0,1751.0,902.0,256.0,1633.0,761.0,323.0,390.0,476.0,1428.0,539.0,175.0,1066.0,1640.0,311.0,1674.0,901.0,1390.0,520.0,392.0,294.0,1443.0,654.0,1625.0,221.0,255.0,599.0,1292.0,398.0,396.0,683.0,333.0,1380.0,678.0,0000000000000000089e,68.0373283601929,C0712R07
476.0,1712.0,1339.0,317.0,377.0,1053.0,1020.0,373.0,256.0,1853.0,1585.0,487.0,709.0,1223.0,243.0,1575.0,1025.0,603.0,980.0,431.0,2133.0,233.0,427.0,758.0,746.0,354.0,575.0,359.0,1875.0,1014.0,272.0,1798.0,781.0,320.0,393.0,518.0,1528.0,568.0,193.0,1153.0,1834.0,332.0,1794.0,980.0,1532.0,549.0,381.0,290.0,1554.0,709.0,1774.0,229.0,281.0,650.0,1422.0,405.0,419.0,709.0,353.0,1495.0,724.0,0000000000000000089f,85.8987422718834,C0712R09
434.0,1584.0,1235.0,274.0,340.0,906.0,897.0,349.0,261.0,1550.0,1392.0,454.0,597.0,1059.0,212.0,1450.0,962.0,578.0,859.0,403.0,1827.0,225.0,359.0,721.0,700.0,333.0,525.0,344.0,1692.0,850.0,243.0,1558.0,740.0,309.0,370.0,454.0,1384.0,511.0,153.0,1020.0,1566.0,285.0,1624.0,859.0,1337.0,486.0,368.0,273.0,1393.0,626.0,1560.0,211.0,232.0,567.0,1252.0,383.0,370.0,663.0,310.0,1326.0,643.0,000000000000000008a0,89.6887749209132,C0712R10
440.0,1416.0,1125.0,353.0,383.0,902.0,890.0,391.0,329.0,1431.0,1295.0,477.0,633.0,998.0,285.0,1282.0,829.0,545.0,860.0,417.0,1676.0,298.0,425.0,680.0,623.0,349.0,526.0,376.0,1456.0,835.0,312.0,1464.0,712.0,358.0,396.0,466.0,1253.0,516.0,229.0,969.0,1447.0,344.0,1463.0,833.0,1216.0,516.0,420.0,342.0,1252.0,616.0,1401.0,271.0,295.0,575.0,1109.0,379.0,427.0,642.0,366.0,1205.0,659.0,000000000000000008a1,109.947827877209,C0712W04
450.0,1798.0,1378.0,192.0,265.0,906.0,906.0,275.0,151.0,1823.0,1470.0,450.0,610.0,1214.0,157.0,1691.0,1143.0,656.0,887.0,409.0,2029.0,132.0,293.0,795.0,883.0,316.0,479.0,247.0,2018.0,910.0,172.0,1742.0,762.0,210.0,288.0,483.0,1431.0,539.0,112.0,1076.0,1843.0,230.0,1800.0,906.0,1470.0,463.0,233.0,199.0,1457.0,714.0,1759.0,133.0,192.0,609.0,1529.0,429.0,307.0,715.0,264.0,1444.0,630.0,000000000000000008a2,208.282854375165,C0712W06
503.0,1849.0,1466.0,340.0,414.0,1157.0,1108.0,401.0,241.0,2105.0,1749.0,529.0,796.0,1392.0,261.0,1712.0,1111.0,656.0,1081.0,463.0,2376.0,241.0,491.0,796.0,860.0,387.0,758.0,359.0,2000.0,1133.0,295.0,2003.0,832.0,338.0,403.0,591.0,1641.0,630.0,213.0,1311.0,2092.0,370.0,1964.0,1059.0,1675.0,588.0,387.0,286.0,1670.0,788.0,1945.0,251.0,314.0,711.0,1572.0,438.0,452.0,779.0,379.0,1617.0,794.0,000000000000000008a3,138.054895457615,C0712W07
439.0,1584.0,1209.0,271.0,352.0,881.0,870.0,379.0,291.0,1433.0,1352.0,473.0,585.0,1006.0,229.0,1435.0,941.0,607.0,872.0,425.0,1689.0,233.0,362.0,744.0,732.0,351.0,507.0,330.0,1605.0,815.0,237.0,1521.0,762.0,343.0,372.0,470.0,1377.0,538.0,167.0,1024.0,1471.0,274.0,1576.0,833.0,1273.0,486.0,353.0,272.0,1352.0,617.0,1453.0,210.0,238.0,560.0,1199.0,404.0,361.0,701.0,323.0,1300.0,643.0,000000000000000008a4,61.9357518620531,C0712W09
417.0,1283.0,1088.0,327.0,400.0,786.0,767.0,443.0,359.0,1081.0,1109.0,525.0,547.0,895.0,337.0,1213.0,750.0,619.0,789.0,428.0,1216.0,316.0,425.0,704.0,708.0,386.0,478.0,336.0,1256.0,629.0,300.0,1229.0,749.0,390.0,372.0,475.0,1151.0,505.0,217.0,973.0,1167.0,327.0,1242.0,709.0,1036.0,460.0,380.0,328.0,1099.0,599.0,1045.0,288.0,261.0,510.0,922.0,378.0,404.0,715.0,340.0,1098.0,619.0,000000000000000008a5,240.947843765131,C0712W10
502.0,1759.0,1401.0,373.0,412.0,1124.0,1075.0,394.0,270.0,2020.0,1697.0,523.0,782.0,1326.0,285.0,1630.0,1039.0,623.0,1045.0,457.0,2300.0,270.0,495.0,770.0,783.0,382.0,752.0,388.0,1900.0,1095.0,309.0,1929.0,800.0,364.0,423.0,570.0,1590.0,610.0,236.0,1244.0,2015.0,387.0,1894.0,1026.0,1629.0,589.0,423.0,329.0,1620.0,760.0,1873.0,264.0,342.0,691.0,1488.0,435.0,475.0,750.0,404.0,1567.0,774.0,000000000000000008a6,35.1402652536783,C0712W81
423.0,1553.0,1216.0,251.0,320.0,863.0,859.0,343.0,251.0,1483.0,1352.0,437.0,575.0,1016.0,205.0,1425.0,950.0,570.0,836.0,393.0,1747.0,206.0,339.0,717.0,698.0,323.0,507.0,318.0,1648.0,813.0,222.0,1507.0,722.0,305.0,357.0,440.0,1362.0,505.0,147.0,992.0,1506.0,274.0,1582.0,827.0,1301.0,473.0,330.0,251.0,1367.0,602.0,1511.0,201.0,225.0,547.0,1216.0,383.0,347.0,657.0,305.0,1296.0,622.0,000000000000000008a7,122.888126186921,C0712X90
789.0,1855.0,1697.0,656.0,899.0,1122.0,1133.0,962.0,801.0,1957.0,1173.0,895.0,787.0,1849.0,795.0,1938.0,1684.0,1171.0,958.0,907.0,1796.0,720.0,855.0,1107.0,1768.0,878.0,782.0,755.0,1753.0,1090.0,795.0,1958.0,1162.0,689.0,639.0,912.0,1325.0,933.0,883.0,1671.0,1867.0,751.0,1935.0,915.0,1328.0,802.0,820.0,784.0,1173.0,1025.0,2053.0,692.0,670.0,906.0,2074.0,798.0,810.0,1271.0,758.0,1265.0,875.0,000000000000000008a8,41.3420679567704,C0801C01
538.0,1520.0,1393.0,467.0,604.0,687.0,682.0,604.0,524.0,1752.0,936.0,685.0,544.0,1431.0,528.0,1593.0,1358.0,888.0,620.0,663.0,1620.0,445.0,599.0,869.0,1312.0,589.0,530.0,547.0,1520.0,750.0,580.0,1791.0,926.0,460.0,464.0,585.0,1017.0,596.0,616.0,1417.0,1552.0,534.0,1671.0,604.0,945.0,511.0,561.0,524.0,902.0,786.0,1843.0,501.0,392.0,652.0,1814.0,602.0,585.0,986.0,519.0,983.0,657.0,000000000000000008a9,123.475537685655,C0801C02
792.0,1871.0,1708.0,661.0,901.0,1135.0,1147.0,964.0,807.0,1973.0,1188.0,899.0,797.0,1860.0,798.0,1955.0,1694.0,1181.0,971.0,911.0,1812.0,725.0,858.0,1116.0,1780.0,882.0,785.0,761.0,1769.0,1103.0,797.0,1972.0,1173.0,692.0,641.0,923.0,1342.0,944.0,887.0,1682.0,1883.0,753.0,1950.0,927.0,1345.0,805.0,826.0,790.0,1188.0,1034.0,2069.0,695.0,673.0,917.0,2090.0,801.0,812.0,1282.0,761.0,1281.0,886.0,000000000000000008aa,24.4703043414382,C0801C03
432.0,1049.0,952.0,329.0,503.0,623.0,620.0,524.0,424.0,1148.0,677.0,540.0,454.0,1048.0,417.0,1108.0,934.0,659.0,516.0,534.0,1088.0,358.0,488.0,624.0,950.0,488.0,439.0,425.0,1006.0,633.0,482.0,1185.0,671.0,350.0,341.0,522.0,789.0,533.0,487.0,987.0,1074.0,418.0,1102.0,503.0,669.0,430.0,454.0,419.0,677.0,534.0,1246.0,387.0,304.0,556.0,1247.0,469.0,466.0,741.0,405.0,762.0,553.0,000000000000000008ac,16.5601486658582,C0801R02
414.0,1041.0,936.0,321.0,479.0,600.0,595.0,501.0,404.0,1139.0,658.0,519.0,441.0,1024.0,405.0,1093.0,922.0,642.0,498.0,514.0,1073.0,345.0,470.0,607.0,928.0,467.0,418.0,412.0,1003.0,616.0,471.0,1174.0,659.0,338.0,332.0,499.0,764.0,511.0,467.0,970.0,1062.0,406.0,1082.0,482.0,654.0,409.0,442.0,412.0,658.0,518.0,1229.0,373.0,290.0,537.0,1231.0,454.0,457.0,722.0,387.0,742.0,536.0,000000000000000008ad,20.7663463050999,C0801R03
519.0,1430.0,1281.0,451.0,608.0,670.0,644.0,625.0,534.0,1638.0,786.0,626.0,524.0,1355.0,535.0,1487.0,1281.0,803.0,574.0,634.0,1443.0,462.0,583.0,784.0,1264.0,580.0,514.0,534.0,1389.0,679.0,568.0,1646.0,824.0,458.0,459.0,579.0,870.0,586.0,601.0,1306.0,1472.0,515.0,1535.0,556.0,842.0,529.0,576.0,552.0,764.0,695.0,1758.0,491.0,417.0,603.0,1690.0,571.0,562.0,889.0,507.0,851.0,594.0,000000000000000008ae,41.9786500240999,C0801R04
404.0,1060.0,943.0,318.0,472.0,586.0,580.0,491.0,388.0,1159.0,665.0,508.0,456.0,1022.0,406.0,1098.0,933.0,641.0,491.0,504.0,1079.0,338.0,468.0,608.0,916.0,451.0,414.0,409.0,1029.0,614.0,481.0,1179.0,666.0,339.0,340.0,491.0,760.0,507.0,464.0,970.0,1078.0,404.0,1076.0,476.0,676.0,404.0,446.0,421.0,664.0,510.0,1248.0,368.0,286.0,534.0,1230.0,458.0,467.0,717.0,382.0,745.0,540.0,000000000000000008af,25.6401947061347,C0801R05
569.0,1553.0,1409.0,483.0,668.0,728.0,700.0,680.0,579.0,1780.0,890.0,696.0,570.0,1488.0,582.0,1627.0,1405.0,891.0,624.0,702.0,1587.0,495.0,643.0,864.0,1380.0,633.0,559.0,579.0,1522.0,755.0,624.0,1800.0,919.0,491.0,500.0,637.0,984.0,639.0,664.0,1443.0,1592.0,566.0,1672.0,607.0,943.0,574.0,621.0,593.0,864.0,765.0,1923.0,538.0,449.0,667.0,1840.0,629.0,618.0,989.0,552.0,954.0,656.0,000000000000000008b0,20.3840479075565,C0801R06
434.0,1287.0,1208.0,395.0,523.0,684.0,698.0,497.0,420.0,1445.0,991.0,616.0,524.0,1211.0,416.0,1325.0,1111.0,717.0,582.0,547.0,1443.0,331.0,532.0,713.0,1067.0,462.0,506.0,497.0,1319.0,811.0,511.0,1486.0,775.0,386.0,369.0,485.0,1065.0,553.0,505.0,1219.0,1322.0,445.0,1365.0,577.0,934.0,441.0,488.0,437.0,887.0,608.0,1486.0,395.0,272.0,631.0,1500.0,519.0,511.0,834.0,437.0,1048.0,699.0,000000000000000008b1,49.7199946880283,C0801R07
567.0,1554.0,1423.0,481.0,649.0,725.0,718.0,656.0,553.0,1798.0,945.0,712.0,571.0,1484.0,563.0,1632.0,1407.0,918.0,642.0,698.0,1640.0,471.0,634.0,899.0,1366.0,625.0,563.0,572.0,1538.0,778.0,610.0,1839.0,956.0,483.0,484.0,629.0,1035.0,638.0,649.0,1463.0,1588.0,562.0,1713.0,620.0,957.0,552.0,593.0,554.0,904.0,804.0,1899.0,528.0,421.0,687.0,1868.0,630.0,611.0,1025.0,548.0,1005.0,687.0,000000000000000008b2,8.56683059904014,C0801R08
677.0,1803.0,1768.0,575.0,612.0,1140.0,1100.0,550.0,449.0,1978.0,1840.0,839.0,758.0,1769.0,467.0,1835.0,1617.0,1138.0,1156.0,677.0,2087.0,449.0,735.0,1122.0,1671.0,634.0,776.0,575.0,1880.0,1297.0,509.0,1960.0,1039.0,570.0,550.0,697.0,1826.0,821.0,521.0,1715.0,1844.0,583.0,1942.0,1140.0,1794.0,518.0,499.0,474.0,1898.0,1186.0,2155.0,476.0,482.0,936.0,1978.0,737.0,716.0,1291.0,629.0,1857.0,957.0,000000000000000008b3,21.3500577974603,C0801R09
474.0,1245.0,1124.0,398.0,556.0,698.0,691.0,537.0,439.0,1378.0,915.0,605.0,560.0,1164.0,452.0,1279.0,1083.0,717.0,608.0,565.0,1366.0,376.0,560.0,711.0,1054.0,501.0,535.0,488.0,1257.0,781.0,533.0,1412.0,771.0,421.0,388.0,539.0,978.0,571.0,520.0,1186.0,1271.0,455.0,1292.0,619.0,836.0,484.0,488.0,453.0,840.0,612.0,1411.0,419.0,330.0,626.0,1432.0,539.0,511.0,809.0,465.0,976.0,678.0,000000000000000008b4,1.20856619255619,C0801R10
560.0,1537.0,1396.0,477.0,655.0,715.0,688.0,666.0,572.0,1765.0,878.0,685.0,559.0,1472.0,573.0,1613.0,1390.0,881.0,614.0,693.0,1572.0,489.0,631.0,854.0,1365.0,623.0,548.0,572.0,1509.0,742.0,612.0,1784.0,909.0,483.0,491.0,625.0,970.0,627.0,654.0,1429.0,1575.0,556.0,1659.0,597.0,931.0,563.0,613.0,585.0,854.0,758.0,1906.0,530.0,443.0,654.0,1823.0,619.0,607.0,978.0,544.0,941.0,643.0,000000000000000008b5,18.7003014218206,C0801R12
418.0,1093.0,974.0,330.0,484.0,601.0,591.0,500.0,407.0,1200.0,679.0,521.0,454.0,1053.0,412.0,1142.0,965.0,654.0,499.0,519.0,1124.0,350.0,477.0,624.0,955.0,468.0,421.0,423.0,1059.0,622.0,480.0,1235.0,680.0,346.0,340.0,497.0,779.0,508.0,474.0,1010.0,1111.0,409.0,1132.0,485.0,670.0,412.0,452.0,426.0,678.0,531.0,1282.0,377.0,292.0,540.0,1288.0,462.0,463.0,737.0,390.0,762.0,543.0,000000000000000008b6,31.8766892676166,C0801R13
521.0,1231.0,1053.0,429.0,621.0,690.0,692.0,657.0,562.0,1329.0,672.0,616.0,488.0,1172.0,537.0,1271.0,1056.0,757.0,541.0,628.0,1157.0,483.0,569.0,700.0,1110.0,599.0,517.0,526.0,1136.0,675.0,588.0,1288.0,749.0,443.0,434.0,601.0,814.0,611.0,603.0,1039.0,1285.0,532.0,1226.0,514.0,803.0,521.0,591.0,562.0,665.0,612.0,1413.0,477.0,419.0,583.0,1385.0,529.0,597.0,845.0,505.0,765.0,572.0,000000000000000008b7,7.1258897529829,C0801R14
486.0,1292.0,1161.0,412.0,565.0,736.0,741.0,543.0,430.0,1423.0,1006.0,626.0,591.0,1181.0,445.0,1322.0,1094.0,725.0,648.0,570.0,1436.0,368.0,571.0,729.0,1061.0,502.0,569.0,497.0,1324.0,833.0,536.0,1452.0,793.0,429.0,398.0,541.0,1065.0,592.0,512.0,1204.0,1321.0,464.0,1345.0,659.0,935.0,504.0,492.0,453.0,933.0,639.0,1447.0,420.0,337.0,648.0,1471.0,553.0,514.0,828.0,472.0,1059.0,709.0,000000000000000008b8,4.60980151563088,C0801R15
468.0,1235.0,1098.0,388.0,546.0,700.0,701.0,525.0,418.0,1357.0,938.0,595.0,560.0,1138.0,433.0,1264.0,1052.0,697.0,613.0,551.0,1367.0,360.0,548.0,698.0,1023.0,488.0,538.0,475.0,1256.0,788.0,520.0,1392.0,763.0,413.0,381.0,524.0,999.0,562.0,498.0,1164.0,1257.0,446.0,1274.0,631.0,862.0,483.0,475.0,440.0,873.0,609.0,1390.0,402.0,326.0,618.0,1411.0,531.0,491.0,796.0,455.0,997.0,674.0,000000000000000008b9,2.98685022717787,C0801R16
539.0,1270.0,1089.0,445.0,643.0,715.0,716.0,680.0,581.0,1370.0,695.0,637.0,504.0,1212.0,559.0,1311.0,1093.0,785.0,560.0,651.0,1194.0,501.0,589.0,726.0,1148.0,621.0,535.0,544.0,1172.0,698.0,607.0,1328.0,777.0,461.0,449.0,620.0,841.0,630.0,627.0,1075.0,1325.0,550.0,1266.0,532.0,830.0,539.0,611.0,581.0,688.0,636.0,1456.0,493.0,437.0,601.0,1427.0,548.0,617.0,876.0,526.0,791.0,589.0,000000000000000008ba,1.23338745134226,C0801W01
513.0,1505.0,1412.0,464.0,555.0,670.0,670.0,536.0,469.0,1715.0,1045.0,667.0,540.0,1440.0,493.0,1570.0,1339.0,888.0,655.0,612.0,1685.0,407.0,583.0,861.0,1304.0,544.0,524.0,533.0,1539.0,778.0,544.0,1754.0,900.0,451.0,451.0,539.0,1111.0,572.0,582.0,1422.0,1518.0,513.0,1647.0,638.0,1028.0,466.0,508.0,487.0,1039.0,810.0,1844.0,472.0,371.0,661.0,1765.0,584.0,590.0,971.0,509.0,1076.0,663.0,000000000000000008bc,60.5762780204897,C0802C01
646.0,1662.0,1526.0,569.0,759.0,842.0,818.0,778.0,667.0,1884.0,953.0,763.0,654.0,1607.0,679.0,1728.0,1521.0,964.0,729.0,776.0,1663.0,587.0,731.0,939.0,1514.0,717.0,657.0,658.0,1611.0,847.0,691.0,1894.0,981.0,586.0,570.0,725.0,1056.0,731.0,753.0,1548.0,1710.0,641.0,1781.0,709.0,1034.0,667.0,711.0,684.0,934.0,846.0,2021.0,612.0,550.0,744.0,1948.0,696.0,687.0,1056.0,642.0,1027.0,734.0,000000000000000008bd,56.5899634854063,C0802C02
578.0,1628.0,1556.0,510.0,572.0,755.0,755.0,553.0,487.0,1827.0,1262.0,720.0,594.0,1573.0,512.0,1690.0,1495.0,1010.0,764.0,647.0,1828.0,446.0,629.0,974.0,1448.0,595.0,574.0,563.0,1665.0,860.0,565.0,1850.0,1006.0,493.0,496.0,582.0,1312.0,622.0,599.0,1570.0,1642.0,552.0,1753.0,744.0,1215.0,488.0,517.0,494.0,1286.0,950.0,1978.0,495.0,405.0,722.0,1864.0,640.0,635.0,1075.0,542.0,1294.0,719.0,000000000000000008be,34.6183371262886,C0802C03
580.0,1635.0,1569.0,519.0,580.0,762.0,762.0,561.0,496.0,1837.0,1267.0,721.0,595.0,1586.0,516.0,1698.0,1507.0,1013.0,771.0,650.0,1835.0,455.0,636.0,978.0,1461.0,597.0,581.0,573.0,1671.0,867.0,569.0,1860.0,1009.0,495.0,500.0,585.0,1317.0,625.0,602.0,1582.0,1648.0,555.0,1763.0,750.0,1221.0,496.0,527.0,504.0,1290.0,952.0,1986.0,499.0,408.0,724.0,1874.0,642.0,639.0,1079.0,544.0,1299.0,720.0,000000000000000008bf,47.2906237485737,C0802C04
511.0,1514.0,1417.0,466.0,593.0,776.0,776.0,565.0,453.0,1676.0,1210.0,719.0,609.0,1463.0,494.0,1559.0,1309.0,895.0,733.0,641.0,1705.0,387.0,621.0,877.0,1298.0,550.0,578.0,545.0,1536.0,940.0,573.0,1734.0,907.0,440.0,451.0,586.0,1303.0,654.0,580.0,1418.0,1520.0,519.0,1607.0,726.0,1184.0,480.0,519.0,473.0,1155.0,790.0,1792.0,465.0,334.0,774.0,1757.0,615.0,626.0,1001.0,520.0,1256.0,804.0,000000000000000008c0,70.0906332850689,C0802C05
528.0,1540.0,1445.0,477.0,554.0,676.0,677.0,537.0,471.0,1738.0,1084.0,682.0,548.0,1472.0,497.0,1602.0,1370.0,915.0,670.0,623.0,1726.0,415.0,589.0,882.0,1335.0,555.0,529.0,541.0,1576.0,782.0,546.0,1775.0,924.0,457.0,459.0,543.0,1147.0,576.0,586.0,1455.0,1547.0,520.0,1672.0,651.0,1060.0,468.0,507.0,488.0,1090.0,840.0,1881.0,476.0,377.0,670.0,1785.0,596.0,599.0,993.0,518.0,1116.0,670.0,000000000000000008c1,17.639518240774,C0802C06
517.0,1510.0,1411.0,465.0,551.0,667.0,667.0,532.0,467.0,1717.0,1043.0,667.0,535.0,1438.0,490.0,1574.0,1340.0,889.0,656.0,612.0,1690.0,409.0,580.0,863.0,1304.0,546.0,522.0,532.0,1545.0,770.0,540.0,1754.0,899.0,451.0,452.0,535.0,1106.0,565.0,577.0,1420.0,1520.0,510.0,1650.0,638.0,1025.0,464.0,505.0,485.0,1041.0,816.0,1846.0,471.0,373.0,651.0,1764.0,584.0,587.0,971.0,508.0,1071.0,651.0,000000000000000008c2,61.6413168578822,C0802C07
558.0,1596.0,1521.0,492.0,567.0,718.0,719.0,555.0,485.0,1803.0,1174.0,705.0,572.0,1543.0,508.0,1664.0,1456.0,973.0,716.0,642.0,1786.0,439.0,609.0,937.0,1410.0,583.0,546.0,552.0,1633.0,815.0,568.0,1832.0,981.0,473.0,483.0,566.0,1231.0,596.0,599.0,1531.0,1614.0,549.0,1729.0,697.0,1139.0,483.0,518.0,497.0,1189.0,902.0,1947.0,498.0,394.0,691.0,1845.0,618.0,624.0,1040.0,528.0,1205.0,687.0,000000000000000008c3,69.4155433012928,C0802C08
673.0,1643.0,1470.0,582.0,782.0,887.0,879.0,834.0,707.0,1801.0,919.0,780.0,662.0,1589.0,691.0,1708.0,1469.0,990.0,742.0,798.0,1594.0,628.0,748.0,942.0,1508.0,757.0,679.0,683.0,1550.0,856.0,726.0,1774.0,993.0,595.0,575.0,760.0,1047.0,772.0,770.0,1465.0,1693.0,670.0,1710.0,709.0,1045.0,690.0,740.0,719.0,910.0,851.0,1921.0,624.0,562.0,762.0,1873.0,701.0,728.0,1086.0,653.0,1009.0,739.0,000000000000000008c4,25.8515977596991,C0802C09
509.0,1515.0,1414.0,464.0,587.0,774.0,774.0,559.0,452.0,1677.0,1202.0,716.0,606.0,1460.0,493.0,1561.0,1308.0,896.0,730.0,639.0,1706.0,386.0,615.0,876.0,1293.0,548.0,572.0,542.0,1537.0,935.0,569.0,1734.0,908.0,439.0,449.0,586.0,1294.0,651.0,581.0,1415.0,1522.0,516.0,1607.0,725.0,1176.0,475.0,517.0,470.0,1153.0,790.0,1795.0,462.0,333.0,771.0,1757.0,612.0,622.0,999.0,519.0,1250.0,801.0,000000000000000008c5,90.340329067321,C0802P01
453.0,1114.0,1003.0,330.0,484.0,642.0,652.0,502.0,385.0,1162.0,804.0,557.0,527.0,1007.0,422.0,1133.0,920.0,664.0,586.0,517.0,1136.0,347.0,511.0,675.0,874.0,450.0,496.0,413.0,1110.0,662.0,483.0,1197.0,732.0,391.0,370.0,500.0,860.0,530.0,431.0,1025.0,1129.0,408.0,1111.0,566.0,784.0,469.0,442.0,419.0,788.0,564.0,1238.0,378.0,321.0,551.0,1162.0,492.0,466.0,747.0,415.0,840.0,608.0,000000000000000008c6,33.3257997764459,C0802P03
504.0,1496.0,1397.0,460.0,569.0,734.0,734.0,545.0,452.0,1670.0,1145.0,691.0,580.0,1440.0,488.0,1548.0,1300.0,885.0,700.0,619.0,1684.0,388.0,602.0,863.0,1280.0,536.0,554.0,531.0,1523.0,882.0,549.0,1723.0,898.0,439.0,443.0,563.0,1226.0,620.0,574.0,1402.0,1505.0,511.0,1603.0,695.0,1125.0,467.0,508.0,467.0,1117.0,790.0,1799.0,459.0,341.0,733.0,1742.0,595.0,605.0,979.0,509.0,1189.0,754.0,000000000000000008c7,99.128420345858,C0802P04
591.0,1655.0,1514.0,504.0,697.0,813.0,788.0,717.0,608.0,1843.0,1003.0,732.0,603.0,1611.0,607.0,1751.0,1504.0,975.0,687.0,739.0,1696.0,522.0,674.0,940.0,1491.0,667.0,573.0,612.0,1618.0,835.0,656.0,1867.0,1002.0,498.0,514.0,697.0,1120.0,697.0,702.0,1547.0,1694.0,598.0,1737.0,656.0,1088.0,587.0,656.0,618.0,982.0,827.0,2021.0,565.0,455.0,732.0,1917.0,649.0,656.0,1085.0,574.0,1079.0,713.0,000000000000000008c8,31.6030560387741,C0802P05
426.0,1270.0,1193.0,394.0,523.0,674.0,688.0,498.0,420.0,1425.0,972.0,603.0,523.0,1198.0,407.0,1311.0,1099.0,707.0,573.0,538.0,1423.0,331.0,530.0,702.0,1055.0,455.0,505.0,496.0,1302.0,797.0,505.0,1463.0,765.0,377.0,364.0,485.0,1048.0,551.0,493.0,1204.0,1307.0,438.0,1344.0,566.0,920.0,440.0,489.0,438.0,869.0,598.0,1463.0,389.0,266.0,630.0,1479.0,509.0,505.0,823.0,427.0,1030.0,695.0,000000000000000008c9,105.959526394919,C0802P06
503.0,1493.0,1395.0,460.0,567.0,730.0,730.0,544.0,451.0,1670.0,1140.0,687.0,578.0,1437.0,487.0,1546.0,1298.0,883.0,699.0,617.0,1682.0,388.0,601.0,860.0,1279.0,535.0,553.0,530.0,1522.0,877.0,548.0,1722.0,896.0,440.0,443.0,560.0,1220.0,617.0,572.0,1400.0,1502.0,511.0,1604.0,693.0,1120.0,467.0,506.0,467.0,1115.0,790.0,1800.0,459.0,343.0,729.0,1740.0,594.0,604.0,976.0,508.0,1183.0,749.0,000000000000000008ca,95.171747920075,C0802P07
461.0,1208.0,1081.0,381.0,536.0,673.0,662.0,524.0,429.0,1330.0,869.0,582.0,547.0,1123.0,444.0,1236.0,1049.0,699.0,586.0,547.0,1314.0,366.0,541.0,694.0,1016.0,487.0,514.0,473.0,1215.0,746.0,524.0,1358.0,754.0,407.0,380.0,526.0,934.0,555.0,506.0,1143.0,1231.0,443.0,1240.0,595.0,802.0,468.0,478.0,448.0,809.0,592.0,1371.0,410.0,323.0,604.0,1380.0,525.0,502.0,786.0,448.0,934.0,654.0,000000000000000008cb,23.2956055243763,C0802R01
449.0,985.0,827.0,331.0,544.0,626.0,627.0,564.0,470.0,1031.0,604.0,536.0,426.0,949.0,453.0,997.0,839.0,646.0,474.0,536.0,898.0,394.0,491.0,580.0,896.0,522.0,439.0,438.0,891.0,638.0,521.0,993.0,638.0,368.0,353.0,547.0,743.0,560.0,526.0,827.0,1024.0,447.0,916.0,452.0,711.0,439.0,513.0,470.0,593.0,478.0,1109.0,384.0,337.0,515.0,1078.0,451.0,531.0,727.0,431.0,694.0,526.0,000000000000000008cc,11.7868742334257,C0802R02
495.0,1461.0,1323.0,422.0,554.0,620.0,607.0,561.0,489.0,1671.0,856.0,623.0,491.0,1383.0,492.0,1538.0,1308.0,834.0,554.0,618.0,1541.0,417.0,546.0,811.0,1267.0,549.0,465.0,509.0,1453.0,674.0,552.0,1704.0,863.0,411.0,441.0,539.0,935.0,544.0,574.0,1351.0,1496.0,506.0,1575.0,528.0,876.0,460.0,528.0,500.0,833.0,727.0,1824.0,478.0,359.0,594.0,1735.0,557.0,560.0,929.0,473.0,908.0,585.0,000000000000000008cd,26.2439384238268,C0802R04
448.0,992.0,835.0,331.0,547.0,625.0,627.0,565.0,470.0,1040.0,606.0,537.0,429.0,958.0,453.0,1005.0,847.0,647.0,474.0,537.0,907.0,392.0,491.0,583.0,902.0,521.0,440.0,439.0,900.0,639.0,523.0,1003.0,640.0,369.0,354.0,547.0,747.0,562.0,524.0,835.0,1031.0,449.0,924.0,451.0,715.0,440.0,513.0,471.0,596.0,481.0,1120.0,385.0,337.0,517.0,1088.0,451.0,534.0,730.0,429.0,699.0,528.0,000000000000000008ce,27.5071745813807,C0802R05
651.0,1635.0,1488.0,561.0,758.0,823.0,797.0,777.0,660.0,1843.0,918.0,764.0,657.0,1567.0,669.0,1688.0,1497.0,956.0,710.0,782.0,1619.0,586.0,729.0,934.0,1475.0,717.0,657.0,659.0,1575.0,827.0,696.0,1858.0,974.0,581.0,573.0,722.0,1026.0,732.0,741.0,1506.0,1680.0,639.0,1726.0,689.0,992.0,663.0,706.0,682.0,908.0,826.0,1985.0,608.0,537.0,742.0,1905.0,703.0,692.0,1043.0,631.0,1002.0,732.0,000000000000000008cf,17.8358124299176,C0802R06
414.0,1176.0,1079.0,365.0,508.0,622.0,617.0,491.0,406.0,1330.0,826.0,563.0,486.0,1110.0,410.0,1220.0,1027.0,651.0,525.0,523.0,1287.0,334.0,502.0,649.0,989.0,449.0,474.0,454.0,1183.0,709.0,468.0,1370.0,701.0,370.0,341.0,477.0,907.0,521.0,486.0,1115.0,1211.0,410.0,1247.0,524.0,777.0,427.0,457.0,417.0,734.0,550.0,1347.0,372.0,282.0,578.0,1390.0,483.0,462.0,747.0,416.0,888.0,624.0,000000000000000008d0,97.9005578525099,C0802R07
684.0,1678.0,1529.0,593.0,794.0,871.0,848.0,827.0,697.0,1855.0,932.0,799.0,673.0,1620.0,703.0,1739.0,1525.0,1000.0,739.0,817.0,1652.0,622.0,765.0,967.0,1532.0,755.0,687.0,691.0,1606.0,857.0,727.0,1867.0,1011.0,609.0,596.0,756.0,1057.0,766.0,779.0,1540.0,1718.0,673.0,1754.0,719.0,1027.0,703.0,745.0,717.0,929.0,861.0,2002.0,638.0,568.0,776.0,1935.0,731.0,727.0,1089.0,664.0,1023.0,752.0,000000000000000008d1,3.67215011411297,C0802R08
600.0,1644.0,1507.0,517.0,712.0,818.0,792.0,735.0,623.0,1846.0,976.0,738.0,610.0,1606.0,616.0,1735.0,1492.0,961.0,693.0,748.0,1679.0,533.0,685.0,924.0,1487.0,679.0,589.0,618.0,1599.0,831.0,660.0,1866.0,982.0,513.0,518.0,702.0,1099.0,702.0,714.0,1533.0,1689.0,602.0,1743.0,660.0,1059.0,606.0,664.0,633.0,953.0,821.0,2011.0,572.0,471.0,732.0,1918.0,654.0,655.0,1070.0,584.0,1052.0,708.0,000000000000000008d2,33.6660239393328,C0802R09
579.0,1562.0,1428.0,486.0,659.0,736.0,726.0,668.0,560.0,1809.0,944.0,718.0,578.0,1497.0,576.0,1643.0,1420.0,925.0,647.0,707.0,1645.0,482.0,642.0,906.0,1381.0,637.0,570.0,580.0,1542.0,783.0,616.0,1849.0,963.0,489.0,491.0,640.0,1035.0,646.0,659.0,1476.0,1598.0,568.0,1721.0,625.0,951.0,565.0,601.0,562.0,892.0,808.0,1912.0,538.0,434.0,691.0,1879.0,638.0,618.0,1031.0,557.0,1010.0,691.0,000000000000000008d3,0.457063230175316,C0802R55
584.0,1568.0,1434.0,488.0,663.0,738.0,729.0,672.0,563.0,1816.0,948.0,721.0,579.0,1504.0,580.0,1649.0,1428.0,927.0,651.0,710.0,1651.0,485.0,645.0,907.0,1389.0,641.0,573.0,582.0,1550.0,785.0,615.0,1855.0,964.0,493.0,491.0,641.0,1039.0,645.0,662.0,1484.0,1604.0,567.0,1728.0,629.0,953.0,569.0,602.0,564.0,899.0,811.0,1920.0,537.0,439.0,690.0,1885.0,642.0,616.0,1033.0,561.0,1015.0,690.0,000000000000000008d4,29.7764931469271,C0802R66
517.0,1517.0,1425.0,468.0,540.0,662.0,662.0,524.0,462.0,1715.0,1065.0,667.0,536.0,1453.0,484.0,1579.0,1352.0,900.0,657.0,609.0,1701.0,407.0,574.0,868.0,1317.0,544.0,515.0,530.0,1552.0,765.0,536.0,1751.0,909.0,445.0,451.0,532.0,1126.0,564.0,570.0,1436.0,1525.0,511.0,1650.0,638.0,1041.0,456.0,497.0,478.0,1070.0,827.0,1856.0,467.0,367.0,655.0,1762.0,582.0,587.0,976.0,503.0,1096.0,655.0,000000000000000008d5,66.2018231651539,C0802W05
379.0,1136.0,1012.0,327.0,443.0,534.0,524.0,451.0,385.0,1303.0,683.0,495.0,391.0,1064.0,378.0,1192.0,999.0,634.0,443.0,488.0,1191.0,321.0,427.0,616.0,967.0,426.0,375.0,400.0,1111.0,572.0,420.0,1347.0,659.0,314.0,312.0,440.0,770.0,458.0,443.0,1039.0,1167.0,373.0,1236.0,424.0,700.0,368.0,424.0,392.0,615.0,534.0,1375.0,350.0,266.0,495.0,1373.0,425.0,419.0,716.0,362.0,742.0,495.0,000000000000000008d6,69.3838512299138,C0803F02
339.0,1049.0,932.0,296.0,404.0,494.0,491.0,407.0,351.0,1199.0,640.0,454.0,366.0,974.0,338.0,1099.0,911.0,578.0,404.0,446.0,1105.0,287.0,389.0,562.0,879.0,385.0,345.0,372.0,1026.0,542.0,384.0,1235.0,607.0,285.0,282.0,401.0,724.0,420.0,401.0,956.0,1081.0,343.0,1133.0,391.0,658.0,332.0,391.0,359.0,600.0,476.0,1260.0,315.0,232.0,458.0,1265.0,385.0,384.0,658.0,327.0,702.0,464.0,000000000000000008d7,237.315845726384,C0803F03
332.0,1182.0,1078.0,315.0,350.0,513.0,519.0,324.0,281.0,1299.0,931.0,462.0,396.0,1100.0,307.0,1222.0,988.0,666.0,513.0,395.0,1370.0,248.0,393.0,641.0,973.0,346.0,360.0,355.0,1225.0,629.0,355.0,1342.0,666.0,293.0,290.0,360.0,986.0,412.0,366.0,1076.0,1180.0,338.0,1264.0,504.0,905.0,289.0,315.0,297.0,966.0,602.0,1494.0,298.0,211.0,503.0,1353.0,395.0,408.0,725.0,334.0,960.0,512.0,000000000000000008d8,251.974113060164,C0803F04
400.0,1090.0,977.0,336.0,473.0,598.0,587.0,456.0,380.0,1218.0,780.0,517.0,471.0,1022.0,383.0,1125.0,951.0,623.0,506.0,488.0,1194.0,324.0,473.0,616.0,923.0,429.0,443.0,419.0,1096.0,671.0,454.0,1251.0,673.0,349.0,323.0,463.0,846.0,486.0,444.0,1043.0,1116.0,384.0,1132.0,516.0,700.0,403.0,422.0,391.0,708.0,522.0,1251.0,353.0,268.0,538.0,1273.0,458.0,435.0,708.0,389.0,845.0,583.0,000000000000000008d9,48.0523553080027,C0803F05
358.0,1089.0,1005.0,331.0,438.0,563.0,571.0,419.0,355.0,1236.0,789.0,503.0,431.0,1017.0,348.0,1132.0,935.0,598.0,477.0,456.0,1206.0,285.0,436.0,592.0,899.0,389.0,416.0,413.0,1109.0,657.0,417.0,1267.0,646.0,319.0,301.0,411.0,862.0,458.0,420.0,1017.0,1124.0,363.0,1163.0,470.0,757.0,365.0,413.0,372.0,701.0,504.0,1257.0,324.0,230.0,522.0,1285.0,424.0,416.0,692.0,358.0,842.0,568.0,000000000000000008da,55.0479400903973,C0803R02
372.0,1189.0,1087.0,335.0,430.0,536.0,538.0,420.0,367.0,1357.0,795.0,514.0,411.0,1110.0,365.0,1239.0,1034.0,664.0,465.0,478.0,1310.0,299.0,433.0,651.0,990.0,410.0,387.0,417.0,1198.0,622.0,427.0,1395.0,697.0,316.0,315.0,414.0,872.0,450.0,445.0,1106.0,1217.0,380.0,1281.0,450.0,776.0,350.0,407.0,376.0,740.0,566.0,1427.0,349.0,238.0,520.0,1416.0,440.0,436.0,754.0,365.0,841.0,540.0,000000000000000008db,15.9381743039389,C0803R03
327.0,941.0,828.0,280.0,384.0,498.0,490.0,371.0,318.0,1057.0,657.0,427.0,386.0,865.0,311.0,972.0,804.0,525.0,420.0,401.0,1031.0,269.0,383.0,521.0,779.0,351.0,359.0,351.0,946.0,561.0,372.0,1086.0,568.0,282.0,264.0,380.0,716.0,401.0,362.0,881.0,965.0,315.0,982.0,427.0,593.0,326.0,355.0,327.0,594.0,440.0,1083.0,289.0,216.0,444.0,1105.0,376.0,357.0,599.0,316.0,713.0,481.0,000000000000000008dc,176.10950695035,C0803R05
229.0,657.0,550.0,168.0,262.0,363.0,353.0,267.0,205.0,696.0,423.0,279.0,276.0,565.0,222.0,663.0,525.0,359.0,315.0,273.0,650.0,181.0,259.0,356.0,495.0,246.0,242.0,216.0,643.0,363.0,260.0,700.0,389.0,190.0,195.0,274.0,458.0,285.0,230.0,550.0,670.0,217.0,640.0,304.0,423.0,236.0,240.0,233.0,409.0,295.0,764.0,196.0,162.0,291.0,698.0,255.0,254.0,402.0,206.0,445.0,313.0,000000000000000008dd,55.4217028871429,C0803R06
378.0,1155.0,1038.0,335.0,451.0,545.0,541.0,446.0,386.0,1325.0,732.0,514.0,416.0,1069.0,376.0,1204.0,1004.0,640.0,450.0,489.0,1234.0,310.0,441.0,628.0,961.0,417.0,397.0,419.0,1144.0,620.0,420.0,1362.0,675.0,317.0,311.0,443.0,821.0,466.0,454.0,1065.0,1191.0,376.0,1237.0,436.0,741.0,371.0,431.0,394.0,663.0,534.0,1372.0,342.0,245.0,523.0,1384.0,439.0,422.0,733.0,367.0,797.0,540.0,000000000000000008de,79.132982404884,C0803R07
375.0,1019.0,897.0,293.0,439.0,548.0,536.0,452.0,362.0,1116.0,631.0,471.0,429.0,969.0,373.0,1053.0,888.0,602.0,454.0,471.0,1035.0,313.0,434.0,571.0,869.0,420.0,384.0,383.0,993.0,577.0,450.0,1133.0,628.0,311.0,315.0,456.0,721.0,467.0,432.0,922.0,1038.0,375.0,1030.0,440.0,635.0,373.0,420.0,394.0,626.0,474.0,1197.0,340.0,260.0,498.0,1182.0,428.0,437.0,677.0,352.0,706.0,506.0,000000000000000008df,40.1323210467317,C0804F01
396.0,1182.0,1094.0,363.0,491.0,605.0,608.0,472.0,392.0,1339.0,835.0,557.0,471.0,1111.0,391.0,1226.0,1025.0,650.0,510.0,508.0,1299.0,316.0,486.0,646.0,986.0,433.0,459.0,449.0,1195.0,705.0,456.0,1375.0,699.0,355.0,332.0,457.0,913.0,504.0,471.0,1110.0,1217.0,400.0,1259.0,507.0,803.0,406.0,449.0,406.0,738.0,548.0,1360.0,360.0,259.0,570.0,1395.0,468.0,456.0,751.0,400.0,891.0,619.0,000000000000000008e0,4.07647936272042,C0804F02
378.0,1121.0,1031.0,350.0,468.0,582.0,581.0,450.0,381.0,1270.0,788.0,526.0,447.0,1051.0,372.0,1163.0,970.0,614.0,491.0,482.0,1228.0,311.0,460.0,614.0,933.0,414.0,438.0,431.0,1131.0,671.0,437.0,1308.0,661.0,341.0,320.0,435.0,861.0,481.0,449.0,1052.0,1156.0,388.0,1196.0,489.0,755.0,390.0,432.0,391.0,696.0,521.0,1282.0,349.0,252.0,536.0,1326.0,444.0,437.0,707.0,381.0,841.0,580.0,000000000000000008e1,37.1473756379975,C0804F03
417.0,1017.0,906.0,305.0,442.0,586.0,599.0,461.0,358.0,1067.0,725.0,502.0,474.0,914.0,385.0,1040.0,841.0,602.0,540.0,470.0,1024.0,320.0,465.0,612.0,805.0,413.0,449.0,372.0,1008.0,602.0,431.0,1096.0,662.0,356.0,337.0,462.0,772.0,483.0,392.0,928.0,1031.0,370.0,1023.0,524.0,709.0,430.0,399.0,378.0,702.0,521.0,1121.0,345.0,302.0,498.0,1064.0,442.0,416.0,675.0,377.0,750.0,543.0,000000000000000008e2,3.30315958635749,C0804F04
427.0,937.0,786.0,308.0,517.0,606.0,607.0,537.0,444.0,977.0,583.0,511.0,407.0,903.0,427.0,950.0,792.0,614.0,458.0,511.0,856.0,370.0,465.0,549.0,851.0,498.0,415.0,412.0,844.0,616.0,493.0,942.0,606.0,345.0,330.0,525.0,720.0,537.0,496.0,786.0,975.0,422.0,869.0,436.0,688.0,415.0,485.0,444.0,573.0,452.0,1049.0,362.0,314.0,495.0,1024.0,429.0,503.0,694.0,405.0,668.0,505.0,000000000000000008e3,13.905970538952,C0804F06
406.0,1137.0,1021.0,345.0,483.0,593.0,579.0,468.0,396.0,1287.0,767.0,531.0,461.0,1066.0,398.0,1181.0,994.0,631.0,497.0,503.0,1233.0,333.0,479.0,625.0,959.0,437.0,440.0,432.0,1134.0,661.0,450.0,1330.0,678.0,349.0,327.0,464.0,846.0,493.0,464.0,1078.0,1166.0,388.0,1200.0,505.0,699.0,403.0,439.0,406.0,688.0,532.0,1309.0,356.0,280.0,541.0,1348.0,466.0,437.0,718.0,396.0,833.0,579.0,000000000000000008e4,3.70701342746014,C0804R01
545.0,1384.0,1215.0,470.0,639.0,726.0,719.0,680.0,580.0,1531.0,742.0,637.0,541.0,1312.0,562.0,1435.0,1215.0,818.0,600.0,653.0,1336.0,507.0,605.0,775.0,1242.0,621.0,548.0,557.0,1304.0,699.0,603.0,1496.0,817.0,481.0,469.0,619.0,851.0,629.0,631.0,1205.0,1435.0,548.0,1434.0,573.0,852.0,557.0,607.0,597.0,734.0,691.0,1635.0,508.0,448.0,619.0,1584.0,573.0,603.0,897.0,530.0,821.0,603.0,000000000000000008e5,19.9807248902645,C0804R02
559.0,1522.0,1387.0,472.0,641.0,720.0,707.0,651.0,547.0,1759.0,911.0,696.0,560.0,1455.0,559.0,1599.0,1379.0,894.0,624.0,689.0,1594.0,469.0,625.0,873.0,1341.0,617.0,552.0,565.0,1497.0,764.0,599.0,1797.0,928.0,473.0,474.0,621.0,1006.0,631.0,640.0,1430.0,1558.0,549.0,1667.0,602.0,926.0,548.0,591.0,553.0,854.0,774.0,1864.0,520.0,419.0,674.0,1828.0,617.0,603.0,996.0,538.0,979.0,673.0,000000000000000008e6,8.24865416142628,C0804R03
439.0,1012.0,854.0,353.0,530.0,582.0,585.0,547.0,473.0,1092.0,567.0,520.0,409.0,959.0,452.0,1037.0,861.0,627.0,450.0,520.0,945.0,403.0,479.0,579.0,909.0,503.0,435.0,446.0,930.0,589.0,500.0,1058.0,627.0,375.0,363.0,512.0,689.0,521.0,504.0,853.0,1054.0,443.0,986.0,439.0,671.0,441.0,506.0,475.0,566.0,498.0,1166.0,394.0,350.0,488.0,1134.0,440.0,509.0,700.0,426.0,646.0,496.0,000000000000000008e7,13.7717511239283,C0804R04
455.0,1255.0,1153.0,402.0,538.0,695.0,704.0,519.0,427.0,1406.0,946.0,608.0,552.0,1161.0,429.0,1293.0,1074.0,704.0,603.0,552.0,1391.0,352.0,548.0,703.0,1042.0,477.0,532.0,492.0,1281.0,796.0,516.0,1429.0,757.0,405.0,381.0,512.0,1011.0,567.0,504.0,1169.0,1292.0,448.0,1327.0,604.0,901.0,471.0,492.0,448.0,861.0,605.0,1420.0,404.0,307.0,626.0,1449.0,527.0,504.0,804.0,449.0,1001.0,684.0,000000000000000008e8,18.4969087491516,C0804R05
466.0,1239.0,1093.0,382.0,533.0,639.0,619.0,541.0,461.0,1367.0,747.0,579.0,479.0,1168.0,454.0,1289.0,1093.0,724.0,538.0,569.0,1285.0,396.0,525.0,699.0,1080.0,516.0,462.0,473.0,1202.0,662.0,506.0,1429.0,753.0,391.0,381.0,532.0,846.0,542.0,526.0,1146.0,1245.0,443.0,1310.0,530.0,707.0,451.0,492.0,463.0,745.0,604.0,1459.0,416.0,336.0,572.0,1472.0,510.0,490.0,804.0,444.0,829.0,577.0,000000000000000008e9,34.370286704486,C0804R06
457.0,1216.0,1080.0,378.0,541.0,658.0,636.0,550.0,462.0,1330.0,739.0,573.0,475.0,1162.0,454.0,1277.0,1080.0,723.0,538.0,572.0,1252.0,396.0,522.0,695.0,1071.0,519.0,456.0,472.0,1164.0,670.0,499.0,1404.0,750.0,380.0,372.0,539.0,854.0,549.0,528.0,1134.0,1233.0,444.0,1284.0,517.0,697.0,455.0,499.0,462.0,729.0,594.0,1439.0,408.0,334.0,581.0,1450.0,502.0,490.0,815.0,435.0,833.0,580.0,000000000000000008ea,16.6817892731735,C0804R07
502.0,1469.0,1344.0,437.0,541.0,642.0,642.0,536.0,471.0,1674.0,953.0,640.0,506.0,1379.0,485.0,1536.0,1312.0,867.0,601.0,609.0,1595.0,405.0,550.0,845.0,1263.0,544.0,482.0,508.0,1475.0,721.0,540.0,1706.0,885.0,426.0,432.0,527.0,1021.0,548.0,570.0,1370.0,1502.0,496.0,1586.0,585.0,942.0,457.0,503.0,476.0,927.0,772.0,1779.0,464.0,354.0,616.0,1727.0,563.0,555.0,948.0,479.0,993.0,618.0,000000000000000008ec,5.36830560815302,C0804R10
430.0,1041.0,925.0,312.0,469.0,611.0,620.0,484.0,374.0,1099.0,732.0,510.0,485.0,943.0,406.0,1061.0,873.0,623.0,550.0,482.0,1037.0,333.0,481.0,627.0,842.0,432.0,460.0,381.0,1023.0,624.0,452.0,1115.0,678.0,366.0,352.0,482.0,789.0,504.0,415.0,944.0,1061.0,387.0,1035.0,537.0,726.0,442.0,418.0,368.0,711.0,537.0,1151.0,363.0,318.0,511.0,1096.0,454.0,438.0,695.0,393.0,765.0,554.0,000000000000000008ed,11.5830169962111,C0804R11
551.0,1531.0,1389.0,478.0,649.0,752.0,729.0,668.0,575.0,1715.0,887.0,671.0,553.0,1481.0,564.0,1613.0,1380.0,880.0,638.0,681.0,1558.0,495.0,621.0,844.0,1378.0,620.0,536.0,566.0,1486.0,754.0,601.0,1733.0,898.0,469.0,475.0,636.0,1001.0,637.0,647.0,1408.0,1576.0,550.0,1620.0,605.0,970.0,554.0,611.0,584.0,866.0,752.0,1865.0,525.0,441.0,657.0,1780.0,595.0,593.0,980.0,535.0,959.0,637.0,000000000000000008ee,26.5415436850864,C0804R12
471.0,1332.0,1183.0,413.0,548.0,611.0,589.0,563.0,488.0,1526.0,723.0,566.0,474.0,1250.0,484.0,1386.0,1183.0,737.0,526.0,573.0,1343.0,423.0,526.0,720.0,1168.0,525.0,466.0,486.0,1295.0,619.0,514.0,1533.0,756.0,415.0,419.0,523.0,799.0,528.0,543.0,1205.0,1371.0,469.0,1432.0,509.0,775.0,478.0,525.0,503.0,703.0,641.0,1637.0,448.0,381.0,544.0,1575.0,516.0,510.0,815.0,459.0,780.0,536.0,000000000000000008ef,6.67680041502522,C0804R13
535.0,1460.0,1294.0,446.0,610.0,675.0,654.0,620.0,530.0,1663.0,816.0,642.0,538.0,1366.0,538.0,1507.0,1301.0,839.0,589.0,649.0,1472.0,463.0,591.0,812.0,1268.0,587.0,523.0,537.0,1425.0,705.0,584.0,1683.0,865.0,454.0,468.0,591.0,910.0,598.0,604.0,1330.0,1487.0,523.0,1553.0,571.0,856.0,525.0,573.0,546.0,804.0,713.0,1801.0,496.0,417.0,620.0,1727.0,587.0,582.0,921.0,510.0,882.0,618.0,000000000000000008f0,14.0841154495566,C0804R14
432.0,1105.0,989.0,328.0,486.0,605.0,595.0,497.0,389.0,1206.0,710.0,519.0,501.0,1035.0,428.0,1116.0,973.0,659.0,532.0,517.0,1107.0,348.0,485.0,638.0,924.0,462.0,440.0,419.0,1080.0,636.0,509.0,1207.0,700.0,369.0,377.0,504.0,779.0,518.0,471.0,1000.0,1130.0,427.0,1099.0,517.0,731.0,428.0,460.0,451.0,703.0,536.0,1295.0,387.0,315.0,544.0,1238.0,490.0,497.0,725.0,400.0,769.0,563.0,000000000000000008f1,12.9937369506094,C0804R15
381.0,1036.0,872.0,294.0,459.0,570.0,561.0,509.0,410.0,1162.0,559.0,476.0,415.0,971.0,401.0,1066.0,869.0,606.0,433.0,495.0,972.0,341.0,439.0,556.0,883.0,457.0,378.0,399.0,960.0,547.0,469.0,1095.0,606.0,314.0,321.0,485.0,685.0,497.0,469.0,850.0,1094.0,403.0,1029.0,398.0,675.0,380.0,447.0,447.0,548.0,463.0,1241.0,350.0,276.0,486.0,1193.0,418.0,471.0,691.0,362.0,641.0,474.0,000000000000000008f2,129.146048777594,C0804R16
409.0,1120.0,956.0,339.0,475.0,578.0,566.0,508.0,422.0,1237.0,591.0,488.0,428.0,1036.0,420.0,1155.0,953.0,642.0,473.0,503.0,1075.0,370.0,460.0,606.0,959.0,464.0,402.0,416.0,1059.0,564.0,462.0,1220.0,644.0,348.0,351.0,479.0,691.0,488.0,472.0,944.0,1157.0,412.0,1143.0,446.0,672.0,410.0,463.0,455.0,590.0,522.0,1340.0,377.0,320.0,491.0,1288.0,442.0,463.0,709.0,384.0,667.0,483.0,000000000000000008f4,5.18922374160098,C0804R18
386.0,1038.0,877.0,300.0,466.0,574.0,567.0,518.0,418.0,1164.0,562.0,483.0,417.0,977.0,409.0,1071.0,872.0,610.0,438.0,502.0,977.0,347.0,446.0,559.0,890.0,464.0,382.0,404.0,963.0,552.0,474.0,1095.0,610.0,322.0,327.0,489.0,689.0,501.0,477.0,853.0,1099.0,409.0,1032.0,404.0,682.0,387.0,452.0,452.0,551.0,469.0,1241.0,358.0,284.0,490.0,1193.0,423.0,478.0,695.0,370.0,645.0,478.0,000000000000000008f5,33.6843312666654,C0804R19
434.0,1270.0,1171.0,395.0,514.0,687.0,700.0,489.0,418.0,1421.0,1019.0,603.0,537.0,1170.0,391.0,1306.0,1071.0,703.0,594.0,536.0,1428.0,333.0,519.0,709.0,1036.0,456.0,509.0,492.0,1307.0,814.0,501.0,1456.0,765.0,375.0,369.0,480.0,1081.0,548.0,472.0,1181.0,1306.0,441.0,1348.0,594.0,957.0,441.0,480.0,431.0,913.0,610.0,1456.0,393.0,271.0,622.0,1473.0,513.0,501.0,820.0,422.0,1069.0,689.0,000000000000000008f6,4.63396436316057,C0804R20
573.0,1494.0,1504.0,516.0,490.0,799.0,762.0,436.0,404.0,1701.0,1397.0,715.0,597.0,1517.0,404.0,1520.0,1354.0,937.0,815.0,570.0,1753.0,412.0,593.0,910.0,1423.0,527.0,629.0,511.0,1565.0,934.0,456.0,1682.0,853.0,491.0,488.0,531.0,1375.0,638.0,445.0,1472.0,1510.0,527.0,1657.0,811.0,1351.0,415.0,452.0,433.0,1448.0,974.0,1896.0,423.0,420.0,745.0,1698.0,622.0,644.0,1068.0,535.0,1400.0,761.0,000000000000000008f7,10.5643565319698,C0804R21
532.0,1573.0,1528.0,524.0,502.0,763.0,747.0,443.0,405.0,1726.0,1323.0,686.0,583.0,1540.0,433.0,1588.0,1348.0,934.0,772.0,558.0,1823.0,398.0,591.0,918.0,1411.0,509.0,626.0,528.0,1643.0,919.0,477.0,1763.0,879.0,492.0,479.0,502.0,1346.0,608.0,468.0,1484.0,1566.0,512.0,1724.0,770.0,1300.0,430.0,468.0,456.0,1408.0,928.0,1991.0,438.0,399.0,714.0,1774.0,608.0,630.0,1040.0,537.0,1344.0,744.0,000000000000000008f8,8.76387864005237,C0804R22
555.0,1526.0,1386.0,483.0,653.0,748.0,727.0,672.0,577.0,1715.0,875.0,671.0,554.0,1473.0,571.0,1605.0,1377.0,875.0,638.0,682.0,1549.0,500.0,625.0,843.0,1374.0,621.0,546.0,569.0,1482.0,752.0,601.0,1733.0,892.0,478.0,481.0,633.0,983.0,637.0,649.0,1404.0,1570.0,552.0,1622.0,609.0,957.0,561.0,615.0,586.0,855.0,753.0,1862.0,527.0,450.0,653.0,1778.0,599.0,593.0,971.0,541.0,944.0,636.0,000000000000000008f9,9.76122347171405,C0804R23
380.0,1131.0,1044.0,348.0,470.0,586.0,590.0,450.0,376.0,1282.0,806.0,533.0,453.0,1060.0,373.0,1175.0,976.0,620.0,495.0,485.0,1245.0,304.0,464.0,617.0,939.0,415.0,443.0,431.0,1146.0,681.0,439.0,1317.0,668.0,343.0,319.0,436.0,880.0,484.0,452.0,1060.0,1167.0,386.0,1207.0,491.0,774.0,391.0,431.0,390.0,713.0,524.0,1297.0,346.0,250.0,545.0,1335.0,449.0,439.0,716.0,384.0,859.0,592.0,000000000000000008fa,182.028187256229,C0805C02
496.0,1261.0,1134.0,405.0,568.0,721.0,714.0,557.0,449.0,1385.0,930.0,618.0,580.0,1171.0,466.0,1289.0,1095.0,735.0,636.0,576.0,1381.0,385.0,576.0,735.0,1061.0,514.0,555.0,494.0,1271.0,792.0,545.0,1416.0,797.0,436.0,403.0,556.0,990.0,590.0,531.0,1200.0,1282.0,467.0,1301.0,645.0,850.0,504.0,494.0,461.0,873.0,637.0,1416.0,433.0,351.0,633.0,1433.0,556.0,520.0,824.0,479.0,988.0,688.0,000000000000000008fb,109.21306273924,C0805C03
393.0,1170.0,1079.0,361.0,482.0,597.0,599.0,464.0,391.0,1326.0,819.0,551.0,460.0,1097.0,386.0,1214.0,1013.0,641.0,503.0,504.0,1283.0,317.0,476.0,637.0,975.0,431.0,449.0,446.0,1180.0,693.0,453.0,1363.0,687.0,350.0,331.0,449.0,896.0,494.0,465.0,1096.0,1205.0,400.0,1247.0,501.0,789.0,398.0,446.0,404.0,723.0,540.0,1344.0,360.0,257.0,556.0,1382.0,463.0,453.0,739.0,394.0,874.0,603.0,000000000000000008fc,126.426059179915,C0805C04
496.0,1269.0,1139.0,410.0,574.0,726.0,718.0,562.0,455.0,1393.0,936.0,617.0,582.0,1176.0,472.0,1297.0,1100.0,738.0,641.0,576.0,1390.0,389.0,583.0,738.0,1068.0,515.0,562.0,500.0,1279.0,799.0,543.0,1423.0,799.0,441.0,402.0,559.0,996.0,592.0,537.0,1205.0,1289.0,466.0,1308.0,651.0,856.0,509.0,500.0,467.0,874.0,640.0,1423.0,433.0,355.0,636.0,1441.0,556.0,519.0,827.0,485.0,995.0,691.0,000000000000000008fd,51.930813044048,C0805C06
490.0,1263.0,1131.0,403.0,567.0,719.0,714.0,551.0,442.0,1389.0,943.0,615.0,576.0,1173.0,461.0,1292.0,1091.0,726.0,633.0,573.0,1389.0,380.0,573.0,726.0,1062.0,511.0,556.0,492.0,1277.0,800.0,540.0,1422.0,789.0,433.0,397.0,549.0,1004.0,582.0,526.0,1202.0,1282.0,463.0,1302.0,648.0,862.0,502.0,492.0,459.0,876.0,632.0,1422.0,424.0,346.0,633.0,1441.0,553.0,513.0,820.0,477.0,1004.0,689.0,000000000000000008fe,85.3036292028736,C0805C08
416.0,1387.0,1272.0,388.0,444.0,645.0,653.0,416.0,342.0,1511.0,1126.0,571.0,502.0,1296.0,388.0,1429.0,1159.0,797.0,645.0,492.0,1603.0,304.0,496.0,770.0,1152.0,429.0,464.0,436.0,1438.0,786.0,434.0,1562.0,797.0,373.0,360.0,455.0,1188.0,515.0,453.0,1265.0,1380.0,414.0,1472.0,637.0,1095.0,374.0,388.0,367.0,1167.0,729.0,1734.0,368.0,275.0,623.0,1574.0,492.0,503.0,867.0,423.0,1158.0,639.0,000000000000000008ff,124.786899047647,C0805F02
405.0,1089.0,957.0,309.0,477.0,577.0,562.0,475.0,381.0,1200.0,688.0,501.0,476.0,1020.0,407.0,1101.0,950.0,641.0,481.0,497.0,1091.0,328.0,466.0,617.0,912.0,445.0,420.0,410.0,1069.0,628.0,499.0,1196.0,679.0,345.0,354.0,484.0,777.0,498.0,464.0,980.0,1121.0,409.0,1068.0,477.0,691.0,402.0,457.0,413.0,678.0,496.0,1259.0,365.0,289.0,522.0,1237.0,467.0,485.0,719.0,380.0,762.0,549.0,00000000000000000900,74.2249861659555,C0805F03
363.0,1029.0,920.0,313.0,432.0,550.0,543.0,418.0,354.0,1156.0,725.0,478.0,428.0,958.0,349.0,1064.0,888.0,578.0,464.0,448.0,1129.0,296.0,431.0,573.0,859.0,390.0,405.0,392.0,1035.0,622.0,415.0,1189.0,624.0,316.0,296.0,421.0,792.0,449.0,408.0,972.0,1056.0,355.0,1076.0,469.0,662.0,368.0,396.0,364.0,652.0,485.0,1181.0,324.0,242.0,497.0,1208.0,419.0,402.0,660.0,355.0,785.0,539.0,00000000000000000901,75.3708949017232,C0805F04
370.0,1037.0,924.0,307.0,439.0,544.0,533.0,422.0,361.0,1173.0,702.0,480.0,421.0,971.0,358.0,1077.0,902.0,581.0,459.0,453.0,1130.0,303.0,431.0,573.0,874.0,397.0,403.0,391.0,1031.0,608.0,414.0,1209.0,625.0,313.0,296.0,428.0,778.0,444.0,414.0,987.0,1063.0,352.0,1088.0,467.0,631.0,366.0,400.0,370.0,632.0,486.0,1191.0,323.0,255.0,487.0,1227.0,425.0,398.0,661.0,358.0,767.0,527.0,00000000000000000902,17.5181830772422,C0805F05
394.0,1175.0,1087.0,363.0,488.0,603.0,606.0,468.0,392.0,1331.0,829.0,554.0,467.0,1104.0,388.0,1219.0,1018.0,645.0,509.0,505.0,1290.0,317.0,482.0,641.0,980.0,432.0,456.0,449.0,1187.0,701.0,455.0,1367.0,693.0,353.0,332.0,454.0,907.0,500.0,469.0,1103.0,1210.0,400.0,1252.0,506.0,798.0,403.0,449.0,406.0,733.0,544.0,1349.0,360.0,259.0,564.0,1387.0,465.0,455.0,744.0,397.0,885.0,613.0,00000000000000000903,71.6728637621804,C0805F06
462.0,1396.0,1274.0,407.0,504.0,607.0,607.0,497.0,442.0,1587.0,911.0,606.0,478.0,1310.0,445.0,1459.0,1239.0,812.0,566.0,571.0,1526.0,371.0,515.0,793.0,1189.0,507.0,452.0,480.0,1408.0,692.0,510.0,1622.0,836.0,395.0,400.0,492.0,979.0,519.0,530.0,1301.0,1431.0,465.0,1502.0,547.0,896.0,419.0,472.0,444.0,880.0,720.0,1678.0,430.0,320.0,591.0,1642.0,531.0,522.0,894.0,443.0,951.0,597.0,00000000000000000904,81.5362128168886,C0805P01
455.0,1233.0,1097.0,380.0,530.0,634.0,621.0,536.0,460.0,1375.0,753.0,577.0,473.0,1165.0,449.0,1289.0,1092.0,721.0,526.0,570.0,1283.0,388.0,515.0,696.0,1072.0,509.0,452.0,475.0,1195.0,664.0,497.0,1434.0,751.0,381.0,372.0,528.0,855.0,541.0,524.0,1147.0,1249.0,437.0,1314.0,516.0,725.0,443.0,494.0,462.0,744.0,599.0,1469.0,408.0,323.0,575.0,1478.0,503.0,483.0,809.0,436.0,836.0,580.0,00000000000000000905,124.080418849857,C0805P02
365.0,1015.0,904.0,303.0,430.0,540.0,530.0,415.0,355.0,1147.0,698.0,474.0,420.0,950.0,350.0,1054.0,882.0,572.0,452.0,447.0,1109.0,296.0,424.0,567.0,855.0,391.0,397.0,386.0,1012.0,605.0,412.0,1180.0,619.0,309.0,291.0,424.0,772.0,442.0,407.0,969.0,1041.0,348.0,1061.0,461.0,623.0,359.0,394.0,364.0,627.0,477.0,1168.0,319.0,245.0,485.0,1200.0,419.0,395.0,653.0,351.0,764.0,527.0,00000000000000000906,136.426333540393,C0805P03
473.0,1273.0,1152.0,405.0,553.0,725.0,735.0,533.0,420.0,1400.0,1006.0,621.0,586.0,1162.0,431.0,1299.0,1069.0,712.0,635.0,559.0,1421.0,356.0,562.0,717.0,1032.0,486.0,564.0,492.0,1307.0,827.0,529.0,1425.0,786.0,418.0,386.0,525.0,1062.0,582.0,497.0,1187.0,1302.0,455.0,1323.0,643.0,934.0,497.0,486.0,445.0,941.0,622.0,1414.0,409.0,319.0,640.0,1441.0,543.0,506.0,818.0,459.0,1055.0,708.0,00000000000000000907,144.689590368357,C0805P04
485.0,1431.0,1318.0,428.0,561.0,658.0,647.0,555.0,478.0,1650.0,919.0,650.0,517.0,1349.0,482.0,1498.0,1268.0,833.0,573.0,619.0,1546.0,395.0,556.0,812.0,1218.0,536.0,491.0,517.0,1436.0,736.0,536.0,1692.0,868.0,414.0,412.0,545.0,1008.0,568.0,574.0,1339.0,1465.0,489.0,1557.0,559.0,911.0,462.0,519.0,479.0,858.0,717.0,1735.0,453.0,331.0,644.0,1714.0,558.0,546.0,937.0,472.0,974.0,657.0,00000000000000000908,64.0877820244011,C0805P08
592.0,1632.0,1494.0,511.0,702.0,809.0,784.0,724.0,615.0,1829.0,968.0,729.0,601.0,1592.0,608.0,1722.0,1480.0,953.0,685.0,739.0,1667.0,526.0,675.0,917.0,1474.0,670.0,580.0,611.0,1588.0,823.0,652.0,1849.0,974.0,505.0,512.0,692.0,1090.0,692.0,704.0,1520.0,1676.0,595.0,1726.0,652.0,1051.0,597.0,656.0,625.0,946.0,813.0,1994.0,565.0,463.0,722.0,1901.0,646.0,648.0,1061.0,576.0,1044.0,699.0,00000000000000000909,12.8187007920058,C0805R01
626.0,1687.0,1670.0,560.0,560.0,967.0,928.0,496.0,436.0,1894.0,1644.0,788.0,686.0,1679.0,448.0,1714.0,1502.0,1047.0,987.0,621.0,1978.0,436.0,682.0,1030.0,1577.0,576.0,730.0,560.0,1768.0,1125.0,488.0,1867.0,958.0,539.0,529.0,610.0,1622.0,738.0,487.0,1626.0,1728.0,562.0,1849.0,975.0,1595.0,471.0,486.0,469.0,1702.0,1099.0,2077.0,446.0,459.0,849.0,1885.0,684.0,699.0,1210.0,598.0,1649.0,873.0,0000000000000000090a,12.892201334603,C0805R02
503.0,1450.0,1326.0,437.0,581.0,664.0,657.0,584.0,501.0,1672.0,896.0,658.0,516.0,1370.0,499.0,1523.0,1294.0,842.0,583.0,637.0,1543.0,416.0,572.0,826.0,1250.0,559.0,506.0,523.0,1444.0,728.0,554.0,1715.0,880.0,429.0,431.0,561.0,983.0,579.0,590.0,1353.0,1483.0,507.0,1590.0,563.0,911.0,484.0,540.0,501.0,863.0,733.0,1763.0,469.0,357.0,638.0,1743.0,571.0,556.0,948.0,489.0,948.0,641.0,0000000000000000090b,66.826961340234,C0805R03
393.0,1123.0,1018.0,342.0,477.0,585.0,575.0,461.0,384.0,1275.0,763.0,527.0,450.0,1052.0,388.0,1166.0,979.0,617.0,491.0,492.0,1220.0,320.0,471.0,613.0,943.0,426.0,438.0,424.0,1124.0,659.0,440.0,1315.0,663.0,345.0,321.0,448.0,839.0,482.0,458.0,1060.0,1154.0,384.0,1193.0,495.0,709.0,396.0,429.0,394.0,681.0,522.0,1292.0,350.0,269.0,532.0,1333.0,455.0,431.0,704.0,389.0,823.0,572.0,0000000000000000090c,67.8918801283231,C0805R04
390.0,1077.0,971.0,329.0,466.0,583.0,573.0,451.0,378.0,1212.0,759.0,511.0,457.0,1016.0,377.0,1115.0,943.0,610.0,488.0,480.0,1180.0,316.0,463.0,606.0,913.0,419.0,434.0,415.0,1079.0,656.0,444.0,1246.0,662.0,337.0,314.0,454.0,834.0,479.0,440.0,1035.0,1105.0,377.0,1123.0,495.0,684.0,393.0,422.0,389.0,682.0,510.0,1237.0,345.0,260.0,529.0,1268.0,450.0,427.0,698.0,381.0,828.0,575.0,0000000000000000090d,47.8557007225305,C0805R05
516.0,1471.0,1341.0,448.0,578.0,650.0,648.0,578.0,505.0,1692.0,886.0,652.0,514.0,1381.0,506.0,1541.0,1312.0,850.0,591.0,634.0,1562.0,429.0,571.0,833.0,1268.0,565.0,506.0,524.0,1466.0,708.0,556.0,1730.0,886.0,441.0,446.0,557.0,964.0,567.0,589.0,1366.0,1499.0,514.0,1617.0,574.0,898.0,489.0,540.0,505.0,858.0,754.0,1786.0,481.0,379.0,616.0,1754.0,575.0,559.0,945.0,497.0,930.0,618.0,0000000000000000090e,65.8972295556876,C0805R07
428.0,1165.0,1032.0,351.0,499.0,606.0,587.0,497.0,417.0,1313.0,757.0,540.0,477.0,1092.0,421.0,1206.0,1023.0,663.0,506.0,526.0,1240.0,353.0,498.0,648.0,989.0,464.0,451.0,444.0,1151.0,653.0,475.0,1348.0,705.0,364.0,346.0,491.0,840.0,512.0,485.0,1093.0,1192.0,406.0,1217.0,510.0,692.0,421.0,461.0,432.0,720.0,547.0,1355.0,376.0,303.0,551.0,1377.0,484.0,461.0,746.0,411.0,829.0,580.0,0000000000000000090f,38.9885817424881,C0805R09
381.0,1131.0,1040.0,351.0,472.0,584.0,584.0,453.0,381.0,1281.0,796.0,533.0,452.0,1058.0,374.0,1174.0,975.0,616.0,493.0,486.0,1239.0,310.0,463.0,616.0,938.0,418.0,443.0,433.0,1141.0,676.0,439.0,1317.0,663.0,344.0,322.0,439.0,870.0,485.0,454.0,1058.0,1166.0,390.0,1207.0,491.0,765.0,392.0,433.0,392.0,702.0,523.0,1292.0,351.0,252.0,542.0,1336.0,448.0,439.0,710.0,384.0,849.0,588.0,00000000000000000910,213.798154606473,C0805R10
515.0,1603.0,1480.0,492.0,500.0,820.0,822.0,437.0,378.0,1729.0,1417.0,663.0,632.0,1494.0,448.0,1609.0,1297.0,891.0,825.0,541.0,1876.0,368.0,578.0,886.0,1360.0,482.0,623.0,500.0,1682.0,1004.0,462.0,1756.0,858.0,472.0,438.0,519.0,1412.0,617.0,453.0,1443.0,1593.0,474.0,1716.0,854.0,1361.0,450.0,448.0,421.0,1482.0,876.0,2000.0,405.0,381.0,736.0,1775.0,584.0,579.0,986.0,517.0,1409.0,774.0,00000000000000000911,18.5455348030041,C0805R11
434.0,1130.0,1002.0,330.0,509.0,610.0,599.0,502.0,404.0,1244.0,730.0,533.0,506.0,1064.0,435.0,1140.0,994.0,674.0,514.0,523.0,1135.0,348.0,494.0,653.0,955.0,473.0,451.0,433.0,1109.0,666.0,530.0,1241.0,718.0,373.0,380.0,516.0,821.0,532.0,489.0,1029.0,1168.0,437.0,1105.0,513.0,727.0,429.0,481.0,427.0,719.0,530.0,1293.0,392.0,314.0,551.0,1276.0,494.0,515.0,756.0,405.0,805.0,586.0,00000000000000000912,20.6871049326847,C0805R12
592.0,1525.0,1541.0,516.0,509.0,892.0,845.0,452.0,392.0,1727.0,1512.0,741.0,642.0,1549.0,404.0,1551.0,1393.0,983.0,909.0,585.0,1784.0,405.0,626.0,944.0,1449.0,534.0,658.0,511.0,1594.0,1025.0,444.0,1704.0,880.0,502.0,489.0,578.0,1494.0,695.0,451.0,1502.0,1561.0,528.0,1679.0,898.0,1477.0,422.0,442.0,430.0,1585.0,1020.0,1911.0,416.0,425.0,808.0,1721.0,639.0,650.0,1124.0,551.0,1529.0,814.0,00000000000000000913,10.5702680424,C0805R13
381.0,1186.0,1088.0,350.0,462.0,570.0,574.0,451.0,389.0,1346.0,813.0,542.0,444.0,1111.0,378.0,1231.0,1025.0,653.0,477.0,500.0,1301.0,308.0,465.0,645.0,986.0,417.0,423.0,439.0,1191.0,673.0,444.0,1386.0,696.0,329.0,323.0,446.0,893.0,487.0,456.0,1103.0,1215.0,390.0,1268.0,473.0,788.0,378.0,439.0,396.0,722.0,549.0,1389.0,354.0,242.0,556.0,1406.0,453.0,447.0,753.0,380.0,870.0,591.0,00000000000000000914,75.0144354353881,C0805R14
391.0,1050.0,887.0,300.0,472.0,579.0,570.0,523.0,416.0,1176.0,566.0,489.0,420.0,988.0,410.0,1084.0,883.0,618.0,441.0,508.0,988.0,347.0,452.0,567.0,898.0,469.0,388.0,404.0,975.0,557.0,481.0,1111.0,618.0,322.0,331.0,492.0,695.0,504.0,478.0,864.0,1109.0,414.0,1044.0,406.0,684.0,391.0,454.0,453.0,556.0,471.0,1259.0,362.0,283.0,494.0,1209.0,429.0,484.0,704.0,370.0,651.0,481.0,00000000000000000915,206.146351316713,C0805R16
452.0,1248.0,1120.0,401.0,520.0,701.0,710.0,500.0,404.0,1380.0,991.0,592.0,559.0,1119.0,407.0,1279.0,1036.0,688.0,619.0,528.0,1392.0,342.0,529.0,693.0,1002.0,463.0,532.0,475.0,1289.0,800.0,501.0,1403.0,748.0,395.0,378.0,500.0,1041.0,559.0,470.0,1134.0,1282.0,439.0,1315.0,625.0,935.0,468.0,466.0,425.0,913.0,610.0,1391.0,398.0,308.0,611.0,1417.0,518.0,489.0,785.0,435.0,1032.0,672.0,00000000000000000916,34.8966313948119,C0805R18
648.0,1664.0,1528.0,575.0,769.0,834.0,808.0,787.0,674.0,1873.0,941.0,763.0,662.0,1609.0,679.0,1724.0,1526.0,961.0,720.0,778.0,1657.0,595.0,741.0,936.0,1516.0,718.0,667.0,667.0,1607.0,837.0,694.0,1884.0,978.0,589.0,573.0,733.0,1046.0,740.0,752.0,1548.0,1710.0,643.0,1767.0,701.0,1021.0,675.0,719.0,693.0,925.0,840.0,2011.0,612.0,550.0,752.0,1936.0,698.0,690.0,1051.0,642.0,1019.0,742.0,00000000000000000917,43.6961692110727,C0806C01
671.0,1690.0,1552.0,593.0,786.0,870.0,845.0,813.0,693.0,1888.0,961.0,785.0,673.0,1642.0,699.0,1755.0,1545.0,994.0,749.0,802.0,1678.0,616.0,758.0,964.0,1551.0,742.0,682.0,685.0,1626.0,865.0,718.0,1902.0,1007.0,607.0,591.0,754.0,1073.0,763.0,773.0,1566.0,1734.0,667.0,1792.0,725.0,1052.0,696.0,739.0,712.0,948.0,868.0,2029.0,632.0,568.0,773.0,1962.0,715.0,714.0,1083.0,661.0,1044.0,758.0,00000000000000000918,50.2951211168126,C0806C02
661.0,1614.0,1441.0,569.0,765.0,867.0,859.0,816.0,693.0,1772.0,897.0,768.0,647.0,1555.0,679.0,1677.0,1439.0,973.0,724.0,786.0,1565.0,613.0,731.0,924.0,1477.0,746.0,663.0,667.0,1524.0,836.0,712.0,1743.0,974.0,584.0,563.0,742.0,1022.0,753.0,757.0,1434.0,1665.0,655.0,1679.0,692.0,1021.0,674.0,724.0,706.0,888.0,834.0,1891.0,610.0,550.0,743.0,1842.0,690.0,713.0,1066.0,642.0,986.0,721.0,00000000000000000919,36.6633912947551,C0806C04
508.0,1466.0,1319.0,434.0,576.0,637.0,622.0,582.0,510.0,1678.0,840.0,629.0,505.0,1389.0,511.0,1543.0,1313.0,836.0,561.0,632.0,1525.0,437.0,558.0,809.0,1278.0,563.0,481.0,518.0,1450.0,677.0,563.0,1708.0,865.0,427.0,451.0,559.0,924.0,559.0,589.0,1353.0,1502.0,512.0,1581.0,538.0,871.0,485.0,545.0,518.0,821.0,724.0,1826.0,486.0,384.0,597.0,1740.0,568.0,564.0,927.0,485.0,896.0,585.0,0000000000000000091a,56.846122893215,C0806C05
579.0,1589.0,1580.0,542.0,515.0,829.0,791.0,449.0,418.0,1815.0,1455.0,736.0,617.0,1592.0,425.0,1617.0,1414.0,963.0,845.0,572.0,1882.0,418.0,638.0,947.0,1493.0,529.0,680.0,542.0,1669.0,988.0,473.0,1792.0,874.0,513.0,510.0,533.0,1431.0,664.0,459.0,1539.0,1626.0,546.0,1772.0,838.0,1403.0,426.0,470.0,450.0,1500.0,1014.0,1992.0,431.0,433.0,780.0,1810.0,636.0,681.0,1121.0,574.0,1456.0,807.0,0000000000000000091b,82.2808419174575,C0806C06
736.0,1774.0,1609.0,634.0,841.0,973.0,966.0,889.0,762.0,1942.0,1029.0,843.0,723.0,1732.0,751.0,1853.0,1602.0,1076.0,832.0,865.0,1736.0,679.0,804.0,1028.0,1646.0,816.0,734.0,738.0,1688.0,942.0,764.0,1925.0,1083.0,650.0,619.0,824.0,1158.0,837.0,834.0,1606.0,1821.0,713.0,1858.0,793.0,1156.0,747.0,796.0,768.0,1015.0,938.0,2058.0,672.0,622.0,831.0,2021.0,760.0,771.0,1176.0,711.0,1115.0,804.0,0000000000000000091c,60.5918818411067,C0806C08
736.0,1786.0,1620.0,635.0,851.0,982.0,975.0,900.0,762.0,1951.0,1043.0,842.0,732.0,1743.0,751.0,1865.0,1612.0,1085.0,843.0,864.0,1749.0,679.0,813.0,1036.0,1657.0,815.0,744.0,737.0,1701.0,951.0,774.0,1934.0,1090.0,650.0,628.0,832.0,1171.0,846.0,833.0,1616.0,1832.0,723.0,1870.0,803.0,1170.0,757.0,795.0,767.0,1029.0,945.0,2065.0,681.0,623.0,840.0,2031.0,759.0,781.0,1184.0,711.0,1128.0,812.0,0000000000000000091d,35.5249079434718,C0806C09
473.0,1235.0,1106.0,393.0,545.0,701.0,701.0,525.0,426.0,1360.0,931.0,601.0,559.0,1145.0,436.0,1265.0,1061.0,705.0,615.0,557.0,1363.0,365.0,548.0,704.0,1032.0,494.0,535.0,481.0,1253.0,787.0,520.0,1393.0,768.0,413.0,381.0,526.0,992.0,563.0,502.0,1170.0,1257.0,446.0,1276.0,630.0,856.0,480.0,481.0,446.0,864.0,612.0,1392.0,405.0,327.0,617.0,1412.0,536.0,493.0,801.0,455.0,991.0,672.0,0000000000000000091e,21.7135691623259,C0806C10
669.0,1688.0,1552.0,588.0,787.0,870.0,843.0,812.0,687.0,1893.0,964.0,784.0,674.0,1639.0,699.0,1752.0,1544.0,985.0,749.0,801.0,1678.0,609.0,759.0,957.0,1548.0,742.0,684.0,679.0,1625.0,867.0,717.0,1905.0,1000.0,607.0,590.0,753.0,1074.0,763.0,774.0,1567.0,1732.0,666.0,1795.0,727.0,1053.0,696.0,732.0,705.0,949.0,863.0,2032.0,631.0,569.0,772.0,1963.0,715.0,711.0,1075.0,662.0,1045.0,759.0,0000000000000000091f,40.0977906366164,C0806C11
469.0,1256.0,1126.0,400.0,545.0,710.0,715.0,524.0,421.0,1383.0,967.0,605.0,567.0,1148.0,431.0,1287.0,1062.0,703.0,623.0,552.0,1394.0,359.0,551.0,705.0,1032.0,487.0,545.0,485.0,1284.0,804.0,518.0,1412.0,766.0,413.0,383.0,522.0,1026.0,569.0,497.0,1169.0,1284.0,448.0,1305.0,635.0,900.0,484.0,482.0,443.0,895.0,616.0,1407.0,405.0,324.0,624.0,1430.0,535.0,496.0,802.0,455.0,1021.0,683.0,00000000000000000921,45.2389231437049,C0806C13
724.0,1749.0,1581.0,624.0,833.0,946.0,934.0,880.0,750.0,1918.0,993.0,836.0,707.0,1704.0,742.0,1823.0,1578.0,1055.0,798.0,857.0,1708.0,669.0,799.0,1009.0,1615.0,806.0,726.0,732.0,1658.0,915.0,769.0,1905.0,1064.0,640.0,617.0,811.0,1128.0,821.0,826.0,1583.0,1797.0,714.0,1828.0,763.0,1117.0,738.0,791.0,762.0,981.0,914.0,2047.0,671.0,608.0,816.0,1999.0,754.0,771.0,1156.0,701.0,1086.0,792.0,00000000000000000922,48.0251294933274,C0806C14
678.0,1794.0,1767.0,584.0,614.0,1112.0,1072.0,553.0,461.0,1980.0,1814.0,835.0,763.0,1772.0,481.0,1825.0,1608.0,1140.0,1132.0,673.0,2079.0,462.0,734.0,1119.0,1676.0,631.0,773.0,584.0,1870.0,1265.0,512.0,1956.0,1047.0,572.0,552.0,694.0,1791.0,815.0,521.0,1721.0,1835.0,585.0,1938.0,1117.0,1764.0,524.0,510.0,491.0,1877.0,1188.0,2154.0,480.0,492.0,926.0,1974.0,736.0,713.0,1295.0,629.0,1821.0,946.0,00000000000000000923,55.4018368263132,C0806C15
552.0,1652.0,1548.0,533.0,518.0,855.0,837.0,441.0,405.0,1847.0,1484.0,709.0,636.0,1558.0,434.0,1679.0,1372.0,909.0,876.0,547.0,1980.0,396.0,629.0,908.0,1444.0,504.0,697.0,535.0,1742.0,1056.0,460.0,1815.0,849.0,499.0,479.0,524.0,1455.0,657.0,454.0,1505.0,1695.0,510.0,1800.0,885.0,1427.0,436.0,466.0,438.0,1515.0,949.0,2069.0,403.0,415.0,791.0,1840.0,611.0,647.0,1064.0,564.0,1474.0,829.0,00000000000000000924,68.9135122934708,C0806C16
553.0,1567.0,1437.0,474.0,618.0,694.0,689.0,620.0,536.0,1792.0,958.0,691.0,547.0,1485.0,541.0,1642.0,1411.0,916.0,631.0,680.0,1666.0,456.0,612.0,897.0,1362.0,607.0,534.0,558.0,1563.0,757.0,593.0,1837.0,952.0,465.0,481.0,593.0,1041.0,605.0,634.0,1467.0,1598.0,552.0,1709.0,610.0,963.0,522.0,574.0,538.0,913.0,813.0,1923.0,518.0,405.0,657.0,1857.0,612.0,602.0,1017.0,530.0,1007.0,659.0,00000000000000000925,65.9643004203558,C0806C17
651.0,1671.0,1537.0,578.0,769.0,845.0,819.0,789.0,677.0,1884.0,954.0,768.0,659.0,1619.0,679.0,1736.0,1530.0,969.0,730.0,782.0,1669.0,596.0,741.0,944.0,1526.0,723.0,666.0,668.0,1616.0,847.0,692.0,1894.0,986.0,586.0,571.0,733.0,1058.0,740.0,752.0,1557.0,1717.0,642.0,1782.0,711.0,1037.0,677.0,722.0,694.0,935.0,851.0,2021.0,612.0,551.0,752.0,1948.0,700.0,687.0,1062.0,642.0,1029.0,741.0,00000000000000000926,47.8470944321856,C0806C75
647.0,1664.0,1527.0,568.0,769.0,832.0,807.0,788.0,666.0,1874.0,943.0,763.0,654.0,1607.0,679.0,1726.0,1525.0,960.0,720.0,777.0,1660.0,587.0,741.0,936.0,1514.0,717.0,667.0,659.0,1610.0,837.0,693.0,1884.0,977.0,588.0,572.0,724.0,1046.0,730.0,753.0,1548.0,1710.0,642.0,1767.0,700.0,1021.0,676.0,711.0,685.0,926.0,840.0,2010.0,612.0,550.0,742.0,1936.0,698.0,689.0,1051.0,642.0,1019.0,733.0,00000000000000000927,63.6214754122025,C0806C77
518.0,1494.0,1348.0,444.0,591.0,650.0,636.0,596.0,520.0,1707.0,864.0,644.0,513.0,1419.0,522.0,1573.0,1341.0,857.0,575.0,646.0,1559.0,446.0,574.0,829.0,1305.0,573.0,492.0,531.0,1479.0,695.0,575.0,1739.0,887.0,435.0,461.0,567.0,949.0,567.0,603.0,1382.0,1530.0,524.0,1609.0,549.0,895.0,494.0,556.0,528.0,845.0,743.0,1860.0,497.0,389.0,610.0,1772.0,581.0,579.0,951.0,497.0,920.0,596.0,00000000000000000928,155.856873703888,C0806C84
767.0,1849.0,1677.0,653.0,873.0,1050.0,1052.0,935.0,788.0,1995.0,1123.0,873.0,765.0,1813.0,778.0,1929.0,1665.0,1137.0,910.0,890.0,1809.0,703.0,836.0,1081.0,1727.0,848.0,765.0,750.0,1761.0,1018.0,781.0,1975.0,1135.0,673.0,639.0,867.0,1257.0,886.0,858.0,1665.0,1888.0,737.0,1930.0,868.0,1259.0,785.0,808.0,779.0,1115.0,992.0,2099.0,691.0,653.0,874.0,2083.0,783.0,790.0,1236.0,741.0,1206.0,845.0,00000000000000000929,42.1860819540791,C0806C90
474.0,1416.0,1294.0,416.0,514.0,617.0,617.0,509.0,451.0,1612.0,924.0,618.0,487.0,1329.0,456.0,1480.0,1259.0,827.0,576.0,584.0,1546.0,380.0,525.0,807.0,1209.0,518.0,461.0,490.0,1426.0,702.0,519.0,1647.0,851.0,404.0,409.0,503.0,992.0,529.0,542.0,1320.0,1451.0,474.0,1527.0,557.0,910.0,429.0,481.0,454.0,894.0,735.0,1706.0,440.0,328.0,601.0,1668.0,541.0,532.0,910.0,453.0,965.0,606.0,0000000000000000092a,10.8623016803352,C0806F01
481.0,1197.0,1077.0,373.0,539.0,676.0,672.0,536.0,428.0,1297.0,823.0,583.0,558.0,1106.0,458.0,1213.0,1043.0,717.0,602.0,561.0,1244.0,376.0,543.0,704.0,991.0,501.0,506.0,462.0,1183.0,717.0,542.0,1316.0,774.0,413.0,404.0,547.0,888.0,569.0,510.0,1108.0,1225.0,453.0,1201.0,596.0,802.0,477.0,493.0,474.0,813.0,600.0,1362.0,419.0,342.0,604.0,1328.0,538.0,520.0,793.0,449.0,878.0,635.0,0000000000000000092b,9.24842017831122,C0806F02
421.0,923.0,780.0,303.0,509.0,603.0,603.0,531.0,436.0,961.0,576.0,507.0,403.0,894.0,422.0,941.0,778.0,606.0,457.0,506.0,849.0,365.0,460.0,542.0,837.0,492.0,410.0,404.0,833.0,606.0,486.0,932.0,598.0,340.0,326.0,519.0,711.0,531.0,488.0,778.0,960.0,418.0,862.0,434.0,679.0,411.0,477.0,436.0,568.0,448.0,1031.0,358.0,308.0,493.0,1010.0,423.0,495.0,686.0,398.0,660.0,501.0,0000000000000000092c,50.5220077831656,C0806P01
451.0,1192.0,1023.0,369.0,532.0,636.0,625.0,572.0,469.0,1317.0,638.0,545.0,473.0,1119.0,468.0,1230.0,1017.0,702.0,509.0,563.0,1139.0,406.0,512.0,656.0,1031.0,520.0,444.0,459.0,1121.0,616.0,521.0,1285.0,702.0,383.0,386.0,536.0,759.0,546.0,531.0,1007.0,1238.0,459.0,1207.0,477.0,741.0,452.0,514.0,509.0,638.0,562.0,1421.0,416.0,351.0,547.0,1368.0,489.0,525.0,781.0,427.0,726.0,534.0,0000000000000000092d,64.618830050759,C0806P02
743.0,1821.0,1816.0,607.0,637.0,1192.0,1127.0,567.0,449.0,2061.0,1930.0,906.0,821.0,1809.0,485.0,1831.0,1686.0,1218.0,1233.0,707.0,2117.0,482.0,804.0,1153.0,1708.0,638.0,843.0,603.0,1890.0,1347.0,528.0,1978.0,1090.0,626.0,577.0,751.0,1875.0,868.0,544.0,1786.0,1882.0,631.0,1949.0,1219.0,1856.0,532.0,502.0,497.0,1994.0,1252.0,2217.0,481.0,527.0,1024.0,2010.0,783.0,756.0,1365.0,681.0,1927.0,1016.0,0000000000000000092e,147.369313156196,C0806P04
455.0,1233.0,1097.0,380.0,530.0,634.0,621.0,536.0,460.0,1375.0,753.0,577.0,473.0,1165.0,449.0,1289.0,1092.0,721.0,526.0,570.0,1283.0,388.0,515.0,696.0,1072.0,509.0,452.0,475.0,1195.0,664.0,497.0,1434.0,751.0,381.0,372.0,528.0,855.0,541.0,524.0,1147.0,1249.0,437.0,1314.0,516.0,725.0,443.0,494.0,462.0,744.0,599.0,1469.0,408.0,323.0,575.0,1478.0,503.0,483.0,809.0,436.0,836.0,580.0,0000000000000000092f,119.57861336251,C0806P05
431.0,1257.0,1119.0,380.0,513.0,602.0,599.0,506.0,434.0,1425.0,782.0,566.0,468.0,1154.0,423.0,1305.0,1086.0,689.0,510.0,542.0,1334.0,358.0,502.0,680.0,1048.0,471.0,458.0,469.0,1244.0,669.0,465.0,1463.0,729.0,369.0,353.0,491.0,865.0,515.0,499.0,1151.0,1292.0,418.0,1337.0,501.0,774.0,432.0,482.0,443.0,718.0,584.0,1467.0,383.0,296.0,564.0,1490.0,491.0,463.0,782.0,417.0,846.0,584.0,00000000000000000930,68.1122226705506,C0806P09
681.0,1665.0,1508.0,590.0,787.0,866.0,849.0,826.0,695.0,1834.0,922.0,794.0,669.0,1602.0,699.0,1723.0,1503.0,999.0,736.0,812.0,1630.0,622.0,762.0,964.0,1517.0,753.0,687.0,686.0,1590.0,850.0,730.0,1841.0,1008.0,606.0,593.0,750.0,1049.0,760.0,773.0,1515.0,1706.0,673.0,1734.0,715.0,1018.0,702.0,743.0,718.0,918.0,857.0,1979.0,634.0,567.0,770.0,1913.0,726.0,727.0,1088.0,660.0,1013.0,745.0,00000000000000000931,93.6694268028548,C0806P10
421.0,923.0,780.0,303.0,509.0,603.0,603.0,531.0,436.0,961.0,576.0,507.0,403.0,894.0,422.0,941.0,778.0,606.0,457.0,506.0,849.0,365.0,460.0,542.0,837.0,492.0,410.0,404.0,833.0,606.0,486.0,932.0,598.0,340.0,326.0,519.0,711.0,531.0,488.0,778.0,960.0,418.0,862.0,434.0,679.0,411.0,477.0,436.0,568.0,448.0,1031.0,358.0,308.0,493.0,1010.0,423.0,495.0,686.0,398.0,660.0,501.0,00000000000000000932,51.5039574499799,C0806P85
550.0,1596.0,1453.0,466.0,639.0,718.0,699.0,651.0,558.0,1797.0,955.0,695.0,547.0,1534.0,560.0,1685.0,1445.0,927.0,621.0,697.0,1665.0,468.0,618.0,897.0,1410.0,620.0,518.0,572.0,1573.0,764.0,624.0,1832.0,962.0,453.0,487.0,628.0,1058.0,630.0,655.0,1489.0,1633.0,568.0,1690.0,585.0,1008.0,524.0,600.0,561.0,932.0,789.0,1985.0,530.0,402.0,674.0,1865.0,616.0,627.0,1035.0,530.0,1024.0,660.0,00000000000000000933,30.428973136929,C0806P86
519.0,1488.0,1351.0,451.0,609.0,701.0,677.0,628.0,542.0,1683.0,857.0,642.0,524.0,1436.0,532.0,1570.0,1334.0,849.0,594.0,651.0,1522.0,462.0,587.0,820.0,1327.0,589.0,507.0,540.0,1450.0,719.0,579.0,1702.0,868.0,445.0,455.0,600.0,961.0,600.0,617.0,1377.0,1526.0,527.0,1588.0,569.0,923.0,519.0,578.0,551.0,836.0,728.0,1833.0,500.0,401.0,630.0,1749.0,570.0,577.0,944.0,504.0,920.0,609.0,00000000000000000934,48.8066222127061,C0806P87
541.0,1549.0,1433.0,470.0,567.0,678.0,670.0,564.0,500.0,1758.0,1022.0,682.0,535.0,1470.0,512.0,1620.0,1405.0,925.0,642.0,647.0,1675.0,437.0,582.0,893.0,1356.0,579.0,514.0,535.0,1555.0,753.0,572.0,1789.0,937.0,456.0,469.0,563.0,1092.0,581.0,604.0,1459.0,1577.0,542.0,1666.0,624.0,1016.0,481.0,529.0,502.0,1018.0,836.0,1886.0,497.0,381.0,647.0,1808.0,597.0,605.0,1001.0,512.0,1066.0,645.0,00000000000000000935,60.5296538135176,C0806P89
670.0,1645.0,1488.0,581.0,774.0,852.0,837.0,811.0,685.0,1815.0,910.0,780.0,660.0,1581.0,693.0,1699.0,1484.0,988.0,725.0,798.0,1607.0,614.0,749.0,953.0,1496.0,741.0,677.0,676.0,1571.0,838.0,725.0,1820.0,997.0,602.0,587.0,737.0,1034.0,747.0,765.0,1493.0,1687.0,667.0,1714.0,705.0,1003.0,691.0,733.0,709.0,904.0,847.0,1959.0,627.0,563.0,757.0,1891.0,715.0,721.0,1076.0,655.0,999.0,734.0,00000000000000000936,46.6455646384674,C0806P92
664.0,1659.0,1510.0,575.0,770.0,839.0,809.0,789.0,676.0,1852.0,930.0,776.0,666.0,1592.0,679.0,1712.0,1519.0,970.0,719.0,794.0,1640.0,602.0,742.0,945.0,1500.0,732.0,667.0,676.0,1596.0,839.0,709.0,1869.0,988.0,594.0,587.0,734.0,1038.0,743.0,753.0,1528.0,1704.0,656.0,1739.0,699.0,1008.0,676.0,722.0,695.0,921.0,841.0,2000.0,621.0,548.0,753.0,1917.0,716.0,708.0,1057.0,641.0,1017.0,743.0,00000000000000000937,29.3159026035307,C0806P94
449.0,985.0,827.0,331.0,544.0,626.0,627.0,564.0,470.0,1031.0,604.0,536.0,426.0,949.0,453.0,997.0,839.0,646.0,474.0,536.0,898.0,394.0,491.0,580.0,896.0,522.0,439.0,438.0,891.0,638.0,521.0,993.0,638.0,368.0,353.0,547.0,743.0,560.0,526.0,827.0,1024.0,447.0,916.0,452.0,711.0,439.0,513.0,470.0,593.0,478.0,1109.0,384.0,337.0,515.0,1078.0,451.0,531.0,727.0,431.0,694.0,526.0,00000000000000000938,25.4879895185881,C0806R01
488.0,1444.0,1325.0,446.0,566.0,761.0,761.0,529.0,432.0,1597.0,1166.0,680.0,595.0,1367.0,465.0,1486.0,1217.0,838.0,722.0,608.0,1624.0,371.0,592.0,827.0,1218.0,523.0,554.0,518.0,1466.0,916.0,543.0,1642.0,850.0,427.0,429.0,568.0,1251.0,635.0,537.0,1325.0,1444.0,493.0,1533.0,720.0,1141.0,464.0,494.0,457.0,1106.0,747.0,1676.0,442.0,320.0,744.0,1664.0,584.0,595.0,941.0,489.0,1213.0,771.0,00000000000000000939,19.009460393816,C0806R02
400.0,1045.0,880.0,329.0,475.0,567.0,561.0,519.0,432.0,1169.0,547.0,482.0,416.0,979.0,412.0,1081.0,877.0,615.0,445.0,498.0,987.0,363.0,449.0,565.0,908.0,466.0,399.0,412.0,970.0,547.0,467.0,1108.0,612.0,338.0,340.0,483.0,661.0,492.0,476.0,861.0,1105.0,412.0,1060.0,417.0,664.0,402.0,462.0,454.0,547.0,488.0,1241.0,372.0,313.0,483.0,1195.0,424.0,475.0,687.0,379.0,625.0,465.0,0000000000000000093a,90.9863080351761,C0806R03
561.0,1629.0,1555.0,509.0,503.0,904.0,881.0,438.0,392.0,1822.0,1568.0,704.0,629.0,1566.0,412.0,1663.0,1399.0,930.0,927.0,545.0,1945.0,387.0,611.0,930.0,1471.0,513.0,670.0,509.0,1715.0,1082.0,438.0,1777.0,864.0,486.0,470.0,543.0,1538.0,667.0,438.0,1516.0,1689.0,499.0,1771.0,922.0,1517.0,419.0,444.0,419.0,1608.0,987.0,1981.0,390.0,415.0,779.0,1798.0,609.0,627.0,1094.0,549.0,1563.0,810.0,0000000000000000093b,25.2218266117064,C0806R04
527.0,1529.0,1410.0,462.0,557.0,663.0,661.0,555.0,485.0,1724.0,1019.0,673.0,531.0,1445.0,503.0,1593.0,1369.0,907.0,639.0,635.0,1665.0,422.0,578.0,873.0,1326.0,564.0,505.0,525.0,1535.0,742.0,556.0,1761.0,917.0,450.0,456.0,547.0,1087.0,568.0,591.0,1435.0,1552.0,520.0,1643.0,620.0,1006.0,470.0,513.0,487.0,1019.0,821.0,1842.0,482.0,373.0,646.0,1778.0,584.0,589.0,982.0,507.0,1060.0,646.0,0000000000000000093c,17.0049306638,C0806R05
383.0,1088.0,946.0,303.0,441.0,537.0,524.0,443.0,365.0,1208.0,659.0,467.0,455.0,988.0,385.0,1106.0,930.0,606.0,460.0,466.0,1110.0,314.0,441.0,588.0,885.0,413.0,398.0,394.0,1082.0,577.0,460.0,1210.0,643.0,332.0,334.0,440.0,732.0,459.0,434.0,957.0,1112.0,376.0,1093.0,449.0,671.0,380.0,426.0,423.0,659.0,486.0,1284.0,345.0,276.0,491.0,1248.0,445.0,451.0,673.0,362.0,722.0,510.0,0000000000000000093d,74.1453575016537,C0806R06
442.0,987.0,827.0,332.0,530.0,604.0,604.0,548.0,458.0,1046.0,587.0,529.0,418.0,945.0,445.0,1006.0,843.0,633.0,462.0,529.0,907.0,389.0,481.0,578.0,890.0,510.0,432.0,431.0,905.0,616.0,510.0,1012.0,625.0,367.0,353.0,527.0,717.0,540.0,510.0,827.0,1025.0,441.0,936.0,442.0,687.0,432.0,498.0,461.0,577.0,479.0,1126.0,382.0,338.0,498.0,1091.0,444.0,519.0,708.0,423.0,677.0,509.0,0000000000000000093e,62.8328427788957,C0806R07
497.0,1528.0,1447.0,465.0,528.0,700.0,705.0,501.0,428.0,1694.0,1184.0,666.0,560.0,1469.0,468.0,1581.0,1346.0,918.0,702.0,583.0,1744.0,383.0,584.0,880.0,1313.0,518.0,535.0,523.0,1577.0,839.0,516.0,1746.0,918.0,443.0,428.0,524.0,1250.0,583.0,553.0,1447.0,1530.0,494.0,1643.0,688.0,1149.0,443.0,473.0,452.0,1214.0,835.0,1889.0,439.0,342.0,700.0,1756.0,579.0,586.0,990.0,498.0,1223.0,704.0,0000000000000000093f,129.731297730158,C0806R08
394.0,1107.0,970.0,316.0,458.0,555.0,543.0,456.0,378.0,1236.0,690.0,486.0,465.0,1013.0,393.0,1131.0,953.0,622.0,474.0,481.0,1147.0,324.0,457.0,604.0,911.0,424.0,417.0,408.0,1103.0,600.0,467.0,1245.0,661.0,342.0,338.0,453.0,764.0,474.0,446.0,993.0,1134.0,383.0,1123.0,467.0,680.0,393.0,435.0,426.0,680.0,502.0,1300.0,353.0,282.0,508.0,1280.0,457.0,456.0,692.0,377.0,754.0,532.0,00000000000000000940,12.7532562691357,C0806R09
415.0,1235.0,1149.0,380.0,501.0,654.0,667.0,477.0,404.0,1387.0,952.0,585.0,506.0,1153.0,389.0,1274.0,1058.0,685.0,557.0,521.0,1385.0,320.0,508.0,683.0,1017.0,441.0,487.0,476.0,1267.0,773.0,489.0,1423.0,742.0,364.0,354.0,466.0,1022.0,530.0,471.0,1160.0,1271.0,425.0,1310.0,553.0,899.0,424.0,469.0,421.0,851.0,583.0,1423.0,378.0,258.0,603.0,1439.0,495.0,488.0,797.0,410.0,1006.0,667.0,00000000000000000941,29.9789096097836,C0806R10
447.0,1205.0,1064.0,369.0,519.0,626.0,608.0,529.0,452.0,1321.0,725.0,560.0,458.0,1140.0,438.0,1259.0,1064.0,707.0,519.0,555.0,1245.0,386.0,506.0,681.0,1053.0,501.0,442.0,461.0,1160.0,644.0,484.0,1390.0,734.0,371.0,361.0,519.0,832.0,529.0,510.0,1115.0,1212.0,424.0,1274.0,507.0,690.0,437.0,481.0,452.0,721.0,586.0,1424.0,397.0,318.0,559.0,1435.0,490.0,468.0,791.0,425.0,812.0,559.0,00000000000000000942,25.1659420774896,C0806R11
393.0,1094.0,966.0,316.0,459.0,558.0,547.0,450.0,377.0,1227.0,706.0,492.0,462.0,1012.0,386.0,1124.0,948.0,618.0,476.0,478.0,1154.0,321.0,455.0,603.0,910.0,421.0,419.0,408.0,1090.0,612.0,457.0,1244.0,660.0,337.0,328.0,456.0,782.0,473.0,440.0,1007.0,1121.0,377.0,1120.0,475.0,673.0,390.0,429.0,414.0,672.0,504.0,1275.0,347.0,277.0,511.0,1273.0,455.0,442.0,693.0,376.0,773.0,544.0,00000000000000000943,51.1131896775777,C0806R12
571.0,1551.0,1539.0,525.0,501.0,806.0,773.0,439.0,413.0,1761.0,1416.0,722.0,602.0,1559.0,418.0,1583.0,1383.0,939.0,821.0,568.0,1835.0,413.0,612.0,928.0,1460.0,524.0,651.0,525.0,1629.0,957.0,470.0,1747.0,865.0,501.0,495.0,519.0,1396.0,639.0,454.0,1508.0,1571.0,532.0,1723.0,819.0,1365.0,421.0,465.0,439.0,1459.0,987.0,1945.0,430.0,426.0,748.0,1764.0,626.0,662.0,1082.0,552.0,1416.0,777.0,00000000000000000944,49.1216280155741,C0806R13
579.0,1562.0,1428.0,486.0,659.0,736.0,726.0,668.0,560.0,1809.0,944.0,718.0,578.0,1497.0,576.0,1643.0,1420.0,925.0,647.0,707.0,1645.0,482.0,642.0,906.0,1381.0,637.0,570.0,580.0,1542.0,783.0,616.0,1849.0,963.0,489.0,491.0,640.0,1035.0,646.0,659.0,1476.0,1598.0,568.0,1721.0,625.0,951.0,565.0,601.0,562.0,892.0,808.0,1912.0,538.0,434.0,691.0,1879.0,638.0,618.0,1031.0,557.0,1010.0,691.0,00000000000000000945,17.6894819437918,C0806R14
517.0,1478.0,1339.0,441.0,601.0,670.0,646.0,615.0,531.0,1688.0,847.0,637.0,516.0,1416.0,528.0,1559.0,1329.0,839.0,573.0,645.0,1522.0,451.0,578.0,812.0,1310.0,579.0,499.0,534.0,1452.0,698.0,573.0,1710.0,866.0,438.0,455.0,584.0,941.0,584.0,608.0,1371.0,1516.0,521.0,1588.0,553.0,896.0,510.0,567.0,538.0,826.0,720.0,1836.0,494.0,397.0,614.0,1748.0,571.0,572.0,932.0,499.0,907.0,599.0,00000000000000000946,62.0654605447484,C0806R15
449.0,1307.0,1179.0,414.0,526.0,727.0,746.0,499.0,419.0,1452.0,1092.0,613.0,578.0,1174.0,397.0,1342.0,1075.0,723.0,638.0,541.0,1471.0,345.0,535.0,728.0,1040.0,465.0,539.0,499.0,1355.0,853.0,521.0,1477.0,790.0,390.0,382.0,502.0,1152.0,574.0,472.0,1183.0,1342.0,459.0,1381.0,640.0,1026.0,465.0,487.0,440.0,1000.0,632.0,1472.0,412.0,290.0,643.0,1492.0,531.0,518.0,835.0,434.0,1140.0,715.0,00000000000000000947,39.7067586494277,C0806R16
649.0,1661.0,1524.0,573.0,767.0,842.0,814.0,785.0,670.0,1868.0,941.0,763.0,653.0,1604.0,681.0,1721.0,1518.0,960.0,726.0,779.0,1652.0,592.0,739.0,935.0,1515.0,721.0,666.0,663.0,1601.0,843.0,698.0,1879.0,977.0,591.0,574.0,726.0,1044.0,735.0,754.0,1542.0,1705.0,648.0,1767.0,706.0,1024.0,675.0,715.0,688.0,924.0,843.0,2005.0,615.0,553.0,745.0,1932.0,698.0,691.0,1051.0,644.0,1018.0,736.0,00000000000000000948,14.054293675984,C0806R17
510.0,1498.0,1355.0,432.0,581.0,646.0,630.0,591.0,511.0,1704.0,875.0,640.0,507.0,1425.0,511.0,1583.0,1348.0,856.0,568.0,642.0,1569.0,434.0,565.0,828.0,1312.0,568.0,477.0,527.0,1485.0,696.0,573.0,1736.0,887.0,419.0,455.0,567.0,961.0,569.0,598.0,1388.0,1536.0,523.0,1604.0,538.0,907.0,478.0,548.0,518.0,854.0,735.0,1868.0,493.0,371.0,617.0,1771.0,573.0,579.0,953.0,488.0,930.0,599.0,00000000000000000949,62.7489001603915,C0806R18
639.0,1647.0,1505.0,561.0,739.0,862.0,848.0,773.0,659.0,1824.0,960.0,747.0,648.0,1601.0,660.0,1722.0,1491.0,968.0,751.0,762.0,1644.0,591.0,712.0,936.0,1513.0,707.0,642.0,650.0,1592.0,859.0,667.0,1836.0,976.0,573.0,551.0,729.0,1072.0,738.0,735.0,1514.0,1691.0,625.0,1743.0,723.0,1053.0,660.0,701.0,670.0,950.0,846.0,1952.0,594.0,543.0,748.0,1898.0,676.0,667.0,1054.0,630.0,1038.0,724.0,0000000000000000094a,43.1047987268613,C0806R19
445.0,1334.0,1234.0,414.0,519.0,702.0,715.0,494.0,421.0,1480.0,1065.0,623.0,545.0,1238.0,406.0,1366.0,1126.0,744.0,618.0,553.0,1497.0,343.0,532.0,742.0,1091.0,470.0,521.0,503.0,1370.0,835.0,521.0,1523.0,805.0,386.0,378.0,489.0,1133.0,566.0,489.0,1239.0,1357.0,461.0,1411.0,618.0,1006.0,450.0,491.0,441.0,967.0,647.0,1539.0,410.0,280.0,648.0,1536.0,535.0,525.0,858.0,436.0,1118.0,714.0,0000000000000000094b,85.5604604964901,C0806R20
643.0,1755.0,1711.0,560.0,585.0,1061.0,1029.0,521.0,438.0,1943.0,1757.0,798.0,722.0,1719.0,467.0,1790.0,1549.0,1075.0,1083.0,636.0,2059.0,438.0,698.0,1066.0,1624.0,602.0,751.0,560.0,1842.0,1224.0,496.0,1911.0,997.0,556.0,536.0,646.0,1733.0,770.0,502.0,1667.0,1806.0,569.0,1901.0,1068.0,1705.0,497.0,487.0,470.0,1810.0,1125.0,2123.0,463.0,476.0,879.0,1928.0,700.0,699.0,1240.0,612.0,1759.0,902.0,0000000000000000094c,18.923178032235,C0806R21
570.0,1550.0,1415.0,481.0,648.0,725.0,715.0,657.0,554.0,1796.0,936.0,709.0,569.0,1481.0,566.0,1630.0,1405.0,917.0,638.0,697.0,1634.0,475.0,632.0,898.0,1366.0,627.0,561.0,574.0,1532.0,773.0,607.0,1836.0,955.0,482.0,483.0,629.0,1026.0,636.0,649.0,1460.0,1586.0,559.0,1709.0,616.0,944.0,555.0,595.0,556.0,887.0,802.0,1899.0,529.0,426.0,681.0,1866.0,629.0,609.0,1023.0,548.0,1001.0,681.0,0000000000000000094d,29.9944908880472,C0806R22
407.0,1142.0,992.0,325.0,473.0,571.0,555.0,480.0,391.0,1267.0,691.0,497.0,475.0,1045.0,409.0,1164.0,982.0,643.0,486.0,495.0,1164.0,337.0,473.0,623.0,939.0,443.0,422.0,418.0,1125.0,607.0,475.0,1274.0,681.0,349.0,349.0,474.0,769.0,491.0,462.0,1011.0,1165.0,397.0,1157.0,477.0,694.0,405.0,452.0,440.0,689.0,519.0,1346.0,365.0,295.0,524.0,1316.0,465.0,466.0,716.0,383.0,759.0,541.0,0000000000000000094e,45.3144468147158,C0806R23
684.0,1678.0,1528.0,595.0,794.0,872.0,851.0,830.0,700.0,1852.0,934.0,798.0,672.0,1622.0,708.0,1740.0,1522.0,1008.0,739.0,816.0,1649.0,625.0,765.0,973.0,1535.0,755.0,688.0,691.0,1604.0,855.0,732.0,1862.0,1018.0,613.0,598.0,757.0,1063.0,767.0,785.0,1537.0,1718.0,677.0,1752.0,719.0,1033.0,705.0,747.0,720.0,932.0,866.0,1998.0,641.0,573.0,777.0,1934.0,729.0,731.0,1097.0,669.0,1026.0,751.0,0000000000000000094f,26.1466474025932,C0806R26
518.0,1505.0,1376.0,444.0,562.0,653.0,643.0,562.0,498.0,1722.0,936.0,655.0,514.0,1422.0,500.0,1578.0,1356.0,875.0,592.0,637.0,1616.0,426.0,561.0,856.0,1302.0,564.0,493.0,525.0,1506.0,716.0,564.0,1760.0,912.0,433.0,451.0,545.0,1011.0,557.0,586.0,1419.0,1534.0,517.0,1628.0,571.0,921.0,474.0,534.0,499.0,898.0,781.0,1863.0,489.0,367.0,615.0,1780.0,582.0,574.0,969.0,490.0,983.0,617.0,00000000000000000950,97.25179880485,C0806R27
542.0,1527.0,1402.0,468.0,628.0,710.0,704.0,632.0,537.0,1759.0,948.0,702.0,553.0,1450.0,539.0,1604.0,1372.0,895.0,628.0,681.0,1620.0,447.0,617.0,879.0,1327.0,601.0,546.0,558.0,1518.0,775.0,594.0,1804.0,935.0,465.0,464.0,605.0,1039.0,621.0,634.0,1431.0,1560.0,544.0,1677.0,605.0,968.0,524.0,577.0,537.0,921.0,783.0,1856.0,504.0,391.0,680.0,1834.0,612.0,594.0,1006.0,528.0,1002.0,680.0,00000000000000000951,33.2872632916153,C0806R55
463.0,1230.0,1096.0,388.0,544.0,694.0,695.0,523.0,419.0,1354.0,932.0,591.0,556.0,1134.0,432.0,1259.0,1049.0,695.0,608.0,546.0,1360.0,359.0,546.0,694.0,1020.0,484.0,535.0,476.0,1250.0,781.0,518.0,1388.0,758.0,410.0,379.0,521.0,993.0,559.0,497.0,1158.0,1252.0,444.0,1271.0,624.0,858.0,479.0,476.0,441.0,866.0,605.0,1386.0,401.0,324.0,614.0,1407.0,526.0,490.0,792.0,453.0,991.0,670.0,00000000000000000952,42.9607872488848,C0806W03
587.0,1576.0,1436.0,492.0,675.0,752.0,737.0,686.0,574.0,1817.0,945.0,725.0,588.0,1509.0,589.0,1652.0,1431.0,931.0,652.0,719.0,1641.0,493.0,657.0,908.0,1394.0,646.0,580.0,590.0,1549.0,795.0,631.0,1853.0,966.0,498.0,500.0,653.0,1043.0,661.0,673.0,1481.0,1612.0,576.0,1718.0,631.0,964.0,578.0,618.0,581.0,895.0,803.0,1935.0,546.0,445.0,702.0,1888.0,646.0,633.0,1035.0,565.0,1015.0,700.0,00000000000000000953,66.6493331304021,C0807C01
583.0,1570.0,1436.0,492.0,666.0,745.0,733.0,677.0,569.0,1815.0,950.0,723.0,583.0,1508.0,582.0,1651.0,1430.0,931.0,650.0,714.0,1649.0,490.0,649.0,910.0,1392.0,642.0,575.0,588.0,1547.0,790.0,623.0,1855.0,967.0,492.0,495.0,646.0,1044.0,654.0,665.0,1485.0,1607.0,573.0,1724.0,628.0,958.0,572.0,612.0,573.0,892.0,810.0,1921.0,544.0,438.0,698.0,1885.0,642.0,626.0,1037.0,561.0,1020.0,698.0,00000000000000000954,64.9677925095604,C0807C02
582.0,1563.0,1426.0,488.0,659.0,734.0,724.0,669.0,562.0,1810.0,940.0,716.0,577.0,1497.0,578.0,1645.0,1422.0,922.0,646.0,706.0,1645.0,485.0,641.0,903.0,1384.0,638.0,570.0,581.0,1544.0,778.0,614.0,1850.0,960.0,490.0,490.0,639.0,1030.0,643.0,658.0,1477.0,1600.0,566.0,1722.0,624.0,944.0,567.0,602.0,564.0,888.0,807.0,1915.0,537.0,438.0,686.0,1879.0,639.0,615.0,1028.0,558.0,1008.0,686.0,00000000000000000955,63.9695840236658,C0807C03
544.0,1527.0,1401.0,469.0,607.0,692.0,688.0,607.0,527.0,1759.0,939.0,690.0,547.0,1440.0,532.0,1600.0,1367.0,894.0,626.0,669.0,1626.0,447.0,602.0,875.0,1321.0,595.0,533.0,549.0,1525.0,754.0,585.0,1799.0,931.0,463.0,468.0,590.0,1020.0,601.0,620.0,1425.0,1558.0,539.0,1679.0,609.0,949.0,514.0,564.0,527.0,907.0,791.0,1852.0,506.0,396.0,656.0,1823.0,608.0,590.0,993.0,522.0,986.0,660.0,00000000000000000956,88.8708085680609,C0807C04
583.0,1569.0,1437.0,489.0,663.0,739.0,730.0,672.0,563.0,1817.0,951.0,722.0,577.0,1505.0,580.0,1650.0,1429.0,931.0,653.0,711.0,1653.0,484.0,646.0,911.0,1389.0,641.0,574.0,582.0,1552.0,787.0,614.0,1857.0,969.0,494.0,491.0,638.0,1041.0,644.0,663.0,1485.0,1605.0,567.0,1730.0,631.0,957.0,569.0,602.0,564.0,904.0,815.0,1921.0,536.0,438.0,689.0,1886.0,643.0,615.0,1037.0,562.0,1016.0,689.0,00000000000000000957,48.163728415234,C0807C05
584.0,1568.0,1434.0,488.0,663.0,738.0,729.0,672.0,563.0,1816.0,948.0,721.0,579.0,1504.0,580.0,1649.0,1428.0,927.0,651.0,710.0,1651.0,485.0,645.0,907.0,1389.0,641.0,573.0,582.0,1550.0,785.0,615.0,1855.0,964.0,493.0,491.0,641.0,1039.0,645.0,662.0,1484.0,1604.0,567.0,1728.0,629.0,953.0,569.0,602.0,564.0,899.0,811.0,1920.0,537.0,439.0,690.0,1885.0,642.0,616.0,1033.0,561.0,1015.0,690.0,00000000000000000958,93.3447791224976,C0807C07
509.0,1509.0,1410.0,463.0,589.0,772.0,772.0,562.0,453.0,1670.0,1195.0,714.0,604.0,1456.0,492.0,1554.0,1304.0,891.0,727.0,638.0,1696.0,386.0,616.0,873.0,1291.0,548.0,574.0,542.0,1530.0,933.0,568.0,1727.0,903.0,438.0,448.0,584.0,1288.0,649.0,578.0,1412.0,1515.0,516.0,1600.0,722.0,1171.0,478.0,517.0,471.0,1143.0,786.0,1789.0,462.0,332.0,767.0,1751.0,611.0,621.0,996.0,517.0,1243.0,797.0,00000000000000000959,93.5753880448842,C0807F01
569.0,1553.0,1409.0,483.0,668.0,728.0,700.0,680.0,579.0,1780.0,890.0,696.0,570.0,1488.0,582.0,1627.0,1405.0,891.0,624.0,702.0,1587.0,495.0,643.0,864.0,1380.0,633.0,559.0,579.0,1522.0,755.0,624.0,1800.0,919.0,491.0,500.0,637.0,984.0,639.0,664.0,1443.0,1592.0,566.0,1672.0,607.0,943.0,574.0,621.0,593.0,864.0,765.0,1923.0,538.0,449.0,667.0,1840.0,629.0,618.0,989.0,552.0,954.0,656.0,0000000000000000095a,125.64773380763,C0807P01
572.0,1552.0,1403.0,491.0,675.0,736.0,707.0,690.0,586.0,1777.0,881.0,697.0,576.0,1484.0,588.0,1619.0,1401.0,889.0,630.0,704.0,1577.0,501.0,648.0,866.0,1380.0,639.0,566.0,586.0,1513.0,756.0,628.0,1793.0,916.0,498.0,503.0,641.0,973.0,646.0,667.0,1435.0,1592.0,567.0,1667.0,612.0,937.0,583.0,629.0,601.0,853.0,765.0,1915.0,540.0,454.0,671.0,1837.0,632.0,619.0,988.0,559.0,948.0,660.0,0000000000000000095b,59.9698682475835,C0807P02
602.0,1666.0,1528.0,515.0,712.0,829.0,805.0,735.0,620.0,1859.0,1009.0,743.0,614.0,1628.0,618.0,1762.0,1515.0,983.0,701.0,753.0,1706.0,533.0,687.0,946.0,1506.0,681.0,586.0,621.0,1626.0,848.0,665.0,1881.0,1007.0,509.0,521.0,710.0,1132.0,710.0,715.0,1558.0,1709.0,607.0,1753.0,667.0,1096.0,602.0,668.0,631.0,988.0,835.0,2033.0,574.0,466.0,743.0,1933.0,659.0,663.0,1095.0,585.0,1087.0,721.0,0000000000000000095c,88.3857439644154,C0807P03
511.0,1503.0,1413.0,470.0,570.0,731.0,731.0,548.0,458.0,1687.0,1146.0,692.0,585.0,1454.0,489.0,1558.0,1312.0,893.0,706.0,620.0,1699.0,397.0,608.0,868.0,1295.0,539.0,560.0,536.0,1538.0,877.0,548.0,1738.0,905.0,445.0,447.0,562.0,1221.0,620.0,572.0,1417.0,1510.0,516.0,1624.0,698.0,1126.0,472.0,510.0,475.0,1128.0,805.0,1820.0,462.0,351.0,734.0,1754.0,600.0,608.0,982.0,510.0,1185.0,751.0,0000000000000000095d,78.5192775665957,C0807P04
448.0,1226.0,1091.0,373.0,526.0,626.0,614.0,532.0,452.0,1367.0,747.0,569.0,465.0,1158.0,442.0,1282.0,1085.0,713.0,518.0,563.0,1276.0,380.0,510.0,688.0,1065.0,501.0,448.0,466.0,1188.0,657.0,492.0,1426.0,743.0,375.0,368.0,520.0,849.0,533.0,516.0,1140.0,1243.0,433.0,1307.0,508.0,722.0,439.0,485.0,454.0,737.0,592.0,1462.0,404.0,316.0,568.0,1470.0,495.0,479.0,801.0,428.0,829.0,572.0,0000000000000000095e,65.9133669816651,C0807P06
467.0,1179.0,1062.0,373.0,536.0,661.0,650.0,554.0,461.0,1292.0,739.0,579.0,486.0,1145.0,456.0,1239.0,1054.0,714.0,548.0,578.0,1221.0,393.0,525.0,686.0,1051.0,524.0,468.0,472.0,1136.0,673.0,516.0,1349.0,741.0,388.0,372.0,546.0,847.0,557.0,523.0,1108.0,1195.0,448.0,1244.0,538.0,711.0,458.0,492.0,464.0,739.0,593.0,1376.0,418.0,331.0,588.0,1403.0,507.0,498.0,805.0,435.0,828.0,587.0,0000000000000000095f,19.242967396483,C0807R01
437.0,1303.0,1224.0,402.0,529.0,683.0,697.0,503.0,428.0,1458.0,1002.0,622.0,532.0,1228.0,413.0,1340.0,1126.0,727.0,583.0,550.0,1460.0,338.0,540.0,724.0,1081.0,465.0,514.0,505.0,1335.0,812.0,517.0,1501.0,784.0,386.0,373.0,493.0,1076.0,562.0,504.0,1235.0,1336.0,451.0,1379.0,579.0,943.0,448.0,494.0,443.0,900.0,617.0,1505.0,401.0,271.0,641.0,1516.0,524.0,517.0,843.0,437.0,1059.0,710.0,00000000000000000960,69.061686830931,C0807R02
478.0,1270.0,1119.0,387.0,552.0,658.0,640.0,563.0,470.0,1390.0,761.0,590.0,506.0,1196.0,474.0,1315.0,1117.0,744.0,555.0,585.0,1298.0,406.0,542.0,715.0,1098.0,532.0,476.0,483.0,1228.0,680.0,533.0,1447.0,774.0,403.0,400.0,554.0,866.0,565.0,545.0,1160.0,1278.0,463.0,1326.0,542.0,739.0,468.0,512.0,486.0,758.0,612.0,1494.0,431.0,350.0,597.0,1494.0,527.0,519.0,826.0,453.0,848.0,599.0,00000000000000000961,12.5567307938149,C0807R03
544.0,1527.0,1401.0,469.0,607.0,692.0,688.0,607.0,527.0,1759.0,939.0,690.0,547.0,1440.0,532.0,1600.0,1367.0,894.0,626.0,669.0,1626.0,447.0,602.0,875.0,1321.0,595.0,533.0,549.0,1525.0,754.0,585.0,1799.0,931.0,463.0,468.0,590.0,1020.0,601.0,620.0,1425.0,1558.0,539.0,1679.0,609.0,949.0,514.0,564.0,527.0,907.0,791.0,1852.0,506.0,396.0,656.0,1823.0,608.0,590.0,993.0,522.0,986.0,660.0,00000000000000000962,14.7042341143886,C0807R04
441.0,1014.0,852.0,334.0,538.0,613.0,613.0,552.0,456.0,1080.0,598.0,528.0,433.0,969.0,448.0,1033.0,865.0,642.0,473.0,528.0,937.0,387.0,489.0,586.0,911.0,509.0,439.0,434.0,930.0,631.0,514.0,1049.0,639.0,369.0,357.0,534.0,730.0,552.0,510.0,853.0,1052.0,445.0,963.0,453.0,699.0,439.0,497.0,464.0,588.0,489.0,1161.0,386.0,340.0,510.0,1125.0,448.0,524.0,723.0,421.0,689.0,521.0,00000000000000000963,26.5337735213832,C0807R05
539.0,1270.0,1089.0,445.0,643.0,715.0,716.0,680.0,581.0,1370.0,695.0,637.0,504.0,1212.0,559.0,1311.0,1093.0,785.0,560.0,651.0,1194.0,501.0,589.0,726.0,1148.0,621.0,535.0,544.0,1172.0,698.0,607.0,1328.0,777.0,461.0,449.0,620.0,841.0,630.0,627.0,1075.0,1325.0,550.0,1266.0,532.0,830.0,539.0,611.0,581.0,688.0,636.0,1456.0,493.0,437.0,601.0,1427.0,548.0,617.0,876.0,526.0,791.0,589.0,00000000000000000964,17.7968764922402,C0807R06
466.0,1081.0,919.0,341.0,567.0,662.0,665.0,587.0,485.0,1151.0,648.0,566.0,469.0,1046.0,472.0,1098.0,926.0,688.0,504.0,570.0,998.0,402.0,512.0,624.0,976.0,543.0,460.0,457.0,986.0,678.0,556.0,1113.0,688.0,382.0,374.0,578.0,801.0,598.0,540.0,917.0,1125.0,472.0,1017.0,478.0,763.0,457.0,532.0,489.0,636.0,515.0,1240.0,408.0,347.0,556.0,1199.0,480.0,563.0,782.0,438.0,753.0,565.0,00000000000000000965,27.4206226382322,C0807R07
469.0,1383.0,1272.0,431.0,538.0,708.0,712.0,514.0,432.0,1539.0,1055.0,639.0,547.0,1303.0,449.0,1421.0,1183.0,795.0,651.0,580.0,1536.0,361.0,549.0,778.0,1159.0,501.0,522.0,505.0,1400.0,843.0,521.0,1580.0,819.0,404.0,405.0,522.0,1140.0,579.0,522.0,1280.0,1396.0,479.0,1468.0,651.0,1031.0,452.0,493.0,446.0,988.0,699.0,1660.0,423.0,309.0,674.0,1606.0,551.0,555.0,895.0,467.0,1111.0,710.0,00000000000000000966,42.9402750713316,C0807R08
473.0,1409.0,1301.0,425.0,542.0,698.0,698.0,517.0,432.0,1571.0,1060.0,647.0,543.0,1343.0,463.0,1457.0,1216.0,821.0,649.0,588.0,1566.0,363.0,564.0,806.0,1196.0,507.0,519.0,503.0,1420.0,839.0,519.0,1622.0,832.0,406.0,413.0,539.0,1144.0,593.0,544.0,1310.0,1419.0,482.0,1498.0,649.0,1047.0,444.0,490.0,444.0,1011.0,721.0,1692.0,433.0,311.0,690.0,1645.0,555.0,566.0,919.0,477.0,1109.0,717.0,00000000000000000967,44.7409007951237,C0807R09
474.0,1262.0,1110.0,387.0,543.0,648.0,630.0,552.0,469.0,1387.0,754.0,584.0,497.0,1183.0,465.0,1303.0,1107.0,735.0,551.0,577.0,1292.0,406.0,536.0,708.0,1087.0,524.0,471.0,482.0,1224.0,673.0,520.0,1439.0,766.0,397.0,390.0,541.0,855.0,551.0,533.0,1149.0,1268.0,448.0,1320.0,540.0,733.0,461.0,510.0,486.0,754.0,606.0,1488.0,420.0,342.0,582.0,1485.0,523.0,504.0,813.0,447.0,838.0,586.0,00000000000000000968,93.2186861972655,C0807R10
576.0,1554.0,1414.0,483.0,658.0,731.0,717.0,668.0,562.0,1794.0,926.0,710.0,574.0,1487.0,576.0,1631.0,1411.0,915.0,638.0,702.0,1624.0,483.0,639.0,893.0,1374.0,634.0,565.0,578.0,1530.0,773.0,616.0,1831.0,950.0,487.0,490.0,637.0,1019.0,642.0,656.0,1462.0,1589.0,564.0,1700.0,617.0,939.0,565.0,603.0,566.0,878.0,793.0,1907.0,535.0,436.0,683.0,1863.0,634.0,616.0,1018.0,553.0,994.0,681.0,00000000000000000969,9.42503300980955,C0807R55
496.0,1264.0,1138.0,407.0,571.0,724.0,715.0,560.0,452.0,1388.0,929.0,617.0,583.0,1175.0,470.0,1291.0,1100.0,738.0,638.0,577.0,1381.0,387.0,579.0,737.0,1065.0,515.0,557.0,498.0,1273.0,794.0,549.0,1418.0,799.0,439.0,406.0,560.0,991.0,594.0,535.0,1203.0,1285.0,470.0,1302.0,646.0,852.0,506.0,499.0,466.0,874.0,638.0,1421.0,436.0,354.0,636.0,1435.0,557.0,524.0,827.0,482.0,988.0,691.0,0000000000000000096a,8.75626945255758,C0807W02
674.0,1740.0,1718.0,567.0,591.0,1076.0,1025.0,527.0,436.0,1948.0,1776.0,832.0,743.0,1723.0,457.0,1759.0,1569.0,1130.0,1100.0,660.0,2021.0,449.0,724.0,1089.0,1624.0,608.0,763.0,564.0,1812.0,1225.0,494.0,1894.0,1020.0,564.0,538.0,675.0,1743.0,791.0,503.0,1684.0,1788.0,577.0,1874.0,1088.0,1719.0,497.0,486.0,472.0,1841.0,1168.0,2115.0,457.0,481.0,913.0,1920.0,726.0,703.0,1274.0,618.0,1779.0,923.0,0000000000000000096b,214.058861151275,C0808R01
701.0,1781.0,1763.0,584.0,613.0,1131.0,1073.0,548.0,443.0,1998.0,1846.0,861.0,775.0,1764.0,472.0,1796.0,1624.0,1171.0,1159.0,680.0,2064.0,462.0,758.0,1121.0,1667.0,626.0,795.0,580.0,1849.0,1279.0,506.0,1933.0,1052.0,590.0,554.0,710.0,1806.0,825.0,524.0,1732.0,1834.0,598.0,1911.0,1143.0,1783.0,514.0,496.0,480.0,1910.0,1207.0,2159.0,470.0,502.0,961.0,1964.0,752.0,723.0,1313.0,648.0,1849.0,962.0,0000000000000000096c,324.81236685379,C0808R02
663.0,1761.0,1737.0,584.0,594.0,1040.0,1001.0,530.0,460.0,1963.0,1736.0,823.0,731.0,1745.0,477.0,1790.0,1569.0,1105.0,1062.0,656.0,2053.0,460.0,715.0,1087.0,1646.0,613.0,761.0,584.0,1841.0,1198.0,511.0,1936.0,1017.0,566.0,553.0,654.0,1711.0,780.0,512.0,1692.0,1803.0,585.0,1918.0,1048.0,1684.0,505.0,510.0,493.0,1795.0,1156.0,2139.0,473.0,487.0,890.0,1954.0,721.0,718.0,1268.0,623.0,1738.0,914.0,0000000000000000096d,85.1462104213924,C0808R03
674.0,1752.0,1731.0,573.0,596.0,1082.0,1036.0,533.0,446.0,1952.0,1781.0,832.0,746.0,1736.0,464.0,1775.0,1577.0,1130.0,1104.0,663.0,2034.0,454.0,723.0,1097.0,1637.0,614.0,763.0,572.0,1826.0,1233.0,499.0,1910.0,1026.0,566.0,541.0,678.0,1752.0,796.0,508.0,1693.0,1797.0,578.0,1891.0,1092.0,1727.0,503.0,495.0,479.0,1846.0,1171.0,2124.0,463.0,483.0,913.0,1933.0,728.0,705.0,1279.0,620.0,1785.0,927.0,0000000000000000096e,106.014726067007,C0808R93
569.0,1679.0,1576.0,538.0,526.0,882.0,858.0,448.0,409.0,1891.0,1526.0,725.0,646.0,1584.0,437.0,1713.0,1403.0,926.0,907.0,554.0,2023.0,400.0,646.0,927.0,1480.0,516.0,719.0,539.0,1772.0,1086.0,459.0,1841.0,858.0,516.0,491.0,535.0,1491.0,678.0,462.0,1531.0,1739.0,520.0,1832.0,909.0,1470.0,435.0,466.0,438.0,1551.0,984.0,2096.0,403.0,433.0,815.0,1868.0,625.0,665.0,1100.0,587.0,1516.0,852.0,0000000000000000096f,1411.69191618447,C0808R99
550.0,1587.0,1505.0,490.0,565.0,707.0,707.0,555.0,482.0,1794.0,1149.0,702.0,574.0,1525.0,504.0,1654.0,1434.0,965.0,706.0,643.0,1782.0,434.0,606.0,928.0,1388.0,578.0,544.0,550.0,1624.0,809.0,560.0,1823.0,974.0,466.0,472.0,566.0,1211.0,596.0,593.0,1514.0,1605.0,540.0,1718.0,687.0,1119.0,482.0,513.0,493.0,1166.0,891.0,1939.0,491.0,387.0,694.0,1840.0,615.0,612.0,1032.0,523.0,1184.0,693.0,00000000000000000970,61.4233003755811,C0809C01
512.0,1516.0,1418.0,461.0,583.0,751.0,751.0,557.0,454.0,1684.0,1170.0,709.0,593.0,1462.0,494.0,1566.0,1319.0,894.0,710.0,636.0,1703.0,389.0,613.0,872.0,1298.0,548.0,566.0,538.0,1539.0,903.0,563.0,1739.0,906.0,441.0,450.0,579.0,1257.0,638.0,584.0,1422.0,1526.0,519.0,1614.0,708.0,1149.0,476.0,515.0,468.0,1134.0,791.0,1812.0,466.0,338.0,753.0,1760.0,609.0,617.0,992.0,516.0,1218.0,779.0,00000000000000000971,63.6827332317976,C0809C02
543.0,1579.0,1497.0,491.0,556.0,698.0,697.0,545.0,484.0,1785.0,1133.0,696.0,566.0,1518.0,500.0,1645.0,1424.0,956.0,697.0,639.0,1775.0,432.0,595.0,919.0,1379.0,573.0,534.0,552.0,1616.0,802.0,562.0,1816.0,965.0,460.0,472.0,557.0,1197.0,588.0,589.0,1507.0,1596.0,540.0,1710.0,678.0,1105.0,474.0,514.0,494.0,1149.0,880.0,1930.0,491.0,382.0,686.0,1833.0,610.0,612.0,1024.0,519.0,1169.0,686.0,00000000000000000972,72.5568257643047,C0809C03
510.0,1510.0,1404.0,467.0,595.0,784.0,784.0,566.0,453.0,1666.0,1218.0,719.0,617.0,1450.0,494.0,1555.0,1289.0,889.0,742.0,640.0,1702.0,386.0,624.0,877.0,1289.0,549.0,583.0,547.0,1533.0,956.0,575.0,1723.0,902.0,442.0,452.0,586.0,1311.0,661.0,574.0,1405.0,1510.0,521.0,1598.0,729.0,1191.0,483.0,520.0,479.0,1152.0,789.0,1770.0,466.0,334.0,782.0,1746.0,614.0,630.0,1002.0,521.0,1258.0,812.0,00000000000000000973,63.5327780672753,C0809C04
536.0,1585.0,1543.0,531.0,506.0,775.0,757.0,447.0,411.0,1741.0,1336.0,689.0,589.0,1556.0,438.0,1600.0,1364.0,944.0,783.0,562.0,1834.0,404.0,596.0,928.0,1426.0,513.0,631.0,534.0,1655.0,930.0,485.0,1775.0,888.0,498.0,487.0,508.0,1359.0,614.0,473.0,1498.0,1579.0,521.0,1737.0,780.0,1315.0,434.0,474.0,462.0,1422.0,939.0,2004.0,445.0,404.0,721.0,1787.0,611.0,639.0,1051.0,542.0,1358.0,750.0,00000000000000000974,22.1792500898946,C0809C05
581.0,1700.0,1607.0,549.0,537.0,893.0,867.0,461.0,421.0,1917.0,1548.0,739.0,643.0,1616.0,444.0,1738.0,1437.0,952.0,919.0,563.0,2043.0,411.0,664.0,952.0,1516.0,528.0,732.0,549.0,1794.0,1093.0,466.0,1866.0,880.0,525.0,502.0,538.0,1511.0,678.0,471.0,1562.0,1766.0,535.0,1858.0,914.0,1493.0,438.0,476.0,448.0,1572.0,1015.0,2114.0,411.0,444.0,812.0,1889.0,635.0,680.0,1131.0,597.0,1539.0,847.0,00000000000000000975,18.6226812910402,C0809C06
426.0,1270.0,1193.0,394.0,523.0,674.0,688.0,498.0,420.0,1425.0,972.0,603.0,523.0,1198.0,407.0,1311.0,1099.0,707.0,573.0,538.0,1423.0,331.0,530.0,702.0,1055.0,455.0,505.0,496.0,1302.0,797.0,505.0,1463.0,765.0,377.0,364.0,485.0,1048.0,551.0,493.0,1204.0,1307.0,438.0,1344.0,566.0,920.0,440.0,489.0,438.0,869.0,598.0,1463.0,389.0,266.0,630.0,1479.0,509.0,505.0,823.0,427.0,1030.0,695.0,00000000000000000976,112.444574860181,C0809C07
540.0,1568.0,1483.0,485.0,556.0,687.0,688.0,542.0,476.0,1769.0,1117.0,695.0,563.0,1508.0,500.0,1632.0,1408.0,942.0,685.0,636.0,1762.0,423.0,594.0,906.0,1368.0,568.0,533.0,546.0,1605.0,793.0,558.0,1802.0,951.0,460.0,470.0,555.0,1180.0,587.0,589.0,1494.0,1581.0,536.0,1698.0,666.0,1089.0,472.0,508.0,489.0,1129.0,867.0,1916.0,487.0,380.0,686.0,1817.0,608.0,611.0,1014.0,520.0,1152.0,686.0,00000000000000000977,35.5105821059731,C0809C08
519.0,1502.0,1371.0,446.0,578.0,650.0,642.0,581.0,508.0,1718.0,899.0,650.0,511.0,1418.0,509.0,1574.0,1346.0,866.0,588.0,641.0,1593.0,431.0,572.0,848.0,1301.0,572.0,495.0,529.0,1496.0,708.0,565.0,1759.0,900.0,434.0,456.0,557.0,980.0,567.0,596.0,1398.0,1532.0,526.0,1633.0,568.0,908.0,485.0,547.0,514.0,862.0,765.0,1853.0,493.0,378.0,618.0,1781.0,576.0,574.0,964.0,497.0,949.0,618.0,00000000000000000978,16.6439999660035,C0809R01
396.0,1216.0,1120.0,361.0,482.0,593.0,596.0,470.0,398.0,1378.0,841.0,563.0,460.0,1143.0,390.0,1259.0,1054.0,672.0,496.0,519.0,1334.0,316.0,485.0,665.0,1014.0,433.0,442.0,451.0,1221.0,699.0,457.0,1419.0,717.0,341.0,332.0,459.0,924.0,503.0,469.0,1135.0,1245.0,400.0,1296.0,493.0,814.0,395.0,451.0,407.0,746.0,564.0,1418.0,364.0,250.0,574.0,1439.0,472.0,460.0,775.0,393.0,900.0,614.0,00000000000000000979,101.420803070868,C0809R02
504.0,1534.0,1447.0,465.0,538.0,706.0,711.0,508.0,431.0,1701.0,1179.0,670.0,569.0,1469.0,475.0,1586.0,1345.0,916.0,708.0,591.0,1746.0,387.0,591.0,882.0,1319.0,525.0,543.0,524.0,1580.0,842.0,520.0,1752.0,916.0,451.0,434.0,532.0,1246.0,591.0,559.0,1447.0,1536.0,499.0,1651.0,692.0,1148.0,453.0,477.0,456.0,1206.0,835.0,1890.0,445.0,351.0,703.0,1762.0,585.0,587.0,986.0,505.0,1217.0,710.0,0000000000000000097a,181.699596656898,C0809R03
528.0,1448.0,1456.0,475.0,451.0,775.0,734.0,393.0,360.0,1656.0,1387.0,678.0,558.0,1464.0,360.0,1474.0,1300.0,886.0,790.0,521.0,1721.0,362.0,563.0,859.0,1363.0,477.0,602.0,475.0,1519.0,916.0,408.0,1630.0,792.0,451.0,452.0,490.0,1362.0,611.0,403.0,1413.0,1484.0,488.0,1608.0,783.0,1344.0,366.0,407.0,392.0,1448.0,929.0,1846.0,373.0,379.0,721.0,1648.0,577.0,616.0,1033.0,504.0,1395.0,737.0,0000000000000000097b,147.019248757918,C0809R04
518.0,1494.0,1349.0,441.0,591.0,649.0,637.0,596.0,515.0,1707.0,864.0,644.0,513.0,1419.0,522.0,1572.0,1341.0,859.0,576.0,645.0,1560.0,442.0,575.0,831.0,1304.0,573.0,492.0,527.0,1479.0,696.0,575.0,1739.0,887.0,434.0,461.0,566.0,948.0,566.0,603.0,1382.0,1531.0,524.0,1609.0,549.0,894.0,494.0,551.0,523.0,845.0,745.0,1860.0,497.0,388.0,611.0,1773.0,581.0,579.0,953.0,497.0,919.0,596.0,0000000000000000097c,102.729165446895,C0809R05
378.0,1012.0,853.0,297.0,454.0,556.0,551.0,505.0,410.0,1135.0,543.0,471.0,404.0,952.0,396.0,1046.0,847.0,593.0,427.0,489.0,955.0,341.0,434.0,542.0,869.0,453.0,373.0,395.0,939.0,535.0,458.0,1070.0,593.0,315.0,319.0,475.0,666.0,485.0,460.0,829.0,1071.0,396.0,1011.0,395.0,661.0,378.0,442.0,441.0,535.0,457.0,1212.0,351.0,279.0,476.0,1165.0,412.0,464.0,672.0,359.0,624.0,464.0,0000000000000000097d,48.6443214978072,C0810F01
420.0,1320.0,1193.0,389.0,479.0,697.0,699.0,441.0,354.0,1441.0,1150.0,598.0,545.0,1235.0,393.0,1362.0,1077.0,754.0,658.0,525.0,1521.0,295.0,516.0,743.0,1087.0,442.0,493.0,448.0,1353.0,874.0,466.0,1493.0,766.0,360.0,366.0,499.0,1228.0,572.0,451.0,1194.0,1319.0,428.0,1389.0,658.0,1113.0,393.0,423.0,376.0,1114.0,672.0,1549.0,377.0,256.0,699.0,1514.0,513.0,528.0,859.0,418.0,1189.0,729.0,0000000000000000097e,38.7187061700117,C0810F02
443.0,1233.0,1088.0,368.0,519.0,622.0,601.0,535.0,452.0,1376.0,715.0,557.0,458.0,1164.0,446.0,1288.0,1089.0,710.0,504.0,560.0,1251.0,384.0,501.0,687.0,1072.0,499.0,436.0,457.0,1185.0,635.0,492.0,1419.0,734.0,372.0,372.0,520.0,827.0,531.0,512.0,1126.0,1258.0,433.0,1300.0,493.0,723.0,436.0,488.0,464.0,710.0,587.0,1486.0,408.0,321.0,553.0,1464.0,489.0,481.0,797.0,422.0,802.0,549.0,0000000000000000097f,204.568302390609,C0810F03
395.0,1170.0,1044.0,340.0,464.0,554.0,544.0,473.0,401.0,1340.0,702.0,513.0,409.0,1098.0,397.0,1227.0,1032.0,658.0,461.0,506.0,1224.0,335.0,447.0,640.0,1000.0,444.0,394.0,415.0,1142.0,592.0,439.0,1386.0,683.0,330.0,328.0,461.0,792.0,479.0,463.0,1073.0,1199.0,390.0,1272.0,442.0,718.0,387.0,440.0,407.0,637.0,555.0,1416.0,366.0,281.0,517.0,1414.0,442.0,437.0,743.0,380.0,765.0,515.0,00000000000000000980,73.0198479074515,C0810F04
520.0,1531.0,1395.0,438.0,575.0,661.0,642.0,582.0,505.0,1748.0,932.0,655.0,521.0,1455.0,511.0,1611.0,1382.0,892.0,585.0,645.0,1632.0,429.0,575.0,868.0,1327.0,576.0,491.0,533.0,1528.0,724.0,586.0,1779.0,919.0,432.0,463.0,566.0,1014.0,576.0,600.0,1430.0,1566.0,535.0,1637.0,570.0,941.0,477.0,547.0,518.0,916.0,780.0,1921.0,504.0,371.0,636.0,1807.0,589.0,594.0,987.0,496.0,993.0,635.0,00000000000000000981,102.437058582958,C0810R02
518.0,1480.0,1349.0,451.0,579.0,656.0,653.0,579.0,507.0,1704.0,896.0,655.0,518.0,1389.0,507.0,1550.0,1319.0,856.0,596.0,637.0,1574.0,431.0,572.0,839.0,1275.0,568.0,506.0,528.0,1477.0,715.0,558.0,1742.0,892.0,441.0,448.0,560.0,974.0,571.0,591.0,1374.0,1509.0,515.0,1627.0,578.0,906.0,490.0,543.0,507.0,865.0,760.0,1800.0,483.0,379.0,621.0,1765.0,577.0,562.0,951.0,498.0,941.0,624.0,00000000000000000982,16.4921554635333,C0810R03
374.0,1147.0,1048.0,348.0,458.0,568.0,569.0,445.0,378.0,1299.0,787.0,525.0,438.0,1066.0,371.0,1185.0,988.0,624.0,478.0,484.0,1252.0,306.0,456.0,618.0,951.0,410.0,423.0,429.0,1152.0,661.0,433.0,1336.0,666.0,330.0,317.0,432.0,860.0,471.0,442.0,1064.0,1176.0,383.0,1219.0,477.0,761.0,379.0,429.0,388.0,694.0,524.0,1323.0,346.0,246.0,529.0,1355.0,441.0,433.0,718.0,375.0,839.0,575.0,00000000000000000983,63.9199156724671,C0810R04
548.0,1546.0,1403.0,461.0,635.0,698.0,675.0,645.0,555.0,1769.0,903.0,675.0,546.0,1481.0,558.0,1632.0,1402.0,888.0,603.0,685.0,1600.0,470.0,608.0,859.0,1369.0,608.0,524.0,562.0,1527.0,735.0,607.0,1795.0,924.0,460.0,484.0,613.0,999.0,613.0,643.0,1442.0,1584.0,551.0,1659.0,579.0,939.0,534.0,593.0,559.0,881.0,761.0,1925.0,522.0,419.0,648.0,1829.0,609.0,607.0,987.0,528.0,967.0,637.0,00000000000000000984,51.2570543976325,C0810R05
528.0,1448.0,1456.0,475.0,451.0,775.0,734.0,393.0,360.0,1656.0,1387.0,678.0,558.0,1464.0,360.0,1474.0,1300.0,886.0,790.0,521.0,1721.0,362.0,563.0,859.0,1363.0,477.0,602.0,475.0,1519.0,916.0,408.0,1630.0,792.0,451.0,452.0,490.0,1362.0,611.0,403.0,1413.0,1484.0,488.0,1608.0,783.0,1344.0,366.0,407.0,392.0,1448.0,929.0,1846.0,373.0,379.0,721.0,1648.0,577.0,616.0,1033.0,504.0,1395.0,737.0,00000000000000000985,60.4071455988807,C0810R07
553.0,1613.0,1468.0,469.0,628.0,705.0,685.0,637.0,550.0,1826.0,967.0,696.0,554.0,1541.0,552.0,1706.0,1462.0,942.0,615.0,694.0,1702.0,468.0,620.0,914.0,1412.0,619.0,524.0,572.0,1602.0,765.0,628.0,1862.0,968.0,462.0,496.0,615.0,1060.0,623.0,654.0,1506.0,1653.0,574.0,1719.0,596.0,999.0,513.0,589.0,560.0,952.0,813.0,2015.0,541.0,400.0,681.0,1897.0,627.0,637.0,1043.0,533.0,1032.0,667.0,00000000000000000986,84.0865586010926,C0810R08
471.0,1224.0,1053.0,395.0,558.0,650.0,643.0,598.0,504.0,1360.0,644.0,559.0,477.0,1153.0,487.0,1267.0,1052.0,717.0,523.0,576.0,1165.0,435.0,526.0,673.0,1078.0,544.0,470.0,485.0,1142.0,621.0,536.0,1310.0,716.0,406.0,403.0,551.0,759.0,561.0,551.0,1038.0,1279.0,481.0,1254.0,493.0,760.0,480.0,536.0,528.0,638.0,589.0,1447.0,440.0,377.0,549.0,1400.0,497.0,539.0,797.0,453.0,727.0,538.0,00000000000000000987,65.2222251198484,C0810R09
397.0,1177.0,1091.0,367.0,491.0,613.0,616.0,470.0,397.0,1333.0,839.0,558.0,470.0,1108.0,390.0,1223.0,1020.0,648.0,517.0,507.0,1295.0,321.0,484.0,645.0,981.0,435.0,461.0,455.0,1192.0,712.0,462.0,1369.0,698.0,357.0,336.0,455.0,917.0,503.0,473.0,1107.0,1214.0,406.0,1255.0,513.0,806.0,406.0,455.0,411.0,742.0,547.0,1349.0,364.0,260.0,567.0,1389.0,469.0,462.0,749.0,401.0,895.0,616.0,00000000000000000988,132.874297156276,C0810R10
421.0,1080.0,917.0,352.0,506.0,591.0,591.0,544.0,461.0,1188.0,571.0,504.0,416.0,1019.0,440.0,1121.0,914.0,642.0,463.0,523.0,1019.0,395.0,468.0,589.0,957.0,494.0,420.0,434.0,996.0,567.0,483.0,1138.0,634.0,359.0,356.0,504.0,695.0,513.0,497.0,897.0,1135.0,436.0,1092.0,430.0,697.0,426.0,485.0,470.0,568.0,516.0,1264.0,390.0,337.0,493.0,1229.0,438.0,491.0,715.0,410.0,655.0,477.0,00000000000000000989,65.1941227034732,C0810R11
488.0,1342.0,1186.0,409.0,555.0,629.0,615.0,564.0,485.0,1520.0,757.0,591.0,488.0,1256.0,486.0,1392.0,1193.0,768.0,542.0,594.0,1368.0,421.0,538.0,744.0,1163.0,537.0,476.0,493.0,1306.0,654.0,528.0,1559.0,794.0,413.0,417.0,543.0,851.0,553.0,550.0,1226.0,1364.0,471.0,1437.0,528.0,775.0,476.0,523.0,493.0,745.0,656.0,1637.0,447.0,370.0,577.0,1598.0,533.0,520.0,848.0,464.0,828.0,573.0,0000000000000000098b,46.2864387953958,C0811F02
384.0,994.0,885.0,290.0,433.0,572.0,569.0,433.0,335.0,1064.0,708.0,482.0,464.0,900.0,355.0,1011.0,828.0,581.0,501.0,449.0,1060.0,293.0,438.0,582.0,785.0,396.0,422.0,370.0,995.0,605.0,432.0,1090.0,641.0,328.0,314.0,437.0,762.0,468.0,393.0,910.0,1015.0,358.0,998.0,491.0,668.0,393.0,391.0,365.0,700.0,486.0,1113.0,329.0,266.0,494.0,1083.0,430.0,408.0,660.0,356.0,753.0,540.0,0000000000000000098c,72.474214462514,C0811F03
384.0,983.0,827.0,316.0,457.0,538.0,538.0,494.0,416.0,1095.0,522.0,461.0,392.0,919.0,396.0,1016.0,825.0,582.0,426.0,473.0,927.0,350.0,430.0,534.0,858.0,446.0,384.0,395.0,913.0,526.0,444.0,1040.0,578.0,327.0,325.0,459.0,628.0,468.0,453.0,811.0,1038.0,392.0,992.0,403.0,628.0,388.0,443.0,433.0,521.0,463.0,1161.0,353.0,303.0,456.0,1121.0,403.0,452.0,648.0,367.0,594.0,445.0,0000000000000000098d,52.449675072752,C0811R01
374.0,962.0,810.0,312.0,444.0,525.0,525.0,486.0,409.0,1075.0,508.0,449.0,382.0,899.0,387.0,999.0,804.0,568.0,419.0,462.0,909.0,343.0,420.0,520.0,841.0,435.0,376.0,387.0,895.0,510.0,432.0,1018.0,562.0,322.0,319.0,447.0,610.0,455.0,445.0,790.0,1020.0,382.0,978.0,396.0,616.0,383.0,432.0,423.0,508.0,456.0,1135.0,347.0,300.0,445.0,1099.0,393.0,439.0,632.0,359.0,578.0,432.0,0000000000000000098e,92.9729142445307,C0811R02
454.0,1364.0,1245.0,398.0,509.0,609.0,605.0,505.0,439.0,1567.0,874.0,604.0,477.0,1277.0,444.0,1428.0,1199.0,789.0,540.0,575.0,1481.0,363.0,511.0,773.0,1152.0,500.0,448.0,482.0,1368.0,689.0,501.0,1605.0,821.0,385.0,384.0,499.0,954.0,523.0,533.0,1267.0,1398.0,454.0,1481.0,521.0,863.0,423.0,478.0,446.0,824.0,684.0,1653.0,423.0,306.0,596.0,1629.0,523.0,510.0,886.0,437.0,923.0,604.0,0000000000000000098f,58.5896650193586,C0811R03
492.0,1420.0,1278.0,420.0,564.0,625.0,605.0,573.0,503.0,1634.0,803.0,609.0,487.0,1348.0,500.0,1497.0,1277.0,804.0,543.0,617.0,1464.0,428.0,546.0,778.0,1242.0,550.0,474.0,504.0,1402.0,656.0,546.0,1654.0,831.0,421.0,438.0,545.0,889.0,545.0,579.0,1313.0,1454.0,497.0,1535.0,523.0,841.0,483.0,537.0,511.0,784.0,691.0,1771.0,472.0,385.0,575.0,1689.0,550.0,546.0,892.0,474.0,860.0,565.0,00000000000000000990,19.1996201536057,C0811R04
404.0,1204.0,1074.0,360.0,481.0,573.0,572.0,473.0,412.0,1371.0,755.0,538.0,443.0,1106.0,399.0,1250.0,1040.0,660.0,482.0,515.0,1280.0,336.0,470.0,651.0,1000.0,444.0,429.0,447.0,1192.0,645.0,444.0,1408.0,698.0,344.0,335.0,465.0,838.0,489.0,474.0,1103.0,1238.0,399.0,1283.0,472.0,753.0,402.0,459.0,421.0,685.0,557.0,1412.0,363.0,272.0,540.0,1432.0,465.0,443.0,752.0,391.0,818.0,561.0,00000000000000000991,6.73649952772644,C0811R05
363.0,967.0,811.0,302.0,432.0,521.0,517.0,473.0,396.0,1083.0,504.0,438.0,380.0,902.0,376.0,1002.0,807.0,562.0,411.0,452.0,914.0,332.0,409.0,515.0,838.0,424.0,364.0,377.0,898.0,503.0,423.0,1026.0,558.0,309.0,309.0,442.0,608.0,450.0,433.0,793.0,1024.0,374.0,983.0,385.0,612.0,368.0,422.0,415.0,504.0,447.0,1148.0,337.0,287.0,442.0,1107.0,385.0,430.0,627.0,346.0,576.0,426.0,00000000000000000992,15.7931378510829,C0811R07
463.0,1356.0,1208.0,395.0,521.0,580.0,566.0,526.0,467.0,1558.0,760.0,571.0,455.0,1274.0,464.0,1425.0,1204.0,761.0,509.0,575.0,1404.0,400.0,505.0,737.0,1172.0,514.0,439.0,471.0,1338.0,613.0,511.0,1583.0,786.0,391.0,410.0,505.0,838.0,505.0,533.0,1242.0,1388.0,465.0,1468.0,491.0,789.0,443.0,498.0,474.0,741.0,658.0,1688.0,441.0,354.0,535.0,1614.0,517.0,511.0,844.0,440.0,813.0,527.0,00000000000000000993,4.93165587245249,C0811R09
390.0,1030.0,865.0,319.0,462.0,560.0,552.0,505.0,421.0,1153.0,540.0,470.0,410.0,965.0,401.0,1065.0,864.0,604.0,436.0,486.0,972.0,353.0,437.0,555.0,891.0,454.0,387.0,403.0,955.0,541.0,458.0,1092.0,603.0,328.0,330.0,476.0,654.0,485.0,466.0,848.0,1090.0,402.0,1042.0,408.0,655.0,388.0,453.0,445.0,540.0,476.0,1227.0,362.0,303.0,476.0,1178.0,414.0,466.0,676.0,369.0,616.0,458.0,00000000000000000994,39.7143403026448,C0811R10
526.0,1513.0,1386.0,455.0,566.0,664.0,658.0,562.0,501.0,1733.0,958.0,658.0,521.0,1426.0,510.0,1585.0,1360.0,886.0,611.0,636.0,1634.0,433.0,567.0,867.0,1307.0,570.0,501.0,532.0,1521.0,735.0,567.0,1767.0,914.0,445.0,458.0,549.0,1027.0,568.0,595.0,1418.0,1548.0,522.0,1644.0,596.0,949.0,482.0,536.0,505.0,919.0,792.0,1853.0,494.0,378.0,621.0,1785.0,587.0,577.0,972.0,501.0,1000.0,625.0,00000000000000000995,21.864673786825,C0812C01
441.0,1172.0,1037.0,349.0,512.0,629.0,617.0,512.0,408.0,1284.0,777.0,548.0,539.0,1078.0,440.0,1182.0,1017.0,687.0,549.0,534.0,1214.0,349.0,512.0,667.0,966.0,473.0,471.0,454.0,1172.0,685.0,533.0,1294.0,729.0,384.0,386.0,512.0,845.0,535.0,492.0,1061.0,1207.0,439.0,1168.0,549.0,786.0,445.0,477.0,473.0,769.0,553.0,1345.0,397.0,317.0,575.0,1324.0,516.0,511.0,760.0,418.0,845.0,610.0,00000000000000000996,37.1295775885101,C0812C02
524.0,1519.0,1391.0,453.0,574.0,662.0,652.0,575.0,510.0,1742.0,943.0,660.0,522.0,1437.0,511.0,1592.0,1368.0,885.0,601.0,644.0,1629.0,436.0,573.0,867.0,1315.0,572.0,503.0,536.0,1522.0,726.0,574.0,1780.0,922.0,442.0,461.0,555.0,1019.0,569.0,596.0,1429.0,1551.0,528.0,1651.0,580.0,934.0,486.0,547.0,512.0,903.0,790.0,1877.0,498.0,377.0,624.0,1800.0,587.0,583.0,979.0,500.0,991.0,628.0,00000000000000000997,83.3945060389059,C0812C03
637.0,1653.0,1518.0,559.0,742.0,820.0,800.0,760.0,657.0,1868.0,948.0,755.0,639.0,1599.0,659.0,1729.0,1511.0,958.0,710.0,769.0,1668.0,576.0,713.0,932.0,1500.0,704.0,639.0,648.0,1610.0,830.0,678.0,1884.0,975.0,560.0,560.0,713.0,1053.0,720.0,732.0,1538.0,1699.0,627.0,1767.0,689.0,1031.0,649.0,702.0,669.0,929.0,837.0,2016.0,602.0,530.0,732.0,1932.0,687.0,672.0,1053.0,622.0,1017.0,722.0,00000000000000000998,55.5178193541937,C0812C04
533.0,1520.0,1391.0,454.0,581.0,668.0,659.0,582.0,511.0,1744.0,942.0,669.0,528.0,1437.0,510.0,1593.0,1367.0,884.0,608.0,653.0,1628.0,437.0,579.0,866.0,1315.0,581.0,509.0,536.0,1522.0,733.0,572.0,1783.0,920.0,441.0,461.0,563.0,1018.0,578.0,596.0,1426.0,1552.0,528.0,1656.0,587.0,936.0,492.0,547.0,512.0,900.0,789.0,1875.0,498.0,378.0,630.0,1803.0,595.0,581.0,978.0,500.0,989.0,635.0,00000000000000000999,28.2016661567468,C0812C05
538.0,1553.0,1422.0,453.0,596.0,679.0,661.0,602.0,517.0,1778.0,955.0,682.0,534.0,1477.0,527.0,1632.0,1402.0,907.0,609.0,669.0,1659.0,439.0,595.0,887.0,1349.0,594.0,513.0,546.0,1553.0,742.0,591.0,1814.0,942.0,448.0,470.0,576.0,1038.0,588.0,616.0,1458.0,1589.0,542.0,1673.0,586.0,955.0,499.0,562.0,528.0,924.0,800.0,1941.0,510.0,382.0,648.0,1840.0,607.0,602.0,1009.0,511.0,1012.0,648.0,0000000000000000099a,57.9962968868683,C0812C06
410.0,1281.0,1165.0,365.0,453.0,555.0,555.0,447.0,397.0,1465.0,833.0,548.0,434.0,1197.0,399.0,1340.0,1126.0,733.0,505.0,517.0,1406.0,327.0,461.0,718.0,1079.0,453.0,405.0,441.0,1290.0,638.0,461.0,1499.0,760.0,350.0,353.0,445.0,902.0,475.0,481.0,1190.0,1315.0,416.0,1384.0,487.0,819.0,375.0,432.0,403.0,794.0,641.0,1550.0,384.0,276.0,544.0,1521.0,477.0,470.0,818.0,396.0,873.0,553.0,0000000000000000099b,71.4300616442951,C0812F02
410.0,1281.0,1165.0,365.0,453.0,555.0,555.0,447.0,397.0,1465.0,833.0,548.0,434.0,1197.0,399.0,1340.0,1126.0,733.0,505.0,517.0,1406.0,327.0,461.0,718.0,1079.0,453.0,405.0,441.0,1290.0,638.0,461.0,1499.0,760.0,350.0,353.0,445.0,902.0,475.0,481.0,1190.0,1315.0,416.0,1384.0,487.0,819.0,375.0,432.0,403.0,794.0,641.0,1550.0,384.0,276.0,544.0,1521.0,477.0,470.0,818.0,396.0,873.0,553.0,0000000000000000099c,114.298897261055,C0812F03
462.0,1396.0,1274.0,407.0,504.0,607.0,607.0,497.0,442.0,1587.0,911.0,606.0,478.0,1310.0,445.0,1459.0,1239.0,812.0,566.0,571.0,1526.0,371.0,515.0,793.0,1189.0,507.0,452.0,480.0,1408.0,692.0,510.0,1622.0,836.0,395.0,400.0,492.0,979.0,519.0,530.0,1301.0,1431.0,465.0,1502.0,547.0,896.0,419.0,472.0,444.0,880.0,720.0,1678.0,430.0,320.0,591.0,1642.0,531.0,522.0,894.0,443.0,951.0,597.0,0000000000000000099d,65.9195877338036,C0812R01
488.0,1437.0,1324.0,428.0,560.0,661.0,652.0,553.0,477.0,1654.0,929.0,654.0,518.0,1356.0,482.0,1505.0,1273.0,839.0,577.0,622.0,1557.0,394.0,557.0,819.0,1223.0,539.0,491.0,519.0,1442.0,743.0,539.0,1696.0,874.0,415.0,413.0,545.0,1018.0,570.0,576.0,1346.0,1472.0,491.0,1561.0,560.0,919.0,461.0,519.0,480.0,869.0,722.0,1741.0,455.0,330.0,649.0,1719.0,562.0,550.0,944.0,473.0,984.0,660.0,0000000000000000099e,73.7431756129866,C0812R03
500.0,1455.0,1318.0,429.0,581.0,665.0,642.0,598.0,516.0,1650.0,835.0,620.0,502.0,1398.0,511.0,1536.0,1304.0,827.0,565.0,628.0,1495.0,438.0,560.0,799.0,1290.0,565.0,483.0,518.0,1423.0,690.0,560.0,1671.0,849.0,425.0,440.0,573.0,933.0,573.0,593.0,1347.0,1491.0,508.0,1554.0,542.0,890.0,493.0,551.0,523.0,815.0,708.0,1800.0,482.0,380.0,605.0,1713.0,552.0,560.0,918.0,483.0,896.0,586.0,0000000000000000099f,72.044844951733,C0812R04
664.0,1723.0,1584.0,582.0,778.0,913.0,896.0,811.0,687.0,1915.0,1034.0,783.0,684.0,1684.0,687.0,1809.0,1570.0,1020.0,792.0,799.0,1730.0,609.0,744.0,987.0,1588.0,736.0,667.0,677.0,1673.0,912.0,696.0,1924.0,1033.0,589.0,573.0,771.0,1152.0,781.0,768.0,1598.0,1774.0,649.0,1822.0,764.0,1132.0,686.0,730.0,696.0,1017.0,891.0,2052.0,620.0,561.0,791.0,1985.0,707.0,696.0,1118.0,654.0,1115.0,766.0,000000000000000009a0,17.0291898466781,C0812R05
554.0,1567.0,1437.0,479.0,621.0,693.0,691.0,621.0,543.0,1793.0,952.0,691.0,544.0,1483.0,541.0,1641.0,1410.0,916.0,631.0,681.0,1660.0,462.0,612.0,897.0,1363.0,609.0,534.0,562.0,1559.0,754.0,591.0,1840.0,953.0,465.0,481.0,594.0,1037.0,604.0,635.0,1465.0,1596.0,554.0,1714.0,610.0,961.0,524.0,580.0,544.0,906.0,813.0,1920.0,518.0,407.0,655.0,1859.0,610.0,600.0,1019.0,531.0,1000.0,655.0,000000000000000009a1,70.7590854185204,C0812R06
524.0,1509.0,1367.0,441.0,606.0,677.0,655.0,618.0,532.0,1717.0,878.0,648.0,521.0,1446.0,532.0,1594.0,1362.0,863.0,581.0,656.0,1562.0,450.0,579.0,833.0,1337.0,585.0,496.0,540.0,1485.0,711.0,585.0,1744.0,897.0,435.0,462.0,592.0,975.0,592.0,614.0,1403.0,1546.0,530.0,1611.0,555.0,920.0,506.0,569.0,534.0,857.0,736.0,1877.0,501.0,393.0,625.0,1778.0,580.0,585.0,960.0,502.0,941.0,612.0,000000000000000009a2,59.7067303977671,C0812R07
418.0,1157.0,1010.0,336.0,482.0,585.0,569.0,487.0,404.0,1288.0,716.0,515.0,478.0,1064.0,417.0,1184.0,1000.0,655.0,495.0,512.0,1194.0,345.0,482.0,635.0,959.0,456.0,434.0,430.0,1142.0,622.0,484.0,1302.0,693.0,359.0,354.0,481.0,795.0,501.0,475.0,1038.0,1182.0,406.0,1181.0,488.0,700.0,412.0,460.0,444.0,712.0,529.0,1359.0,375.0,301.0,534.0,1342.0,476.0,474.0,730.0,397.0,784.0,554.0,000000000000000009a3,17.100794878054,C0812R08
496.0,1456.0,1340.0,435.0,567.0,667.0,660.0,561.0,483.0,1673.0,940.0,662.0,525.0,1373.0,489.0,1524.0,1290.0,850.0,586.0,631.0,1577.0,399.0,566.0,831.0,1239.0,547.0,498.0,526.0,1461.0,750.0,549.0,1716.0,885.0,422.0,422.0,551.0,1028.0,576.0,585.0,1363.0,1491.0,499.0,1580.0,568.0,930.0,469.0,525.0,488.0,882.0,734.0,1762.0,464.0,336.0,656.0,1739.0,571.0,560.0,955.0,480.0,995.0,666.0,000000000000000009a4,32.6009511869415,C0812R09
474.0,1406.0,1274.0,413.0,510.0,613.0,613.0,507.0,449.0,1609.0,897.0,611.0,485.0,1309.0,459.0,1471.0,1240.0,821.0,564.0,582.0,1527.0,379.0,517.0,808.0,1193.0,519.0,452.0,491.0,1410.0,694.0,515.0,1639.0,846.0,401.0,405.0,507.0,968.0,528.0,543.0,1300.0,1442.0,469.0,1522.0,546.0,887.0,431.0,484.0,457.0,861.0,727.0,1707.0,441.0,328.0,597.0,1663.0,538.0,525.0,910.0,450.0,940.0,598.0,000000000000000009a5,128.719255203661,C0812R10
533.0,1517.0,1391.0,458.0,577.0,666.0,659.0,574.0,507.0,1736.0,958.0,667.0,531.0,1432.0,510.0,1588.0,1363.0,884.0,611.0,647.0,1636.0,437.0,577.0,866.0,1310.0,578.0,511.0,537.0,1525.0,736.0,571.0,1771.0,915.0,444.0,462.0,560.0,1028.0,579.0,594.0,1423.0,1553.0,526.0,1649.0,594.0,949.0,492.0,543.0,509.0,915.0,791.0,1853.0,498.0,379.0,631.0,1789.0,596.0,581.0,972.0,500.0,1001.0,638.0,000000000000000009a6,60.5089691437046,C0812R11
530.0,1523.0,1405.0,462.0,560.0,666.0,665.0,560.0,488.0,1722.0,1009.0,676.0,531.0,1441.0,503.0,1587.0,1369.0,908.0,638.0,639.0,1652.0,425.0,580.0,872.0,1325.0,567.0,504.0,525.0,1524.0,742.0,553.0,1759.0,917.0,447.0,451.0,550.0,1080.0,569.0,590.0,1431.0,1549.0,517.0,1638.0,619.0,1000.0,474.0,515.0,489.0,1009.0,818.0,1836.0,479.0,371.0,646.0,1777.0,585.0,583.0,981.0,504.0,1053.0,646.0,000000000000000009a7,58.1635533168721,C0812R12
566.0,1466.0,1302.0,484.0,655.0,731.0,713.0,675.0,577.0,1625.0,796.0,662.0,573.0,1373.0,586.0,1501.0,1309.0,851.0,626.0,679.0,1423.0,511.0,630.0,825.0,1288.0,623.0,569.0,569.0,1398.0,730.0,621.0,1632.0,866.0,501.0,499.0,629.0,898.0,638.0,639.0,1309.0,1508.0,558.0,1512.0,607.0,862.0,577.0,621.0,604.0,787.0,727.0,1756.0,524.0,466.0,647.0,1686.0,613.0,613.0,926.0,544.0,871.0,637.0,000000000000000009a8,42.5642231468436,C0812R13
448.0,1037.0,876.0,332.0,549.0,632.0,635.0,563.0,467.0,1100.0,618.0,542.0,446.0,997.0,454.0,1054.0,885.0,659.0,484.0,543.0,958.0,387.0,494.0,598.0,934.0,521.0,445.0,441.0,947.0,652.0,532.0,1066.0,659.0,369.0,360.0,549.0,762.0,571.0,518.0,875.0,1077.0,455.0,973.0,461.0,728.0,443.0,510.0,473.0,607.0,496.0,1184.0,392.0,337.0,527.0,1147.0,459.0,541.0,749.0,422.0,718.0,538.0,000000000000000009a9,12.7759418660996,C0813F01
441.0,1262.0,1146.0,399.0,515.0,697.0,709.0,492.0,413.0,1407.0,1020.0,598.0,551.0,1145.0,391.0,1300.0,1050.0,698.0,611.0,532.0,1415.0,338.0,519.0,705.0,1018.0,459.0,519.0,486.0,1304.0,815.0,502.0,1436.0,760.0,381.0,375.0,487.0,1077.0,551.0,465.0,1155.0,1300.0,442.0,1339.0,614.0,963.0,452.0,475.0,429.0,923.0,613.0,1430.0,398.0,286.0,618.0,1452.0,515.0,498.0,807.0,423.0,1066.0,682.0,000000000000000009aa,5.0486538504782,C0813F02
453.0,1400.0,1279.0,423.0,528.0,747.0,749.0,486.0,383.0,1533.0,1224.0,650.0,596.0,1324.0,433.0,1445.0,1150.0,803.0,707.0,569.0,1617.0,320.0,571.0,791.0,1163.0,478.0,545.0,487.0,1436.0,939.0,504.0,1589.0,816.0,397.0,395.0,540.0,1306.0,624.0,497.0,1279.0,1399.0,463.0,1477.0,710.0,1184.0,433.0,460.0,408.0,1182.0,717.0,1633.0,403.0,281.0,762.0,1610.0,557.0,573.0,917.0,461.0,1264.0,799.0,000000000000000009ab,9.57270757731622,C0813F03
453.0,1400.0,1279.0,423.0,528.0,747.0,749.0,486.0,383.0,1533.0,1224.0,650.0,596.0,1324.0,433.0,1445.0,1150.0,803.0,707.0,569.0,1617.0,320.0,571.0,791.0,1163.0,478.0,545.0,487.0,1436.0,939.0,504.0,1589.0,816.0,397.0,395.0,540.0,1306.0,624.0,497.0,1279.0,1399.0,463.0,1477.0,710.0,1184.0,433.0,460.0,408.0,1182.0,717.0,1633.0,403.0,281.0,762.0,1610.0,557.0,573.0,917.0,461.0,1264.0,799.0,000000000000000009ac,15.8830787828385,C0813F05
405.0,1011.0,854.0,336.0,485.0,559.0,562.0,523.0,444.0,1115.0,541.0,485.0,399.0,952.0,419.0,1046.0,852.0,605.0,441.0,495.0,952.0,375.0,451.0,555.0,895.0,470.0,406.0,417.0,935.0,547.0,466.0,1065.0,600.0,347.0,344.0,481.0,656.0,490.0,476.0,839.0,1066.0,416.0,1016.0,417.0,654.0,413.0,468.0,454.0,538.0,484.0,1183.0,374.0,324.0,471.0,1149.0,419.0,474.0,676.0,391.0,618.0,463.0,000000000000000009ad,28.3604756457156,C0813F06
489.0,1246.0,1121.0,401.0,562.0,715.0,708.0,551.0,445.0,1368.0,921.0,608.0,574.0,1156.0,459.0,1274.0,1081.0,726.0,630.0,567.0,1365.0,381.0,569.0,726.0,1046.0,506.0,548.0,490.0,1256.0,783.0,538.0,1399.0,789.0,431.0,398.0,551.0,981.0,585.0,524.0,1185.0,1268.0,461.0,1285.0,638.0,841.0,498.0,490.0,456.0,869.0,629.0,1399.0,428.0,347.0,626.0,1415.0,547.0,512.0,815.0,474.0,978.0,682.0,000000000000000009ae,3.01631869229489,C0813R01
450.0,1223.0,1084.0,374.0,522.0,626.0,611.0,528.0,452.0,1360.0,743.0,567.0,468.0,1153.0,442.0,1276.0,1081.0,710.0,522.0,559.0,1272.0,383.0,509.0,686.0,1063.0,502.0,448.0,465.0,1186.0,653.0,492.0,1419.0,740.0,377.0,369.0,522.0,843.0,533.0,514.0,1135.0,1236.0,433.0,1301.0,513.0,711.0,438.0,483.0,453.0,736.0,592.0,1451.0,405.0,320.0,566.0,1462.0,495.0,478.0,794.0,430.0,824.0,571.0,000000000000000009af,11.3919370105917,C0813R02
609.0,1602.0,1466.0,529.0,714.0,783.0,761.0,731.0,625.0,1821.0,911.0,725.0,606.0,1544.0,630.0,1677.0,1458.0,920.0,675.0,738.0,1621.0,546.0,687.0,895.0,1447.0,674.0,611.0,618.0,1563.0,795.0,650.0,1837.0,939.0,534.0,534.0,678.0,1010.0,684.0,702.0,1487.0,1646.0,600.0,1721.0,657.0,989.0,623.0,669.0,637.0,890.0,803.0,1966.0,575.0,503.0,697.0,1881.0,659.0,643.0,1013.0,595.0,977.0,687.0,000000000000000009b0,20.1435920416396,C0813R03
477.0,1238.0,1115.0,399.0,554.0,700.0,691.0,539.0,441.0,1369.0,910.0,600.0,560.0,1155.0,453.0,1269.0,1077.0,717.0,614.0,561.0,1358.0,378.0,561.0,714.0,1048.0,500.0,538.0,487.0,1249.0,777.0,531.0,1400.0,773.0,423.0,390.0,539.0,970.0,570.0,518.0,1181.0,1260.0,455.0,1283.0,626.0,831.0,488.0,487.0,454.0,840.0,618.0,1400.0,421.0,336.0,620.0,1419.0,538.0,509.0,806.0,466.0,970.0,672.0,000000000000000009b1,4.35489850478437,C0813R04
454.0,1214.0,1069.0,372.0,520.0,630.0,611.0,529.0,453.0,1335.0,728.0,566.0,465.0,1145.0,441.0,1266.0,1069.0,709.0,529.0,559.0,1257.0,388.0,510.0,683.0,1059.0,506.0,447.0,463.0,1173.0,651.0,495.0,1404.0,736.0,377.0,371.0,523.0,831.0,533.0,513.0,1121.0,1218.0,433.0,1288.0,519.0,691.0,439.0,481.0,453.0,727.0,589.0,1432.0,407.0,323.0,562.0,1448.0,497.0,478.0,789.0,431.0,812.0,563.0,000000000000000009b2,7.37548101565524,C0813R05
613.0,1690.0,1654.0,553.0,554.0,945.0,906.0,490.0,431.0,1895.0,1613.0,768.0,670.0,1663.0,449.0,1716.0,1490.0,1022.0,968.0,605.0,1984.0,431.0,672.0,1009.0,1568.0,568.0,725.0,553.0,1769.0,1104.0,483.0,1864.0,942.0,536.0,524.0,592.0,1586.0,717.0,481.0,1611.0,1734.0,556.0,1850.0,953.0,1560.0,465.0,480.0,463.0,1661.0,1072.0,2063.0,442.0,457.0,827.0,1882.0,670.0,687.0,1185.0,593.0,1613.0,851.0,000000000000000009b3,1.83411219181016,C0813R06
401.0,927.0,777.0,325.0,489.0,544.0,545.0,505.0,437.0,996.0,524.0,476.0,373.0,880.0,414.0,950.0,787.0,575.0,416.0,476.0,862.0,373.0,439.0,530.0,834.0,462.0,401.0,412.0,848.0,552.0,462.0,965.0,574.0,342.0,331.0,474.0,640.0,484.0,462.0,779.0,967.0,408.0,896.0,407.0,622.0,407.0,467.0,436.0,524.0,455.0,1064.0,362.0,320.0,449.0,1035.0,400.0,469.0,642.0,391.0,598.0,457.0,000000000000000009b4,19.9620927207709,C0813R07
467.0,1247.0,1098.0,382.0,535.0,642.0,623.0,543.0,462.0,1374.0,749.0,578.0,490.0,1172.0,459.0,1291.0,1096.0,727.0,544.0,569.0,1284.0,399.0,527.0,701.0,1079.0,517.0,464.0,475.0,1210.0,666.0,512.0,1429.0,757.0,393.0,385.0,537.0,848.0,548.0,528.0,1143.0,1254.0,445.0,1311.0,535.0,720.0,453.0,500.0,473.0,748.0,602.0,1470.0,417.0,338.0,579.0,1474.0,514.0,497.0,805.0,444.0,832.0,583.0,000000000000000009b5,1.19700140513672,C0813R08
472.0,1289.0,1139.0,394.0,537.0,625.0,613.0,548.0,471.0,1451.0,739.0,578.0,473.0,1213.0,469.0,1344.0,1146.0,743.0,526.0,579.0,1321.0,404.0,520.0,717.0,1121.0,521.0,459.0,479.0,1248.0,643.0,511.0,1500.0,766.0,398.0,397.0,534.0,840.0,544.0,534.0,1183.0,1311.0,452.0,1380.0,516.0,748.0,459.0,508.0,477.0,730.0,630.0,1556.0,428.0,349.0,570.0,1538.0,515.0,496.0,825.0,448.0,820.0,561.0,000000000000000009b7,27.7376245501678,C0813R10
478.0,1249.0,1112.0,394.0,556.0,707.0,706.0,536.0,429.0,1373.0,939.0,605.0,566.0,1154.0,446.0,1278.0,1069.0,711.0,620.0,562.0,1379.0,369.0,559.0,710.0,1040.0,499.0,546.0,483.0,1267.0,793.0,529.0,1408.0,776.0,422.0,388.0,534.0,1001.0,570.0,512.0,1181.0,1270.0,453.0,1288.0,638.0,861.0,491.0,483.0,449.0,873.0,618.0,1407.0,412.0,335.0,624.0,1427.0,541.0,501.0,807.0,466.0,1000.0,680.0,000000000000000009b8,1.8558224543443,C0813R11
471.0,1251.0,1100.0,381.0,540.0,645.0,629.0,551.0,462.0,1371.0,746.0,578.0,501.0,1173.0,466.0,1290.0,1096.0,730.0,547.0,574.0,1272.0,400.0,531.0,700.0,1074.0,523.0,468.0,476.0,1212.0,669.0,522.0,1419.0,760.0,396.0,392.0,542.0,847.0,553.0,532.0,1133.0,1260.0,450.0,1300.0,534.0,734.0,459.0,508.0,485.0,745.0,598.0,1473.0,419.0,345.0,584.0,1466.0,521.0,509.0,808.0,442.0,830.0,587.0,000000000000000009b9,0.550438817306538,C0813R12
469.0,1257.0,1131.0,401.0,546.0,709.0,715.0,525.0,421.0,1388.0,966.0,607.0,568.0,1151.0,431.0,1288.0,1065.0,707.0,623.0,552.0,1396.0,357.0,552.0,709.0,1034.0,486.0,546.0,486.0,1286.0,805.0,517.0,1416.0,769.0,412.0,383.0,523.0,1025.0,572.0,498.0,1171.0,1286.0,447.0,1310.0,634.0,902.0,485.0,482.0,443.0,894.0,618.0,1410.0,404.0,322.0,627.0,1434.0,535.0,496.0,806.0,455.0,1020.0,686.0,000000000000000009ba,37.713336002182,C0814C01
518.0,1518.0,1423.0,470.0,546.0,666.0,668.0,527.0,465.0,1718.0,1060.0,668.0,539.0,1450.0,489.0,1579.0,1349.0,898.0,659.0,610.0,1701.0,409.0,578.0,868.0,1315.0,544.0,519.0,535.0,1553.0,771.0,539.0,1756.0,908.0,450.0,454.0,536.0,1122.0,568.0,575.0,1432.0,1525.0,513.0,1654.0,641.0,1038.0,460.0,503.0,483.0,1063.0,825.0,1857.0,471.0,371.0,659.0,1766.0,584.0,591.0,978.0,509.0,1089.0,659.0,000000000000000009bb,16.8672384315104,C0814C02
635.0,1644.0,1509.0,550.0,742.0,817.0,796.0,761.0,647.0,1866.0,940.0,754.0,631.0,1589.0,658.0,1720.0,1502.0,950.0,706.0,768.0,1660.0,567.0,714.0,925.0,1491.0,703.0,639.0,639.0,1602.0,827.0,670.0,1881.0,968.0,559.0,553.0,704.0,1043.0,711.0,732.0,1530.0,1690.0,619.0,1764.0,686.0,1022.0,649.0,691.0,659.0,920.0,830.0,2013.0,594.0,529.0,723.0,1929.0,686.0,664.0,1045.0,621.0,1008.0,714.0,000000000000000009bc,24.1948872620992,C0814C03
458.0,1243.0,1120.0,396.0,532.0,698.0,705.0,511.0,415.0,1377.0,954.0,597.0,556.0,1134.0,420.0,1275.0,1049.0,696.0,613.0,541.0,1380.0,349.0,539.0,698.0,1019.0,475.0,533.0,479.0,1272.0,794.0,511.0,1403.0,755.0,402.0,380.0,509.0,1012.0,560.0,487.0,1151.0,1273.0,444.0,1301.0,621.0,896.0,472.0,476.0,437.0,879.0,608.0,1395.0,401.0,313.0,615.0,1420.0,524.0,493.0,794.0,443.0,1005.0,672.0,000000000000000009bd,43.4758368157106,C0814C04
463.0,1254.0,1128.0,403.0,539.0,706.0,713.0,518.0,420.0,1387.0,968.0,603.0,563.0,1143.0,426.0,1285.0,1057.0,700.0,620.0,546.0,1393.0,355.0,546.0,702.0,1026.0,480.0,541.0,486.0,1285.0,802.0,512.0,1413.0,760.0,409.0,381.0,515.0,1025.0,566.0,493.0,1160.0,1284.0,445.0,1312.0,629.0,907.0,479.0,482.0,442.0,893.0,612.0,1406.0,402.0,319.0,621.0,1431.0,530.0,494.0,798.0,450.0,1019.0,680.0,000000000000000009be,37.0863163150204,C0814C05
462.0,1224.0,1096.0,384.0,535.0,686.0,687.0,515.0,416.0,1352.0,917.0,591.0,550.0,1128.0,427.0,1255.0,1046.0,695.0,601.0,546.0,1353.0,354.0,540.0,694.0,1017.0,483.0,526.0,471.0,1243.0,773.0,512.0,1383.0,754.0,404.0,376.0,516.0,978.0,555.0,493.0,1150.0,1249.0,440.0,1270.0,613.0,848.0,471.0,471.0,435.0,848.0,602.0,1380.0,400.0,318.0,609.0,1402.0,525.0,489.0,790.0,446.0,975.0,664.0,000000000000000009bf,58.4081494328174,C0814C06
736.0,1779.0,1612.0,635.0,842.0,981.0,975.0,892.0,763.0,1943.0,1037.0,842.0,727.0,1736.0,750.0,1857.0,1605.0,1076.0,841.0,863.0,1740.0,680.0,805.0,1027.0,1652.0,816.0,736.0,736.0,1692.0,949.0,763.0,1925.0,1081.0,649.0,619.0,827.0,1166.0,842.0,832.0,1608.0,1825.0,713.0,1862.0,802.0,1166.0,750.0,794.0,767.0,1025.0,937.0,2057.0,671.0,622.0,835.0,2023.0,758.0,770.0,1175.0,711.0,1123.0,807.0,000000000000000009c0,27.1575101366773,C0814C07
426.0,1094.0,983.0,333.0,497.0,615.0,609.0,515.0,412.0,1198.0,694.0,539.0,467.0,1071.0,422.0,1145.0,973.0,669.0,509.0,534.0,1126.0,354.0,490.0,632.0,968.0,480.0,432.0,429.0,1062.0,642.0,498.0,1231.0,693.0,353.0,346.0,516.0,801.0,529.0,489.0,1021.0,1114.0,421.0,1124.0,490.0,687.0,421.0,464.0,430.0,691.0,535.0,1281.0,385.0,295.0,562.0,1286.0,476.0,480.0,753.0,400.0,782.0,566.0,000000000000000009c1,50.499702780982,C0814F01
401.0,998.0,845.0,283.0,487.0,608.0,609.0,529.0,420.0,1078.0,591.0,504.0,428.0,959.0,409.0,1021.0,835.0,620.0,458.0,514.0,922.0,341.0,452.0,562.0,873.0,482.0,401.0,394.0,906.0,599.0,502.0,1020.0,620.0,323.0,325.0,516.0,731.0,530.0,474.0,831.0,1052.0,415.0,945.0,426.0,700.0,398.0,464.0,443.0,579.0,454.0,1156.0,359.0,284.0,507.0,1109.0,426.0,504.0,707.0,377.0,683.0,504.0,000000000000000009c2,31.6516990352953,C0814F02
365.0,993.0,868.0,282.0,429.0,530.0,520.0,436.0,348.0,1091.0,616.0,455.0,422.0,936.0,367.0,1014.0,862.0,584.0,440.0,452.0,997.0,302.0,421.0,558.0,836.0,405.0,376.0,371.0,967.0,567.0,443.0,1095.0,614.0,307.0,313.0,442.0,702.0,455.0,419.0,890.0,1016.0,367.0,987.0,432.0,624.0,363.0,412.0,376.0,610.0,456.0,1162.0,329.0,258.0,477.0,1139.0,418.0,432.0,656.0,342.0,687.0,493.0,000000000000000009c3,52.4762909316962,C0814F03
384.0,1024.0,899.0,295.0,440.0,550.0,540.0,454.0,352.0,1118.0,641.0,469.0,450.0,953.0,388.0,1037.0,888.0,604.0,477.0,468.0,1024.0,314.0,439.0,580.0,846.0,416.0,395.0,380.0,999.0,579.0,461.0,1118.0,636.0,329.0,338.0,457.0,712.0,473.0,431.0,909.0,1044.0,385.0,1018.0,464.0,671.0,385.0,418.0,410.0,638.0,483.0,1208.0,347.0,280.0,495.0,1155.0,442.0,452.0,666.0,361.0,702.0,509.0,000000000000000009c4,15.6040690401131,C0814F04
463.0,1076.0,915.0,334.0,563.0,653.0,656.0,587.0,481.0,1147.0,644.0,564.0,463.0,1041.0,470.0,1094.0,920.0,686.0,495.0,570.0,993.0,396.0,509.0,622.0,968.0,541.0,457.0,452.0,981.0,665.0,557.0,1106.0,686.0,378.0,371.0,570.0,798.0,589.0,538.0,911.0,1122.0,470.0,1011.0,468.0,760.0,454.0,528.0,487.0,632.0,511.0,1235.0,406.0,342.0,550.0,1193.0,478.0,563.0,780.0,435.0,749.0,558.0,000000000000000009c5,81.4014160793535,C0814P01
511.0,1511.0,1410.0,466.0,595.0,784.0,784.0,567.0,454.0,1672.0,1214.0,719.0,614.0,1456.0,494.0,1556.0,1297.0,890.0,740.0,641.0,1702.0,387.0,623.0,876.0,1293.0,550.0,581.0,546.0,1533.0,952.0,574.0,1729.0,903.0,441.0,451.0,587.0,1308.0,659.0,576.0,1410.0,1513.0,520.0,1602.0,728.0,1188.0,482.0,520.0,478.0,1151.0,789.0,1780.0,465.0,334.0,779.0,1752.0,614.0,628.0,1001.0,520.0,1256.0,809.0,000000000000000009c6,31.9028162813138,C0814P02
686.0,1668.0,1495.0,593.0,793.0,907.0,901.0,846.0,717.0,1826.0,944.0,792.0,671.0,1616.0,707.0,1737.0,1491.0,1006.0,766.0,809.0,1620.0,640.0,759.0,957.0,1536.0,766.0,690.0,693.0,1574.0,876.0,731.0,1801.0,1010.0,610.0,584.0,770.0,1073.0,783.0,785.0,1490.0,1716.0,680.0,1742.0,731.0,1073.0,704.0,751.0,728.0,937.0,868.0,1942.0,632.0,580.0,773.0,1901.0,709.0,734.0,1103.0,668.0,1034.0,749.0,000000000000000009c7,4.18350662230855,C0814R01
517.0,1487.0,1361.0,448.0,562.0,657.0,649.0,560.0,495.0,1709.0,931.0,653.0,519.0,1400.0,502.0,1558.0,1330.0,868.0,598.0,631.0,1603.0,425.0,562.0,850.0,1279.0,562.0,497.0,525.0,1495.0,726.0,555.0,1744.0,901.0,437.0,447.0,547.0,1002.0,564.0,586.0,1391.0,1523.0,510.0,1623.0,582.0,924.0,478.0,531.0,497.0,887.0,774.0,1816.0,483.0,370.0,619.0,1764.0,580.0,564.0,957.0,492.0,975.0,626.0,000000000000000009c8,18.944353114182,C0814R02
662.0,1671.0,1533.0,586.0,774.0,865.0,841.0,802.0,685.0,1866.0,950.0,773.0,662.0,1623.0,690.0,1737.0,1525.0,981.0,745.0,790.0,1660.0,609.0,746.0,951.0,1534.0,731.0,672.0,677.0,1608.0,859.0,706.0,1880.0,993.0,598.0,581.0,742.0,1061.0,752.0,763.0,1546.0,1715.0,656.0,1774.0,721.0,1041.0,686.0,730.0,703.0,937.0,858.0,2004.0,622.0,561.0,761.0,1940.0,703.0,702.0,1069.0,653.0,1032.0,746.0,000000000000000009c9,8.62482681705738,C0814R03
482.0,1417.0,1313.0,444.0,558.0,739.0,745.0,532.0,443.0,1575.0,1110.0,662.0,573.0,1337.0,456.0,1455.0,1210.0,814.0,676.0,596.0,1582.0,370.0,572.0,802.0,1187.0,513.0,551.0,524.0,1442.0,881.0,543.0,1619.0,850.0,418.0,414.0,534.0,1192.0,602.0,534.0,1318.0,1431.0,493.0,1506.0,675.0,1075.0,474.0,510.0,462.0,1033.0,717.0,1678.0,438.0,315.0,699.0,1641.0,572.0,572.0,923.0,480.0,1164.0,744.0,000000000000000009ca,12.5288111825544,C0814R04
637.0,1491.0,1320.0,541.0,752.0,872.0,883.0,797.0,670.0,1578.0,881.0,725.0,617.0,1448.0,658.0,1550.0,1312.0,927.0,734.0,733.0,1425.0,600.0,706.0,865.0,1391.0,717.0,655.0,633.0,1399.0,852.0,669.0,1562.0,918.0,572.0,529.0,731.0,1011.0,741.0,728.0,1300.0,1519.0,628.0,1532.0,707.0,1005.0,663.0,694.0,659.0,881.0,795.0,1652.0,576.0,553.0,713.0,1661.0,638.0,684.0,1005.0,632.0,958.0,696.0,000000000000000009cb,5.63859741396415,C0814R06
455.0,1166.0,1044.0,364.0,525.0,646.0,635.0,543.0,449.0,1278.0,723.0,564.0,480.0,1125.0,447.0,1222.0,1036.0,701.0,537.0,563.0,1203.0,383.0,516.0,674.0,1030.0,509.0,459.0,461.0,1125.0,661.0,506.0,1328.0,729.0,380.0,366.0,534.0,828.0,545.0,512.0,1086.0,1182.0,439.0,1224.0,527.0,701.0,449.0,483.0,457.0,723.0,580.0,1362.0,408.0,325.0,575.0,1382.0,496.0,489.0,790.0,425.0,809.0,576.0,000000000000000009cc,17.294870097118,C0814R07
431.0,1123.0,999.0,338.0,495.0,612.0,599.0,510.0,417.0,1234.0,694.0,534.0,470.0,1075.0,424.0,1169.0,990.0,667.0,509.0,533.0,1151.0,358.0,489.0,640.0,974.0,480.0,431.0,435.0,1088.0,633.0,493.0,1266.0,697.0,357.0,352.0,508.0,793.0,519.0,486.0,1032.0,1141.0,420.0,1161.0,496.0,688.0,421.0,465.0,441.0,693.0,543.0,1320.0,386.0,302.0,551.0,1319.0,478.0,477.0,752.0,399.0,777.0,556.0,000000000000000009cd,13.5246889188267,C0814R08
640.0,1635.0,1497.0,565.0,756.0,825.0,796.0,774.0,662.0,1842.0,919.0,751.0,647.0,1577.0,670.0,1692.0,1497.0,944.0,710.0,767.0,1623.0,586.0,728.0,919.0,1488.0,709.0,655.0,657.0,1575.0,825.0,688.0,1855.0,960.0,584.0,567.0,717.0,1021.0,726.0,743.0,1515.0,1678.0,638.0,1738.0,690.0,998.0,664.0,706.0,679.0,904.0,825.0,1982.0,605.0,543.0,735.0,1906.0,689.0,683.0,1031.0,634.0,997.0,726.0,000000000000000009ce,16.0333013277054,C0814R09
447.0,1175.0,1046.0,354.0,519.0,652.0,640.0,515.0,412.0,1281.0,817.0,564.0,543.0,1084.0,436.0,1192.0,1018.0,690.0,562.0,534.0,1243.0,349.0,523.0,676.0,970.0,476.0,489.0,456.0,1173.0,708.0,529.0,1301.0,743.0,387.0,382.0,514.0,890.0,539.0,486.0,1091.0,1204.0,433.0,1178.0,563.0,795.0,451.0,475.0,455.0,812.0,562.0,1349.0,398.0,312.0,587.0,1321.0,516.0,506.0,772.0,426.0,887.0,628.0,000000000000000009cf,10.0156271258251,C0814R10
500.0,1491.0,1389.0,457.0,578.0,760.0,760.0,551.0,449.0,1653.0,1172.0,700.0,596.0,1433.0,488.0,1536.0,1286.0,878.0,715.0,627.0,1674.0,382.0,604.0,860.0,1272.0,538.0,562.0,535.0,1511.0,917.0,559.0,1708.0,890.0,433.0,442.0,578.0,1263.0,642.0,572.0,1391.0,1498.0,510.0,1583.0,710.0,1149.0,470.0,512.0,466.0,1121.0,774.0,1772.0,456.0,329.0,757.0,1732.0,599.0,611.0,981.0,511.0,1220.0,786.0,000000000000000009d0,36.5089499740052,C0814R11
735.0,1777.0,1608.0,634.0,844.0,976.0,970.0,896.0,762.0,1939.0,1032.0,842.0,722.0,1733.0,750.0,1854.0,1601.0,1075.0,836.0,863.0,1736.0,679.0,807.0,1026.0,1649.0,815.0,738.0,736.0,1688.0,944.0,766.0,1920.0,1081.0,649.0,621.0,822.0,1162.0,836.0,832.0,1604.0,1823.0,717.0,1858.0,796.0,1161.0,752.0,794.0,767.0,1020.0,936.0,2053.0,673.0,622.0,829.0,2019.0,758.0,773.0,1175.0,711.0,1119.0,802.0,000000000000000009d1,11.5105998864488,C0814R13
454.0,1004.0,845.0,333.0,549.0,631.0,634.0,566.0,471.0,1055.0,609.0,545.0,432.0,969.0,455.0,1018.0,858.0,650.0,479.0,545.0,919.0,393.0,493.0,587.0,912.0,528.0,442.0,440.0,912.0,647.0,528.0,1019.0,644.0,370.0,357.0,548.0,750.0,564.0,525.0,845.0,1043.0,453.0,937.0,457.0,717.0,442.0,514.0,473.0,598.0,484.0,1136.0,389.0,339.0,518.0,1103.0,458.0,538.0,734.0,430.0,703.0,530.0,000000000000000009d2,23.261287024353,C0814R14
467.0,1257.0,1103.0,382.0,537.0,638.0,620.0,546.0,461.0,1384.0,751.0,574.0,498.0,1174.0,461.0,1295.0,1100.0,725.0,543.0,567.0,1287.0,399.0,531.0,699.0,1076.0,514.0,468.0,475.0,1221.0,664.0,519.0,1429.0,757.0,394.0,390.0,537.0,847.0,548.0,527.0,1140.0,1266.0,447.0,1310.0,533.0,731.0,456.0,505.0,481.0,749.0,598.0,1481.0,419.0,340.0,580.0,1474.0,516.0,504.0,802.0,441.0,832.0,586.0,000000000000000009d3,12.8485960407484,C0814R15
531.0,1522.0,1400.0,461.0,561.0,664.0,663.0,560.0,489.0,1723.0,1001.0,675.0,527.0,1436.0,502.0,1587.0,1367.0,907.0,633.0,640.0,1648.0,426.0,578.0,873.0,1321.0,568.0,504.0,525.0,1523.0,740.0,554.0,1758.0,918.0,445.0,451.0,548.0,1071.0,567.0,588.0,1427.0,1550.0,517.0,1637.0,615.0,992.0,475.0,517.0,490.0,997.0,816.0,1837.0,480.0,371.0,640.0,1777.0,587.0,581.0,981.0,501.0,1045.0,640.0,000000000000000009d4,38.5255397324845,C0814R16
439.0,1134.0,1014.0,345.0,504.0,624.0,612.0,521.0,426.0,1245.0,705.0,545.0,474.0,1093.0,431.0,1183.0,1004.0,678.0,519.0,544.0,1165.0,365.0,497.0,650.0,993.0,491.0,440.0,442.0,1097.0,644.0,500.0,1282.0,707.0,364.0,357.0,519.0,808.0,529.0,495.0,1049.0,1152.0,427.0,1177.0,505.0,695.0,430.0,471.0,445.0,704.0,553.0,1330.0,394.0,308.0,562.0,1336.0,484.0,483.0,764.0,408.0,790.0,565.0,000000000000000009d5,16.0630359077744,C0814R17
443.0,1158.0,1029.0,346.0,518.0,626.0,616.0,515.0,409.0,1271.0,757.0,543.0,526.0,1077.0,445.0,1167.0,1013.0,687.0,543.0,533.0,1179.0,354.0,511.0,667.0,968.0,477.0,468.0,446.0,1147.0,679.0,536.0,1275.0,729.0,388.0,390.0,519.0,830.0,538.0,499.0,1051.0,1194.0,446.0,1147.0,542.0,761.0,447.0,481.0,457.0,746.0,552.0,1322.0,402.0,326.0,565.0,1306.0,509.0,517.0,762.0,420.0,823.0,598.0,000000000000000009d6,8.20519859109531,C0814R18
490.0,1458.0,1351.0,440.0,526.0,634.0,632.0,515.0,457.0,1656.0,983.0,634.0,508.0,1384.0,466.0,1521.0,1300.0,854.0,612.0,590.0,1613.0,393.0,547.0,829.0,1257.0,526.0,487.0,507.0,1481.0,724.0,527.0,1693.0,869.0,422.0,431.0,515.0,1045.0,542.0,552.0,1370.0,1478.0,491.0,1582.0,593.0,965.0,441.0,488.0,465.0,971.0,774.0,1770.0,454.0,347.0,621.0,1706.0,554.0,559.0,933.0,475.0,1015.0,624.0,000000000000000009d7,68.2389106139058,C0814R19
650.0,1634.0,1493.0,572.0,752.0,851.0,831.0,787.0,668.0,1814.0,926.0,755.0,644.0,1589.0,674.0,1703.0,1484.0,963.0,733.0,771.0,1623.0,598.0,725.0,931.0,1501.0,715.0,653.0,660.0,1571.0,840.0,688.0,1831.0,972.0,585.0,566.0,727.0,1040.0,736.0,745.0,1502.0,1677.0,639.0,1731.0,705.0,1020.0,670.0,712.0,686.0,918.0,839.0,1949.0,607.0,549.0,745.0,1894.0,684.0,688.0,1045.0,638.0,1010.0,726.0,000000000000000009d8,15.8647945299673,C0814R20
455.0,1274.0,1171.0,405.0,536.0,706.0,718.0,517.0,424.0,1427.0,982.0,613.0,559.0,1174.0,423.0,1313.0,1083.0,710.0,614.0,551.0,1418.0,349.0,546.0,711.0,1049.0,475.0,535.0,494.0,1307.0,815.0,514.0,1452.0,767.0,404.0,381.0,509.0,1046.0,571.0,500.0,1181.0,1313.0,448.0,1351.0,615.0,939.0,471.0,491.0,445.0,893.0,616.0,1442.0,404.0,305.0,632.0,1470.0,529.0,504.0,813.0,448.0,1035.0,694.0,000000000000000009d9,17.8963820884585,C0814R21
532.0,1509.0,1381.0,461.0,595.0,674.0,670.0,595.0,518.0,1736.0,922.0,674.0,533.0,1421.0,521.0,1581.0,1349.0,879.0,611.0,655.0,1607.0,440.0,589.0,861.0,1303.0,583.0,521.0,540.0,1507.0,735.0,574.0,1776.0,915.0,453.0,461.0,575.0,1002.0,586.0,608.0,1406.0,1540.0,530.0,1657.0,594.0,931.0,504.0,554.0,518.0,888.0,779.0,1833.0,497.0,389.0,639.0,1799.0,594.0,579.0,976.0,512.0,968.0,643.0,000000000000000009da,36.4596937669889,C0814W02
553.0,1574.0,1465.0,482.0,576.0,694.0,688.0,571.0,504.0,1781.0,1061.0,698.0,550.0,1501.0,517.0,1645.0,1429.0,942.0,666.0,658.0,1714.0,443.0,597.0,909.0,1380.0,589.0,531.0,545.0,1589.0,772.0,580.0,1811.0,953.0,466.0,481.0,569.0,1129.0,590.0,609.0,1491.0,1598.0,552.0,1695.0,647.0,1050.0,491.0,531.0,507.0,1063.0,858.0,1911.0,506.0,391.0,663.0,1829.0,609.0,619.0,1016.0,522.0,1103.0,663.0,000000000000000009db,28.9340734501655,C0815C01
392.0,1172.0,1083.0,363.0,484.0,599.0,602.0,465.0,392.0,1329.0,825.0,550.0,463.0,1100.0,386.0,1216.0,1015.0,642.0,505.0,503.0,1286.0,317.0,478.0,638.0,977.0,429.0,451.0,448.0,1183.0,697.0,455.0,1366.0,689.0,350.0,332.0,451.0,902.0,497.0,465.0,1099.0,1206.0,400.0,1250.0,503.0,794.0,400.0,448.0,406.0,729.0,541.0,1349.0,360.0,257.0,560.0,1385.0,463.0,455.0,741.0,394.0,880.0,608.0,000000000000000009dc,203.920898079645,C0815C02
610.0,1729.0,1667.0,562.0,553.0,950.0,924.0,483.0,431.0,1936.0,1636.0,768.0,672.0,1676.0,452.0,1765.0,1499.0,1005.0,974.0,597.0,2057.0,431.0,674.0,1005.0,1579.0,563.0,735.0,562.0,1820.0,1138.0,489.0,1895.0,935.0,542.0,524.0,588.0,1609.0,722.0,487.0,1623.0,1792.0,559.0,1886.0,966.0,1582.0,457.0,492.0,466.0,1677.0,1066.0,2121.0,437.0,461.0,839.0,1913.0,666.0,698.0,1179.0,607.0,1636.0,868.0,000000000000000009dd,84.083872406568,C0815C03
526.0,1507.0,1384.0,457.0,575.0,669.0,661.0,574.0,508.0,1733.0,946.0,663.0,530.0,1424.0,510.0,1579.0,1353.0,883.0,609.0,642.0,1624.0,436.0,575.0,865.0,1301.0,571.0,509.0,536.0,1516.0,738.0,566.0,1770.0,918.0,444.0,456.0,559.0,1019.0,577.0,596.0,1415.0,1543.0,520.0,1648.0,592.0,939.0,490.0,544.0,509.0,902.0,789.0,1845.0,492.0,378.0,630.0,1789.0,589.0,575.0,974.0,501.0,991.0,638.0,000000000000000009de,81.4335928039419,C0815R01
530.0,1541.0,1419.0,456.0,573.0,670.0,659.0,568.0,504.0,1758.0,986.0,675.0,531.0,1467.0,511.0,1616.0,1396.0,909.0,617.0,649.0,1660.0,435.0,577.0,884.0,1346.0,579.0,502.0,536.0,1542.0,743.0,580.0,1797.0,937.0,445.0,467.0,563.0,1062.0,578.0,603.0,1456.0,1569.0,540.0,1660.0,598.0,974.0,479.0,541.0,508.0,964.0,812.0,1906.0,500.0,373.0,643.0,1816.0,596.0,600.0,1003.0,504.0,1033.0,638.0,000000000000000009df,103.893017300138,C0815R02
572.0,1535.0,1534.0,525.0,495.0,807.0,772.0,435.0,410.0,1745.0,1420.0,724.0,601.0,1554.0,412.0,1566.0,1377.0,940.0,822.0,570.0,1815.0,412.0,604.0,923.0,1451.0,524.0,645.0,523.0,1611.0,956.0,462.0,1729.0,862.0,499.0,489.0,522.0,1400.0,642.0,453.0,1502.0,1553.0,529.0,1704.0,819.0,1371.0,417.0,462.0,438.0,1470.0,986.0,1942.0,425.0,424.0,753.0,1746.0,627.0,657.0,1083.0,550.0,1423.0,779.0,000000000000000009e0,81.8552412573437,C0815R03
647.0,1762.0,1714.0,575.0,584.0,1026.0,988.0,518.0,450.0,1958.0,1718.0,804.0,711.0,1723.0,477.0,1791.0,1549.0,1068.0,1049.0,638.0,2065.0,450.0,700.0,1058.0,1627.0,604.0,756.0,575.0,1844.0,1191.0,505.0,1924.0,990.0,566.0,546.0,632.0,1692.0,758.0,509.0,1671.0,1808.0,580.0,1914.0,1034.0,1665.0,494.0,500.0,483.0,1771.0,1118.0,2130.0,465.0,485.0,869.0,1942.0,705.0,713.0,1236.0,623.0,1718.0,892.0,000000000000000009e1,34.1193197841437,C0815R04
562.0,1516.0,1520.0,514.0,485.0,799.0,762.0,425.0,397.0,1730.0,1415.0,717.0,590.0,1536.0,396.0,1546.0,1361.0,928.0,814.0,558.0,1799.0,399.0,598.0,909.0,1432.0,512.0,640.0,513.0,1593.0,948.0,450.0,1710.0,843.0,486.0,483.0,514.0,1393.0,636.0,439.0,1484.0,1543.0,522.0,1687.0,810.0,1368.0,403.0,448.0,427.0,1469.0,974.0,1927.0,412.0,411.0,749.0,1728.0,616.0,654.0,1075.0,539.0,1420.0,773.0,000000000000000009e2,71.5218919941369,C0815R06
524.0,1504.0,1377.0,458.0,579.0,669.0,660.0,579.0,511.0,1728.0,933.0,660.0,526.0,1417.0,510.0,1576.0,1345.0,874.0,606.0,641.0,1615.0,437.0,578.0,856.0,1295.0,570.0,511.0,537.0,1511.0,734.0,560.0,1766.0,911.0,444.0,452.0,558.0,1008.0,573.0,596.0,1407.0,1539.0,516.0,1644.0,589.0,929.0,493.0,548.0,511.0,889.0,780.0,1837.0,488.0,378.0,625.0,1786.0,586.0,569.0,966.0,501.0,979.0,634.0,000000000000000009e3,45.7532466801204,C0815R08
530.0,1537.0,1416.0,457.0,572.0,669.0,659.0,567.0,504.0,1754.0,984.0,674.0,529.0,1463.0,510.0,1612.0,1393.0,907.0,617.0,648.0,1657.0,435.0,576.0,883.0,1343.0,578.0,501.0,536.0,1538.0,742.0,578.0,1793.0,936.0,445.0,465.0,561.0,1060.0,575.0,602.0,1453.0,1566.0,538.0,1657.0,598.0,972.0,478.0,541.0,508.0,961.0,811.0,1900.0,498.0,373.0,641.0,1813.0,596.0,597.0,1001.0,504.0,1031.0,636.0,000000000000000009e4,81.2329924774878,C0815R10
533.0,1517.0,1391.0,458.0,577.0,666.0,659.0,574.0,507.0,1736.0,958.0,667.0,531.0,1432.0,510.0,1588.0,1363.0,884.0,611.0,647.0,1636.0,437.0,577.0,866.0,1310.0,578.0,511.0,537.0,1525.0,736.0,571.0,1771.0,915.0,444.0,462.0,560.0,1028.0,579.0,594.0,1423.0,1553.0,526.0,1649.0,594.0,949.0,492.0,543.0,509.0,915.0,791.0,1853.0,498.0,379.0,631.0,1789.0,596.0,581.0,972.0,500.0,1001.0,638.0,000000000000000009e5,211.810786912463,C0815R11
579.0,1561.0,1549.0,531.0,505.0,811.0,781.0,445.0,421.0,1764.0,1420.0,729.0,605.0,1572.0,429.0,1593.0,1393.0,946.0,826.0,579.0,1842.0,421.0,612.0,936.0,1470.0,533.0,650.0,531.0,1637.0,961.0,478.0,1755.0,879.0,511.0,497.0,521.0,1404.0,637.0,466.0,1520.0,1573.0,536.0,1729.0,825.0,1370.0,429.0,474.0,446.0,1464.0,993.0,1954.0,438.0,435.0,745.0,1772.0,635.0,663.0,1085.0,559.0,1421.0,775.0,000000000000000009e6,101.672340832275,C0815R13
498.0,1415.0,1287.0,427.0,574.0,655.0,645.0,582.0,494.0,1636.0,852.0,638.0,503.0,1342.0,499.0,1489.0,1268.0,818.0,566.0,625.0,1494.0,416.0,562.0,802.0,1231.0,553.0,496.0,513.0,1397.0,704.0,542.0,1677.0,852.0,423.0,423.0,555.0,940.0,571.0,580.0,1320.0,1450.0,496.0,1554.0,544.0,869.0,484.0,535.0,498.0,803.0,708.0,1728.0,465.0,363.0,618.0,1706.0,557.0,546.0,918.0,483.0,911.0,618.0,000000000000000009e7,37.7718347970632,C0815R14
533.0,1527.0,1401.0,457.0,570.0,669.0,660.0,567.0,507.0,1749.0,964.0,671.0,526.0,1445.0,510.0,1601.0,1377.0,897.0,613.0,649.0,1646.0,436.0,571.0,877.0,1324.0,578.0,503.0,537.0,1532.0,738.0,572.0,1786.0,929.0,445.0,461.0,556.0,1037.0,572.0,598.0,1438.0,1559.0,528.0,1657.0,594.0,953.0,482.0,543.0,509.0,929.0,803.0,1881.0,497.0,376.0,630.0,1805.0,597.0,585.0,989.0,502.0,1009.0,632.0,000000000000000009e8,96.2782543906636,C0815R15
524.0,1519.0,1391.0,453.0,574.0,662.0,652.0,575.0,510.0,1742.0,943.0,660.0,522.0,1437.0,511.0,1592.0,1368.0,885.0,601.0,644.0,1629.0,436.0,573.0,867.0,1315.0,572.0,503.0,536.0,1522.0,726.0,574.0,1780.0,922.0,442.0,461.0,555.0,1019.0,569.0,596.0,1429.0,1551.0,528.0,1651.0,580.0,934.0,486.0,547.0,512.0,903.0,790.0,1877.0,498.0,377.0,624.0,1800.0,587.0,583.0,979.0,500.0,991.0,628.0,000000000000000009e9,81.5108050440497,C0815R16
471.0,1350.0,1221.0,404.0,540.0,623.0,613.0,550.0,467.0,1562.0,801.0,600.0,473.0,1276.0,473.0,1420.0,1206.0,773.0,533.0,591.0,1421.0,396.0,530.0,755.0,1171.0,523.0,466.0,484.0,1326.0,665.0,511.0,1599.0,801.0,399.0,399.0,524.0,887.0,541.0,546.0,1252.0,1384.0,468.0,1480.0,512.0,817.0,458.0,509.0,474.0,739.0,666.0,1647.0,441.0,346.0,581.0,1626.0,524.0,518.0,863.0,455.0,859.0,581.0,000000000000000009ea,43.9097594019633,C0815R17
546.0,1566.0,1456.0,482.0,576.0,693.0,688.0,572.0,504.0,1776.0,1059.0,691.0,550.0,1492.0,512.0,1635.0,1420.0,943.0,666.0,651.0,1705.0,442.0,598.0,909.0,1372.0,582.0,530.0,546.0,1580.0,772.0,570.0,1807.0,953.0,461.0,472.0,569.0,1126.0,590.0,604.0,1482.0,1590.0,542.0,1691.0,647.0,1047.0,491.0,531.0,507.0,1060.0,858.0,1906.0,498.0,386.0,664.0,1825.0,602.0,609.0,1017.0,517.0,1100.0,664.0,000000000000000009eb,49.3814715364584,C0815R19
380.0,1158.0,1040.0,337.0,453.0,547.0,544.0,449.0,389.0,1328.0,733.0,516.0,418.0,1073.0,377.0,1208.0,1007.0,642.0,452.0,493.0,1236.0,313.0,442.0,629.0,965.0,420.0,398.0,422.0,1146.0,621.0,421.0,1365.0,677.0,319.0,312.0,445.0,823.0,468.0,455.0,1067.0,1194.0,377.0,1240.0,437.0,743.0,372.0,434.0,397.0,667.0,535.0,1376.0,343.0,246.0,525.0,1388.0,440.0,423.0,735.0,368.0,799.0,541.0,000000000000000009ec,380.178045025367,C0815W01
579.0,1599.0,1589.0,543.0,515.0,839.0,800.0,449.0,418.0,1819.0,1465.0,736.0,619.0,1600.0,424.0,1626.0,1421.0,964.0,856.0,571.0,1894.0,418.0,639.0,948.0,1501.0,529.0,682.0,543.0,1679.0,1000.0,472.0,1794.0,874.0,513.0,512.0,535.0,1439.0,668.0,458.0,1547.0,1640.0,547.0,1775.0,848.0,1412.0,424.0,469.0,450.0,1510.0,1015.0,1992.0,430.0,433.0,785.0,1812.0,637.0,683.0,1124.0,576.0,1465.0,811.0,000000000000000009ed,60.1135236810748,C0815X01
728.0,1975.0,1798.0,536.0,590.0,1510.0,1488.0,575.0,374.0,2292.0,2227.0,745.0,1087.0,1761.0,397.0,1884.0,1570.0,1055.0,1572.0,649.0,2470.0,418.0,793.0,1068.0,1462.0,591.0,1030.0,600.0,2021.0,1626.0,481.0,2066.0,1107.0,557.0,561.0,913.0,2066.0,962.0,434.0,1732.0,2268.0,610.0,2093.0,1599.0,2151.0,687.0,481.0,421.0,2219.0,1184.0,2163.0,445.0,519.0,1143.0,1846.0,757.0,608.0,1170.0,635.0,2039.0,1159.0,000000000000000009ee,33.1828225365168,C0901C02
706.0,1967.0,1699.0,506.0,600.0,1570.0,1496.0,581.0,401.0,2266.0,2198.0,725.0,1101.0,1663.0,444.0,1855.0,1388.0,970.0,1496.0,660.0,2549.0,411.0,713.0,1022.0,1290.0,596.0,964.0,506.0,2078.0,1551.0,468.0,2081.0,1028.0,514.0,576.0,914.0,2022.0,914.0,391.0,1621.0,2338.0,570.0,2152.0,1477.0,2124.0,769.0,516.0,441.0,2087.0,1095.0,2045.0,431.0,514.0,1008.0,1676.0,707.0,594.0,1068.0,567.0,1957.0,1073.0,000000000000000009ef,18.9847643785162,C0901C05
731.0,1905.0,1752.0,525.0,597.0,1382.0,1335.0,543.0,374.0,2249.0,2166.0,786.0,987.0,1688.0,394.0,1853.0,1597.0,1012.0,1466.0,630.0,2333.0,417.0,794.0,1022.0,1441.0,558.0,962.0,547.0,1986.0,1569.0,498.0,2062.0,1005.0,578.0,536.0,816.0,1988.0,911.0,470.0,1687.0,2159.0,585.0,2057.0,1499.0,1999.0,608.0,441.0,409.0,2163.0,1130.0,2282.0,419.0,512.0,1124.0,1932.0,719.0,638.0,1215.0,648.0,1984.0,1132.0,000000000000000009f0,58.7351787107728,C0901C06
721.0,1942.0,1777.0,535.0,610.0,1428.0,1371.0,556.0,379.0,2258.0,2177.0,747.0,1007.0,1708.0,399.0,1885.0,1595.0,1031.0,1499.0,642.0,2354.0,422.0,800.0,1031.0,1450.0,571.0,972.0,561.0,2007.0,1589.0,499.0,2082.0,1026.0,582.0,544.0,837.0,2025.0,933.0,477.0,1700.0,2180.0,601.0,2083.0,1526.0,2036.0,621.0,450.0,414.0,2180.0,1146.0,2267.0,434.0,518.0,1135.0,1921.0,732.0,643.0,1215.0,655.0,1999.0,1138.0,000000000000000009f1,15.425588979409,C0901C07
1053.0,2342.0,2240.0,813.0,925.0,1821.0,1803.0,882.0,566.0,2617.0,2560.0,1069.0,1386.0,2152.0,577.0,2330.0,2062.0,1495.0,2036.0,916.0,2588.0,667.0,1199.0,1411.0,2029.0,889.0,1447.0,951.0,2399.0,2111.0,753.0,2380.0,1491.0,919.0,795.0,1234.0,2504.0,1361.0,743.0,2161.0,2481.0,903.0,2362.0,2122.0,2440.0,854.0,622.0,660.0,2590.0,1576.0,2666.0,669.0,764.0,1654.0,2442.0,1136.0,874.0,1601.0,1048.0,2486.0,1611.0,000000000000000009f2,57.1840996765053,C0901C09
765.0,2108.0,1795.0,539.0,628.0,1661.0,1579.0,615.0,422.0,2392.0,2345.0,785.0,1169.0,1758.0,462.0,1994.0,1486.0,1053.0,1585.0,707.0,2703.0,432.0,750.0,1091.0,1403.0,640.0,1027.0,539.0,2227.0,1639.0,493.0,2189.0,1093.0,539.0,606.0,984.0,2163.0,974.0,410.0,1721.0,2497.0,609.0,2282.0,1569.0,2272.0,807.0,539.0,461.0,2230.0,1177.0,2163.0,455.0,548.0,1077.0,1780.0,775.0,615.0,1148.0,594.0,2071.0,1137.0,000000000000000009f3,141.731566802137,C0901F01
816.0,2140.0,1879.0,595.0,653.0,1687.0,1651.0,647.0,437.0,2450.0,2427.0,807.0,1219.0,1855.0,484.0,2028.0,1562.0,1135.0,1648.0,743.0,2711.0,468.0,815.0,1129.0,1533.0,671.0,1158.0,605.0,2270.0,1725.0,514.0,2217.0,1157.0,581.0,630.0,1040.0,2231.0,1041.0,458.0,1808.0,2541.0,644.0,2290.0,1686.0,2349.0,816.0,565.0,483.0,2324.0,1279.0,2245.0,495.0,583.0,1174.0,1886.0,827.0,652.0,1243.0,675.0,2148.0,1217.0,000000000000000009f4,169.053150245828,C0901F02
813.0,2174.0,1864.0,569.0,665.0,1739.0,1660.0,652.0,452.0,2459.0,2434.0,832.0,1229.0,1822.0,494.0,2057.0,1554.0,1126.0,1669.0,754.0,2764.0,462.0,789.0,1152.0,1483.0,686.0,1161.0,569.0,2288.0,1717.0,523.0,2245.0,1152.0,577.0,634.0,1041.0,2243.0,1029.0,444.0,1790.0,2560.0,643.0,2353.0,1650.0,2358.0,846.0,569.0,491.0,2313.0,1244.0,2222.0,486.0,586.0,1134.0,1842.0,826.0,643.0,1212.0,632.0,2145.0,1191.0,000000000000000009f5,97.0781110768785,C0901F04
812.0,2190.0,1863.0,570.0,668.0,1748.0,1664.0,650.0,452.0,2473.0,2442.0,830.0,1223.0,1826.0,497.0,2070.0,1562.0,1128.0,1675.0,754.0,2775.0,463.0,793.0,1146.0,1500.0,686.0,1172.0,570.0,2301.0,1721.0,527.0,2253.0,1143.0,579.0,640.0,1044.0,2249.0,1026.0,442.0,1788.0,2570.0,650.0,2375.0,1657.0,2366.0,848.0,569.0,492.0,2324.0,1250.0,2236.0,492.0,590.0,1130.0,1853.0,834.0,648.0,1212.0,635.0,2143.0,1184.0,000000000000000009f6,81.8121456285277,C0901F05
813.0,2184.0,1866.0,569.0,667.0,1744.0,1663.0,652.0,452.0,2469.0,2439.0,833.0,1229.0,1827.0,496.0,2065.0,1558.0,1127.0,1671.0,755.0,2774.0,462.0,791.0,1152.0,1489.0,686.0,1163.0,569.0,2298.0,1719.0,527.0,2252.0,1150.0,579.0,639.0,1043.0,2248.0,1029.0,443.0,1793.0,2568.0,648.0,2365.0,1653.0,2363.0,848.0,569.0,491.0,2320.0,1248.0,2231.0,489.0,589.0,1134.0,1848.0,829.0,648.0,1214.0,635.0,2148.0,1191.0,000000000000000009f7,139.365818195657,C0901F07
987.0,2350.0,2150.0,774.0,767.0,1763.0,1786.0,778.0,457.0,2643.0,2612.0,925.0,1355.0,2132.0,519.0,2287.0,1860.0,1383.0,1887.0,879.0,2732.0,583.0,1066.0,1284.0,1925.0,795.0,1372.0,874.0,2442.0,2013.0,619.0,2386.0,1376.0,781.0,751.0,1227.0,2456.0,1280.0,650.0,2054.0,2635.0,810.0,2402.0,2041.0,2500.0,811.0,608.0,569.0,2622.0,1560.0,2600.0,637.0,698.0,1535.0,2325.0,1058.0,802.0,1515.0,947.0,2424.0,1506.0,000000000000000009f8,55.7315907044414,C0901P03
746.0,1990.0,1838.0,550.0,631.0,1465.0,1419.0,580.0,388.0,2308.0,2228.0,768.0,1039.0,1769.0,408.0,1936.0,1653.0,1080.0,1556.0,669.0,2400.0,433.0,834.0,1070.0,1513.0,599.0,1013.0,590.0,2048.0,1643.0,516.0,2124.0,1069.0,612.0,566.0,871.0,2081.0,976.0,501.0,1759.0,2219.0,630.0,2125.0,1586.0,2092.0,630.0,459.0,423.0,2245.0,1195.0,2330.0,456.0,536.0,1185.0,1981.0,772.0,669.0,1260.0,688.0,2060.0,1184.0,000000000000000009f9,36.5025946148187,C0901P05
872.0,2233.0,1968.0,666.0,665.0,1669.0,1714.0,670.0,426.0,2563.0,2551.0,801.0,1250.0,1982.0,484.0,2125.0,1651.0,1226.0,1702.0,772.0,2745.0,500.0,892.0,1135.0,1716.0,691.0,1244.0,691.0,2406.0,1833.0,523.0,2269.0,1209.0,625.0,660.0,1084.0,2312.0,1108.0,514.0,1896.0,2644.0,702.0,2300.0,1852.0,2449.0,800.0,567.0,488.0,2448.0,1409.0,2390.0,544.0,620.0,1288.0,2089.0,892.0,693.0,1358.0,795.0,2248.0,1296.0,000000000000000009fa,28.276716718875,C0901P07
776.0,2059.0,1893.0,580.0,612.0,1573.0,1549.0,603.0,371.0,2371.0,2309.0,776.0,1152.0,1872.0,423.0,1974.0,1592.0,1139.0,1621.0,697.0,2542.0,447.0,845.0,1106.0,1575.0,631.0,1112.0,666.0,2108.0,1705.0,497.0,2141.0,1148.0,602.0,615.0,976.0,2166.0,1021.0,466.0,1835.0,2393.0,652.0,2180.0,1661.0,2259.0,712.0,502.0,473.0,2313.0,1281.0,2292.0,478.0,544.0,1208.0,1923.0,826.0,644.0,1251.0,710.0,2122.0,1227.0,000000000000000009fb,36.0917233978313,C0901P08
1120.0,2374.0,2277.0,865.0,1005.0,1878.0,1827.0,944.0,637.0,2602.0,2596.0,1181.0,1445.0,2202.0,670.0,2354.0,2162.0,1582.0,2086.0,1012.0,2623.0,728.0,1277.0,1501.0,2048.0,949.0,1436.0,957.0,2388.0,2142.0,814.0,2428.0,1510.0,1002.0,863.0,1288.0,2507.0,1436.0,842.0,2200.0,2467.0,947.0,2427.0,2100.0,2449.0,916.0,679.0,713.0,2618.0,1660.0,2705.0,725.0,829.0,1719.0,2461.0,1179.0,971.0,1739.0,1086.0,2489.0,1678.0,000000000000000009fc,37.8316242123981,C0901P10
635.0,1790.0,1580.0,481.0,527.0,1341.0,1289.0,494.0,363.0,2144.0,1984.0,656.0,940.0,1539.0,390.0,1701.0,1283.0,838.0,1291.0,556.0,2371.0,374.0,655.0,898.0,1183.0,494.0,831.0,483.0,1919.0,1406.0,432.0,1963.0,903.0,481.0,512.0,751.0,1804.0,788.0,365.0,1510.0,2137.0,511.0,1981.0,1304.0,1884.0,650.0,467.0,408.0,1907.0,963.0,2010.0,373.0,465.0,906.0,1624.0,606.0,563.0,976.0,538.0,1788.0,972.0,000000000000000009fd,68.7025084649931,C0901R02
961.0,2091.0,2048.0,739.0,845.0,1629.0,1574.0,782.0,546.0,2316.0,2338.0,1027.0,1205.0,1972.0,556.0,2064.0,1953.0,1398.0,1810.0,884.0,2333.0,620.0,1087.0,1318.0,1813.0,798.0,1213.0,822.0,2100.0,1862.0,688.0,2168.0,1317.0,867.0,734.0,1056.0,2229.0,1205.0,734.0,1971.0,2181.0,815.0,2160.0,1817.0,2176.0,746.0,583.0,601.0,2379.0,1479.0,2437.0,617.0,699.0,1461.0,2184.0,1007.0,867.0,1593.0,930.0,2213.0,1424.0,000000000000000009fe,77.29319825181,C0901R04
756.0,1881.0,1760.0,530.0,595.0,1341.0,1317.0,533.0,377.0,2258.0,2156.0,825.0,960.0,1695.0,395.0,1842.0,1624.0,1018.0,1436.0,627.0,2333.0,416.0,802.0,1033.0,1485.0,551.0,956.0,547.0,1989.0,1579.0,502.0,2049.0,1005.0,583.0,536.0,802.0,1967.0,906.0,475.0,1707.0,2140.0,575.0,2043.0,1480.0,1980.0,591.0,436.0,416.0,2162.0,1129.0,2341.0,406.0,513.0,1130.0,1976.0,724.0,640.0,1239.0,651.0,1996.0,1142.0,000000000000000009ff,62.6864999916196,C0901R06
878.0,1940.0,1923.0,671.0,746.0,1480.0,1428.0,687.0,490.0,2162.0,2181.0,940.0,1069.0,1849.0,495.0,1914.0,1831.0,1301.0,1653.0,808.0,2176.0,559.0,974.0,1224.0,1695.0,722.0,1091.0,748.0,1949.0,1703.0,628.0,2023.0,1224.0,786.0,671.0,929.0,2080.0,1069.0,661.0,1848.0,2028.0,753.0,2020.0,1660.0,2027.0,654.0,525.0,542.0,2238.0,1382.0,2285.0,560.0,628.0,1313.0,2039.0,921.0,798.0,1487.0,845.0,2063.0,1275.0,00000000000000000a00,126.725162746323,C0901R07
844.0,2077.0,1995.0,639.0,717.0,1525.0,1487.0,660.0,439.0,2365.0,2345.0,881.0,1098.0,1920.0,458.0,2045.0,1861.0,1271.0,1697.0,748.0,2400.0,512.0,953.0,1208.0,1742.0,690.0,1110.0,711.0,2108.0,1775.0,594.0,2179.0,1219.0,735.0,647.0,943.0,2211.0,1084.0,605.0,1918.0,2209.0,721.0,2163.0,1728.0,2168.0,646.0,493.0,488.0,2391.0,1365.0,2493.0,524.0,600.0,1338.0,2178.0,900.0,750.0,1441.0,821.0,2196.0,1313.0,00000000000000000a01,69.1336006392198,C0901R09
740.0,1918.0,1767.0,531.0,603.0,1391.0,1344.0,548.0,377.0,2260.0,2180.0,792.0,992.0,1701.0,398.0,1867.0,1612.0,1023.0,1479.0,638.0,2341.0,421.0,802.0,1030.0,1457.0,565.0,970.0,553.0,1997.0,1582.0,506.0,2072.0,1012.0,585.0,543.0,822.0,2003.0,919.0,478.0,1701.0,2169.0,595.0,2068.0,1512.0,2012.0,610.0,444.0,412.0,2182.0,1141.0,2301.0,426.0,517.0,1134.0,1947.0,729.0,648.0,1228.0,657.0,1999.0,1140.0,00000000000000000a02,56.2495295972251,C0901R10
958.0,2231.0,2116.0,738.0,817.0,1695.0,1674.0,776.0,490.0,2500.0,2515.0,978.0,1265.0,2045.0,523.0,2213.0,1959.0,1392.0,1892.0,833.0,2553.0,592.0,1090.0,1311.0,1892.0,787.0,1304.0,828.0,2298.0,1982.0,665.0,2278.0,1337.0,820.0,722.0,1103.0,2386.0,1234.0,670.0,2041.0,2376.0,812.0,2264.0,1953.0,2339.0,761.0,551.0,568.0,2565.0,1484.0,2594.0,593.0,688.0,1520.0,2328.0,1028.0,806.0,1515.0,936.0,2363.0,1484.0,00000000000000000a03,43.2060553786596,C0901R12
705.0,1849.0,1697.0,506.0,573.0,1328.0,1284.0,525.0,361.0,2198.0,2105.0,766.0,951.0,1639.0,381.0,1796.0,1539.0,978.0,1402.0,607.0,2278.0,405.0,764.0,993.0,1386.0,535.0,922.0,523.0,1940.0,1510.0,478.0,2016.0,969.0,559.0,521.0,781.0,1921.0,870.0,453.0,1635.0,2109.0,561.0,2007.0,1436.0,1937.0,589.0,429.0,399.0,2085.0,1099.0,2222.0,406.0,492.0,1078.0,1879.0,689.0,622.0,1186.0,626.0,1926.0,1091.0,00000000000000000a04,10.740839067998,C0901R13
667.0,1920.0,1629.0,485.0,567.0,1515.0,1442.0,548.0,383.0,2218.0,2127.0,691.0,1055.0,1595.0,420.0,1814.0,1325.0,907.0,1440.0,619.0,2505.0,392.0,680.0,961.0,1218.0,555.0,900.0,485.0,2030.0,1498.0,443.0,2039.0,970.0,490.0,546.0,869.0,1952.0,869.0,368.0,1556.0,2291.0,544.0,2100.0,1421.0,2052.0,737.0,494.0,420.0,2016.0,1032.0,2002.0,407.0,490.0,962.0,1626.0,664.0,572.0,1006.0,542.0,1889.0,1027.0,00000000000000000a05,26.5463487738285,C0901X02
1037.0,2339.0,2233.0,802.0,902.0,1810.0,1791.0,864.0,552.0,2618.0,2566.0,1047.0,1370.0,2144.0,560.0,2322.0,2048.0,1481.0,2023.0,898.0,2593.0,654.0,1183.0,1398.0,2020.0,871.0,1435.0,941.0,2399.0,2106.0,737.0,2377.0,1476.0,906.0,782.0,1219.0,2502.0,1343.0,728.0,2153.0,2482.0,891.0,2359.0,2119.0,2437.0,836.0,612.0,645.0,2599.0,1571.0,2671.0,654.0,755.0,1636.0,2439.0,1120.0,863.0,1590.0,1036.0,2484.0,1598.0,00000000000000000a06,231.053408032028,C0902C02
1083.0,2417.0,2295.0,834.0,947.0,1870.0,1852.0,906.0,579.0,2700.0,2637.0,1095.0,1431.0,2205.0,589.0,2402.0,2108.0,1527.0,2084.0,942.0,2681.0,683.0,1232.0,1444.0,2079.0,912.0,1492.0,976.0,2482.0,2175.0,768.0,2452.0,1521.0,945.0,815.0,1278.0,2572.0,1402.0,762.0,2214.0,2567.0,926.0,2434.0,2185.0,2506.0,877.0,642.0,673.0,2678.0,1618.0,2750.0,685.0,788.0,1704.0,2516.0,1168.0,898.0,1639.0,1079.0,2553.0,1664.0,00000000000000000a07,126.275287380387,C0902C03
1161.0,2522.0,2383.0,899.0,1038.0,1950.0,1931.0,990.0,644.0,2790.0,2695.0,1181.0,1524.0,2291.0,659.0,2504.0,2211.0,1614.0,2178.0,1020.0,2768.0,748.0,1323.0,1524.0,2168.0,984.0,1572.0,1043.0,2564.0,2247.0,840.0,2550.0,1607.0,1018.0,884.0,1364.0,2652.0,1503.0,830.0,2295.0,2648.0,994.0,2532.0,2258.0,2571.0,961.0,700.0,740.0,2730.0,1687.0,2835.0,753.0,849.0,1805.0,2614.0,1246.0,959.0,1710.0,1135.0,2626.0,1759.0,00000000000000000a08,116.295243262715,C0902C05
831.0,2144.0,1961.0,624.0,650.0,1626.0,1618.0,649.0,396.0,2457.0,2397.0,817.0,1180.0,1943.0,442.0,2061.0,1674.0,1215.0,1695.0,742.0,2614.0,479.0,899.0,1159.0,1670.0,675.0,1166.0,707.0,2204.0,1784.0,529.0,2209.0,1215.0,639.0,639.0,1021.0,2255.0,1071.0,502.0,1902.0,2475.0,688.0,2242.0,1758.0,2339.0,733.0,525.0,498.0,2396.0,1368.0,2387.0,513.0,581.0,1275.0,2037.0,884.0,679.0,1332.0,762.0,2201.0,1281.0,00000000000000000a09,69.1639441177196,C0902C06
904.0,2264.0,2025.0,701.0,690.0,1702.0,1729.0,700.0,430.0,2582.0,2564.0,834.0,1276.0,2030.0,485.0,2167.0,1719.0,1284.0,1765.0,797.0,2722.0,532.0,942.0,1195.0,1782.0,713.0,1273.0,759.0,2397.0,1888.0,551.0,2296.0,1267.0,668.0,691.0,1122.0,2361.0,1152.0,551.0,1945.0,2628.0,740.0,2325.0,1904.0,2465.0,795.0,574.0,526.0,2511.0,1465.0,2472.0,568.0,640.0,1366.0,2152.0,944.0,725.0,1416.0,836.0,2302.0,1354.0,00000000000000000a0a,121.044362279897,C0902F02
1314.0,2735.0,2558.0,1069.0,1068.0,2035.0,2072.0,1116.0,688.0,3033.0,2866.0,1209.0,1617.0,2552.0,769.0,2680.0,2256.0,1686.0,2151.0,1214.0,3002.0,847.0,1411.0,1535.0,2377.0,1084.0,1738.0,1186.0,2808.0,2321.0,902.0,2765.0,1660.0,1081.0,1068.0,1563.0,2774.0,1601.0,963.0,2478.0,2942.0,1130.0,2767.0,2378.0,2743.0,1075.0,856.0,819.0,2889.0,1912.0,3045.0,991.0,959.0,1853.0,2792.0,1378.0,1122.0,1806.0,1275.0,2678.0,1799.0,00000000000000000a0b,76.9834272855057,C0902F05
1210.0,2654.0,2453.0,954.0,1064.0,1953.0,1975.0,1037.0,676.0,2894.0,2828.0,1215.0,1568.0,2392.0,678.0,2625.0,2299.0,1646.0,2224.0,1083.0,2970.0,763.0,1365.0,1563.0,2247.0,1035.0,1627.0,1096.0,2648.0,2295.0,843.0,2625.0,1674.0,1076.0,919.0,1434.0,2707.0,1559.0,868.0,2353.0,2761.0,1020.0,2633.0,2343.0,2652.0,1008.0,744.0,744.0,2843.0,1777.0,2901.0,802.0,878.0,1855.0,2725.0,1294.0,1011.0,1767.0,1163.0,2688.0,1807.0,00000000000000000a0c,109.380754311135,C0902F06
1487.0,2884.0,2767.0,1229.0,1344.0,2202.0,2191.0,1285.0,955.0,3176.0,2996.0,1530.0,1838.0,2681.0,925.0,2880.0,2627.0,1975.0,2477.0,1337.0,3146.0,1048.0,1641.0,1887.0,2557.0,1303.0,1893.0,1398.0,2885.0,2521.0,1135.0,2929.0,1990.0,1348.0,1197.0,1684.0,2956.0,1838.0,1120.0,2674.0,2970.0,1310.0,2929.0,2538.0,2860.0,1255.0,1000.0,1042.0,3025.0,2048.0,3203.0,1046.0,1131.0,2150.0,3026.0,1585.0,1281.0,2074.0,1436.0,2937.0,2104.0,00000000000000000a0d,288.168719865176,C0902F07
1443.0,2853.0,2719.0,1178.0,1304.0,2158.0,2155.0,1245.0,911.0,3142.0,2969.0,1479.0,1792.0,2634.0,882.0,2849.0,2589.0,1914.0,2436.0,1297.0,3124.0,997.0,1591.0,1835.0,2516.0,1263.0,1850.0,1343.0,2846.0,2485.0,1084.0,2888.0,1940.0,1304.0,1147.0,1643.0,2923.0,1800.0,1078.0,2626.0,2928.0,1254.0,2891.0,2504.0,2825.0,1219.0,956.0,992.0,2994.0,1993.0,3162.0,1001.0,1085.0,2101.0,2994.0,1542.0,1232.0,2018.0,1382.0,2907.0,2060.0,00000000000000000a0e,160.793103772934,C0902F10
838.0,2168.0,2021.0,633.0,700.0,1596.0,1581.0,656.0,419.0,2500.0,2427.0,840.0,1175.0,1951.0,434.0,2131.0,1806.0,1244.0,1746.0,708.0,2543.0,487.0,933.0,1195.0,1766.0,669.0,1162.0,727.0,2230.0,1846.0,561.0,2229.0,1245.0,714.0,635.0,1007.0,2297.0,1119.0,543.0,1953.0,2382.0,717.0,2230.0,1831.0,2282.0,685.0,480.0,484.0,2422.0,1333.0,2484.0,499.0,588.0,1368.0,2210.0,912.0,692.0,1357.0,813.0,2285.0,1358.0,00000000000000000a0f,108.823043789127,C0902P01
864.0,2132.0,2032.0,662.0,721.0,1579.0,1560.0,676.0,436.0,2442.0,2411.0,894.0,1154.0,1958.0,468.0,2104.0,1854.0,1296.0,1763.0,735.0,2482.0,526.0,981.0,1232.0,1777.0,699.0,1157.0,745.0,2190.0,1855.0,599.0,2229.0,1253.0,735.0,656.0,991.0,2287.0,1119.0,585.0,1958.0,2294.0,732.0,2211.0,1807.0,2250.0,684.0,499.0,512.0,2468.0,1383.0,2551.0,527.0,615.0,1381.0,2230.0,927.0,733.0,1418.0,845.0,2264.0,1365.0,00000000000000000a10,83.2287560946729,C0902P05
1234.0,2636.0,2467.0,965.0,1117.0,2017.0,1997.0,1069.0,716.0,2896.0,2785.0,1255.0,1610.0,2377.0,720.0,2620.0,2316.0,1687.0,2256.0,1087.0,2899.0,803.0,1397.0,1612.0,2263.0,1053.0,1660.0,1110.0,2660.0,2322.0,898.0,2646.0,1696.0,1093.0,946.0,1452.0,2734.0,1596.0,897.0,2390.0,2749.0,1061.0,2636.0,2342.0,2640.0,1040.0,760.0,796.0,2792.0,1758.0,2922.0,812.0,916.0,1897.0,2724.0,1320.0,1024.0,1789.0,1200.0,2706.0,1855.0,00000000000000000a11,132.444683577064,C0902P06
1435.0,2845.0,2709.0,1165.0,1307.0,2184.0,2160.0,1242.0,906.0,3131.0,2962.0,1479.0,1805.0,2615.0,885.0,2843.0,2570.0,1923.0,2444.0,1280.0,3094.0,994.0,1595.0,1835.0,2505.0,1250.0,1843.0,1329.0,2852.0,2494.0,1084.0,2893.0,1931.0,1291.0,1138.0,1644.0,2931.0,1804.0,1075.0,2625.0,2933.0,1249.0,2884.0,2504.0,2821.0,1214.0,946.0,994.0,2982.0,1974.0,3161.0,984.0,1089.0,2113.0,2983.0,1530.0,1215.0,2012.0,1387.0,2908.0,2074.0,00000000000000000a12,198.405528205273,C0902P09
900.0,2267.0,2056.0,695.0,693.0,1712.0,1718.0,699.0,423.0,2586.0,2537.0,848.0,1271.0,2049.0,475.0,2180.0,1754.0,1307.0,1785.0,793.0,2716.0,536.0,957.0,1217.0,1802.0,715.0,1271.0,786.0,2362.0,1895.0,560.0,2310.0,1288.0,684.0,693.0,1123.0,2374.0,1151.0,555.0,1986.0,2611.0,748.0,2341.0,1895.0,2469.0,782.0,565.0,542.0,2538.0,1474.0,2518.0,563.0,632.0,1386.0,2174.0,952.0,731.0,1431.0,845.0,2315.0,1372.0,00000000000000000a13,145.763656331297,C0902P10
1332.0,2469.0,2474.0,1028.0,1217.0,2084.0,1981.0,1134.0,820.0,2712.0,2686.0,1437.0,1652.0,2421.0,867.0,2450.0,2366.0,1834.0,2296.0,1254.0,2662.0,935.0,1476.0,1716.0,2257.0,1160.0,1567.0,1140.0,2492.0,2313.0,1009.0,2562.0,1729.0,1196.0,1044.0,1488.0,2603.0,1638.0,1035.0,2412.0,2562.0,1140.0,2566.0,2284.0,2575.0,1084.0,852.0,919.0,2711.0,1924.0,2774.0,921.0,1005.0,1932.0,2594.0,1368.0,1188.0,2001.0,1247.0,2604.0,1869.0,00000000000000000a14,37.7906898951993,C0902R02
847.0,2119.0,2023.0,641.0,699.0,1567.0,1548.0,653.0,415.0,2435.0,2383.0,874.0,1145.0,1943.0,456.0,2091.0,1807.0,1270.0,1745.0,708.0,2465.0,506.0,956.0,1207.0,1754.0,680.0,1140.0,725.0,2176.0,1840.0,580.0,2220.0,1235.0,715.0,643.0,977.0,2279.0,1098.0,555.0,1942.0,2283.0,716.0,2202.0,1793.0,2244.0,672.0,480.0,497.0,2447.0,1347.0,2536.0,508.0,599.0,1356.0,2202.0,914.0,706.0,1372.0,831.0,2243.0,1348.0,00000000000000000a15,87.0463590072873,C0902R03
1213.0,2478.0,2381.0,932.0,1119.0,1989.0,1934.0,1055.0,734.0,2697.0,2667.0,1293.0,1557.0,2319.0,761.0,2449.0,2279.0,1692.0,2197.0,1148.0,2688.0,810.0,1379.0,1604.0,2149.0,1057.0,1500.0,1014.0,2479.0,2234.0,891.0,2556.0,1598.0,1084.0,954.0,1405.0,2589.0,1561.0,953.0,2309.0,2551.0,1032.0,2557.0,2198.0,2543.0,1016.0,767.0,797.0,2692.0,1775.0,2791.0,830.0,906.0,1831.0,2572.0,1263.0,1091.0,1890.0,1147.0,2576.0,1789.0,00000000000000000a16,204.47751201591,C0902R04
476.0,1450.0,1328.0,422.0,525.0,782.0,786.0,485.0,391.0,1575.0,1279.0,673.0,605.0,1373.0,439.0,1495.0,1208.0,859.0,742.0,592.0,1660.0,329.0,565.0,846.0,1213.0,501.0,542.0,490.0,1487.0,975.0,519.0,1631.0,871.0,405.0,412.0,554.0,1362.0,631.0,511.0,1334.0,1447.0,479.0,1522.0,742.0,1239.0,435.0,462.0,412.0,1248.0,764.0,1720.0,422.0,292.0,766.0,1653.0,572.0,585.0,965.0,468.0,1321.0,800.0,00000000000000000a17,108.1841545759,C0902R05
1342.0,2492.0,2493.0,1027.0,1226.0,2104.0,2001.0,1140.0,821.0,2736.0,2708.0,1445.0,1670.0,2439.0,869.0,2474.0,2383.0,1845.0,2317.0,1261.0,2685.0,936.0,1486.0,1727.0,2273.0,1168.0,1581.0,1144.0,2516.0,2335.0,1018.0,2584.0,1742.0,1199.0,1054.0,1503.0,2624.0,1655.0,1037.0,2430.0,2584.0,1151.0,2590.0,2307.0,2596.0,1091.0,851.0,919.0,2730.0,1936.0,2799.0,930.0,1008.0,1950.0,2617.0,1379.0,1198.0,2011.0,1251.0,2624.0,1888.0,00000000000000000a18,28.5099696242666,C0902R12
1126.0,2564.0,2339.0,886.0,972.0,1887.0,1908.0,952.0,599.0,2813.0,2778.0,1110.0,1491.0,2283.0,617.0,2535.0,2162.0,1551.0,2131.0,993.0,2894.0,700.0,1275.0,1464.0,2140.0,939.0,1560.0,1022.0,2605.0,2221.0,761.0,2538.0,1566.0,987.0,847.0,1354.0,2633.0,1477.0,797.0,2249.0,2704.0,943.0,2530.0,2263.0,2576.0,926.0,679.0,677.0,2763.0,1682.0,2800.0,729.0,820.0,1774.0,2623.0,1211.0,924.0,1677.0,1108.0,2614.0,1726.0,00000000000000000a19,162.966952097205,C0902R79
1056.0,2413.0,2254.0,820.0,908.0,1833.0,1823.0,870.0,555.0,2694.0,2645.0,1049.0,1411.0,2171.0,567.0,2395.0,2057.0,1485.0,2038.0,914.0,2703.0,660.0,1187.0,1395.0,2038.0,876.0,1463.0,950.0,2495.0,2142.0,726.0,2438.0,1476.0,903.0,778.0,1249.0,2555.0,1373.0,737.0,2173.0,2580.0,882.0,2420.0,2158.0,2496.0,841.0,622.0,641.0,2667.0,1585.0,2739.0,658.0,759.0,1678.0,2502.0,1140.0,861.0,1597.0,1044.0,2527.0,1640.0,00000000000000000a1a,227.509870070963,C0902W03
1018.0,2400.0,2119.0,813.0,777.0,1780.0,1858.0,801.0,494.0,2734.0,2731.0,900.0,1414.0,2134.0,568.0,2316.0,1810.0,1359.0,1916.0,894.0,2843.0,592.0,1075.0,1266.0,1926.0,799.0,1430.0,831.0,2596.0,2067.0,588.0,2407.0,1353.0,750.0,791.0,1249.0,2465.0,1296.0,640.0,2038.0,2807.0,816.0,2434.0,2112.0,2551.0,880.0,643.0,559.0,2619.0,1585.0,2509.0,675.0,754.0,1515.0,2297.0,1057.0,801.0,1494.0,941.0,2428.0,1481.0,00000000000000000a1b,151.270200501556,C0902W07
1036.0,2428.0,2139.0,834.0,793.0,1809.0,1883.0,825.0,497.0,2754.0,2748.0,903.0,1424.0,2163.0,574.0,2342.0,1822.0,1378.0,1909.0,920.0,2836.0,610.0,1087.0,1264.0,1951.0,813.0,1435.0,853.0,2616.0,2079.0,607.0,2440.0,1365.0,771.0,791.0,1285.0,2499.0,1326.0,663.0,2038.0,2804.0,825.0,2463.0,2143.0,2571.0,883.0,658.0,568.0,2627.0,1621.0,2597.0,692.0,757.0,1544.0,2348.0,1070.0,821.0,1523.0,970.0,2436.0,1504.0,00000000000000000a1c,276.350280473639,C0902W09
1045.0,2426.0,2136.0,836.0,791.0,1793.0,1880.0,819.0,508.0,2773.0,2765.0,920.0,1448.0,2155.0,585.0,2330.0,1844.0,1384.0,1949.0,907.0,2875.0,616.0,1107.0,1289.0,1964.0,813.0,1459.0,862.0,2636.0,2104.0,601.0,2425.0,1383.0,761.0,814.0,1269.0,2486.0,1318.0,654.0,2082.0,2843.0,843.0,2444.0,2152.0,2572.0,898.0,661.0,581.0,2656.0,1596.0,2536.0,691.0,777.0,1554.0,2339.0,1086.0,815.0,1507.0,967.0,2461.0,1516.0,00000000000000000a1d,185.014364964461,C0902W10
1306.0,2728.0,2545.0,1060.0,1063.0,2028.0,2073.0,1113.0,681.0,3029.0,2859.0,1196.0,1612.0,2543.0,765.0,2673.0,2242.0,1676.0,2141.0,1206.0,2997.0,837.0,1406.0,1519.0,2372.0,1074.0,1740.0,1171.0,2812.0,2316.0,896.0,2756.0,1649.0,1073.0,1061.0,1560.0,2766.0,1598.0,960.0,2467.0,2941.0,1122.0,2758.0,2371.0,2737.0,1072.0,849.0,805.0,2876.0,1906.0,3036.0,988.0,955.0,1845.0,2790.0,1365.0,1116.0,1798.0,1272.0,2669.0,1791.0,00000000000000000a1e,145.848523976999,C0902W71
533.0,1616.0,1511.0,483.0,486.0,921.0,903.0,417.0,361.0,1846.0,1575.0,677.0,638.0,1510.0,387.0,1651.0,1346.0,870.0,954.0,505.0,1971.0,352.0,609.0,879.0,1412.0,471.0,686.0,491.0,1715.0,1133.0,422.0,1782.0,807.0,466.0,457.0,537.0,1538.0,675.0,407.0,1475.0,1700.0,476.0,1774.0,952.0,1512.0,408.0,413.0,387.0,1613.0,932.0,2010.0,363.0,397.0,801.0,1800.0,582.0,612.0,1053.0,532.0,1564.0,837.0,00000000000000000a1f,41.5180551225587,C0902X02
419.0,1349.0,1238.0,383.0,447.0,688.0,689.0,413.0,333.0,1477.0,1184.0,582.0,530.0,1267.0,385.0,1399.0,1103.0,785.0,676.0,496.0,1579.0,291.0,501.0,765.0,1113.0,430.0,479.0,435.0,1408.0,855.0,450.0,1527.0,786.0,373.0,369.0,469.0,1255.0,542.0,451.0,1228.0,1339.0,427.0,1436.0,676.0,1160.0,380.0,394.0,363.0,1195.0,721.0,1686.0,370.0,274.0,665.0,1537.0,495.0,530.0,871.0,428.0,1220.0,690.0,00000000000000000a20,115.482014307239,C0903F78
794.0,2131.0,1836.0,562.0,651.0,1699.0,1617.0,635.0,443.0,2422.0,2392.0,814.0,1212.0,1798.0,485.0,2015.0,1523.0,1092.0,1623.0,734.0,2737.0,452.0,772.0,1130.0,1436.0,665.0,1073.0,562.0,2252.0,1673.0,511.0,2216.0,1130.0,561.0,625.0,1023.0,2207.0,1013.0,431.0,1761.0,2526.0,627.0,2311.0,1606.0,2316.0,831.0,562.0,482.0,2275.0,1218.0,2190.0,473.0,570.0,1115.0,1801.0,804.0,634.0,1189.0,616.0,2116.0,1180.0,00000000000000000a21,95.5493748292178,C0904C02
764.0,2055.0,1800.0,540.0,635.0,1633.0,1574.0,618.0,418.0,2357.0,2318.0,783.0,1164.0,1770.0,466.0,1943.0,1497.0,1058.0,1581.0,705.0,2636.0,433.0,768.0,1104.0,1403.0,644.0,1043.0,552.0,2162.0,1637.0,501.0,2159.0,1105.0,550.0,611.0,973.0,2128.0,979.0,424.0,1733.0,2426.0,617.0,2229.0,1577.0,2245.0,800.0,535.0,461.0,2219.0,1187.0,2158.0,466.0,548.0,1088.0,1773.0,779.0,624.0,1157.0,612.0,2063.0,1150.0,00000000000000000a22,122.940998915469,C0904C03
769.0,1995.0,1863.0,561.0,650.0,1454.0,1417.0,591.0,397.0,2327.0,2233.0,805.0,1034.0,1792.0,411.0,1960.0,1703.0,1113.0,1564.0,677.0,2404.0,444.0,861.0,1098.0,1572.0,607.0,1036.0,604.0,2063.0,1670.0,528.0,2138.0,1090.0,637.0,576.0,874.0,2098.0,995.0,521.0,1793.0,2206.0,633.0,2133.0,1597.0,2088.0,620.0,455.0,434.0,2274.0,1214.0,2405.0,458.0,542.0,1216.0,2050.0,792.0,683.0,1302.0,709.0,2094.0,1215.0,00000000000000000a23,20.3310587456735,C0904C04
804.0,2116.0,1980.0,609.0,666.0,1576.0,1562.0,636.0,400.0,2434.0,2367.0,825.0,1150.0,1918.0,428.0,2066.0,1741.0,1213.0,1709.0,697.0,2524.0,469.0,906.0,1167.0,1696.0,653.0,1133.0,701.0,2167.0,1791.0,538.0,2197.0,1218.0,679.0,624.0,980.0,2233.0,1081.0,524.0,1901.0,2347.0,690.0,2205.0,1778.0,2250.0,683.0,480.0,468.0,2382.0,1310.0,2415.0,488.0,569.0,1310.0,2121.0,876.0,678.0,1321.0,781.0,2225.0,1313.0,00000000000000000a25,110.148327042787,C0904C06
873.0,2222.0,2037.0,670.0,692.0,1661.0,1670.0,684.0,415.0,2537.0,2510.0,850.0,1224.0,2012.0,450.0,2161.0,1782.0,1286.0,1785.0,767.0,2663.0,516.0,956.0,1209.0,1778.0,703.0,1243.0,774.0,2283.0,1875.0,556.0,2270.0,1284.0,697.0,665.0,1078.0,2342.0,1137.0,548.0,1961.0,2501.0,733.0,2298.0,1878.0,2400.0,745.0,538.0,513.0,2489.0,1432.0,2487.0,540.0,610.0,1377.0,2182.0,934.0,719.0,1405.0,821.0,2301.0,1364.0,00000000000000000a26,88.6839004929416,C0904F01
672.0,1921.0,1633.0,487.0,573.0,1516.0,1444.0,554.0,385.0,2218.0,2129.0,696.0,1060.0,1600.0,421.0,1812.0,1328.0,910.0,1441.0,624.0,2504.0,394.0,687.0,965.0,1220.0,559.0,913.0,487.0,2028.0,1500.0,443.0,2040.0,974.0,492.0,546.0,873.0,1953.0,873.0,371.0,1560.0,2290.0,544.0,2097.0,1421.0,2052.0,745.0,496.0,422.0,2017.0,1034.0,2001.0,407.0,492.0,967.0,1626.0,667.0,571.0,1010.0,543.0,1891.0,1032.0,00000000000000000a27,328.43455169214,C0904F02
673.0,1905.0,1707.0,513.0,569.0,1462.0,1402.0,547.0,360.0,2251.0,2180.0,668.0,1037.0,1660.0,398.0,1830.0,1393.0,949.0,1431.0,606.0,2457.0,403.0,711.0,974.0,1339.0,556.0,945.0,525.0,2057.0,1544.0,456.0,2042.0,983.0,514.0,543.0,840.0,1989.0,880.0,404.0,1635.0,2256.0,572.0,2064.0,1486.0,2052.0,670.0,466.0,407.0,2082.0,1097.0,2041.0,425.0,495.0,1029.0,1753.0,698.0,595.0,1075.0,609.0,1940.0,1077.0,00000000000000000a28,77.0418571042021,C0904F03
1067.0,2470.0,2187.0,846.0,814.0,1818.0,1883.0,849.0,494.0,2780.0,2746.0,936.0,1445.0,2204.0,583.0,2380.0,1885.0,1420.0,1940.0,945.0,2837.0,628.0,1133.0,1299.0,2011.0,836.0,1463.0,902.0,2628.0,2110.0,634.0,2468.0,1405.0,813.0,815.0,1314.0,2527.0,1358.0,700.0,2098.0,2804.0,861.0,2482.0,2171.0,2569.0,882.0,655.0,595.0,2668.0,1647.0,2660.0,713.0,779.0,1606.0,2423.0,1117.0,846.0,1552.0,1017.0,2467.0,1554.0,00000000000000000a29,45.1295110655574,C0904F05
1243.0,2709.0,2519.0,1009.0,1043.0,1980.0,2010.0,1068.0,677.0,2933.0,2811.0,1201.0,1565.0,2459.0,720.0,2637.0,2245.0,1661.0,2159.0,1141.0,2980.0,801.0,1374.0,1533.0,2315.0,1048.0,1692.0,1133.0,2761.0,2276.0,867.0,2706.0,1641.0,1055.0,1007.0,1473.0,2692.0,1557.0,914.0,2401.0,2862.0,1070.0,2697.0,2339.0,2665.0,1029.0,805.0,769.0,2866.0,1813.0,2962.0,905.0,913.0,1818.0,2754.0,1330.0,1063.0,1774.0,1222.0,2679.0,1779.0,00000000000000000a2a,90.7623946296797,C0904F06
1006.0,2373.0,2086.0,798.0,767.0,1786.0,1856.0,797.0,482.0,2706.0,2711.0,884.0,1394.0,2114.0,562.0,2288.0,1780.0,1353.0,1875.0,895.0,2796.0,589.0,1044.0,1248.0,1903.0,796.0,1397.0,815.0,2567.0,2039.0,592.0,2393.0,1334.0,750.0,763.0,1250.0,2466.0,1288.0,639.0,1993.0,2755.0,802.0,2418.0,2097.0,2550.0,872.0,639.0,549.0,2590.0,1583.0,2564.0,659.0,740.0,1503.0,2288.0,1045.0,797.0,1496.0,940.0,2398.0,1472.0,00000000000000000a2b,173.469031758054,C0904F07
800.0,2064.0,1964.0,603.0,680.0,1520.0,1489.0,636.0,405.0,2393.0,2317.0,827.0,1104.0,1889.0,434.0,2042.0,1738.0,1214.0,1670.0,700.0,2419.0,478.0,915.0,1159.0,1684.0,655.0,1105.0,692.0,2117.0,1765.0,548.0,2185.0,1186.0,693.0,611.0,932.0,2199.0,1060.0,554.0,1880.0,2237.0,682.0,2178.0,1718.0,2174.0,643.0,465.0,469.0,2376.0,1308.0,2491.0,488.0,570.0,1302.0,2143.0,864.0,696.0,1350.0,792.0,2176.0,1302.0,00000000000000000a2c,145.131814995395,C0904F09
1282.0,2745.0,2587.0,1034.0,1081.0,2040.0,2054.0,1102.0,709.0,2966.0,2853.0,1281.0,1615.0,2512.0,749.0,2676.0,2337.0,1738.0,2239.0,1183.0,3023.0,838.0,1421.0,1622.0,2371.0,1098.0,1722.0,1183.0,2776.0,2327.0,907.0,2757.0,1725.0,1098.0,1029.0,1506.0,2741.0,1606.0,946.0,2464.0,2863.0,1100.0,2748.0,2392.0,2711.0,1062.0,833.0,804.0,2931.0,1862.0,3009.0,917.0,937.0,1877.0,2810.0,1385.0,1097.0,1841.0,1247.0,2755.0,1846.0,00000000000000000a2d,95.5550905198561,C0904F79
875.0,2205.0,2000.0,663.0,677.0,1674.0,1698.0,681.0,421.0,2547.0,2500.0,826.0,1235.0,1996.0,473.0,2115.0,1699.0,1259.0,1739.0,775.0,2684.0,507.0,927.0,1173.0,1742.0,701.0,1240.0,731.0,2320.0,1850.0,539.0,2269.0,1250.0,656.0,665.0,1081.0,2318.0,1113.0,533.0,1938.0,2573.0,713.0,2295.0,1854.0,2425.0,777.0,558.0,503.0,2464.0,1429.0,2444.0,543.0,612.0,1321.0,2117.0,910.0,705.0,1385.0,813.0,2262.0,1322.0,00000000000000000a2e,43.1138743547474,C0904P01
907.0,2282.0,2096.0,698.0,733.0,1677.0,1692.0,712.0,448.0,2581.0,2578.0,903.0,1258.0,2058.0,462.0,2234.0,1877.0,1329.0,1852.0,793.0,2713.0,535.0,1002.0,1259.0,1843.0,737.0,1275.0,817.0,2328.0,1930.0,586.0,2314.0,1346.0,749.0,681.0,1105.0,2396.0,1193.0,588.0,2010.0,2509.0,766.0,2331.0,1950.0,2431.0,753.0,550.0,530.0,2537.0,1464.0,2552.0,556.0,635.0,1449.0,2282.0,973.0,755.0,1452.0,862.0,2374.0,1432.0,00000000000000000a2f,39.467336381917,C0904P02
993.0,2293.0,2185.0,777.0,856.0,1754.0,1728.0,810.0,513.0,2561.0,2559.0,1016.0,1319.0,2105.0,552.0,2275.0,1990.0,1451.0,1964.0,852.0,2595.0,625.0,1139.0,1360.0,1946.0,814.0,1364.0,884.0,2353.0,2052.0,696.0,2336.0,1393.0,864.0,759.0,1145.0,2462.0,1274.0,688.0,2097.0,2422.0,854.0,2318.0,2028.0,2406.0,798.0,572.0,606.0,2619.0,1529.0,2655.0,615.0,723.0,1580.0,2385.0,1068.0,835.0,1549.0,988.0,2419.0,1543.0,00000000000000000a30,120.198394472118,C0904P04
1308.0,2400.0,2432.0,1004.0,1165.0,2009.0,1915.0,1086.0,802.0,2649.0,2597.0,1438.0,1591.0,2378.0,841.0,2374.0,2340.0,1792.0,2220.0,1216.0,2619.0,908.0,1429.0,1682.0,2214.0,1123.0,1508.0,1110.0,2429.0,2237.0,989.0,2494.0,1691.0,1159.0,1024.0,1433.0,2540.0,1574.0,1003.0,2378.0,2510.0,1112.0,2503.0,2166.0,2512.0,1049.0,836.0,907.0,2669.0,1882.0,2730.0,893.0,978.0,1864.0,2531.0,1328.0,1163.0,1971.0,1209.0,2549.0,1802.0,00000000000000000a31,40.0689540902937,C0904P05
1237.0,2604.0,2467.0,969.0,1132.0,2018.0,1999.0,1079.0,723.0,2877.0,2741.0,1278.0,1638.0,2377.0,731.0,2597.0,2311.0,1708.0,2270.0,1087.0,2829.0,817.0,1428.0,1618.0,2260.0,1058.0,1654.0,1123.0,2638.0,2315.0,917.0,2643.0,1700.0,1100.0,955.0,1475.0,2723.0,1619.0,904.0,2386.0,2721.0,1070.0,2634.0,2327.0,2633.0,1042.0,765.0,820.0,2771.0,1763.0,2918.0,819.0,923.0,1935.0,2717.0,1312.0,1033.0,1792.0,1213.0,2694.0,1884.0,00000000000000000a32,63.4977327122006,C0904P06
793.0,2032.0,1940.0,606.0,676.0,1456.0,1419.0,618.0,423.0,2340.0,2267.0,831.0,1035.0,1862.0,429.0,2007.0,1790.0,1204.0,1609.0,706.0,2364.0,482.0,901.0,1156.0,1667.0,645.0,1063.0,677.0,2066.0,1693.0,555.0,2166.0,1163.0,699.0,610.0,878.0,2146.0,1018.0,573.0,1861.0,2177.0,682.0,2148.0,1641.0,2106.0,612.0,471.0,462.0,2324.0,1303.0,2462.0,490.0,567.0,1257.0,2131.0,842.0,717.0,1386.0,777.0,2129.0,1238.0,00000000000000000a33,88.4127573070316,C0904R01
859.0,1978.0,1932.0,625.0,687.0,1438.0,1398.0,625.0,440.0,2247.0,2228.0,936.0,1037.0,1849.0,452.0,1942.0,1849.0,1239.0,1615.0,738.0,2325.0,500.0,921.0,1190.0,1704.0,666.0,1072.0,693.0,2020.0,1702.0,589.0,2059.0,1173.0,728.0,631.0,887.0,2104.0,1017.0,603.0,1869.0,2113.0,699.0,2051.0,1638.0,2060.0,621.0,484.0,505.0,2286.0,1326.0,2419.0,502.0,594.0,1281.0,2094.0,872.0,748.0,1445.0,798.0,2103.0,1248.0,00000000000000000a34,75.9758121592599,C0904R02
632.0,1824.0,1596.0,482.0,540.0,1397.0,1334.0,514.0,364.0,2171.0,2022.0,646.0,980.0,1562.0,399.0,1730.0,1280.0,852.0,1337.0,568.0,2407.0,382.0,659.0,911.0,1183.0,514.0,854.0,485.0,1952.0,1428.0,434.0,1992.0,919.0,485.0,527.0,781.0,1846.0,807.0,371.0,1521.0,2181.0,528.0,2017.0,1347.0,1929.0,680.0,474.0,406.0,1923.0,984.0,2008.0,394.0,478.0,919.0,1619.0,619.0,569.0,975.0,546.0,1805.0,983.0,00000000000000000a35,91.573076607963,C0904R05
667.0,1882.0,1690.0,507.0,571.0,1427.0,1362.0,538.0,362.0,2217.0,2125.0,676.0,1003.0,1636.0,387.0,1806.0,1430.0,949.0,1420.0,597.0,2390.0,401.0,723.0,978.0,1324.0,541.0,932.0,526.0,1988.0,1515.0,457.0,2030.0,988.0,524.0,532.0,813.0,1959.0,868.0,412.0,1615.0,2189.0,565.0,2040.0,1453.0,1999.0,652.0,456.0,404.0,2054.0,1078.0,2075.0,415.0,488.0,1028.0,1758.0,683.0,591.0,1086.0,597.0,1915.0,1065.0,00000000000000000a36,9.202501507719,C0904R06
824.0,1947.0,1914.0,626.0,687.0,1422.0,1379.0,625.0,438.0,2191.0,2191.0,881.0,1020.0,1829.0,444.0,1912.0,1815.0,1249.0,1600.0,741.0,2222.0,506.0,916.0,1183.0,1682.0,670.0,1059.0,701.0,1967.0,1663.0,583.0,2024.0,1181.0,733.0,631.0,875.0,2075.0,1012.0,607.0,1839.0,2050.0,707.0,2016.0,1614.0,2024.0,603.0,479.0,490.0,2240.0,1331.0,2348.0,511.0,584.0,1264.0,2044.0,870.0,751.0,1438.0,800.0,2061.0,1223.0,00000000000000000a37,74.0033252811785,C0904R13
519.0,1586.0,1435.0,466.0,494.0,910.0,899.0,418.0,356.0,1806.0,1477.0,650.0,654.0,1460.0,390.0,1605.0,1231.0,790.0,916.0,495.0,1976.0,347.0,592.0,824.0,1334.0,453.0,637.0,475.0,1689.0,1144.0,439.0,1767.0,781.0,454.0,426.0,513.0,1498.0,649.0,393.0,1415.0,1602.0,462.0,1743.0,911.0,1459.0,448.0,427.0,383.0,1587.0,854.0,1877.0,354.0,383.0,776.0,1758.0,567.0,591.0,946.0,503.0,1509.0,842.0,00000000000000000a38,23.7055508753652,C0904R14
805.0,2157.0,1855.0,569.0,658.0,1720.0,1643.0,647.0,451.0,2444.0,2417.0,825.0,1225.0,1813.0,489.0,2042.0,1539.0,1112.0,1648.0,746.0,2754.0,461.0,782.0,1146.0,1463.0,677.0,1119.0,569.0,2273.0,1699.0,520.0,2234.0,1146.0,571.0,632.0,1034.0,2230.0,1024.0,441.0,1780.0,2550.0,640.0,2334.0,1633.0,2343.0,840.0,569.0,490.0,2297.0,1233.0,2210.0,482.0,580.0,1130.0,1827.0,815.0,642.0,1204.0,627.0,2134.0,1189.0,00000000000000000a39,98.4487796860132,C0904W01
1226.0,2635.0,2458.0,958.0,1102.0,2008.0,1989.0,1053.0,701.0,2898.0,2797.0,1239.0,1593.0,2371.0,709.0,2613.0,2304.0,1674.0,2240.0,1077.0,2911.0,792.0,1379.0,1598.0,2254.0,1040.0,1650.0,1098.0,2662.0,2316.0,876.0,2641.0,1682.0,1080.0,931.0,1437.0,2729.0,1581.0,885.0,2381.0,2749.0,1043.0,2626.0,2338.0,2638.0,1028.0,748.0,777.0,2791.0,1751.0,2914.0,799.0,904.0,1881.0,2720.0,1313.0,1006.0,1780.0,1189.0,2705.0,1840.0,00000000000000000a3a,55.9012122078128,C0904W07
1250.0,2659.0,2452.0,1049.0,1015.0,1941.0,2042.0,1082.0,655.0,3009.0,2826.0,1095.0,1579.0,2478.0,744.0,2603.0,2151.0,1581.0,2033.0,1154.0,2934.0,797.0,1359.0,1396.0,2342.0,1004.0,1724.0,1102.0,2828.0,2249.0,821.0,2704.0,1554.0,1023.0,1019.0,1547.0,2686.0,1573.0,940.0,2384.0,2945.0,1072.0,2707.0,2305.0,2664.0,1035.0,833.0,740.0,2767.0,1848.0,2933.0,980.0,942.0,1792.0,2760.0,1286.0,1080.0,1714.0,1259.0,2582.0,1744.0,00000000000000000a3b,85.4162967014828,C0904W73
800.0,2088.0,1976.0,607.0,667.0,1540.0,1526.0,632.0,397.0,2414.0,2352.0,827.0,1128.0,1905.0,422.0,2054.0,1747.0,1208.0,1694.0,682.0,2480.0,474.0,913.0,1161.0,1686.0,649.0,1122.0,700.0,2141.0,1780.0,547.0,2187.0,1204.0,675.0,617.0,953.0,2221.0,1067.0,520.0,1890.0,2290.0,689.0,2181.0,1750.0,2218.0,663.0,472.0,467.0,2375.0,1300.0,2449.0,483.0,565.0,1310.0,2132.0,865.0,680.0,1313.0,777.0,2203.0,1310.0,00000000000000000a3c,101.660505169282,C0904W84
791.0,2048.0,1940.0,593.0,682.0,1505.0,1468.0,633.0,410.0,2377.0,2289.0,822.0,1082.0,1868.0,429.0,2026.0,1736.0,1194.0,1645.0,707.0,2413.0,470.0,906.0,1147.0,1658.0,649.0,1096.0,675.0,2094.0,1737.0,542.0,2179.0,1167.0,692.0,602.0,915.0,2169.0,1046.0,561.0,1861.0,2221.0,671.0,2176.0,1688.0,2142.0,636.0,464.0,459.0,2346.0,1292.0,2474.0,485.0,565.0,1279.0,2125.0,851.0,701.0,1353.0,776.0,2153.0,1276.0,00000000000000000a3d,56.1685674136905,C0904X01
587.0,1702.0,1618.0,503.0,523.0,1031.0,1009.0,453.0,383.0,1910.0,1709.0,732.0,694.0,1613.0,404.0,1724.0,1463.0,962.0,1064.0,565.0,2033.0,375.0,641.0,971.0,1517.0,525.0,706.0,508.0,1792.0,1234.0,453.0,1848.0,896.0,499.0,487.0,604.0,1681.0,737.0,447.0,1573.0,1774.0,510.0,1838.0,1059.0,1658.0,440.0,429.0,403.0,1764.0,1023.0,2081.0,393.0,423.0,862.0,1871.0,638.0,642.0,1139.0,565.0,1708.0,896.0,00000000000000000a3e,35.4211672452338,C0904X02
715.0,2001.0,1718.0,508.0,604.0,1591.0,1516.0,585.0,401.0,2302.0,2229.0,734.0,1118.0,1682.0,450.0,1889.0,1406.0,986.0,1516.0,668.0,2589.0,411.0,719.0,1037.0,1310.0,603.0,971.0,508.0,2114.0,1572.0,472.0,2116.0,1042.0,521.0,583.0,928.0,2051.0,928.0,396.0,1641.0,2377.0,578.0,2188.0,1497.0,2154.0,776.0,518.0,443.0,2121.0,1111.0,2080.0,436.0,521.0,1023.0,1704.0,715.0,601.0,1083.0,575.0,1981.0,1089.0,00000000000000000a3f,16.7860990642406,C0905C02
699.0,1942.0,1719.0,514.0,587.0,1516.0,1458.0,567.0,379.0,2260.0,2203.0,709.0,1069.0,1678.0,414.0,1850.0,1438.0,981.0,1488.0,637.0,2492.0,409.0,729.0,1013.0,1351.0,579.0,967.0,528.0,2061.0,1567.0,467.0,2058.0,1029.0,519.0,554.0,881.0,2021.0,908.0,403.0,1649.0,2282.0,578.0,2098.0,1511.0,2102.0,713.0,488.0,419.0,2116.0,1114.0,2058.0,430.0,505.0,1046.0,1746.0,712.0,594.0,1092.0,593.0,1972.0,1091.0,00000000000000000a40,27.7202624596911,C0905C06
585.0,1701.0,1496.0,462.0,508.0,1160.0,1137.0,449.0,346.0,2018.0,1794.0,659.0,806.0,1480.0,371.0,1656.0,1256.0,775.0,1141.0,510.0,2224.0,345.0,630.0,847.0,1205.0,470.0,757.0,458.0,1820.0,1315.0,421.0,1873.0,810.0,456.0,475.0,653.0,1673.0,744.0,364.0,1451.0,1960.0,475.0,1850.0,1142.0,1709.0,538.0,431.0,381.0,1787.0,874.0,2068.0,340.0,413.0,864.0,1679.0,568.0,576.0,942.0,511.0,1714.0,935.0,00000000000000000a41,23.9689276561365,C0905C09
780.0,2082.0,1825.0,555.0,636.0,1642.0,1598.0,623.0,425.0,2378.0,2350.0,799.0,1179.0,1803.0,463.0,1971.0,1530.0,1090.0,1610.0,718.0,2662.0,445.0,785.0,1130.0,1441.0,652.0,1071.0,581.0,2183.0,1664.0,506.0,2171.0,1130.0,558.0,617.0,993.0,2162.0,1000.0,433.0,1766.0,2452.0,628.0,2236.0,1612.0,2281.0,794.0,544.0,462.0,2265.0,1225.0,2198.0,473.0,558.0,1122.0,1806.0,805.0,630.0,1193.0,627.0,2098.0,1176.0,00000000000000000a42,22.5922880622696,C0905C11
636.0,1824.0,1605.0,478.0,536.0,1410.0,1351.0,517.0,356.0,2150.0,2052.0,640.0,987.0,1565.0,392.0,1734.0,1298.0,881.0,1358.0,578.0,2373.0,382.0,659.0,921.0,1215.0,525.0,875.0,483.0,1957.0,1445.0,426.0,1969.0,929.0,482.0,514.0,801.0,1877.0,822.0,377.0,1531.0,2173.0,527.0,1997.0,1376.0,1952.0,668.0,460.0,399.0,1955.0,1012.0,1958.0,395.0,472.0,937.0,1622.0,639.0,554.0,994.0,551.0,1830.0,995.0,00000000000000000a43,19.1928024644103,C0905C76
1292.0,2757.0,2594.0,1046.0,1085.0,2034.0,2054.0,1115.0,712.0,2993.0,2858.0,1265.0,1616.0,2529.0,758.0,2692.0,2320.0,1726.0,2215.0,1193.0,3026.0,842.0,1424.0,1601.0,2376.0,1104.0,1727.0,1186.0,2794.0,2321.0,918.0,2771.0,1707.0,1102.0,1051.0,1518.0,2748.0,1604.0,953.0,2476.0,2899.0,1119.0,2764.0,2386.0,2714.0,1071.0,843.0,814.0,2922.0,1872.0,3031.0,946.0,948.0,1870.0,2811.0,1388.0,1115.0,1833.0,1256.0,2734.0,1834.0,00000000000000000a44,33.3016706952035,C0905F01
1276.0,2752.0,2584.0,1034.0,1079.0,2021.0,2040.0,1103.0,710.0,2968.0,2846.0,1263.0,1602.0,2507.0,746.0,2683.0,2317.0,1719.0,2217.0,1176.0,3022.0,832.0,1415.0,1599.0,2362.0,1095.0,1717.0,1175.0,2784.0,2311.0,911.0,2755.0,1701.0,1095.0,1039.0,1495.0,2729.0,1593.0,941.0,2457.0,2881.0,1108.0,2746.0,2378.0,2695.0,1060.0,832.0,804.0,2917.0,1848.0,3010.0,928.0,936.0,1860.0,2801.0,1377.0,1104.0,1825.0,1244.0,2734.0,1828.0,00000000000000000a45,55.986729053287,C0905F03
770.0,2113.0,1803.0,542.0,631.0,1667.0,1585.0,618.0,425.0,2400.0,2354.0,789.0,1177.0,1766.0,465.0,1999.0,1493.0,1060.0,1591.0,711.0,2709.0,434.0,753.0,1099.0,1409.0,644.0,1032.0,542.0,2232.0,1644.0,497.0,2197.0,1100.0,541.0,610.0,990.0,2172.0,981.0,412.0,1729.0,2502.0,613.0,2290.0,1575.0,2281.0,810.0,542.0,464.0,2239.0,1185.0,2170.0,459.0,551.0,1083.0,1786.0,779.0,620.0,1156.0,597.0,2080.0,1145.0,00000000000000000a46,67.9575703581686,C0905F04
949.0,2307.0,2111.0,737.0,726.0,1749.0,1758.0,736.0,433.0,2630.0,2578.0,884.0,1323.0,2103.0,493.0,2240.0,1809.0,1347.0,1847.0,841.0,2732.0,558.0,1017.0,1255.0,1870.0,756.0,1323.0,839.0,2400.0,1969.0,594.0,2356.0,1341.0,736.0,728.0,1182.0,2430.0,1218.0,604.0,2036.0,2640.0,791.0,2390.0,1971.0,2499.0,795.0,585.0,566.0,2588.0,1532.0,2569.0,609.0,669.0,1469.0,2250.0,1013.0,772.0,1479.0,900.0,2372.0,1442.0,00000000000000000a47,27.7291967432157,C0905F05
1064.0,2486.0,2231.0,848.0,831.0,1818.0,1846.0,855.0,488.0,2758.0,2674.0,976.0,1428.0,2225.0,560.0,2414.0,1948.0,1453.0,1954.0,956.0,2799.0,636.0,1161.0,1327.0,2039.0,855.0,1466.0,965.0,2557.0,2102.0,665.0,2484.0,1433.0,864.0,807.0,1320.0,2544.0,1375.0,725.0,2139.0,2738.0,873.0,2492.0,2140.0,2546.0,851.0,644.0,625.0,2693.0,1657.0,2724.0,703.0,760.0,1657.0,2482.0,1142.0,864.0,1581.0,1047.0,2480.0,1600.0,00000000000000000a48,41.3082788772236,C0905F07
828.0,2206.0,1893.0,587.0,675.0,1753.0,1685.0,661.0,456.0,2499.0,2469.0,838.0,1244.0,1859.0,502.0,2087.0,1584.0,1151.0,1692.0,765.0,2790.0,473.0,812.0,1159.0,1533.0,695.0,1191.0,592.0,2327.0,1749.0,533.0,2271.0,1168.0,594.0,648.0,1061.0,2273.0,1049.0,459.0,1821.0,2595.0,661.0,2376.0,1693.0,2391.0,851.0,576.0,498.0,2355.0,1280.0,2269.0,502.0,601.0,1164.0,1893.0,846.0,661.0,1243.0,664.0,2175.0,1216.0,00000000000000000a49,162.890464812923,C0905F08
844.0,2210.0,1924.0,620.0,661.0,1694.0,1687.0,659.0,434.0,2519.0,2493.0,811.0,1237.0,1915.0,482.0,2102.0,1612.0,1182.0,1684.0,761.0,2756.0,481.0,850.0,1132.0,1630.0,686.0,1207.0,643.0,2358.0,1780.0,520.0,2258.0,1180.0,602.0,644.0,1064.0,2281.0,1070.0,479.0,1861.0,2614.0,675.0,2324.0,1765.0,2410.0,812.0,565.0,486.0,2394.0,1339.0,2331.0,517.0,600.0,1225.0,1994.0,862.0,671.0,1296.0,729.0,2202.0,1253.0,00000000000000000a4a,75.4683347185367,C0905F10
1297.0,2769.0,2614.0,1052.0,1099.0,2041.0,2060.0,1126.0,728.0,2994.0,2864.0,1290.0,1623.0,2536.0,764.0,2703.0,2347.0,1744.0,2236.0,1200.0,3037.0,852.0,1438.0,1623.0,2388.0,1120.0,1734.0,1200.0,2798.0,2327.0,933.0,2782.0,1725.0,1115.0,1057.0,1515.0,2751.0,1613.0,959.0,2488.0,2894.0,1128.0,2774.0,2393.0,2715.0,1081.0,852.0,824.0,2937.0,1870.0,3038.0,947.0,951.0,1880.0,2826.0,1400.0,1127.0,1847.0,1258.0,2755.0,1850.0,00000000000000000a4b,49.1798645082932,C0905F12
685.0,1937.0,1660.0,497.0,584.0,1540.0,1467.0,564.0,395.0,2240.0,2154.0,709.0,1078.0,1626.0,434.0,1826.0,1353.0,932.0,1465.0,638.0,2521.0,404.0,698.0,987.0,1246.0,573.0,934.0,497.0,2044.0,1523.0,453.0,2059.0,996.0,506.0,556.0,889.0,1977.0,889.0,382.0,1586.0,2306.0,554.0,2118.0,1442.0,2078.0,755.0,507.0,432.0,2042.0,1059.0,2022.0,417.0,506.0,983.0,1646.0,683.0,581.0,1033.0,558.0,1913.0,1049.0,00000000000000000a4c,6.83064864298039,C0905P02
907.0,2282.0,2096.0,698.0,733.0,1677.0,1692.0,712.0,448.0,2581.0,2578.0,903.0,1258.0,2058.0,462.0,2234.0,1877.0,1329.0,1852.0,793.0,2713.0,535.0,1002.0,1259.0,1843.0,737.0,1275.0,817.0,2328.0,1930.0,586.0,2314.0,1346.0,749.0,681.0,1105.0,2396.0,1193.0,588.0,2010.0,2509.0,766.0,2331.0,1950.0,2431.0,753.0,550.0,530.0,2537.0,1464.0,2552.0,556.0,635.0,1449.0,2282.0,973.0,755.0,1452.0,862.0,2374.0,1432.0,00000000000000000a4d,48.7238135797469,C0905P04
426.0,1410.0,1244.0,394.0,416.0,861.0,844.0,355.0,301.0,1679.0,1400.0,516.0,610.0,1253.0,324.0,1405.0,1015.0,618.0,853.0,404.0,1859.0,282.0,503.0,684.0,1045.0,373.0,580.0,401.0,1519.0,1056.0,354.0,1593.0,646.0,374.0,389.0,464.0,1343.0,583.0,310.0,1202.0,1557.0,392.0,1581.0,850.0,1344.0,407.0,370.0,322.0,1429.0,705.0,1758.0,294.0,331.0,686.0,1470.0,454.0,507.0,781.0,427.0,1357.0,767.0,00000000000000000a4e,126.92192412933,C0905P05
1187.0,2601.0,2404.0,928.0,1057.0,1965.0,1951.0,1013.0,663.0,2864.0,2788.0,1183.0,1546.0,2323.0,675.0,2576.0,2244.0,1619.0,2186.0,1039.0,2900.0,757.0,1329.0,1545.0,2205.0,997.0,1613.0,1057.0,2635.0,2280.0,827.0,2594.0,1626.0,1040.0,895.0,1394.0,2688.0,1533.0,848.0,2330.0,2721.0,1002.0,2576.0,2306.0,2604.0,994.0,714.0,729.0,2757.0,1708.0,2861.0,763.0,867.0,1825.0,2677.0,1272.0,967.0,1731.0,1153.0,2665.0,1790.0,00000000000000000a4f,29.879070051623,C0905P06
1176.0,2588.0,2390.0,920.0,1044.0,1954.0,1941.0,1002.0,654.0,2852.0,2779.0,1170.0,1539.0,2310.0,666.0,2565.0,2228.0,1607.0,2173.0,1029.0,2889.0,749.0,1316.0,1533.0,2192.0,986.0,1600.0,1048.0,2626.0,2270.0,819.0,2580.0,1612.0,1030.0,889.0,1387.0,2678.0,1524.0,838.0,2317.0,2712.0,994.0,2563.0,2295.0,2594.0,982.0,708.0,721.0,2747.0,1698.0,2847.0,755.0,857.0,1815.0,2664.0,1261.0,958.0,1719.0,1144.0,2654.0,1781.0,00000000000000000a50,31.278557393458,C0905P08
622.0,1817.0,1550.0,465.0,534.0,1418.0,1351.0,516.0,365.0,2135.0,1997.0,640.0,981.0,1517.0,398.0,1709.0,1241.0,838.0,1345.0,568.0,2393.0,374.0,637.0,902.0,1126.0,514.0,832.0,465.0,1928.0,1401.0,413.0,1967.0,911.0,468.0,511.0,787.0,1833.0,797.0,355.0,1471.0,2177.0,508.0,2009.0,1327.0,1924.0,700.0,474.0,401.0,1894.0,956.0,1930.0,378.0,468.0,889.0,1553.0,604.0,537.0,938.0,512.0,1778.0,953.0,00000000000000000a51,36.5491065202981,C0905R01
646.0,1836.0,1652.0,490.0,541.0,1396.0,1341.0,519.0,344.0,2187.0,2099.0,640.0,985.0,1605.0,381.0,1761.0,1346.0,908.0,1364.0,582.0,2375.0,385.0,681.0,937.0,1280.0,531.0,897.0,498.0,1988.0,1480.0,439.0,1993.0,936.0,496.0,523.0,793.0,1911.0,834.0,391.0,1581.0,2183.0,549.0,2006.0,1411.0,1971.0,637.0,447.0,393.0,2004.0,1056.0,2016.0,409.0,473.0,977.0,1702.0,666.0,578.0,1040.0,583.0,1871.0,1029.0,00000000000000000a52,33.3992578986456,C0905R03
645.0,1821.0,1641.0,486.0,539.0,1360.0,1305.0,508.0,350.0,2160.0,2062.0,643.0,958.0,1588.0,378.0,1746.0,1377.0,900.0,1339.0,577.0,2331.0,387.0,685.0,934.0,1269.0,516.0,870.0,495.0,1948.0,1450.0,436.0,1985.0,930.0,506.0,512.0,769.0,1884.0,822.0,393.0,1571.0,2142.0,537.0,1988.0,1373.0,1932.0,620.0,445.0,391.0,1979.0,1040.0,2082.0,399.0,470.0,976.0,1708.0,651.0,574.0,1048.0,581.0,1855.0,1020.0,00000000000000000a53,26.3974327705648,C0905R04
635.0,1837.0,1589.0,479.0,544.0,1427.0,1361.0,523.0,368.0,2170.0,2037.0,648.0,996.0,1557.0,404.0,1736.0,1273.0,861.0,1361.0,578.0,2413.0,385.0,656.0,918.0,1172.0,525.0,860.0,481.0,1959.0,1433.0,428.0,1994.0,928.0,482.0,525.0,799.0,1866.0,815.0,370.0,1512.0,2196.0,527.0,2029.0,1361.0,1953.0,698.0,478.0,407.0,1932.0,988.0,1984.0,395.0,480.0,919.0,1601.0,624.0,559.0,970.0,539.0,1813.0,981.0,00000000000000000a54,36.2046559491963,C0905R05
644.0,1783.0,1581.0,483.0,526.0,1323.0,1276.0,488.0,365.0,2140.0,1974.0,670.0,929.0,1537.0,391.0,1695.0,1293.0,835.0,1277.0,557.0,2369.0,371.0,659.0,898.0,1188.0,490.0,826.0,483.0,1912.0,1403.0,438.0,1959.0,902.0,484.0,512.0,743.0,1792.0,786.0,366.0,1513.0,2127.0,509.0,1973.0,1289.0,1871.0,643.0,467.0,411.0,1907.0,957.0,2017.0,367.0,463.0,906.0,1630.0,606.0,568.0,982.0,539.0,1789.0,975.0,00000000000000000a55,36.4780552315809,C0905R06
619.0,1751.0,1541.0,474.0,515.0,1282.0,1237.0,473.0,359.0,2097.0,1912.0,658.0,894.0,1505.0,385.0,1672.0,1267.0,811.0,1237.0,541.0,2320.0,363.0,641.0,879.0,1171.0,482.0,802.0,472.0,1873.0,1367.0,429.0,1927.0,873.0,470.0,501.0,717.0,1749.0,766.0,360.0,1480.0,2074.0,497.0,1933.0,1239.0,1817.0,616.0,460.0,402.0,1856.0,927.0,2009.0,359.0,447.0,881.0,1622.0,589.0,564.0,957.0,524.0,1754.0,951.0,00000000000000000a56,45.8928002631998,C0905R08
841.0,1902.0,1917.0,624.0,653.0,1344.0,1318.0,585.0,443.0,2181.0,2121.0,907.0,960.0,1836.0,444.0,1874.0,1820.0,1226.0,1507.0,730.0,2214.0,500.0,876.0,1175.0,1688.0,650.0,1010.0,680.0,1954.0,1600.0,577.0,2004.0,1161.0,709.0,630.0,825.0,2011.0,963.0,588.0,1850.0,2037.0,697.0,1995.0,1515.0,1979.0,578.0,483.0,493.0,2186.0,1307.0,2325.0,500.0,577.0,1205.0,2023.0,857.0,750.0,1433.0,774.0,2025.0,1184.0,00000000000000000a57,12.7772053782875,C0905R09
615.0,1803.0,1532.0,453.0,527.0,1404.0,1340.0,509.0,356.0,2111.0,1980.0,632.0,970.0,1498.0,391.0,1693.0,1228.0,831.0,1331.0,561.0,2370.0,365.0,627.0,892.0,1115.0,508.0,819.0,453.0,1912.0,1386.0,408.0,1943.0,901.0,459.0,504.0,780.0,1818.0,789.0,349.0,1454.0,2159.0,503.0,1987.0,1313.0,1908.0,690.0,462.0,391.0,1881.0,945.0,1908.0,374.0,459.0,879.0,1537.0,597.0,530.0,927.0,502.0,1764.0,942.0,00000000000000000a58,59.4577325785559,C0905R10
493.0,1544.0,1415.0,446.0,456.0,885.0,859.0,387.0,329.0,1782.0,1485.0,629.0,587.0,1415.0,339.0,1563.0,1260.0,792.0,905.0,468.0,1896.0,321.0,587.0,801.0,1295.0,426.0,657.0,446.0,1635.0,1083.0,386.0,1728.0,723.0,436.0,429.0,500.0,1457.0,640.0,379.0,1372.0,1643.0,454.0,1710.0,895.0,1439.0,378.0,379.0,354.0,1530.0,861.0,1841.0,335.0,355.0,764.0,1720.0,535.0,582.0,966.0,492.0,1494.0,799.0,00000000000000000a59,60.8149539660262,C0905R11
546.0,1637.0,1537.0,488.0,494.0,938.0,917.0,420.0,368.0,1843.0,1601.0,690.0,645.0,1537.0,400.0,1667.0,1372.0,898.0,967.0,525.0,1985.0,359.0,606.0,906.0,1442.0,491.0,678.0,491.0,1731.0,1143.0,430.0,1783.0,837.0,475.0,464.0,544.0,1563.0,678.0,417.0,1502.0,1708.0,485.0,1775.0,967.0,1542.0,412.0,420.0,394.0,1644.0,958.0,2017.0,374.0,409.0,803.0,1802.0,596.0,621.0,1079.0,542.0,1588.0,838.0,00000000000000000a5a,28.7222710172149,C0905X01
668.0,1934.0,1637.0,476.0,566.0,1521.0,1447.0,547.0,372.0,2235.0,2142.0,692.0,1055.0,1604.0,414.0,1828.0,1334.0,915.0,1447.0,622.0,2518.0,384.0,678.0,969.0,1231.0,558.0,912.0,476.0,2046.0,1503.0,443.0,2052.0,974.0,484.0,547.0,870.0,1966.0,870.0,361.0,1565.0,2307.0,544.0,2118.0,1428.0,2068.0,735.0,485.0,412.0,2031.0,1041.0,2016.0,407.0,484.0,962.0,1639.0,668.0,571.0,1014.0,537.0,1901.0,1027.0,00000000000000000a5b,54.5957585197712,C0905X02
816.0,2050.0,1965.0,625.0,696.0,1497.0,1456.0,642.0,430.0,2350.0,2301.0,853.0,1072.0,1890.0,443.0,2024.0,1792.0,1239.0,1658.0,731.0,2366.0,495.0,923.0,1181.0,1698.0,672.0,1088.0,701.0,2084.0,1738.0,569.0,2164.0,1195.0,718.0,627.0,919.0,2177.0,1053.0,592.0,1880.0,2185.0,698.0,2155.0,1691.0,2136.0,630.0,482.0,478.0,2352.0,1335.0,2471.0,508.0,583.0,1296.0,2144.0,875.0,734.0,1407.0,801.0,2159.0,1278.0,00000000000000000a5c,52.8740735440084,C0906C01
1666.0,2796.0,2795.0,1330.0,1553.0,2448.0,2284.0,1452.0,1087.0,3053.0,2989.0,1814.0,2056.0,2760.0,1156.0,2784.0,2681.0,2209.0,2679.0,1568.0,2982.0,1251.0,1857.0,2050.0,2593.0,1467.0,1931.0,1488.0,2840.0,2670.0,1340.0,2892.0,2090.0,1549.0,1361.0,1857.0,2913.0,2012.0,1333.0,2754.0,2916.0,1492.0,2907.0,2637.0,2891.0,1396.0,1124.0,1240.0,2974.0,2301.0,3103.0,1226.0,1319.0,2363.0,2937.0,1691.0,1530.0,2354.0,1600.0,2927.0,2276.0,00000000000000000a5d,49.7943318365283,C0906C02
909.0,2093.0,2026.0,691.0,776.0,1596.0,1568.0,725.0,476.0,2356.0,2394.0,956.0,1161.0,1964.0,504.0,2074.0,1934.0,1336.0,1796.0,806.0,2416.0,565.0,1032.0,1266.0,1805.0,746.0,1199.0,775.0,2147.0,1862.0,638.0,2158.0,1274.0,797.0,682.0,1020.0,2249.0,1158.0,664.0,1963.0,2232.0,770.0,2149.0,1816.0,2206.0,708.0,521.0,540.0,2432.0,1436.0,2484.0,566.0,655.0,1425.0,2210.0,961.0,794.0,1497.0,885.0,2248.0,1382.0,00000000000000000a5e,34.4940878417386,C0906C03
767.0,1982.0,1850.0,559.0,644.0,1444.0,1408.0,584.0,396.0,2318.0,2223.0,805.0,1025.0,1780.0,410.0,1945.0,1691.0,1099.0,1549.0,671.0,2396.0,441.0,854.0,1088.0,1559.0,600.0,1026.0,598.0,2056.0,1661.0,520.0,2127.0,1078.0,628.0,566.0,865.0,2081.0,983.0,514.0,1782.0,2201.0,621.0,2122.0,1583.0,2076.0,620.0,455.0,433.0,2258.0,1203.0,2392.0,448.0,539.0,1203.0,2036.0,782.0,672.0,1293.0,700.0,2080.0,1204.0,00000000000000000a5f,68.9933335128867,C0906C04
961.0,2335.0,2157.0,748.0,768.0,1738.0,1755.0,762.0,462.0,2623.0,2596.0,939.0,1326.0,2116.0,495.0,2283.0,1902.0,1385.0,1903.0,851.0,2730.0,569.0,1062.0,1297.0,1919.0,785.0,1338.0,869.0,2397.0,1997.0,625.0,2372.0,1392.0,787.0,734.0,1188.0,2441.0,1266.0,637.0,2061.0,2576.0,808.0,2389.0,2024.0,2473.0,790.0,586.0,559.0,2611.0,1534.0,2605.0,615.0,675.0,1529.0,2340.0,1041.0,800.0,1511.0,925.0,2428.0,1505.0,00000000000000000a60,117.378165589528,C0906C05
832.0,1906.0,1869.0,590.0,629.0,1333.0,1302.0,567.0,414.0,2194.0,2129.0,919.0,962.0,1789.0,424.0,1870.0,1801.0,1165.0,1507.0,689.0,2283.0,473.0,864.0,1131.0,1647.0,617.0,1004.0,647.0,1965.0,1604.0,560.0,1996.0,1105.0,676.0,599.0,816.0,2005.0,939.0,557.0,1815.0,2062.0,660.0,1995.0,1518.0,1972.0,576.0,458.0,482.0,2185.0,1254.0,2357.0,464.0,558.0,1197.0,2038.0,823.0,714.0,1381.0,743.0,2017.0,1174.0,00000000000000000a61,83.0149014544844,C0906C06
705.0,2010.0,1702.0,498.0,586.0,1572.0,1496.0,567.0,384.0,2302.0,2223.0,724.0,1095.0,1669.0,429.0,1897.0,1393.0,969.0,1497.0,656.0,2594.0,396.0,700.0,1017.0,1300.0,591.0,969.0,498.0,2123.0,1552.0,456.0,2112.0,1018.0,501.0,566.0,908.0,2040.0,907.0,375.0,1629.0,2386.0,564.0,2191.0,1478.0,2147.0,757.0,506.0,430.0,2111.0,1092.0,2080.0,419.0,503.0,1001.0,1700.0,706.0,584.0,1065.0,555.0,1966.0,1067.0,00000000000000000a62,51.2545124727005,C0906C09
777.0,1808.0,1805.0,571.0,584.0,1235.0,1231.0,518.0,402.0,2119.0,1995.0,851.0,870.0,1730.0,409.0,1784.0,1700.0,1101.0,1365.0,652.0,2154.0,445.0,789.0,1078.0,1603.0,574.0,915.0,600.0,1898.0,1507.0,508.0,1926.0,1052.0,631.0,563.0,748.0,1889.0,873.0,518.0,1753.0,1970.0,615.0,1915.0,1392.0,1880.0,524.0,445.0,453.0,2053.0,1182.0,2234.0,423.0,525.0,1095.0,1952.0,769.0,678.0,1318.0,687.0,1927.0,1093.0,00000000000000000a63,49.5976827972262,C0906C10
1058.0,2402.0,2258.0,816.0,916.0,1838.0,1825.0,878.0,560.0,2683.0,2627.0,1061.0,1412.0,2172.0,570.0,2386.0,2067.0,1492.0,2046.0,920.0,2680.0,664.0,1197.0,1407.0,2043.0,884.0,1465.0,953.0,2476.0,2144.0,737.0,2431.0,1483.0,914.0,785.0,1255.0,2549.0,1377.0,739.0,2177.0,2561.0,893.0,2413.0,2156.0,2486.0,849.0,626.0,647.0,2660.0,1586.0,2728.0,663.0,765.0,1677.0,2495.0,1142.0,867.0,1603.0,1050.0,2526.0,1640.0,00000000000000000a64,63.9882549960446,C0906C11
844.0,1962.0,1917.0,604.0,664.0,1397.0,1363.0,599.0,426.0,2254.0,2200.0,920.0,1005.0,1836.0,440.0,1927.0,1829.0,1197.0,1564.0,712.0,2330.0,480.0,896.0,1161.0,1686.0,638.0,1044.0,663.0,2018.0,1666.0,571.0,2057.0,1139.0,699.0,612.0,857.0,2073.0,987.0,577.0,1858.0,2115.0,675.0,2049.0,1588.0,2038.0,605.0,470.0,486.0,2257.0,1288.0,2411.0,481.0,577.0,1245.0,2088.0,846.0,728.0,1410.0,770.0,2084.0,1223.0,00000000000000000a65,84.2472390025097,C0906C12
850.0,2007.0,1945.0,619.0,690.0,1452.0,1411.0,626.0,437.0,2290.0,2259.0,918.0,1044.0,1865.0,448.0,1971.0,1850.0,1229.0,1623.0,733.0,2359.0,495.0,920.0,1183.0,1707.0,663.0,1070.0,685.0,2046.0,1711.0,590.0,2102.0,1170.0,715.0,633.0,892.0,2130.0,1025.0,592.0,1880.0,2147.0,700.0,2089.0,1650.0,2085.0,627.0,482.0,492.0,2315.0,1319.0,2449.0,506.0,586.0,1284.0,2123.0,870.0,749.0,1432.0,788.0,2126.0,1258.0,00000000000000000a66,32.5063286452785,C0906C14
594.0,1645.0,1518.0,473.0,506.0,1080.0,1046.0,429.0,322.0,1983.0,1801.0,694.0,741.0,1499.0,354.0,1627.0,1363.0,877.0,1116.0,507.0,2074.0,347.0,673.0,870.0,1352.0,454.0,752.0,457.0,1745.0,1293.0,415.0,1804.0,818.0,484.0,455.0,634.0,1674.0,748.0,395.0,1499.0,1843.0,481.0,1795.0,1118.0,1693.0,455.0,388.0,364.0,1820.0,949.0,2106.0,331.0,419.0,900.0,1768.0,601.0,587.0,1054.0,541.0,1736.0,926.0,00000000000000000a67,71.0927268283735,C0906C15
1120.0,2473.0,2336.0,866.0,993.0,1909.0,1891.0,946.0,609.0,2753.0,2677.0,1132.0,1479.0,2246.0,620.0,2458.0,2155.0,1563.0,2129.0,979.0,2737.0,714.0,1273.0,1479.0,2120.0,950.0,1533.0,1009.0,2532.0,2208.0,799.0,2505.0,1562.0,974.0,846.0,1319.0,2612.0,1450.0,793.0,2255.0,2617.0,957.0,2487.0,2224.0,2546.0,917.0,667.0,703.0,2713.0,1648.0,2798.0,717.0,813.0,1754.0,2569.0,1205.0,929.0,1674.0,1102.0,2593.0,1714.0,00000000000000000a68,83.6748289539259,C0906C18
781.0,1816.0,1814.0,570.0,590.0,1239.0,1238.0,523.0,402.0,2125.0,2005.0,852.0,878.0,1737.0,406.0,1790.0,1710.0,1106.0,1374.0,653.0,2161.0,444.0,797.0,1086.0,1608.0,576.0,928.0,602.0,1904.0,1518.0,510.0,1927.0,1060.0,631.0,568.0,754.0,1899.0,880.0,518.0,1762.0,1982.0,619.0,1917.0,1400.0,1890.0,531.0,444.0,453.0,2066.0,1190.0,2239.0,425.0,526.0,1105.0,1952.0,773.0,680.0,1328.0,688.0,1935.0,1104.0,00000000000000000a69,60.6899241898098,C0906C22
785.0,2143.0,1824.0,550.0,640.0,1692.0,1615.0,629.0,433.0,2425.0,2384.0,805.0,1197.0,1787.0,469.0,2029.0,1513.0,1083.0,1617.0,727.0,2731.0,443.0,764.0,1119.0,1439.0,659.0,1072.0,550.0,2257.0,1672.0,504.0,2213.0,1117.0,552.0,616.0,1006.0,2201.0,996.0,421.0,1751.0,2530.0,625.0,2317.0,1606.0,2315.0,822.0,550.0,472.0,2268.0,1206.0,2195.0,466.0,561.0,1101.0,1811.0,797.0,625.0,1175.0,607.0,2105.0,1159.0,00000000000000000a6a,216.064169046285,C0906F01
1206.0,2544.0,2422.0,939.0,1098.0,1978.0,1959.0,1046.0,698.0,2819.0,2689.0,1248.0,1595.0,2333.0,707.0,2535.0,2267.0,1676.0,2228.0,1059.0,2760.0,790.0,1390.0,1586.0,2218.0,1031.0,1607.0,1092.0,2580.0,2270.0,896.0,2589.0,1667.0,1070.0,932.0,1435.0,2675.0,1576.0,877.0,2342.0,2658.0,1042.0,2580.0,2280.0,2587.0,1008.0,739.0,795.0,2717.0,1731.0,2855.0,796.0,895.0,1887.0,2661.0,1280.0,1005.0,1758.0,1182.0,2647.0,1836.0,00000000000000000a6b,68.9566963555634,C0906F04
1046.0,2432.0,2138.0,831.0,799.0,1811.0,1888.0,835.0,492.0,2757.0,2749.0,904.0,1424.0,2167.0,580.0,2341.0,1826.0,1388.0,1907.0,928.0,2825.0,611.0,1097.0,1264.0,1962.0,816.0,1439.0,855.0,2620.0,2085.0,614.0,2442.0,1375.0,780.0,793.0,1294.0,2504.0,1331.0,676.0,2040.0,2797.0,832.0,2461.0,2156.0,2569.0,884.0,654.0,565.0,2629.0,1632.0,2621.0,701.0,764.0,1553.0,2368.0,1078.0,827.0,1532.0,990.0,2436.0,1509.0,00000000000000000a6c,104.942742305728,C0906F05
1336.0,2685.0,2530.0,1129.0,1073.0,1984.0,2086.0,1146.0,728.0,3055.0,2854.0,1192.0,1635.0,2551.0,803.0,2637.0,2223.0,1654.0,2084.0,1240.0,2958.0,872.0,1419.0,1462.0,2425.0,1087.0,1793.0,1198.0,2838.0,2288.0,901.0,2755.0,1625.0,1095.0,1098.0,1609.0,2735.0,1635.0,1011.0,2477.0,2965.0,1155.0,2757.0,2344.0,2699.0,1092.0,910.0,814.0,2807.0,1925.0,2988.0,1060.0,991.0,1857.0,2814.0,1372.0,1164.0,1789.0,1338.0,2624.0,1802.0,00000000000000000a6d,62.0867659607547,C0906F07
1049.0,2446.0,2191.0,841.0,813.0,1814.0,1853.0,844.0,480.0,2740.0,2662.0,948.0,1421.0,2200.0,559.0,2368.0,1903.0,1432.0,1929.0,945.0,2778.0,627.0,1142.0,1296.0,2006.0,838.0,1456.0,942.0,2543.0,2088.0,650.0,2455.0,1411.0,838.0,796.0,1315.0,2524.0,1360.0,712.0,2108.0,2736.0,859.0,2464.0,2125.0,2548.0,850.0,645.0,609.0,2670.0,1651.0,2695.0,701.0,753.0,1632.0,2441.0,1118.0,854.0,1565.0,1040.0,2455.0,1578.0,00000000000000000a6e,55.4442204486096,C0906F09
928.0,2305.0,2088.0,726.0,711.0,1740.0,1749.0,722.0,436.0,2620.0,2580.0,867.0,1306.0,2084.0,489.0,2221.0,1786.0,1331.0,1822.0,819.0,2743.0,556.0,987.0,1242.0,1842.0,736.0,1303.0,817.0,2406.0,1939.0,579.0,2342.0,1316.0,709.0,718.0,1158.0,2413.0,1190.0,579.0,2010.0,2645.0,774.0,2372.0,1945.0,2497.0,797.0,582.0,561.0,2574.0,1508.0,2551.0,590.0,657.0,1432.0,2215.0,985.0,756.0,1461.0,875.0,2354.0,1411.0,00000000000000000a6f,169.914698437101,C0906P01
1309.0,2655.0,2536.0,1026.0,1230.0,2112.0,2058.0,1164.0,809.0,2897.0,2814.0,1382.0,1709.0,2471.0,836.0,2646.0,2382.0,1819.0,2342.0,1228.0,2884.0,894.0,1498.0,1718.0,2311.0,1157.0,1663.0,1150.0,2666.0,2380.0,988.0,2720.0,1750.0,1187.0,1041.0,1547.0,2745.0,1708.0,1032.0,2455.0,2732.0,1126.0,2727.0,2354.0,2686.0,1117.0,846.0,886.0,2833.0,1899.0,2984.0,912.0,998.0,1996.0,2768.0,1384.0,1157.0,1969.0,1265.0,2734.0,1948.0,00000000000000000a70,100.501804295108,C0906P03
886.0,2226.0,2007.0,676.0,680.0,1687.0,1714.0,685.0,423.0,2564.0,2523.0,826.0,1249.0,2008.0,478.0,2130.0,1698.0,1268.0,1743.0,783.0,2702.0,517.0,928.0,1174.0,1760.0,703.0,1251.0,742.0,2354.0,1861.0,542.0,2279.0,1252.0,656.0,674.0,1098.0,2334.0,1122.0,539.0,1945.0,2605.0,723.0,2307.0,1872.0,2449.0,784.0,566.0,510.0,2487.0,1444.0,2456.0,553.0,621.0,1333.0,2132.0,920.0,712.0,1397.0,826.0,2275.0,1329.0,00000000000000000a71,141.792807664051,C0906P04
786.0,1981.0,1881.0,582.0,649.0,1414.0,1390.0,586.0,416.0,2330.0,2209.0,833.0,1000.0,1804.0,418.0,1953.0,1740.0,1142.0,1534.0,683.0,2381.0,459.0,866.0,1127.0,1611.0,612.0,1019.0,628.0,2054.0,1660.0,535.0,2135.0,1109.0,654.0,586.0,843.0,2084.0,976.0,536.0,1817.0,2171.0,645.0,2128.0,1575.0,2074.0,603.0,469.0,455.0,2268.0,1237.0,2438.0,461.0,550.0,1203.0,2089.0,803.0,695.0,1342.0,723.0,2096.0,1204.0,00000000000000000a72,63.476482292829,C0906P06
1060.0,2452.0,2150.0,843.0,806.0,1815.0,1892.0,844.0,495.0,2770.0,2769.0,910.0,1437.0,2176.0,589.0,2356.0,1837.0,1399.0,1918.0,935.0,2837.0,621.0,1110.0,1278.0,1971.0,821.0,1449.0,867.0,2641.0,2100.0,614.0,2453.0,1389.0,791.0,801.0,1300.0,2511.0,1340.0,685.0,2047.0,2808.0,838.0,2471.0,2174.0,2569.0,893.0,659.0,575.0,2641.0,1639.0,2628.0,706.0,780.0,1565.0,2381.0,1092.0,828.0,1537.0,1000.0,2447.0,1517.0,00000000000000000a73,103.73335889692,C0906P10
867.0,2197.0,2000.0,659.0,675.0,1661.0,1674.0,674.0,409.0,2520.0,2479.0,825.0,1221.0,1989.0,460.0,2119.0,1715.0,1262.0,1743.0,765.0,2650.0,507.0,928.0,1179.0,1744.0,693.0,1230.0,744.0,2287.0,1847.0,541.0,2249.0,1252.0,666.0,663.0,1074.0,2312.0,1111.0,536.0,1935.0,2528.0,717.0,2279.0,1847.0,2400.0,755.0,543.0,506.0,2463.0,1422.0,2445.0,539.0,609.0,1331.0,2122.0,914.0,705.0,1382.0,811.0,2260.0,1326.0,00000000000000000a74,137.326262493688,C0906R01
885.0,2225.0,2004.0,675.0,678.0,1683.0,1710.0,683.0,422.0,2561.0,2520.0,825.0,1247.0,2005.0,477.0,2129.0,1696.0,1267.0,1740.0,783.0,2701.0,515.0,926.0,1171.0,1759.0,702.0,1248.0,740.0,2353.0,1857.0,542.0,2277.0,1250.0,655.0,674.0,1096.0,2331.0,1120.0,538.0,1942.0,2604.0,723.0,2304.0,1868.0,2445.0,782.0,564.0,509.0,2484.0,1441.0,2454.0,552.0,619.0,1331.0,2131.0,919.0,712.0,1396.0,825.0,2272.0,1327.0,00000000000000000a75,110.047765155353,C0906R04
1284.0,2589.0,2488.0,1003.0,1198.0,2086.0,2026.0,1139.0,792.0,2824.0,2759.0,1371.0,1662.0,2432.0,822.0,2578.0,2341.0,1790.0,2310.0,1219.0,2806.0,877.0,1469.0,1689.0,2263.0,1139.0,1607.0,1107.0,2599.0,2345.0,965.0,2664.0,1705.0,1160.0,1021.0,1510.0,2685.0,1662.0,1016.0,2416.0,2664.0,1105.0,2671.0,2317.0,2639.0,1093.0,820.0,867.0,2769.0,1879.0,2912.0,899.0,971.0,1943.0,2697.0,1348.0,1158.0,1963.0,1232.0,2676.0,1896.0,00000000000000000a76,78.8928950017413,C0906R05
367.0,1308.0,1153.0,357.0,403.0,671.0,700.0,353.0,283.0,1447.0,1204.0,492.0,546.0,1172.0,318.0,1311.0,974.0,636.0,690.0,398.0,1605.0,256.0,473.0,654.0,1012.0,349.0,538.0,385.0,1384.0,884.0,369.0,1458.0,645.0,334.0,328.0,407.0,1209.0,506.0,345.0,1141.0,1316.0,358.0,1385.0,700.0,1125.0,371.0,348.0,311.0,1209.0,624.0,1504.0,292.0,260.0,627.0,1440.0,434.0,453.0,740.0,380.0,1178.0,700.0,00000000000000000a77,30.6281231008419,C0906R06
1089.0,2277.0,2204.0,847.0,995.0,1819.0,1759.0,920.0,648.0,2487.0,2491.0,1164.0,1386.0,2142.0,665.0,2249.0,2115.0,1555.0,2013.0,1019.0,2498.0,728.0,1248.0,1469.0,1973.0,925.0,1369.0,927.0,2286.0,2059.0,792.0,2353.0,1455.0,986.0,847.0,1236.0,2395.0,1386.0,851.0,2133.0,2358.0,930.0,2353.0,2013.0,2349.0,882.0,681.0,709.0,2523.0,1637.0,2588.0,718.0,814.0,1660.0,2362.0,1136.0,985.0,1755.0,1047.0,2386.0,1615.0,00000000000000000a78,126.64355362975,C0906R07
355.0,1273.0,1136.0,360.0,409.0,655.0,670.0,353.0,276.0,1410.0,1170.0,499.0,547.0,1161.0,320.0,1274.0,937.0,620.0,658.0,401.0,1583.0,246.0,481.0,641.0,971.0,338.0,543.0,389.0,1348.0,866.0,372.0,1431.0,634.0,333.0,324.0,398.0,1182.0,505.0,345.0,1119.0,1280.0,360.0,1356.0,671.0,1090.0,380.0,351.0,308.0,1155.0,612.0,1489.0,287.0,250.0,637.0,1398.0,425.0,467.0,735.0,383.0,1147.0,712.0,00000000000000000a79,127.060437718318,C0906R09
881.0,2216.0,2066.0,676.0,723.0,1623.0,1637.0,692.0,438.0,2519.0,2515.0,893.0,1215.0,2015.0,449.0,2179.0,1872.0,1304.0,1823.0,763.0,2623.0,517.0,987.0,1246.0,1818.0,717.0,1235.0,796.0,2249.0,1896.0,586.0,2263.0,1323.0,749.0,659.0,1059.0,2346.0,1167.0,583.0,1977.0,2403.0,749.0,2267.0,1914.0,2355.0,718.0,521.0,508.0,2476.0,1420.0,2515.0,536.0,620.0,1427.0,2263.0,950.0,739.0,1423.0,845.0,2333.0,1410.0,00000000000000000a7a,80.5090055028234,C0906R10
867.0,1990.0,1931.0,622.0,690.0,1447.0,1409.0,625.0,441.0,2273.0,2245.0,947.0,1046.0,1852.0,449.0,1956.0,1849.0,1219.0,1619.0,734.0,2365.0,497.0,922.0,1176.0,1703.0,664.0,1073.0,686.0,2039.0,1714.0,594.0,2079.0,1158.0,711.0,631.0,895.0,2115.0,1023.0,588.0,1873.0,2140.0,695.0,2068.0,1647.0,2075.0,632.0,486.0,505.0,2305.0,1308.0,2441.0,499.0,587.0,1283.0,2113.0,871.0,746.0,1427.0,781.0,2118.0,1258.0,00000000000000000a7b,104.768557395435,C0906R11
872.0,2154.0,2038.0,662.0,725.0,1598.0,1580.0,682.0,432.0,2456.0,2431.0,899.0,1173.0,1966.0,473.0,2126.0,1861.0,1294.0,1782.0,744.0,2505.0,524.0,979.0,1234.0,1785.0,706.0,1166.0,750.0,2212.0,1873.0,605.0,2239.0,1257.0,742.0,662.0,1010.0,2306.0,1136.0,590.0,1965.0,2321.0,739.0,2221.0,1828.0,2270.0,691.0,498.0,512.0,2486.0,1388.0,2553.0,534.0,622.0,1398.0,2244.0,939.0,739.0,1416.0,852.0,2283.0,1382.0,00000000000000000a7c,74.8494193359543,C0906R13
421.0,1395.0,1235.0,390.0,410.0,828.0,818.0,347.0,299.0,1639.0,1355.0,517.0,592.0,1250.0,316.0,1393.0,1007.0,617.0,823.0,405.0,1823.0,280.0,490.0,680.0,1056.0,371.0,566.0,397.0,1501.0,1035.0,350.0,1575.0,645.0,365.0,367.0,443.0,1330.0,561.0,307.0,1199.0,1493.0,379.0,1553.0,817.0,1309.0,402.0,368.0,324.0,1410.0,698.0,1736.0,286.0,317.0,671.0,1470.0,456.0,484.0,771.0,411.0,1336.0,752.0,00000000000000000a7d,81.4980920762413,C0906R14
843.0,1930.0,1901.0,598.0,643.0,1352.0,1330.0,576.0,420.0,2243.0,2155.0,921.0,969.0,1820.0,429.0,1898.0,1812.0,1170.0,1512.0,698.0,2311.0,469.0,877.0,1142.0,1676.0,620.0,1025.0,647.0,2007.0,1634.0,560.0,2034.0,1115.0,676.0,601.0,826.0,2031.0,955.0,555.0,1847.0,2099.0,663.0,2030.0,1534.0,2007.0,585.0,464.0,482.0,2211.0,1260.0,2390.0,462.0,563.0,1209.0,2071.0,830.0,721.0,1392.0,745.0,2058.0,1196.0,00000000000000000a7e,73.3763734434525,C0906R16
1316.0,2746.0,2581.0,1045.0,1197.0,2074.0,2072.0,1148.0,789.0,3009.0,2868.0,1357.0,1697.0,2498.0,787.0,2739.0,2441.0,1791.0,2349.0,1180.0,3011.0,880.0,1492.0,1707.0,2370.0,1146.0,1739.0,1199.0,2752.0,2396.0,972.0,2759.0,1805.0,1187.0,1032.0,1545.0,2821.0,1691.0,971.0,2490.0,2839.0,1141.0,2762.0,2417.0,2734.0,1114.0,833.0,870.0,2906.0,1867.0,3039.0,895.0,986.0,2002.0,2859.0,1408.0,1116.0,1891.0,1272.0,2801.0,1954.0,00000000000000000a7f,159.954620386843,C0906R17
734.0,1826.0,1779.0,567.0,593.0,1222.0,1181.0,516.0,395.0,2121.0,1985.0,850.0,840.0,1744.0,436.0,1813.0,1655.0,1111.0,1286.0,645.0,2196.0,436.0,781.0,1069.0,1640.0,574.0,869.0,567.0,1925.0,1435.0,505.0,1953.0,1018.0,597.0,547.0,742.0,1870.0,865.0,499.0,1748.0,1954.0,600.0,1931.0,1312.0,1861.0,507.0,452.0,445.0,2007.0,1168.0,2237.0,426.0,508.0,1050.0,1990.0,747.0,706.0,1290.0,665.0,1927.0,1048.0,00000000000000000a80,74.4827406427782,C0906R18
873.0,2152.0,2034.0,662.0,726.0,1598.0,1580.0,685.0,434.0,2451.0,2432.0,900.0,1172.0,1963.0,474.0,2124.0,1865.0,1295.0,1783.0,748.0,2504.0,525.0,981.0,1235.0,1785.0,708.0,1165.0,749.0,2211.0,1873.0,606.0,2235.0,1257.0,743.0,662.0,1011.0,2303.0,1138.0,593.0,1962.0,2319.0,739.0,2217.0,1828.0,2267.0,691.0,498.0,512.0,2486.0,1390.0,2550.0,535.0,622.0,1401.0,2243.0,939.0,741.0,1420.0,852.0,2283.0,1383.0,00000000000000000a81,39.980975348365,C0906R19
878.0,2207.0,1999.0,665.0,678.0,1678.0,1704.0,683.0,423.0,2551.0,2506.0,824.0,1238.0,1997.0,475.0,2114.0,1694.0,1260.0,1738.0,777.0,2687.0,509.0,927.0,1172.0,1744.0,701.0,1245.0,731.0,2329.0,1853.0,540.0,2270.0,1250.0,653.0,668.0,1085.0,2320.0,1114.0,533.0,1938.0,2582.0,715.0,2296.0,1859.0,2432.0,782.0,561.0,503.0,2467.0,1434.0,2443.0,547.0,614.0,1319.0,2117.0,910.0,708.0,1388.0,815.0,2263.0,1322.0,00000000000000000a82,38.236037586595,C0906R20
872.0,2189.0,1958.0,660.0,665.0,1656.0,1698.0,669.0,420.0,2536.0,2501.0,806.0,1228.0,1965.0,476.0,2085.0,1646.0,1233.0,1699.0,773.0,2682.0,499.0,901.0,1133.0,1721.0,690.0,1226.0,706.0,2343.0,1821.0,524.0,2245.0,1217.0,632.0,654.0,1076.0,2290.0,1096.0,525.0,1900.0,2593.0,699.0,2271.0,1843.0,2420.0,780.0,562.0,483.0,2435.0,1413.0,2399.0,541.0,609.0,1290.0,2093.0,892.0,692.0,1366.0,810.0,2232.0,1291.0,00000000000000000a83,50.9774162587631,C0906R22
339.0,1239.0,1143.0,368.0,432.0,633.0,646.0,369.0,290.0,1385.0,1161.0,531.0,537.0,1177.0,326.0,1277.0,949.0,645.0,619.0,427.0,1538.0,240.0,490.0,653.0,984.0,350.0,513.0,407.0,1300.0,859.0,400.0,1434.0,664.0,321.0,315.0,408.0,1214.0,521.0,377.0,1125.0,1233.0,373.0,1346.0,633.0,1107.0,363.0,368.0,317.0,1162.0,603.0,1442.0,306.0,220.0,680.0,1417.0,441.0,494.0,765.0,385.0,1174.0,743.0,00000000000000000a84,94.6586830587822,C0906R23
955.0,2107.0,2043.0,727.0,845.0,1636.0,1588.0,779.0,538.0,2316.0,2353.0,1014.0,1206.0,1966.0,551.0,2080.0,1951.0,1389.0,1819.0,876.0,2357.0,610.0,1079.0,1316.0,1816.0,798.0,1215.0,808.0,2116.0,1873.0,679.0,2167.0,1316.0,853.0,722.0,1060.0,2240.0,1206.0,722.0,1971.0,2196.0,801.0,2160.0,1828.0,2192.0,748.0,574.0,585.0,2387.0,1473.0,2440.0,609.0,692.0,1456.0,2185.0,1002.0,848.0,1579.0,921.0,2227.0,1415.0,00000000000000000a85,55.6414013619663,C0906R25
1116.0,2487.0,2314.0,866.0,981.0,1894.0,1880.0,939.0,606.0,2759.0,2689.0,1118.0,1475.0,2230.0,617.0,2469.0,2136.0,1544.0,2108.0,977.0,2770.0,708.0,1256.0,1464.0,2107.0,939.0,1528.0,1000.0,2545.0,2200.0,780.0,2500.0,1543.0,970.0,835.0,1319.0,2604.0,1448.0,787.0,2237.0,2630.0,941.0,2482.0,2218.0,2533.0,914.0,667.0,689.0,2699.0,1635.0,2781.0,708.0,810.0,1742.0,2569.0,1202.0,911.0,1657.0,1093.0,2583.0,1708.0,00000000000000000a86,107.630160981503,C0906R29
1460.0,2821.0,2718.0,1166.0,1369.0,2272.0,2195.0,1298.0,930.0,3078.0,2963.0,1551.0,1858.0,2660.0,963.0,2812.0,2566.0,2010.0,2514.0,1373.0,3040.0,1039.0,1653.0,1898.0,2501.0,1302.0,1808.0,1306.0,2834.0,2536.0,1121.0,2897.0,1933.0,1338.0,1170.0,1691.0,2897.0,1849.0,1157.0,2651.0,2900.0,1275.0,2907.0,2512.0,2841.0,1249.0,966.0,1029.0,2977.0,2095.0,3154.0,1042.0,1128.0,2151.0,2947.0,1531.0,1308.0,2164.0,1410.0,2888.0,2100.0,00000000000000000a87,99.460633377915,C0906R30
347.0,1263.0,1149.0,364.0,427.0,653.0,662.0,368.0,283.0,1405.0,1175.0,523.0,546.0,1181.0,323.0,1293.0,952.0,640.0,643.0,419.0,1570.0,242.0,493.0,653.0,985.0,346.0,526.0,400.0,1331.0,871.0,393.0,1443.0,656.0,324.0,321.0,413.0,1212.0,526.0,367.0,1129.0,1266.0,370.0,1362.0,657.0,1116.0,374.0,362.0,314.0,1177.0,610.0,1470.0,298.0,229.0,674.0,1419.0,438.0,491.0,762.0,383.0,1174.0,739.0,00000000000000000a88,160.257773584208,C0906R31
550.0,1551.0,1417.0,450.0,468.0,982.0,947.0,398.0,311.0,1912.0,1655.0,644.0,669.0,1401.0,343.0,1526.0,1249.0,782.0,992.0,468.0,2004.0,326.0,623.0,800.0,1233.0,418.0,692.0,433.0,1649.0,1166.0,396.0,1744.0,748.0,454.0,438.0,555.0,1528.0,662.0,360.0,1400.0,1762.0,454.0,1726.0,992.0,1555.0,433.0,383.0,350.0,1658.0,853.0,1976.0,307.0,398.0,803.0,1666.0,544.0,562.0,948.0,502.0,1583.0,838.0,00000000000000000a89,64.7813144954475,C0906X03
767.0,1837.0,1812.0,557.0,581.0,1238.0,1230.0,511.0,392.0,2189.0,2031.0,834.0,863.0,1738.0,398.0,1812.0,1692.0,1081.0,1358.0,634.0,2214.0,428.0,790.0,1064.0,1601.0,555.0,924.0,583.0,1944.0,1512.0,503.0,1982.0,1035.0,616.0,550.0,737.0,1912.0,865.0,497.0,1758.0,2021.0,606.0,1971.0,1385.0,1908.0,525.0,438.0,444.0,2077.0,1166.0,2282.0,414.0,514.0,1089.0,1997.0,749.0,675.0,1298.0,676.0,1959.0,1089.0,00000000000000000a8a,55.5488412988621,C0906X04
496.0,1551.0,1406.0,434.0,465.0,911.0,892.0,390.0,327.0,1807.0,1544.0,628.0,635.0,1405.0,352.0,1569.0,1236.0,767.0,938.0,456.0,1943.0,319.0,577.0,799.0,1285.0,430.0,653.0,442.0,1649.0,1126.0,394.0,1727.0,739.0,425.0,428.0,515.0,1490.0,646.0,362.0,1371.0,1659.0,445.0,1710.0,946.0,1481.0,398.0,376.0,359.0,1590.0,843.0,1849.0,328.0,368.0,776.0,1710.0,529.0,571.0,953.0,487.0,1519.0,819.0,00000000000000000a8b,61.5745543314239,C0906X06
844.0,1928.0,1890.0,600.0,648.0,1366.0,1329.0,586.0,420.0,2212.0,2164.0,932.0,989.0,1809.0,434.0,1892.0,1824.0,1187.0,1545.0,702.0,2306.0,481.0,886.0,1150.0,1665.0,632.0,1030.0,661.0,1981.0,1635.0,572.0,2016.0,1126.0,693.0,608.0,839.0,2038.0,964.0,572.0,1834.0,2080.0,671.0,2013.0,1555.0,2000.0,594.0,465.0,491.0,2222.0,1278.0,2382.0,476.0,571.0,1227.0,2058.0,837.0,724.0,1403.0,762.0,2046.0,1200.0,00000000000000000a8c,92.2486680025312,C0906X07
613.0,1632.0,1516.0,460.0,489.0,1079.0,1059.0,423.0,323.0,1988.0,1801.0,685.0,757.0,1475.0,345.0,1596.0,1351.0,853.0,1123.0,512.0,2082.0,346.0,661.0,866.0,1275.0,446.0,754.0,455.0,1741.0,1288.0,416.0,1810.0,828.0,486.0,457.0,623.0,1660.0,727.0,389.0,1475.0,1866.0,479.0,1800.0,1135.0,1686.0,474.0,389.0,363.0,1822.0,945.0,2069.0,327.0,422.0,894.0,1720.0,588.0,565.0,1049.0,540.0,1708.0,924.0,00000000000000000a8d,65.0917427759792,C0906X09
1345.0,2719.0,2542.0,1118.0,1087.0,2026.0,2128.0,1153.0,729.0,3062.0,2889.0,1206.0,1631.0,2569.0,799.0,2664.0,2235.0,1682.0,2114.0,1254.0,2994.0,872.0,1429.0,1476.0,2439.0,1100.0,1810.0,1189.0,2866.0,2319.0,920.0,2763.0,1640.0,1096.0,1096.0,1613.0,2783.0,1637.0,1007.0,2485.0,2982.0,1158.0,2767.0,2374.0,2751.0,1106.0,910.0,815.0,2854.0,1956.0,3034.0,1064.0,984.0,1853.0,2835.0,1373.0,1167.0,1818.0,1331.0,2665.0,1804.0,00000000000000000a8e,39.729005964379,C0907C02
1433.0,2838.0,2721.0,1151.0,1319.0,2216.0,2182.0,1258.0,902.0,3117.0,2951.0,1502.0,1831.0,2631.0,904.0,2831.0,2564.0,1960.0,2482.0,1291.0,3061.0,1005.0,1626.0,1852.0,2502.0,1254.0,1829.0,1319.0,2855.0,2514.0,1095.0,2899.0,1933.0,1293.0,1143.0,1664.0,2928.0,1815.0,1085.0,2637.0,2938.0,1262.0,2893.0,2515.0,2837.0,1214.0,940.0,1004.0,2985.0,2004.0,3168.0,992.0,1097.0,2142.0,2975.0,1514.0,1228.0,2046.0,1397.0,2903.0,2088.0,00000000000000000a8f,102.663157764809,C0907C03
1353.0,2758.0,2625.0,1076.0,1242.0,2134.0,2111.0,1184.0,828.0,3034.0,2872.0,1411.0,1755.0,2532.0,830.0,2750.0,2473.0,1855.0,2394.0,1204.0,2981.0,928.0,1542.0,1754.0,2412.0,1175.0,1761.0,1241.0,2779.0,2436.0,1023.0,2806.0,1844.0,1208.0,1065.0,1589.0,2856.0,1735.0,1004.0,2542.0,2864.0,1183.0,2797.0,2443.0,2761.0,1145.0,866.0,928.0,2908.0,1895.0,3078.0,917.0,1023.0,2061.0,2886.0,1435.0,1142.0,1933.0,1317.0,2828.0,2009.0,00000000000000000a90,37.2885684716522,C0907C05
1297.0,2679.0,2500.0,1092.0,1048.0,1968.0,2071.0,1117.0,698.0,3036.0,2844.0,1151.0,1612.0,2524.0,778.0,2628.0,2196.0,1624.0,2064.0,1202.0,2955.0,840.0,1393.0,1432.0,2396.0,1051.0,1762.0,1158.0,2837.0,2272.0,871.0,2735.0,1594.0,1064.0,1063.0,1583.0,2720.0,1609.0,981.0,2443.0,2961.0,1119.0,2737.0,2328.0,2692.0,1067.0,878.0,783.0,2795.0,1892.0,2973.0,1026.0,967.0,1831.0,2797.0,1331.0,1129.0,1759.0,1306.0,2612.0,1778.0,00000000000000000a91,40.4410226109323,C0907C06
1402.0,2844.0,2742.0,1151.0,1189.0,2134.0,2144.0,1218.0,814.0,3082.0,2924.0,1442.0,1706.0,2658.0,843.0,2778.0,2508.0,1890.0,2348.0,1312.0,3117.0,953.0,1541.0,1784.0,2517.0,1232.0,1845.0,1311.0,2861.0,2409.0,1034.0,2887.0,1880.0,1210.0,1160.0,1604.0,2847.0,1706.0,1056.0,2613.0,2932.0,1239.0,2885.0,2457.0,2799.0,1169.0,943.0,931.0,3027.0,2006.0,3140.0,1044.0,1027.0,1982.0,2951.0,1532.0,1238.0,1986.0,1346.0,2876.0,1963.0,00000000000000000a92,100.692080678462,C0907C11
1270.0,2684.0,2459.0,1044.0,1024.0,1965.0,2075.0,1089.0,664.0,3019.0,2836.0,1122.0,1592.0,2486.0,749.0,2629.0,2152.0,1604.0,2058.0,1177.0,2969.0,803.0,1359.0,1406.0,2350.0,1026.0,1741.0,1110.0,2839.0,2270.0,852.0,2720.0,1568.0,1026.0,1025.0,1565.0,2727.0,1593.0,942.0,2396.0,2950.0,1081.0,2712.0,2318.0,2707.0,1042.0,840.0,748.0,2801.0,1865.0,2986.0,988.0,932.0,1812.0,2792.0,1299.0,1090.0,1739.0,1264.0,2614.0,1758.0,00000000000000000a93,56.1400647970659,C0907F01
1425.0,2690.0,2612.0,1225.0,1137.0,2036.0,2140.0,1213.0,802.0,3090.0,2901.0,1276.0,1686.0,2631.0,864.0,2645.0,2296.0,1752.0,2140.0,1332.0,2962.0,953.0,1498.0,1555.0,2508.0,1167.0,1875.0,1296.0,2844.0,2353.0,987.0,2789.0,1724.0,1175.0,1202.0,1659.0,2781.0,1687.0,1087.0,2563.0,2970.0,1255.0,2796.0,2402.0,2744.0,1156.0,994.0,886.0,2855.0,2034.0,3024.0,1155.0,1073.0,1910.0,2851.0,1464.0,1265.0,1886.0,1430.0,2675.0,1854.0,00000000000000000a94,80.7115526974199,C0907F02
1323.0,2784.0,2609.0,1049.0,1184.0,2049.0,2069.0,1141.0,785.0,3043.0,2907.0,1350.0,1662.0,2540.0,774.0,2775.0,2487.0,1780.0,2353.0,1195.0,3085.0,873.0,1482.0,1707.0,2396.0,1151.0,1726.0,1203.0,2763.0,2395.0,952.0,2773.0,1817.0,1196.0,1027.0,1530.0,2825.0,1675.0,968.0,2507.0,2861.0,1134.0,2784.0,2436.0,2753.0,1112.0,839.0,851.0,2942.0,1895.0,3056.0,906.0,975.0,1974.0,2889.0,1415.0,1124.0,1899.0,1257.0,2815.0,1926.0,00000000000000000a95,84.0647906213576,C0907F04
1289.0,2705.0,2499.0,1057.0,1044.0,1997.0,2084.0,1104.0,676.0,3027.0,2850.0,1155.0,1602.0,2515.0,759.0,2650.0,2193.0,1641.0,2097.0,1193.0,2984.0,822.0,1383.0,1456.0,2367.0,1049.0,1748.0,1139.0,2836.0,2296.0,873.0,2735.0,1607.0,1049.0,1041.0,1567.0,2748.0,1598.0,954.0,2430.0,2950.0,1100.0,2732.0,2345.0,2724.0,1059.0,850.0,775.0,2836.0,1892.0,3011.0,990.0,945.0,1827.0,2794.0,1328.0,1103.0,1771.0,1273.0,2640.0,1774.0,00000000000000000a96,48.7202077415148,C0907F06
1253.0,2672.0,2438.0,1034.0,1012.0,1952.0,2063.0,1077.0,652.0,3005.0,2822.0,1103.0,1575.0,2466.0,740.0,2616.0,2134.0,1590.0,2045.0,1159.0,2959.0,791.0,1348.0,1394.0,2331.0,1009.0,1730.0,1098.0,2834.0,2259.0,839.0,2702.0,1554.0,1015.0,1012.0,1547.0,2710.0,1575.0,933.0,2375.0,2939.0,1067.0,2693.0,2303.0,2693.0,1032.0,828.0,735.0,2786.0,1850.0,2969.0,971.0,924.0,1795.0,2774.0,1282.0,1075.0,1725.0,1256.0,2600.0,1740.0,00000000000000000a97,29.5184436858352,C0907F10
1340.0,2748.0,2605.0,1062.0,1229.0,2120.0,2097.0,1170.0,813.0,3021.0,2859.0,1395.0,1739.0,2513.0,818.0,2740.0,2455.0,1833.0,2378.0,1192.0,2974.0,910.0,1525.0,1735.0,2394.0,1164.0,1749.0,1222.0,2769.0,2423.0,1007.0,2791.0,1826.0,1198.0,1051.0,1573.0,2841.0,1719.0,993.0,2523.0,2855.0,1167.0,2782.0,2431.0,2746.0,1131.0,851.0,910.0,2898.0,1876.0,3067.0,904.0,1013.0,2043.0,2873.0,1423.0,1128.0,1913.0,1306.0,2812.0,1993.0,00000000000000000a98,85.127025244239,C0907P01
704.0,1954.0,1695.0,507.0,595.0,1558.0,1486.0,576.0,398.0,2253.0,2194.0,721.0,1094.0,1658.0,439.0,1845.0,1387.0,970.0,1487.0,657.0,2529.0,410.0,709.0,1017.0,1293.0,593.0,960.0,508.0,2068.0,1547.0,463.0,2069.0,1022.0,511.0,569.0,907.0,2017.0,910.0,391.0,1620.0,2322.0,567.0,2136.0,1474.0,2117.0,759.0,512.0,439.0,2084.0,1095.0,2036.0,428.0,510.0,1007.0,1672.0,706.0,590.0,1067.0,567.0,1953.0,1071.0,00000000000000000a99,36.1235427583568,C0907P03
1451.0,2746.0,2642.0,1220.0,1154.0,2078.0,2181.0,1224.0,808.0,3120.0,2932.0,1301.0,1678.0,2662.0,859.0,2693.0,2325.0,1784.0,2179.0,1351.0,3020.0,959.0,1517.0,1583.0,2539.0,1190.0,1894.0,1300.0,2887.0,2386.0,1022.0,2826.0,1753.0,1164.0,1207.0,1660.0,2834.0,1687.0,1077.0,2593.0,3002.0,1268.0,2826.0,2421.0,2798.0,1171.0,999.0,899.0,2909.0,2067.0,3099.0,1168.0,1052.0,1906.0,2891.0,1481.0,1277.0,1917.0,1411.0,2721.0,1852.0,00000000000000000a9a,50.8337296366971,C0907P04
1335.0,2694.0,2530.0,1127.0,1073.0,1987.0,2089.0,1144.0,728.0,3059.0,2862.0,1191.0,1633.0,2552.0,801.0,2645.0,2224.0,1653.0,2085.0,1239.0,2968.0,872.0,1419.0,1460.0,2428.0,1086.0,1792.0,1198.0,2846.0,2289.0,903.0,2759.0,1622.0,1093.0,1098.0,1608.0,2744.0,1633.0,1009.0,2479.0,2974.0,1155.0,2763.0,2344.0,2708.0,1092.0,910.0,814.0,2815.0,1923.0,2996.0,1060.0,988.0,1856.0,2821.0,1369.0,1164.0,1788.0,1336.0,2634.0,1801.0,00000000000000000a9b,98.1375621659648,C0907P05
1324.0,2786.0,2642.0,1073.0,1119.0,2071.0,2084.0,1144.0,748.0,3013.0,2880.0,1336.0,1643.0,2562.0,781.0,2720.0,2393.0,1783.0,2274.0,1229.0,3060.0,877.0,1462.0,1669.0,2421.0,1148.0,1758.0,1227.0,2811.0,2352.0,955.0,2810.0,1769.0,1134.0,1076.0,1535.0,2777.0,1636.0,980.0,2517.0,2898.0,1151.0,2802.0,2415.0,2741.0,1100.0,872.0,846.0,2964.0,1902.0,3062.0,965.0,967.0,1906.0,2862.0,1435.0,1150.0,1884.0,1277.0,2794.0,1880.0,00000000000000000a9c,104.857265491959,C0907P06
1467.0,2870.0,2744.0,1207.0,1322.0,2166.0,2168.0,1265.0,933.0,3162.0,2984.0,1505.0,1809.0,2663.0,901.0,2864.0,2611.0,1940.0,2450.0,1324.0,3145.0,1023.0,1615.0,1859.0,2537.0,1287.0,1873.0,1375.0,2862.0,2495.0,1107.0,2904.0,1967.0,1330.0,1172.0,1663.0,2935.0,1816.0,1098.0,2647.0,2946.0,1280.0,2911.0,2517.0,2844.0,1237.0,980.0,1015.0,3013.0,2029.0,3182.0,1028.0,1105.0,2120.0,3013.0,1567.0,1261.0,2048.0,1405.0,2920.0,2075.0,00000000000000000a9d,105.766168548828,C0907P10
1533.0,2919.0,2826.0,1264.0,1406.0,2290.0,2248.0,1342.0,998.0,3212.0,3026.0,1605.0,1918.0,2733.0,985.0,2918.0,2667.0,2076.0,2562.0,1376.0,3144.0,1114.0,1725.0,1958.0,2607.0,1341.0,1931.0,1451.0,2938.0,2585.0,1199.0,2989.0,2050.0,1403.0,1248.0,1747.0,3010.0,1897.0,1173.0,2742.0,3026.0,1379.0,2983.0,2595.0,2917.0,1294.0,1039.0,1112.0,3064.0,2118.0,3258.0,1089.0,1190.0,2238.0,3068.0,1615.0,1337.0,2154.0,1510.0,2984.0,2178.0,00000000000000000a9e,96.300470154466,C0907R01
1409.0,2658.0,2600.0,1088.0,1303.0,2220.0,2121.0,1224.0,880.0,2899.0,2843.0,1513.0,1772.0,2544.0,920.0,2639.0,2493.0,1924.0,2435.0,1329.0,2858.0,988.0,1572.0,1810.0,2381.0,1242.0,1678.0,1206.0,2679.0,2454.0,1069.0,2746.0,1828.0,1266.0,1113.0,1609.0,2768.0,1759.0,1099.0,2541.0,2750.0,1212.0,2752.0,2426.0,2727.0,1180.0,907.0,974.0,2856.0,2006.0,2980.0,987.0,1073.0,2058.0,2780.0,1456.0,1254.0,2090.0,1323.0,2761.0,1999.0,00000000000000000a9f,83.9939948255436,C0907R03
1482.0,2820.0,2733.0,1176.0,1387.0,2299.0,2208.0,1310.0,941.0,3080.0,2970.0,1579.0,1875.0,2675.0,981.0,2809.0,2590.0,2033.0,2536.0,1396.0,3038.0,1053.0,1671.0,1913.0,2515.0,1318.0,1812.0,1313.0,2837.0,2550.0,1136.0,2905.0,1946.0,1351.0,1183.0,1706.0,2901.0,1866.0,1173.0,2667.0,2906.0,1286.0,2915.0,2528.0,2853.0,1264.0,977.0,1041.0,2976.0,2118.0,3157.0,1051.0,1144.0,2168.0,2950.0,1548.0,1323.0,2190.0,1418.0,2894.0,2112.0,00000000000000000aa0,59.1353040789184,C0907R04
1343.0,2740.0,2610.0,1064.0,1233.0,2123.0,2102.0,1174.0,819.0,3015.0,2854.0,1400.0,1744.0,2518.0,822.0,2732.0,2457.0,1842.0,2382.0,1193.0,2957.0,919.0,1531.0,1742.0,2399.0,1164.0,1748.0,1229.0,2760.0,2424.0,1014.0,2789.0,1829.0,1198.0,1055.0,1579.0,2840.0,1725.0,995.0,2528.0,2846.0,1174.0,2779.0,2429.0,2745.0,1136.0,857.0,919.0,2886.0,1883.0,3057.0,909.0,1014.0,2051.0,2866.0,1423.0,1132.0,1920.0,1308.0,2811.0,1997.0,00000000000000000aa1,36.9544429474027,C0907R05
1447.0,2717.0,2654.0,1122.0,1346.0,2265.0,2164.0,1264.0,911.0,2963.0,2898.0,1554.0,1821.0,2597.0,953.0,2699.0,2545.0,1973.0,2483.0,1366.0,2921.0,1020.0,1619.0,1857.0,2436.0,1279.0,1729.0,1243.0,2737.0,2502.0,1104.0,2807.0,1876.0,1304.0,1147.0,1654.0,2823.0,1806.0,1132.0,2595.0,2810.0,1249.0,2815.0,2474.0,2781.0,1220.0,939.0,1006.0,2908.0,2056.0,3043.0,1018.0,1108.0,2110.0,2842.0,1496.0,1289.0,2138.0,1360.0,2818.0,2050.0,00000000000000000aa2,74.2742491420546,C0907R07
1377.0,2824.0,2705.0,1128.0,1166.0,2110.0,2120.0,1194.0,797.0,3048.0,2901.0,1412.0,1677.0,2622.0,824.0,2758.0,2470.0,1851.0,2319.0,1288.0,3090.0,933.0,1512.0,1745.0,2483.0,1208.0,1809.0,1289.0,2838.0,2385.0,1014.0,2857.0,1841.0,1184.0,1137.0,1578.0,2821.0,1676.0,1032.0,2581.0,2917.0,1217.0,2851.0,2435.0,2775.0,1147.0,924.0,906.0,2997.0,1966.0,3107.0,1023.0,1006.0,1946.0,2915.0,1503.0,1212.0,1947.0,1319.0,2847.0,1926.0,00000000000000000aa3,123.407099049001,C0907W02
1399.0,2765.0,2627.0,1157.0,1133.0,2072.0,2145.0,1188.0,770.0,3088.0,2917.0,1283.0,1658.0,2625.0,825.0,2710.0,2320.0,1758.0,2187.0,1300.0,3034.0,917.0,1483.0,1578.0,2485.0,1160.0,1838.0,1254.0,2869.0,2368.0,981.0,2814.0,1727.0,1140.0,1149.0,1618.0,2820.0,1660.0,1033.0,2556.0,2987.0,1213.0,2814.0,2415.0,2784.0,1142.0,943.0,871.0,2919.0,2003.0,3092.0,1092.0,1013.0,1890.0,2868.0,1447.0,1217.0,1885.0,1354.0,2726.0,1842.0,00000000000000000aa4,140.800831404072,C0907W05
1416.0,2698.0,2602.0,1212.0,1127.0,2029.0,2132.0,1203.0,795.0,3084.0,2899.0,1268.0,1673.0,2621.0,853.0,2652.0,2288.0,1740.0,2131.0,1322.0,2970.0,945.0,1486.0,1543.0,2499.0,1159.0,1860.0,1284.0,2849.0,2341.0,980.0,2786.0,1711.0,1159.0,1189.0,1648.0,2783.0,1675.0,1073.0,2553.0,2976.0,1243.0,2791.0,2388.0,2745.0,1144.0,985.0,880.0,2856.0,2019.0,3024.0,1144.0,1057.0,1897.0,2848.0,1452.0,1253.0,1873.0,1411.0,2676.0,1842.0,00000000000000000aa5,72.9443899381694,C0907W06
593.0,1703.0,1622.0,505.0,534.0,1033.0,1009.0,463.0,387.0,1899.0,1715.0,739.0,698.0,1622.0,411.0,1730.0,1467.0,971.0,1062.0,574.0,2031.0,379.0,647.0,980.0,1524.0,538.0,711.0,507.0,1792.0,1230.0,455.0,1843.0,905.0,498.0,490.0,607.0,1683.0,737.0,447.0,1579.0,1772.0,513.0,1833.0,1058.0,1662.0,450.0,434.0,409.0,1767.0,1033.0,2074.0,400.0,424.0,858.0,1863.0,646.0,644.0,1147.0,560.0,1709.0,893.0,00000000000000000aa6,57.0267356912469,C0907X01
981.0,2334.0,2075.0,782.0,742.0,1776.0,1832.0,767.0,470.0,2674.0,2710.0,866.0,1372.0,2101.0,548.0,2250.0,1763.0,1335.0,1851.0,864.0,2782.0,577.0,1006.0,1244.0,1864.0,767.0,1365.0,796.0,2535.0,2010.0,577.0,2362.0,1326.0,720.0,750.0,1219.0,2452.0,1252.0,607.0,1975.0,2725.0,789.0,2394.0,2053.0,2542.0,856.0,630.0,543.0,2580.0,1559.0,2525.0,637.0,720.0,1462.0,2225.0,1018.0,779.0,1478.0,901.0,2393.0,1436.0,00000000000000000aa7,133.053179082422,C0907X02
654.0,1751.0,1699.0,535.0,563.0,1122.0,1086.0,498.0,402.0,1958.0,1818.0,795.0,754.0,1686.0,424.0,1767.0,1567.0,1052.0,1160.0,617.0,2076.0,410.0,697.0,1039.0,1592.0,570.0,757.0,533.0,1838.0,1308.0,482.0,1879.0,967.0,542.0,523.0,673.0,1772.0,795.0,480.0,1663.0,1836.0,557.0,1861.0,1155.0,1751.0,477.0,447.0,428.0,1868.0,1105.0,2115.0,427.0,456.0,929.0,1904.0,699.0,678.0,1218.0,600.0,1809.0,950.0,00000000000000000aa8,98.1119075140027,C0907X03
1257.0,2674.0,2444.0,1034.0,1014.0,1956.0,2068.0,1079.0,653.0,3008.0,2826.0,1106.0,1585.0,2472.0,741.0,2618.0,2139.0,1594.0,2050.0,1163.0,2960.0,792.0,1349.0,1398.0,2337.0,1013.0,1731.0,1098.0,2834.0,2264.0,840.0,2706.0,1559.0,1015.0,1012.0,1557.0,2716.0,1585.0,933.0,2382.0,2939.0,1066.0,2697.0,2308.0,2698.0,1033.0,829.0,737.0,2791.0,1854.0,2974.0,972.0,924.0,1805.0,2779.0,1285.0,1075.0,1729.0,1254.0,2605.0,1750.0,00000000000000000aa9,59.8402784341384,C0907X04
475.0,1451.0,1331.0,419.0,521.0,770.0,775.0,481.0,389.0,1580.0,1264.0,669.0,595.0,1374.0,441.0,1496.0,1212.0,860.0,736.0,587.0,1660.0,329.0,562.0,846.0,1216.0,499.0,538.0,486.0,1490.0,959.0,515.0,1635.0,871.0,409.0,412.0,546.0,1345.0,619.0,516.0,1337.0,1447.0,477.0,1529.0,734.0,1226.0,432.0,457.0,411.0,1239.0,768.0,1738.0,422.0,297.0,752.0,1656.0,567.0,583.0,961.0,471.0,1304.0,784.0,00000000000000000aaa,50.8150194599633,C0908C01
764.0,1770.0,1784.0,570.0,588.0,1195.0,1148.0,523.0,404.0,2019.0,1941.0,880.0,837.0,1733.0,436.0,1754.0,1690.0,1159.0,1304.0,667.0,2095.0,457.0,788.0,1087.0,1602.0,582.0,867.0,585.0,1836.0,1389.0,531.0,1896.0,1062.0,642.0,565.0,731.0,1835.0,851.0,530.0,1734.0,1875.0,634.0,1870.0,1327.0,1820.0,505.0,442.0,466.0,1989.0,1214.0,2154.0,449.0,520.0,1057.0,1924.0,760.0,714.0,1335.0,685.0,1881.0,1032.0,00000000000000000aab,32.7752425131081,C0908C02
682.0,1762.0,1738.0,546.0,567.0,1139.0,1105.0,504.0,406.0,1970.0,1847.0,820.0,769.0,1711.0,427.0,1780.0,1607.0,1091.0,1188.0,635.0,2084.0,419.0,714.0,1063.0,1609.0,576.0,771.0,546.0,1849.0,1322.0,492.0,1899.0,1000.0,563.0,525.0,690.0,1799.0,811.0,492.0,1691.0,1843.0,568.0,1879.0,1189.0,1777.0,484.0,447.0,440.0,1900.0,1140.0,2127.0,436.0,470.0,957.0,1921.0,714.0,685.0,1257.0,615.0,1841.0,968.0,00000000000000000aac,30.2302400916157,C0908C06
503.0,1549.0,1421.0,466.0,489.0,839.0,835.0,410.0,355.0,1733.0,1394.0,646.0,628.0,1446.0,409.0,1563.0,1224.0,809.0,846.0,509.0,1895.0,345.0,578.0,828.0,1321.0,456.0,606.0,476.0,1645.0,1063.0,453.0,1726.0,792.0,452.0,424.0,489.0,1430.0,616.0,407.0,1398.0,1540.0,463.0,1690.0,843.0,1376.0,435.0,429.0,388.0,1489.0,839.0,1952.0,372.0,366.0,742.0,1725.0,565.0,589.0,938.0,496.0,1427.0,812.0,00000000000000000aad,35.8547217387822,C0908C07
676.0,1739.0,1688.0,536.0,545.0,1131.0,1084.0,473.0,375.0,2024.0,1870.0,793.0,775.0,1666.0,410.0,1730.0,1564.0,1043.0,1183.0,601.0,2096.0,410.0,713.0,1007.0,1573.0,539.0,788.0,532.0,1832.0,1331.0,471.0,1857.0,950.0,547.0,518.0,684.0,1765.0,799.0,461.0,1670.0,1862.0,562.0,1838.0,1192.0,1756.0,461.0,433.0,415.0,1892.0,1095.0,2138.0,402.0,466.0,960.0,1898.0,701.0,672.0,1208.0,616.0,1818.0,965.0,00000000000000000aae,21.2778427385527,C0908C08
559.0,1634.0,1554.0,501.0,500.0,923.0,899.0,428.0,384.0,1828.0,1587.0,701.0,641.0,1563.0,412.0,1668.0,1394.0,924.0,947.0,543.0,1962.0,376.0,605.0,925.0,1468.0,510.0,670.0,501.0,1722.0,1107.0,435.0,1776.0,859.0,484.0,468.0,545.0,1552.0,673.0,435.0,1514.0,1696.0,492.0,1769.0,942.0,1535.0,419.0,434.0,409.0,1629.0,983.0,1993.0,386.0,413.0,794.0,1801.0,609.0,623.0,1092.0,549.0,1578.0,826.0,00000000000000000aaf,54.0525271371135,C0908C09
503.0,1551.0,1437.0,461.0,462.0,846.0,829.0,389.0,343.0,1771.0,1470.0,644.0,591.0,1437.0,369.0,1581.0,1276.0,820.0,880.0,480.0,1896.0,335.0,579.0,829.0,1342.0,447.0,655.0,464.0,1644.0,1056.0,399.0,1708.0,760.0,445.0,438.0,491.0,1435.0,627.0,388.0,1398.0,1628.0,455.0,1700.0,878.0,1414.0,380.0,393.0,368.0,1506.0,884.0,1924.0,345.0,378.0,754.0,1726.0,551.0,589.0,997.0,510.0,1463.0,788.0,00000000000000000ab0,26.299913988589,C0908R01
476.0,1453.0,1331.0,420.0,525.0,780.0,784.0,485.0,391.0,1580.0,1276.0,672.0,601.0,1376.0,440.0,1498.0,1213.0,862.0,741.0,591.0,1661.0,330.0,565.0,849.0,1217.0,501.0,542.0,489.0,1490.0,972.0,519.0,1635.0,874.0,406.0,414.0,552.0,1357.0,627.0,513.0,1338.0,1450.0,480.0,1527.0,741.0,1235.0,436.0,461.0,412.0,1245.0,767.0,1728.0,423.0,293.0,760.0,1658.0,570.0,585.0,966.0,468.0,1316.0,794.0,00000000000000000ab1,52.629965708433,C0908R02
552.0,1630.0,1546.0,501.0,497.0,923.0,899.0,423.0,382.0,1831.0,1584.0,694.0,642.0,1552.0,403.0,1662.0,1384.0,912.0,948.0,535.0,1963.0,374.0,604.0,916.0,1456.0,502.0,670.0,501.0,1719.0,1113.0,426.0,1778.0,849.0,476.0,458.0,544.0,1549.0,674.0,423.0,1508.0,1692.0,483.0,1770.0,944.0,1532.0,414.0,433.0,407.0,1627.0,971.0,2002.0,376.0,407.0,797.0,1800.0,602.0,614.0,1084.0,540.0,1576.0,830.0,00000000000000000ab2,30.6428474048826,C0908R03
575.0,1659.0,1584.0,510.0,516.0,950.0,926.0,445.0,394.0,1853.0,1626.0,717.0,659.0,1593.0,421.0,1694.0,1423.0,950.0,974.0,559.0,1984.0,386.0,623.0,950.0,1499.0,526.0,687.0,510.0,1747.0,1132.0,445.0,1804.0,883.0,493.0,478.0,565.0,1593.0,693.0,445.0,1542.0,1720.0,504.0,1795.0,966.0,1573.0,433.0,444.0,419.0,1669.0,1009.0,2021.0,396.0,421.0,811.0,1828.0,624.0,634.0,1117.0,558.0,1617.0,843.0,00000000000000000ab3,8.88339802097449,C0908R05
532.0,1599.0,1505.0,483.0,486.0,885.0,861.0,409.0,364.0,1805.0,1533.0,676.0,615.0,1508.0,391.0,1631.0,1341.0,869.0,911.0,514.0,1940.0,355.0,598.0,878.0,1410.0,480.0,667.0,483.0,1690.0,1081.0,415.0,1750.0,810.0,466.0,450.0,515.0,1497.0,649.0,408.0,1467.0,1664.0,474.0,1741.0,911.0,1479.0,401.0,415.0,389.0,1572.0,933.0,1971.0,364.0,400.0,774.0,1768.0,583.0,608.0,1047.0,532.0,1524.0,807.0,00000000000000000ab4,14.1087107554432,C0908R07
819.0,1819.0,1831.0,605.0,627.0,1269.0,1226.0,565.0,436.0,2079.0,2054.0,906.0,915.0,1766.0,437.0,1786.0,1770.0,1200.0,1442.0,707.0,2127.0,496.0,846.0,1143.0,1610.0,631.0,949.0,661.0,1857.0,1498.0,584.0,1918.0,1123.0,696.0,620.0,776.0,1918.0,902.0,580.0,1774.0,1944.0,684.0,1910.0,1463.0,1887.0,552.0,469.0,499.0,2095.0,1278.0,2218.0,495.0,561.0,1145.0,1949.0,821.0,740.0,1402.0,752.0,1929.0,1117.0,00000000000000000ab5,112.53862573746,C0908R08
853.0,1848.0,1876.0,629.0,657.0,1291.0,1254.0,588.0,465.0,2130.0,2055.0,953.0,946.0,1813.0,469.0,1817.0,1809.0,1233.0,1458.0,741.0,2146.0,520.0,873.0,1181.0,1663.0,658.0,971.0,683.0,1901.0,1529.0,580.0,1964.0,1155.0,715.0,630.0,812.0,1950.0,943.0,596.0,1824.0,1974.0,693.0,1961.0,1455.0,1928.0,582.0,499.0,529.0,2131.0,1311.0,2252.0,503.0,583.0,1183.0,1994.0,852.0,753.0,1440.0,760.0,1975.0,1154.0,00000000000000000ab6,237.314900508933,C0908R09
499.0,1549.0,1400.0,459.0,482.0,879.0,869.0,407.0,350.0,1766.0,1426.0,630.0,635.0,1426.0,384.0,1568.0,1194.0,766.0,886.0,479.0,1935.0,341.0,577.0,801.0,1301.0,441.0,618.0,468.0,1652.0,1113.0,429.0,1728.0,758.0,445.0,412.0,492.0,1453.0,626.0,384.0,1382.0,1559.0,448.0,1707.0,879.0,1414.0,437.0,423.0,377.0,1537.0,828.0,1834.0,346.0,376.0,751.0,1719.0,550.0,575.0,918.0,490.0,1463.0,818.0,00000000000000000ab7,37.7912030590986,C0908R10
760.0,1803.0,1809.0,600.0,625.0,1215.0,1149.0,555.0,427.0,2063.0,1958.0,916.0,844.0,1791.0,474.0,1803.0,1693.0,1214.0,1277.0,703.0,2110.0,477.0,815.0,1137.0,1684.0,617.0,861.0,600.0,1871.0,1381.0,527.0,1953.0,1087.0,636.0,579.0,761.0,1881.0,880.0,539.0,1783.0,1881.0,642.0,1915.0,1270.0,1867.0,523.0,482.0,490.0,2018.0,1246.0,2201.0,468.0,531.0,1057.0,1986.0,783.0,757.0,1369.0,685.0,1939.0,1037.0,00000000000000000ab8,42.8101595383752,C0908R11
1229.0,2358.0,2363.0,941.0,1100.0,1951.0,1866.0,1021.0,745.0,2590.0,2569.0,1336.0,1513.0,2313.0,777.0,2335.0,2271.0,1727.0,2155.0,1150.0,2569.0,839.0,1349.0,1625.0,2145.0,1053.0,1447.0,1037.0,2378.0,2182.0,908.0,2444.0,1625.0,1084.0,948.0,1359.0,2495.0,1503.0,942.0,2307.0,2455.0,1038.0,2448.0,2129.0,2459.0,985.0,779.0,829.0,2639.0,1812.0,2675.0,829.0,911.0,1779.0,2469.0,1265.0,1090.0,1906.0,1138.0,2496.0,1727.0,00000000000000000ab9,62.9162115592273,C0908R12
467.0,1483.0,1340.0,432.0,491.0,780.0,790.0,443.0,356.0,1605.0,1312.0,623.0,600.0,1363.0,417.0,1510.0,1188.0,819.0,779.0,526.0,1738.0,328.0,549.0,806.0,1222.0,461.0,561.0,467.0,1546.0,957.0,460.0,1648.0,819.0,419.0,399.0,511.0,1369.0,594.0,460.0,1325.0,1458.0,445.0,1576.0,785.0,1278.0,428.0,418.0,391.0,1369.0,776.0,1838.0,387.0,324.0,714.0,1657.0,548.0,545.0,903.0,468.0,1342.0,748.0,00000000000000000aba,50.2656569238532,C0908R13
637.0,1746.0,1693.0,525.0,565.0,1103.0,1077.0,503.0,410.0,1911.0,1781.0,787.0,734.0,1694.0,428.0,1781.0,1551.0,1052.0,1131.0,623.0,2045.0,398.0,675.0,1057.0,1598.0,590.0,721.0,525.0,1831.0,1279.0,482.0,1881.0,973.0,528.0,516.0,664.0,1771.0,789.0,482.0,1649.0,1803.0,543.0,1871.0,1110.0,1739.0,479.0,453.0,428.0,1839.0,1110.0,2083.0,443.0,442.0,898.0,1906.0,695.0,672.0,1217.0,583.0,1798.0,929.0,00000000000000000abb,9.50245952192484,C0908R19
650.0,1755.0,1706.0,526.0,573.0,1126.0,1101.0,510.0,410.0,1927.0,1802.0,798.0,751.0,1703.0,434.0,1788.0,1569.0,1056.0,1158.0,630.0,2063.0,397.0,686.0,1061.0,1608.0,595.0,735.0,526.0,1843.0,1307.0,483.0,1889.0,978.0,540.0,516.0,679.0,1789.0,805.0,490.0,1662.0,1818.0,542.0,1879.0,1137.0,1756.0,487.0,451.0,428.0,1861.0,1114.0,2106.0,440.0,452.0,919.0,1915.0,706.0,672.0,1224.0,595.0,1817.0,948.0,00000000000000000abc,5.83722071083087,C0908R20
522.0,1580.0,1490.0,480.0,477.0,860.0,836.0,406.0,365.0,1777.0,1499.0,663.0,601.0,1501.0,392.0,1615.0,1333.0,870.0,884.0,506.0,1906.0,357.0,584.0,875.0,1401.0,474.0,649.0,480.0,1668.0,1044.0,415.0,1725.0,809.0,465.0,448.0,504.0,1464.0,633.0,412.0,1452.0,1642.0,473.0,1720.0,884.0,1447.0,395.0,414.0,390.0,1534.0,932.0,1932.0,366.0,397.0,754.0,1746.0,571.0,604.0,1040.0,530.0,1490.0,786.0,00000000000000000abd,30.3827846711697,C0908R22
517.0,1582.0,1474.0,471.0,467.0,894.0,874.0,399.0,351.0,1809.0,1530.0,661.0,616.0,1474.0,374.0,1615.0,1313.0,846.0,925.0,492.0,1932.0,342.0,589.0,857.0,1374.0,458.0,663.0,477.0,1679.0,1099.0,410.0,1750.0,783.0,456.0,446.0,521.0,1497.0,655.0,398.0,1437.0,1666.0,465.0,1739.0,920.0,1473.0,391.0,402.0,377.0,1567.0,908.0,1974.0,353.0,385.0,780.0,1764.0,566.0,598.0,1026.0,520.0,1526.0,815.0,00000000000000000abe,51.3092989389798,C0908X01
706.0,1748.0,1745.0,551.0,560.0,1139.0,1096.0,498.0,393.0,1975.0,1857.0,836.0,777.0,1699.0,418.0,1755.0,1621.0,1106.0,1201.0,638.0,2079.0,428.0,734.0,1050.0,1592.0,560.0,799.0,551.0,1835.0,1322.0,491.0,1879.0,1005.0,578.0,524.0,693.0,1781.0,808.0,490.0,1697.0,1844.0,579.0,1851.0,1220.0,1767.0,481.0,435.0,441.0,1903.0,1146.0,2113.0,425.0,481.0,979.0,1899.0,720.0,684.0,1267.0,626.0,1833.0,975.0,00000000000000000abf,6.54066578242244,C0908X02
503.0,1546.0,1419.0,466.0,486.0,839.0,834.0,406.0,354.0,1733.0,1393.0,645.0,628.0,1443.0,405.0,1560.0,1220.0,806.0,847.0,505.0,1896.0,345.0,577.0,826.0,1320.0,454.0,605.0,475.0,1643.0,1065.0,452.0,1722.0,787.0,451.0,426.0,487.0,1429.0,616.0,401.0,1395.0,1539.0,464.0,1689.0,843.0,1376.0,432.0,428.0,387.0,1490.0,839.0,1947.0,371.0,366.0,742.0,1721.0,563.0,592.0,937.0,494.0,1426.0,814.0,00000000000000000ac0,30.1266204331474,C0908X05
687.0,1771.0,1746.0,552.0,594.0,1161.0,1125.0,528.0,417.0,1947.0,1857.0,836.0,780.0,1733.0,450.0,1791.0,1606.0,1125.0,1203.0,658.0,2068.0,425.0,729.0,1091.0,1625.0,603.0,781.0,550.0,1848.0,1329.0,499.0,1908.0,1031.0,577.0,536.0,707.0,1823.0,830.0,508.0,1695.0,1826.0,578.0,1886.0,1194.0,1798.0,502.0,458.0,449.0,1914.0,1173.0,2109.0,454.0,477.0,962.0,1929.0,728.0,698.0,1283.0,627.0,1858.0,974.0,00000000000000000ac1,8.65573538015465,C0908X06
561.0,1648.0,1558.0,503.0,507.0,942.0,919.0,431.0,383.0,1844.0,1610.0,706.0,653.0,1561.0,411.0,1678.0,1394.0,920.0,968.0,545.0,1986.0,375.0,615.0,926.0,1466.0,511.0,683.0,503.0,1738.0,1137.0,436.0,1789.0,858.0,485.0,470.0,554.0,1573.0,686.0,430.0,1521.0,1712.0,494.0,1780.0,966.0,1555.0,423.0,435.0,409.0,1654.0,981.0,2019.0,384.0,417.0,809.0,1809.0,612.0,629.0,1097.0,551.0,1599.0,842.0,00000000000000000ac2,38.9445337117318,C0908X07
1458.0,2694.0,2640.0,1272.0,1157.0,2048.0,2153.0,1239.0,822.0,3102.0,2924.0,1284.0,1709.0,2655.0,889.0,2652.0,2317.0,1784.0,2157.0,1356.0,2957.0,977.0,1527.0,1601.0,2523.0,1183.0,1895.0,1319.0,2865.0,2386.0,994.0,2796.0,1760.0,1209.0,1243.0,1681.0,2782.0,1717.0,1119.0,2570.0,2987.0,1286.0,2807.0,2439.0,2733.0,1181.0,1022.0,905.0,2860.0,2066.0,3011.0,1193.0,1126.0,1934.0,2842.0,1499.0,1291.0,1910.0,1456.0,2683.0,1878.0,00000000000000000ac3,1110.70589800366,C0909W03
1458.0,2694.0,2640.0,1272.0,1157.0,2048.0,2153.0,1239.0,822.0,3102.0,2924.0,1284.0,1709.0,2655.0,889.0,2652.0,2317.0,1784.0,2157.0,1356.0,2957.0,977.0,1527.0,1601.0,2523.0,1183.0,1895.0,1319.0,2865.0,2386.0,994.0,2796.0,1760.0,1209.0,1243.0,1681.0,2782.0,1717.0,1119.0,2570.0,2987.0,1286.0,2807.0,2439.0,2733.0,1181.0,1022.0,905.0,2860.0,2066.0,3011.0,1193.0,1126.0,1934.0,2842.0,1499.0,1291.0,1910.0,1456.0,2683.0,1878.0,00000000000000000ac4,1221.48830700825,C0909W04
1500.0,2681.0,2676.0,1351.0,1192.0,2063.0,2168.0,1281.0,865.0,3101.0,2955.0,1301.0,1750.0,2686.0,936.0,2644.0,2346.0,1829.0,2177.0,1391.0,2934.0,1023.0,1570.0,1663.0,2545.0,1205.0,1930.0,1373.0,2869.0,2423.0,1015.0,2798.0,1809.0,1273.0,1308.0,1726.0,2791.0,1769.0,1176.0,2583.0,2990.0,1339.0,2813.0,2484.0,2724.0,1217.0,1076.0,949.0,2873.0,2110.0,2980.0,1256.0,1205.0,1980.0,2823.0,1545.0,1340.0,1942.0,1508.0,2696.0,1922.0,00000000000000000ac5,556.512957164825,C0909W06
1347.0,2694.0,2537.0,1135.0,1082.0,1997.0,2099.0,1151.0,737.0,3054.0,2868.0,1203.0,1639.0,2560.0,805.0,2643.0,2232.0,1666.0,2094.0,1252.0,2967.0,882.0,1429.0,1471.0,2438.0,1098.0,1802.0,1209.0,2843.0,2298.0,919.0,2756.0,1634.0,1100.0,1113.0,1617.0,2754.0,1640.0,1016.0,2488.0,2970.0,1170.0,2761.0,2351.0,2717.0,1100.0,920.0,823.0,2823.0,1937.0,2999.0,1075.0,993.0,1864.0,2821.0,1379.0,1179.0,1800.0,1342.0,2643.0,1810.0,00000000000000000ac6,80.5885084428433,C0910C01
1337.0,2685.0,2533.0,1130.0,1074.0,1983.0,2085.0,1147.0,728.0,3053.0,2855.0,1193.0,1638.0,2553.0,804.0,2638.0,2225.0,1654.0,2083.0,1241.0,2958.0,872.0,1420.0,1463.0,2426.0,1088.0,1793.0,1198.0,2839.0,2287.0,901.0,2754.0,1626.0,1096.0,1098.0,1611.0,2735.0,1637.0,1011.0,2479.0,2966.0,1155.0,2755.0,2343.0,2699.0,1092.0,910.0,814.0,2808.0,1926.0,2984.0,1060.0,992.0,1859.0,2811.0,1374.0,1165.0,1790.0,1339.0,2624.0,1804.0,00000000000000000ac7,62.3007626094366,C0910C02
1320.0,2708.0,2517.0,1100.0,1065.0,1999.0,2103.0,1130.0,712.0,3048.0,2869.0,1178.0,1621.0,2545.0,784.0,2653.0,2213.0,1652.0,2089.0,1228.0,2985.0,854.0,1407.0,1450.0,2418.0,1075.0,1782.0,1171.0,2858.0,2296.0,899.0,2749.0,1613.0,1075.0,1080.0,1601.0,2759.0,1624.0,989.0,2463.0,2979.0,1139.0,2753.0,2351.0,2728.0,1084.0,892.0,797.0,2829.0,1921.0,3010.0,1045.0,968.0,1845.0,2820.0,1349.0,1148.0,1788.0,1313.0,2645.0,1792.0,00000000000000000ac8,55.8375251575357,C0910C04
1355.0,2693.0,2544.0,1148.0,1085.0,2000.0,2102.0,1155.0,746.0,3064.0,2870.0,1211.0,1641.0,2566.0,814.0,2643.0,2238.0,1675.0,2098.0,1260.0,2965.0,891.0,1433.0,1481.0,2444.0,1105.0,1805.0,1221.0,2842.0,2302.0,927.0,2766.0,1644.0,1110.0,1123.0,1618.0,2756.0,1642.0,1026.0,2495.0,2970.0,1180.0,2771.0,2355.0,2719.0,1102.0,930.0,832.0,2826.0,1948.0,3007.0,1084.0,1004.0,1865.0,2830.0,1388.0,1189.0,1810.0,1354.0,2646.0,1810.0,00000000000000000ac9,72.6750576761557,C0910C05
1279.0,2673.0,2482.0,1072.0,1034.0,1959.0,2063.0,1102.0,680.0,3026.0,2838.0,1130.0,1602.0,2507.0,768.0,2621.0,2180.0,1606.0,2054.0,1184.0,2949.0,820.0,1379.0,1415.0,2376.0,1034.0,1746.0,1133.0,2835.0,2266.0,851.0,2722.0,1577.0,1050.0,1044.0,1570.0,2708.0,1597.0,967.0,2422.0,2956.0,1100.0,2723.0,2321.0,2684.0,1053.0,858.0,764.0,2787.0,1873.0,2958.0,1007.0,959.0,1818.0,2784.0,1314.0,1109.0,1740.0,1293.0,2602.0,1768.0,00000000000000000aca,40.1358822241302,C0910C06
1374.0,2709.0,2561.0,1157.0,1098.0,2019.0,2121.0,1168.0,757.0,3068.0,2885.0,1229.0,1646.0,2585.0,820.0,2658.0,2256.0,1696.0,2115.0,1277.0,2983.0,903.0,1449.0,1499.0,2466.0,1122.0,1822.0,1234.0,2856.0,2320.0,945.0,2772.0,1663.0,1120.0,1136.0,1627.0,2777.0,1649.0,1036.0,2515.0,2983.0,1194.0,2778.0,2369.0,2740.0,1114.0,942.0,845.0,2846.0,1970.0,3021.0,1098.0,1011.0,1874.0,2841.0,1404.0,1203.0,1830.0,1364.0,2666.0,1819.0,00000000000000000acb,86.5181436012077,C0910F01
988.0,2373.0,2083.0,782.0,750.0,1775.0,1842.0,778.0,475.0,2702.0,2724.0,869.0,1375.0,2107.0,550.0,2284.0,1769.0,1337.0,1863.0,873.0,2816.0,576.0,1020.0,1244.0,1879.0,776.0,1386.0,792.0,2572.0,2025.0,577.0,2386.0,1320.0,724.0,760.0,1220.0,2458.0,1260.0,614.0,1981.0,2762.0,795.0,2420.0,2072.0,2551.0,869.0,626.0,541.0,2591.0,1563.0,2536.0,646.0,727.0,1468.0,2255.0,1027.0,787.0,1478.0,904.0,2396.0,1439.0,00000000000000000acc,48.9063852532825,C0910F02
1341.0,2753.0,2594.0,1096.0,1093.0,2060.0,2094.0,1141.0,715.0,3049.0,2882.0,1244.0,1631.0,2586.0,787.0,2698.0,2290.0,1717.0,2176.0,1243.0,3017.0,873.0,1437.0,1563.0,2411.0,1113.0,1763.0,1216.0,2819.0,2341.0,929.0,2785.0,1688.0,1107.0,1095.0,1577.0,2791.0,1617.0,985.0,2513.0,2957.0,1160.0,2790.0,2403.0,2756.0,1099.0,882.0,846.0,2907.0,1944.0,3065.0,1020.0,978.0,1866.0,2813.0,1407.0,1152.0,1837.0,1298.0,2695.0,1816.0,00000000000000000acd,113.659511815964,C0910F04
1337.0,2784.0,2641.0,1085.0,1113.0,2068.0,2072.0,1145.0,737.0,3031.0,2882.0,1305.0,1636.0,2582.0,786.0,2725.0,2363.0,1762.0,2238.0,1236.0,3045.0,882.0,1456.0,1644.0,2414.0,1142.0,1749.0,1238.0,2804.0,2347.0,956.0,2810.0,1745.0,1132.0,1099.0,1544.0,2786.0,1620.0,983.0,2530.0,2926.0,1169.0,2808.0,2411.0,2746.0,1102.0,877.0,863.0,2950.0,1918.0,3075.0,990.0,975.0,1889.0,2836.0,1436.0,1160.0,1867.0,1283.0,2755.0,1850.0,00000000000000000ace,107.160160241802,C0910F06
1295.0,2697.0,2492.0,1076.0,1048.0,1986.0,2093.0,1113.0,691.0,3037.0,2852.0,1150.0,1605.0,2519.0,767.0,2642.0,2185.0,1630.0,2076.0,1202.0,2978.0,832.0,1388.0,1429.0,2388.0,1051.0,1765.0,1143.0,2851.0,2287.0,874.0,2738.0,1591.0,1051.0,1050.0,1582.0,2741.0,1608.0,966.0,2432.0,2966.0,1109.0,2736.0,2340.0,2717.0,1067.0,869.0,775.0,2814.0,1895.0,3001.0,1016.0,951.0,1826.0,2809.0,1323.0,1118.0,1765.0,1288.0,2627.0,1774.0,00000000000000000acf,43.8778316241227,C0910F09
1285.0,2677.0,2481.0,1077.0,1043.0,1961.0,2067.0,1109.0,688.0,3025.0,2834.0,1137.0,1599.0,2508.0,769.0,2623.0,2178.0,1614.0,2054.0,1190.0,2956.0,829.0,1388.0,1419.0,2383.0,1039.0,1755.0,1144.0,2836.0,2264.0,866.0,2726.0,1580.0,1053.0,1054.0,1574.0,2714.0,1598.0,969.0,2424.0,2958.0,1110.0,2728.0,2320.0,2689.0,1061.0,867.0,772.0,2786.0,1879.0,2970.0,1017.0,955.0,1820.0,2791.0,1315.0,1119.0,1749.0,1294.0,2604.0,1767.0,00000000000000000ad0,90.9105830075608,C0910P01
1173.0,2612.0,2394.0,920.0,1012.0,1913.0,1944.0,995.0,633.0,2847.0,2805.0,1160.0,1524.0,2343.0,643.0,2583.0,2235.0,1596.0,2175.0,1042.0,2939.0,729.0,1323.0,1509.0,2195.0,990.0,1587.0,1063.0,2625.0,2253.0,799.0,2580.0,1620.0,1031.0,886.0,1392.0,2659.0,1514.0,833.0,2294.0,2732.0,984.0,2580.0,2302.0,2612.0,966.0,712.0,710.0,2806.0,1730.0,2845.0,773.0,846.0,1810.0,2672.0,1250.0,975.0,1717.0,1132.0,2640.0,1760.0,00000000000000000ad1,90.0899827426787,C0910P02
1297.0,2679.0,2497.0,1091.0,1049.0,1967.0,2071.0,1117.0,697.0,3036.0,2843.0,1151.0,1611.0,2522.0,778.0,2627.0,2194.0,1624.0,2063.0,1203.0,2955.0,839.0,1394.0,1431.0,2395.0,1051.0,1763.0,1157.0,2836.0,2271.0,871.0,2735.0,1593.0,1064.0,1063.0,1583.0,2720.0,1609.0,981.0,2441.0,2960.0,1119.0,2737.0,2326.0,2692.0,1068.0,877.0,782.0,2794.0,1892.0,2974.0,1026.0,967.0,1831.0,2798.0,1331.0,1129.0,1759.0,1306.0,2612.0,1778.0,00000000000000000ad2,73.8474097428963,C0910P03
1187.0,2623.0,2409.0,928.0,1025.0,1929.0,1958.0,1006.0,642.0,2857.0,2818.0,1178.0,1539.0,2355.0,650.0,2594.0,2255.0,1611.0,2192.0,1053.0,2947.0,737.0,1334.0,1527.0,2210.0,1005.0,1595.0,1071.0,2631.0,2270.0,806.0,2590.0,1639.0,1042.0,889.0,1405.0,2676.0,1529.0,841.0,2310.0,2737.0,990.0,2590.0,2319.0,2628.0,977.0,718.0,718.0,2819.0,1742.0,2857.0,778.0,851.0,1825.0,2682.0,1265.0,981.0,1732.0,1137.0,2657.0,1778.0,00000000000000000ad3,123.494312224243,C0910P04
1264.0,2730.0,2552.0,1010.0,1080.0,2017.0,2034.0,1084.0,699.0,2957.0,2854.0,1257.0,1605.0,2482.0,726.0,2673.0,2327.0,1713.0,2239.0,1153.0,3017.0,814.0,1407.0,1606.0,2338.0,1078.0,1700.0,1156.0,2751.0,2326.0,886.0,2727.0,1712.0,1089.0,998.0,1490.0,2737.0,1597.0,921.0,2433.0,2845.0,1076.0,2723.0,2384.0,2699.0,1048.0,805.0,785.0,2910.0,1841.0,2989.0,883.0,917.0,1877.0,2796.0,1358.0,1069.0,1821.0,1219.0,2741.0,1838.0,00000000000000000ad4,136.885503003367,C0910P05
1158.0,2562.0,2366.0,905.0,1023.0,1937.0,1926.0,983.0,640.0,2831.0,2762.0,1150.0,1522.0,2284.0,649.0,2542.0,2196.0,1586.0,2152.0,1014.0,2864.0,735.0,1295.0,1511.0,2167.0,968.0,1582.0,1030.0,2608.0,2255.0,802.0,2558.0,1587.0,1013.0,874.0,1369.0,2660.0,1504.0,822.0,2293.0,2694.0,977.0,2539.0,2275.0,2575.0,963.0,696.0,707.0,2728.0,1677.0,2825.0,737.0,841.0,1792.0,2639.0,1243.0,940.0,1697.0,1129.0,2633.0,1762.0,00000000000000000ad5,131.017438979623,C0910R01
1207.0,2631.0,2433.0,942.0,1078.0,1984.0,1970.0,1033.0,677.0,2885.0,2807.0,1207.0,1566.0,2354.0,692.0,2602.0,2279.0,1641.0,2213.0,1058.0,2929.0,770.0,1352.0,1565.0,2233.0,1019.0,1631.0,1075.0,2655.0,2298.0,846.0,2617.0,1652.0,1059.0,912.0,1415.0,2709.0,1556.0,866.0,2357.0,2745.0,1021.0,2602.0,2330.0,2626.0,1012.0,727.0,743.0,2783.0,1730.0,2886.0,784.0,884.0,1852.0,2703.0,1292.0,987.0,1753.0,1170.0,2689.0,1813.0,00000000000000000ad6,167.131734666462,C0910R02
1508.0,2898.0,2799.0,1228.0,1397.0,2291.0,2239.0,1331.0,976.0,3179.0,3012.0,1586.0,1902.0,2716.0,978.0,2895.0,2638.0,2060.0,2555.0,1376.0,3123.0,1087.0,1708.0,1944.0,2577.0,1328.0,1897.0,1398.0,2914.0,2578.0,1170.0,2970.0,2015.0,1382.0,1222.0,1732.0,2979.0,1888.0,1169.0,2718.0,2994.0,1343.0,2969.0,2574.0,2896.0,1281.0,1013.0,1082.0,3043.0,2115.0,3238.0,1072.0,1169.0,2216.0,3040.0,1587.0,1324.0,2160.0,1476.0,2959.0,2160.0,00000000000000000ad7,104.308863509461,C0910R04
1400.0,2836.0,2687.0,1130.0,1257.0,2103.0,2120.0,1207.0,863.0,3108.0,2939.0,1443.0,1735.0,2611.0,841.0,2827.0,2575.0,1867.0,2414.0,1269.0,3123.0,952.0,1550.0,1794.0,2477.0,1230.0,1797.0,1294.0,2814.0,2446.0,1041.0,2845.0,1903.0,1270.0,1107.0,1602.0,2885.0,1748.0,1036.0,2585.0,2896.0,1216.0,2858.0,2475.0,2805.0,1179.0,912.0,942.0,2983.0,1969.0,3127.0,977.0,1038.0,2048.0,2969.0,1499.0,1205.0,1980.0,1326.0,2879.0,2005.0,00000000000000000ad8,152.892672597433,C0910R06
1472.0,2868.0,2761.0,1190.0,1368.0,2266.0,2216.0,1303.0,945.0,3143.0,2992.0,1552.0,1870.0,2682.0,955.0,2862.0,2600.0,2018.0,2525.0,1352.0,3094.0,1049.0,1673.0,1908.0,2537.0,1301.0,1857.0,1348.0,2882.0,2553.0,1135.0,2939.0,1970.0,1348.0,1189.0,1702.0,2950.0,1861.0,1146.0,2681.0,2958.0,1304.0,2940.0,2541.0,2869.0,1254.0,980.0,1044.0,3019.0,2081.0,3206.0,1043.0,1138.0,2180.0,3005.0,1552.0,1293.0,2130.0,1437.0,2931.0,2127.0,00000000000000000ad9,160.668797314725,C0910W03
1192.0,2610.0,2412.0,933.0,1062.0,1967.0,1955.0,1019.0,666.0,2870.0,2793.0,1190.0,1551.0,2333.0,677.0,2583.0,2254.0,1626.0,2193.0,1046.0,2910.0,760.0,1337.0,1550.0,2212.0,1004.0,1617.0,1064.0,2639.0,2283.0,831.0,2600.0,1635.0,1043.0,899.0,1401.0,2692.0,1539.0,851.0,2336.0,2728.0,1006.0,2585.0,2312.0,2611.0,998.0,719.0,733.0,2768.0,1717.0,2868.0,770.0,868.0,1832.0,2685.0,1277.0,973.0,1738.0,1154.0,2671.0,1796.0,00000000000000000ada,111.694778923522,C0910W05
1291.0,2679.0,2493.0,1083.0,1044.0,1963.0,2066.0,1113.0,690.0,3038.0,2837.0,1144.0,1613.0,2517.0,774.0,2627.0,2189.0,1615.0,2059.0,1197.0,2954.0,831.0,1389.0,1425.0,2387.0,1046.0,1758.0,1146.0,2838.0,2269.0,863.0,2734.0,1586.0,1057.0,1057.0,1582.0,2710.0,1609.0,974.0,2434.0,2961.0,1113.0,2735.0,2324.0,2683.0,1063.0,869.0,774.0,2787.0,1883.0,2970.0,1019.0,963.0,1830.0,2795.0,1327.0,1122.0,1750.0,1299.0,2603.0,1779.0,00000000000000000adb,71.5651759606497,C0910W06
1499.0,2700.0,2668.0,1312.0,1183.0,2064.0,2168.0,1263.0,863.0,3113.0,2935.0,1340.0,1712.0,2686.0,905.0,2655.0,2346.0,1824.0,2169.0,1402.0,2970.0,1023.0,1558.0,1624.0,2562.0,1228.0,1940.0,1385.0,2855.0,2386.0,1063.0,2813.0,1796.0,1229.0,1294.0,1687.0,2814.0,1717.0,1138.0,2616.0,2980.0,1348.0,2820.0,2431.0,2773.0,1201.0,1067.0,952.0,2890.0,2113.0,3050.0,1245.0,1129.0,1939.0,2873.0,1538.0,1357.0,1958.0,1490.0,2709.0,1883.0,00000000000000000adc,327.698526792247,C0910W07
1531.0,2917.0,2826.0,1272.0,1402.0,2279.0,2244.0,1340.0,1003.0,3209.0,3022.0,1602.0,1912.0,2732.0,984.0,2917.0,2669.0,2068.0,2550.0,1376.0,3146.0,1114.0,1719.0,1954.0,2606.0,1343.0,1934.0,1455.0,2936.0,2576.0,1201.0,2986.0,2050.0,1398.0,1252.0,1742.0,3005.0,1892.0,1171.0,2740.0,3024.0,1382.0,2978.0,2587.0,2909.0,1296.0,1045.0,1113.0,3061.0,2108.0,3256.0,1092.0,1190.0,2232.0,3064.0,1618.0,1336.0,2146.0,1508.0,2977.0,2172.0,00000000000000000add,69.2900267187551,C0910W09
570.0,1671.0,1558.0,483.0,508.0,996.0,979.0,440.0,363.0,1899.0,1678.0,708.0,688.0,1558.0,400.0,1702.0,1393.0,912.0,1030.0,536.0,2027.0,355.0,627.0,925.0,1462.0,501.0,703.0,491.0,1770.0,1208.0,432.0,1822.0,855.0,475.0,466.0,579.0,1630.0,715.0,418.0,1523.0,1752.0,487.0,1822.0,1029.0,1607.0,432.0,414.0,392.0,1727.0,977.0,2062.0,369.0,409.0,842.0,1846.0,613.0,619.0,1100.0,541.0,1652.0,881.0,00000000000000000ade,42.6309931166888,C0911C01
572.0,1676.0,1581.0,492.0,515.0,988.0,971.0,441.0,373.0,1882.0,1674.0,718.0,681.0,1580.0,407.0,1703.0,1417.0,935.0,1021.0,553.0,2018.0,365.0,625.0,944.0,1484.0,518.0,698.0,493.0,1767.0,1195.0,444.0,1819.0,874.0,485.0,478.0,582.0,1632.0,716.0,428.0,1544.0,1749.0,496.0,1810.0,1021.0,1613.0,432.0,423.0,398.0,1720.0,996.0,2052.0,384.0,417.0,842.0,1838.0,624.0,631.0,1115.0,550.0,1659.0,876.0,00000000000000000adf,27.5158460238165,C0911C02
528.0,1615.0,1498.0,467.0,488.0,936.0,914.0,418.0,348.0,1848.0,1572.0,672.0,623.0,1494.0,361.0,1638.0,1342.0,853.0,962.0,502.0,1960.0,340.0,619.0,871.0,1382.0,464.0,689.0,468.0,1706.0,1138.0,411.0,1797.0,784.0,458.0,454.0,539.0,1544.0,674.0,400.0,1455.0,1710.0,480.0,1779.0,950.0,1525.0,409.0,399.0,374.0,1613.0,923.0,1966.0,359.0,377.0,796.0,1798.0,575.0,610.0,1037.0,519.0,1580.0,831.0,00000000000000000ae0,61.1779517688023,C0911C04
569.0,1687.0,1484.0,459.0,504.0,1141.0,1121.0,448.0,349.0,1984.0,1758.0,648.0,789.0,1473.0,366.0,1652.0,1251.0,772.0,1122.0,503.0,2189.0,340.0,618.0,841.0,1209.0,466.0,731.0,458.0,1802.0,1300.0,414.0,1862.0,803.0,449.0,467.0,642.0,1659.0,741.0,365.0,1436.0,1923.0,467.0,1838.0,1123.0,1689.0,523.0,428.0,379.0,1764.0,870.0,2057.0,340.0,402.0,856.0,1681.0,560.0,571.0,940.0,503.0,1697.0,928.0,00000000000000000ae1,38.9128670237605,C0911C07
578.0,1684.0,1578.0,488.0,516.0,1037.0,1012.0,444.0,359.0,1933.0,1723.0,711.0,701.0,1572.0,385.0,1701.0,1424.0,923.0,1071.0,536.0,2046.0,357.0,646.0,931.0,1467.0,495.0,717.0,487.0,1779.0,1247.0,427.0,1842.0,858.0,482.0,466.0,599.0,1670.0,727.0,418.0,1544.0,1784.0,494.0,1834.0,1071.0,1654.0,438.0,410.0,390.0,1766.0,990.0,2075.0,366.0,409.0,866.0,1855.0,616.0,616.0,1110.0,546.0,1705.0,895.0,00000000000000000ae2,87.9778883520028,C0911C08
594.0,1705.0,1607.0,494.0,525.0,1047.0,1024.0,456.0,371.0,1938.0,1734.0,732.0,711.0,1601.0,397.0,1724.0,1453.0,952.0,1083.0,558.0,2053.0,367.0,654.0,961.0,1504.0,517.0,721.0,501.0,1800.0,1254.0,448.0,1852.0,888.0,491.0,484.0,610.0,1688.0,742.0,433.0,1567.0,1789.0,512.0,1846.0,1080.0,1668.0,445.0,419.0,399.0,1784.0,1017.0,2099.0,383.0,418.0,877.0,1876.0,637.0,638.0,1135.0,557.0,1718.0,907.0,00000000000000000ae3,32.7179827658718,C0911C09
600.0,1745.0,1541.0,471.0,532.0,1202.0,1182.0,469.0,359.0,2045.0,1838.0,684.0,835.0,1529.0,384.0,1713.0,1315.0,822.0,1183.0,532.0,2256.0,346.0,654.0,894.0,1281.0,494.0,777.0,469.0,1867.0,1367.0,435.0,1914.0,850.0,470.0,489.0,684.0,1740.0,783.0,382.0,1498.0,1988.0,489.0,1895.0,1190.0,1772.0,548.0,435.0,389.0,1848.0,928.0,2130.0,358.0,422.0,905.0,1750.0,595.0,595.0,1000.0,529.0,1779.0,978.0,00000000000000000ae4,26.5072069438942,C0911C10
909.0,2287.0,2096.0,700.0,732.0,1690.0,1702.0,713.0,445.0,2589.0,2578.0,897.0,1265.0,2063.0,466.0,2234.0,1863.0,1331.0,1849.0,796.0,2720.0,538.0,1000.0,1257.0,1841.0,736.0,1281.0,815.0,2340.0,1932.0,585.0,2321.0,1342.0,743.0,688.0,1113.0,2400.0,1192.0,587.0,2013.0,2532.0,769.0,2341.0,1947.0,2444.0,761.0,555.0,535.0,2547.0,1471.0,2556.0,561.0,639.0,1445.0,2273.0,974.0,756.0,1453.0,864.0,2372.0,1429.0,00000000000000000ae5,63.3915572334566,C0911F02
929.0,2309.0,2108.0,719.0,725.0,1735.0,1741.0,724.0,437.0,2623.0,2583.0,887.0,1299.0,2091.0,482.0,2240.0,1828.0,1343.0,1848.0,818.0,2744.0,551.0,1004.0,1257.0,1855.0,743.0,1306.0,827.0,2384.0,1953.0,586.0,2350.0,1338.0,732.0,710.0,1151.0,2424.0,1199.0,589.0,2032.0,2614.0,778.0,2379.0,1957.0,2491.0,786.0,574.0,557.0,2583.0,1507.0,2574.0,583.0,654.0,1450.0,2254.0,992.0,760.0,1469.0,880.0,2375.0,1431.0,00000000000000000ae6,21.2333774076879,C0911F05
787.0,2078.0,1911.0,590.0,622.0,1576.0,1560.0,618.0,376.0,2374.0,2313.0,793.0,1138.0,1885.0,423.0,1996.0,1628.0,1170.0,1647.0,707.0,2538.0,454.0,864.0,1125.0,1609.0,644.0,1113.0,675.0,2122.0,1723.0,508.0,2151.0,1174.0,617.0,616.0,976.0,2182.0,1032.0,484.0,1846.0,2386.0,660.0,2185.0,1696.0,2262.0,703.0,498.0,473.0,2336.0,1306.0,2314.0,487.0,552.0,1227.0,1971.0,848.0,654.0,1279.0,729.0,2145.0,1241.0,00000000000000000ae7,119.295341366768,C0911F86
838.0,2185.0,1922.0,625.0,649.0,1647.0,1670.0,650.0,415.0,2507.0,2480.0,788.0,1223.0,1925.0,466.0,2080.0,1614.0,1185.0,1663.0,746.0,2707.0,476.0,861.0,1112.0,1657.0,670.0,1204.0,652.0,2338.0,1777.0,505.0,2230.0,1179.0,600.0,632.0,1055.0,2262.0,1070.0,485.0,1864.0,2596.0,667.0,2276.0,1778.0,2395.0,784.0,549.0,471.0,2389.0,1352.0,2340.0,516.0,593.0,1244.0,2020.0,856.0,665.0,1306.0,755.0,2197.0,1260.0,00000000000000000ae8,127.967989805074,C0911F89
819.0,2184.0,1877.0,580.0,674.0,1753.0,1674.0,661.0,462.0,2473.0,2449.0,839.0,1240.0,1834.0,500.0,2067.0,1564.0,1137.0,1683.0,760.0,2778.0,472.0,799.0,1164.0,1493.0,691.0,1180.0,580.0,2299.0,1731.0,532.0,2258.0,1164.0,583.0,644.0,1050.0,2257.0,1038.0,451.0,1803.0,2574.0,654.0,2365.0,1665.0,2372.0,856.0,580.0,501.0,2327.0,1256.0,2234.0,495.0,593.0,1144.0,1852.0,832.0,654.0,1224.0,639.0,2158.0,1201.0,00000000000000000ae9,149.132452520763,C0911F97
882.0,2206.0,1990.0,666.0,677.0,1680.0,1715.0,684.0,426.0,2557.0,2514.0,818.0,1242.0,1994.0,482.0,2107.0,1678.0,1257.0,1731.0,781.0,2694.0,509.0,921.0,1162.0,1742.0,702.0,1250.0,722.0,2347.0,1852.0,536.0,2270.0,1244.0,646.0,669.0,1089.0,2317.0,1111.0,534.0,1931.0,2601.0,712.0,2294.0,1863.0,2440.0,791.0,566.0,497.0,2463.0,1436.0,2433.0,550.0,617.0,1310.0,2112.0,905.0,706.0,1387.0,819.0,2258.0,1314.0,00000000000000000aea,86.778669139272,C0911P01
811.0,2130.0,1872.0,591.0,645.0,1669.0,1641.0,640.0,427.0,2442.0,2418.0,796.0,1209.0,1852.0,479.0,2020.0,1558.0,1131.0,1638.0,736.0,2691.0,462.0,814.0,1116.0,1539.0,663.0,1153.0,604.0,2262.0,1720.0,508.0,2204.0,1150.0,580.0,623.0,1033.0,2220.0,1037.0,459.0,1803.0,2531.0,641.0,2272.0,1688.0,2340.0,802.0,555.0,474.0,2318.0,1279.0,2245.0,493.0,581.0,1175.0,1893.0,822.0,648.0,1242.0,682.0,2141.0,1215.0,00000000000000000aeb,312.879903643846,C0911P04
1128.0,2482.0,2344.0,873.0,1004.0,1916.0,1897.0,956.0,618.0,2755.0,2675.0,1142.0,1489.0,2254.0,631.0,2465.0,2167.0,1573.0,2138.0,988.0,2738.0,722.0,1283.0,1488.0,2129.0,957.0,1538.0,1015.0,2534.0,2213.0,811.0,2511.0,1571.0,984.0,857.0,1329.0,2617.0,1463.0,802.0,2261.0,2619.0,967.0,2493.0,2228.0,2547.0,928.0,674.0,713.0,2710.0,1653.0,2801.0,727.0,821.0,1765.0,2575.0,1213.0,937.0,1680.0,1108.0,2596.0,1723.0,00000000000000000aec,35.2497171645718,C0911P06
949.0,2150.0,2079.0,726.0,825.0,1656.0,1623.0,769.0,509.0,2400.0,2445.0,998.0,1212.0,2006.0,532.0,2126.0,1983.0,1387.0,1856.0,852.0,2456.0,596.0,1083.0,1317.0,1852.0,787.0,1249.0,811.0,2189.0,1921.0,675.0,2209.0,1321.0,839.0,717.0,1068.0,2304.0,1210.0,702.0,2012.0,2276.0,806.0,2203.0,1874.0,2257.0,748.0,555.0,571.0,2479.0,1482.0,2522.0,596.0,688.0,1481.0,2252.0,1004.0,834.0,1556.0,925.0,2299.0,1436.0,00000000000000000aed,26.8534155354802,C0911P08
1149.0,2520.0,2371.0,892.0,1024.0,1938.0,1919.0,976.0,635.0,2791.0,2701.0,1161.0,1511.0,2282.0,647.0,2501.0,2195.0,1594.0,2162.0,1007.0,2779.0,739.0,1305.0,1508.0,2156.0,975.0,1562.0,1033.0,2569.0,2236.0,823.0,2546.0,1591.0,1003.0,870.0,1351.0,2643.0,1487.0,818.0,2287.0,2654.0,980.0,2528.0,2252.0,2570.0,948.0,692.0,729.0,2736.0,1674.0,2834.0,742.0,837.0,1788.0,2611.0,1233.0,949.0,1699.0,1123.0,2621.0,1747.0,00000000000000000aee,45.0234713670456,C0911P10
500.0,1545.0,1353.0,427.0,464.0,1009.0,991.0,408.0,326.0,1826.0,1588.0,590.0,701.0,1347.0,347.0,1528.0,1134.0,691.0,997.0,458.0,2008.0,310.0,571.0,759.0,1119.0,424.0,643.0,429.0,1658.0,1173.0,378.0,1724.0,714.0,418.0,428.0,568.0,1513.0,669.0,349.0,1311.0,1742.0,422.0,1704.0,991.0,1530.0,470.0,396.0,353.0,1598.0,785.0,1920.0,319.0,374.0,776.0,1578.0,510.0,529.0,852.0,471.0,1537.0,849.0,00000000000000000aef,134.811137213549,C0911R03
1435.0,2594.0,2590.0,1116.0,1327.0,2223.0,2092.0,1236.0,901.0,2846.0,2805.0,1556.0,1794.0,2543.0,950.0,2579.0,2478.0,1959.0,2438.0,1360.0,2780.0,1026.0,1599.0,1822.0,2376.0,1263.0,1690.0,1246.0,2622.0,2439.0,1110.0,2689.0,1849.0,1307.0,1143.0,1613.0,2720.0,1767.0,1125.0,2543.0,2696.0,1253.0,2698.0,2420.0,2692.0,1182.0,933.0,1017.0,2802.0,2047.0,2901.0,1018.0,1102.0,2080.0,2726.0,1481.0,1298.0,2115.0,1360.0,2724.0,2012.0,00000000000000000af0,29.0989372975204,C0911R04
910.0,2280.0,2074.0,705.0,702.0,1719.0,1721.0,708.0,426.0,2591.0,2545.0,862.0,1280.0,2063.0,475.0,2202.0,1782.0,1319.0,1808.0,802.0,2715.0,543.0,975.0,1232.0,1823.0,725.0,1280.0,807.0,2363.0,1916.0,571.0,2319.0,1306.0,703.0,701.0,1134.0,2391.0,1170.0,569.0,2001.0,2603.0,761.0,2350.0,1916.0,2471.0,778.0,566.0,552.0,2554.0,1485.0,2537.0,572.0,640.0,1414.0,2201.0,970.0,743.0,1444.0,859.0,2335.0,1395.0,00000000000000000af1,57.6547358004824,C0911R05
556.0,1651.0,1548.0,482.0,501.0,965.0,949.0,431.0,363.0,1865.0,1640.0,696.0,663.0,1548.0,401.0,1684.0,1383.0,907.0,999.0,529.0,2000.0,354.0,615.0,916.0,1453.0,495.0,690.0,487.0,1747.0,1175.0,433.0,1797.0,846.0,475.0,467.0,562.0,1596.0,696.0,417.0,1514.0,1729.0,485.0,1793.0,999.0,1572.0,423.0,414.0,388.0,1684.0,968.0,2026.0,373.0,409.0,817.0,1820.0,602.0,621.0,1089.0,540.0,1617.0,856.0,00000000000000000af2,69.2434833554295,C0911R06
1497.0,2584.0,2609.0,1171.0,1370.0,2239.0,2104.0,1278.0,949.0,2842.0,2787.0,1638.0,1843.0,2571.0,1004.0,2572.0,2505.0,2003.0,2465.0,1403.0,2784.0,1084.0,1656.0,1868.0,2403.0,1306.0,1735.0,1302.0,2628.0,2465.0,1180.0,2683.0,1889.0,1365.0,1199.0,1658.0,2717.0,1806.0,1174.0,2562.0,2703.0,1316.0,2692.0,2421.0,2692.0,1232.0,982.0,1077.0,2797.0,2093.0,2894.0,1073.0,1156.0,2129.0,2729.0,1522.0,1361.0,2164.0,1416.0,2727.0,2053.0,00000000000000000af3,52.1362148459518,C0911R07
584.0,1638.0,1481.0,460.0,499.0,1083.0,1064.0,431.0,341.0,1977.0,1756.0,660.0,761.0,1457.0,362.0,1602.0,1290.0,795.0,1094.0,500.0,2123.0,344.0,636.0,849.0,1241.0,450.0,708.0,458.0,1754.0,1279.0,416.0,1811.0,808.0,460.0,458.0,621.0,1634.0,725.0,371.0,1440.0,1870.0,466.0,1798.0,1095.0,1660.0,495.0,415.0,379.0,1758.0,892.0,2062.0,329.0,408.0,860.0,1691.0,570.0,563.0,976.0,518.0,1678.0,917.0,00000000000000000af4,120.049727213115,C0911R09
664.0,1772.0,1621.0,485.0,531.0,1265.0,1241.0,481.0,348.0,2147.0,1996.0,689.0,897.0,1563.0,375.0,1710.0,1395.0,877.0,1264.0,554.0,2305.0,368.0,697.0,921.0,1288.0,484.0,838.0,487.0,1910.0,1434.0,445.0,1956.0,913.0,507.0,493.0,722.0,1813.0,804.0,388.0,1564.0,2079.0,514.0,1940.0,1310.0,1862.0,578.0,432.0,397.0,1950.0,999.0,2163.0,358.0,455.0,973.0,1754.0,624.0,578.0,1067.0,568.0,1839.0,1021.0,00000000000000000af5,64.1554698603265,C0911R10
609.0,1713.0,1626.0,507.0,523.0,1063.0,1033.0,454.0,376.0,1957.0,1756.0,744.0,715.0,1617.0,398.0,1725.0,1480.0,972.0,1101.0,567.0,2058.0,378.0,660.0,972.0,1520.0,521.0,724.0,512.0,1806.0,1268.0,449.0,1857.0,900.0,507.0,488.0,622.0,1706.0,751.0,444.0,1588.0,1803.0,518.0,1847.0,1098.0,1687.0,442.0,424.0,403.0,1801.0,1033.0,2107.0,385.0,429.0,888.0,1886.0,651.0,641.0,1149.0,574.0,1740.0,915.0,00000000000000000af6,37.8071121796126,C0911R11
844.0,2000.0,1944.0,639.0,724.0,1494.0,1452.0,664.0,448.0,2236.0,2257.0,896.0,1074.0,1860.0,458.0,1967.0,1842.0,1275.0,1675.0,764.0,2279.0,519.0,959.0,1205.0,1713.0,695.0,1108.0,717.0,2022.0,1738.0,595.0,2068.0,1206.0,756.0,646.0,930.0,2137.0,1067.0,620.0,1868.0,2102.0,725.0,2059.0,1693.0,2084.0,639.0,491.0,494.0,2300.0,1356.0,2374.0,526.0,604.0,1323.0,2089.0,897.0,759.0,1456.0,826.0,2121.0,1280.0,00000000000000000af7,71.5641899606325,C0911R12
1471.0,2593.0,2604.0,1148.0,1353.0,2237.0,2103.0,1261.0,929.0,2849.0,2801.0,1603.0,1824.0,2563.0,981.0,2579.0,2497.0,1988.0,2459.0,1386.0,2787.0,1060.0,1633.0,1851.0,2395.0,1288.0,1718.0,1279.0,2630.0,2459.0,1152.0,2691.0,1875.0,1341.0,1177.0,1640.0,2724.0,1792.0,1154.0,2558.0,2705.0,1291.0,2700.0,2426.0,2698.0,1211.0,962.0,1053.0,2806.0,2077.0,2902.0,1051.0,1133.0,2110.0,2733.0,1506.0,1336.0,2146.0,1394.0,2731.0,2038.0,00000000000000000af8,33.3406172883811,C0911R14
1497.0,2584.0,2609.0,1171.0,1370.0,2239.0,2104.0,1278.0,949.0,2842.0,2787.0,1638.0,1843.0,2571.0,1004.0,2572.0,2505.0,2003.0,2465.0,1403.0,2784.0,1084.0,1656.0,1868.0,2403.0,1306.0,1735.0,1302.0,2628.0,2465.0,1180.0,2683.0,1889.0,1365.0,1199.0,1658.0,2717.0,1806.0,1174.0,2562.0,2703.0,1316.0,2692.0,2421.0,2692.0,1232.0,982.0,1077.0,2797.0,2093.0,2894.0,1073.0,1156.0,2129.0,2729.0,1522.0,1361.0,2164.0,1416.0,2727.0,2053.0,00000000000000000af9,54.6962713478962,C0911R17
486.0,1530.0,1395.0,451.0,484.0,845.0,844.0,412.0,345.0,1708.0,1394.0,624.0,630.0,1419.0,399.0,1541.0,1183.0,784.0,846.0,494.0,1871.0,332.0,568.0,807.0,1281.0,443.0,607.0,460.0,1621.0,1063.0,441.0,1705.0,774.0,439.0,413.0,490.0,1421.0,611.0,392.0,1369.0,1520.0,451.0,1672.0,857.0,1369.0,437.0,414.0,377.0,1491.0,814.0,1888.0,364.0,357.0,732.0,1697.0,554.0,571.0,911.0,480.0,1415.0,800.0,00000000000000000afa,43.6571610434106,C0911R18
451.0,1464.0,1279.0,410.0,434.0,915.0,895.0,374.0,311.0,1740.0,1474.0,537.0,647.0,1283.0,333.0,1453.0,1049.0,642.0,904.0,422.0,1927.0,294.0,525.0,710.0,1063.0,389.0,604.0,416.0,1575.0,1093.0,361.0,1643.0,673.0,386.0,406.0,503.0,1402.0,617.0,318.0,1236.0,1638.0,403.0,1629.0,901.0,1414.0,429.0,383.0,336.0,1490.0,736.0,1811.0,302.0,346.0,714.0,1503.0,471.0,517.0,809.0,441.0,1417.0,794.0,00000000000000000afb,45.3071441318845,C0911R20
1234.0,2358.0,2366.0,947.0,1099.0,1950.0,1865.0,1020.0,751.0,2591.0,2565.0,1344.0,1515.0,2316.0,782.0,2334.0,2275.0,1727.0,2153.0,1152.0,2571.0,846.0,1348.0,1627.0,2148.0,1054.0,1445.0,1043.0,2379.0,2181.0,914.0,2444.0,1626.0,1089.0,953.0,1360.0,2495.0,1504.0,946.0,2311.0,2457.0,1044.0,2448.0,2123.0,2462.0,986.0,785.0,836.0,2640.0,1813.0,2676.0,833.0,917.0,1780.0,2470.0,1267.0,1096.0,1907.0,1143.0,2499.0,1728.0,00000000000000000afc,38.925835952922,C0911R22
1434.0,2635.0,2611.0,1108.0,1324.0,2240.0,2126.0,1238.0,897.0,2883.0,2839.0,1548.0,1797.0,2559.0,942.0,2619.0,2500.0,1957.0,2456.0,1358.0,2827.0,1018.0,1597.0,1831.0,2392.0,1261.0,1694.0,1237.0,2663.0,2468.0,1095.0,2726.0,1852.0,1292.0,1133.0,1625.0,2758.0,1775.0,1117.0,2558.0,2732.0,1237.0,2735.0,2443.0,2725.0,1189.0,925.0,1003.0,2843.0,2042.0,2955.0,1008.0,1092.0,2085.0,2763.0,1479.0,1281.0,2119.0,1346.0,2757.0,2019.0,00000000000000000afd,21.049269010358,C0911R24
521.0,1592.0,1483.0,472.0,471.0,887.0,870.0,402.0,352.0,1814.0,1533.0,666.0,621.0,1483.0,380.0,1627.0,1319.0,855.0,921.0,496.0,1945.0,344.0,591.0,864.0,1387.0,462.0,668.0,480.0,1690.0,1099.0,413.0,1751.0,794.0,455.0,448.0,519.0,1498.0,656.0,397.0,1447.0,1673.0,465.0,1742.0,920.0,1472.0,393.0,404.0,378.0,1569.0,917.0,1983.0,355.0,388.0,785.0,1769.0,572.0,601.0,1037.0,522.0,1525.0,819.0,00000000000000000afe,47.0673717426854,C0911R25
818.0,1904.0,1902.0,624.0,659.0,1350.0,1299.0,593.0,443.0,2145.0,2128.0,872.0,964.0,1823.0,441.0,1877.0,1805.0,1256.0,1521.0,739.0,2165.0,512.0,885.0,1177.0,1672.0,659.0,1011.0,702.0,1913.0,1572.0,593.0,1994.0,1177.0,727.0,637.0,821.0,2011.0,964.0,608.0,1830.0,1994.0,717.0,1987.0,1529.0,1966.0,567.0,477.0,487.0,2183.0,1335.0,2301.0,523.0,575.0,1207.0,2012.0,862.0,761.0,1440.0,793.0,2001.0,1165.0,00000000000000000aff,59.0912390618435,C0911R80
637.0,1801.0,1626.0,476.0,531.0,1338.0,1283.0,500.0,341.0,2134.0,2041.0,635.0,937.0,1570.0,368.0,1729.0,1375.0,895.0,1322.0,570.0,2295.0,378.0,679.0,927.0,1263.0,507.0,858.0,485.0,1923.0,1433.0,430.0,1964.0,921.0,501.0,502.0,753.0,1866.0,810.0,390.0,1556.0,2112.0,528.0,1963.0,1357.0,1909.0,603.0,432.0,381.0,1962.0,1033.0,2067.0,392.0,460.0,966.0,1700.0,645.0,565.0,1046.0,574.0,1840.0,1007.0,00000000000000000b00,55.6303309366857,C0911R95
592.0,1745.0,1504.0,459.0,503.0,1342.0,1270.0,483.0,357.0,2083.0,1913.0,611.0,925.0,1468.0,384.0,1637.0,1193.0,787.0,1262.0,543.0,2322.0,366.0,606.0,858.0,1063.0,481.0,805.0,459.0,1850.0,1331.0,404.0,1927.0,874.0,454.0,501.0,732.0,1746.0,744.0,343.0,1424.0,2098.0,492.0,1954.0,1246.0,1830.0,665.0,473.0,394.0,1806.0,912.0,1882.0,366.0,452.0,831.0,1501.0,573.0,529.0,898.0,504.0,1703.0,903.0,00000000000000000b01,43.2073116031098,C0911X01
789.0,1927.0,1832.0,553.0,628.0,1390.0,1383.0,558.0,397.0,2310.0,2193.0,838.0,980.0,1763.0,411.0,1897.0,1679.0,1070.0,1478.0,657.0,2393.0,426.0,839.0,1079.0,1579.0,578.0,982.0,572.0,2055.0,1659.0,517.0,2088.0,1053.0,607.0,558.0,837.0,2025.0,954.0,496.0,1778.0,2173.0,595.0,2086.0,1530.0,2041.0,605.0,450.0,439.0,2211.0,1172.0,2412.0,423.0,531.0,1177.0,2043.0,763.0,663.0,1292.0,675.0,2065.0,1193.0,00000000000000000b02,24.9920674085265,C0911X03
601.0,1703.0,1608.0,497.0,521.0,1055.0,1027.0,449.0,365.0,1964.0,1761.0,732.0,722.0,1601.0,396.0,1715.0,1460.0,954.0,1095.0,552.0,2067.0,369.0,659.0,957.0,1502.0,507.0,722.0,500.0,1798.0,1266.0,444.0,1851.0,886.0,495.0,484.0,617.0,1693.0,743.0,428.0,1580.0,1804.0,516.0,1844.0,1094.0,1677.0,441.0,415.0,397.0,1795.0,1017.0,2102.0,377.0,425.0,889.0,1875.0,636.0,637.0,1139.0,561.0,1729.0,914.0,00000000000000000b03,48.2749065236766,C0911X04
765.0,1881.0,1793.0,549.0,603.0,1325.0,1323.0,531.0,391.0,2277.0,2129.0,819.0,931.0,1717.0,400.0,1853.0,1637.0,1041.0,1409.0,632.0,2348.0,425.0,812.0,1051.0,1546.0,551.0,942.0,567.0,2009.0,1599.0,504.0,2049.0,1023.0,593.0,547.0,793.0,1968.0,910.0,484.0,1741.0,2129.0,582.0,2049.0,1456.0,1986.0,577.0,444.0,435.0,2147.0,1141.0,2378.0,407.0,518.0,1129.0,2010.0,738.0,658.0,1266.0,661.0,2013.0,1147.0,00000000000000000b04,49.4381295447968,C0911X05
536.0,1628.0,1516.0,469.0,489.0,953.0,936.0,421.0,350.0,1859.0,1601.0,677.0,639.0,1509.0,367.0,1651.0,1358.0,865.0,982.0,508.0,1973.0,342.0,614.0,880.0,1402.0,469.0,684.0,471.0,1721.0,1161.0,415.0,1799.0,798.0,457.0,455.0,549.0,1569.0,684.0,401.0,1475.0,1722.0,478.0,1786.0,976.0,1549.0,413.0,401.0,376.0,1646.0,932.0,1963.0,361.0,381.0,803.0,1807.0,584.0,609.0,1046.0,521.0,1600.0,840.0,00000000000000000b05,38.2184492082214,C0911X06
555.0,1648.0,1549.0,482.0,501.0,962.0,944.0,431.0,363.0,1863.0,1636.0,696.0,663.0,1549.0,401.0,1680.0,1383.0,907.0,995.0,529.0,1996.0,355.0,615.0,916.0,1453.0,495.0,690.0,487.0,1743.0,1171.0,433.0,1796.0,846.0,475.0,467.0,562.0,1593.0,697.0,417.0,1514.0,1725.0,485.0,1792.0,995.0,1570.0,422.0,414.0,389.0,1680.0,968.0,2027.0,374.0,409.0,819.0,1819.0,602.0,621.0,1089.0,540.0,1615.0,857.0,00000000000000000b06,38.576021133865,C0911X07
573.0,1689.0,1578.0,496.0,519.0,1023.0,1005.0,450.0,373.0,1921.0,1704.0,712.0,704.0,1577.0,401.0,1716.0,1413.0,920.0,1056.0,539.0,2049.0,364.0,640.0,935.0,1478.0,503.0,717.0,503.0,1788.0,1236.0,441.0,1843.0,863.0,480.0,476.0,592.0,1656.0,728.0,422.0,1542.0,1773.0,501.0,1842.0,1056.0,1636.0,441.0,425.0,405.0,1756.0,989.0,2084.0,376.0,411.0,861.0,1861.0,616.0,631.0,1111.0,546.0,1682.0,897.0,00000000000000000b07,21.9241080567085,C0911X08
533.0,1612.0,1501.0,480.0,477.0,916.0,898.0,409.0,358.0,1836.0,1567.0,678.0,630.0,1501.0,387.0,1647.0,1337.0,866.0,950.0,505.0,1967.0,350.0,598.0,876.0,1403.0,470.0,674.0,488.0,1711.0,1129.0,422.0,1772.0,804.0,466.0,457.0,530.0,1530.0,667.0,407.0,1466.0,1695.0,476.0,1764.0,948.0,1504.0,400.0,411.0,384.0,1605.0,929.0,2002.0,363.0,397.0,793.0,1790.0,582.0,613.0,1049.0,532.0,1557.0,829.0,00000000000000000b08,22.5831727790948,C0911X12
520.0,1587.0,1476.0,469.0,472.0,899.0,877.0,403.0,350.0,1816.0,1531.0,665.0,612.0,1476.0,368.0,1618.0,1316.0,844.0,929.0,495.0,1936.0,341.0,598.0,858.0,1372.0,460.0,672.0,473.0,1682.0,1101.0,407.0,1761.0,779.0,456.0,445.0,522.0,1499.0,656.0,398.0,1437.0,1673.0,467.0,1747.0,920.0,1477.0,394.0,401.0,375.0,1567.0,910.0,1978.0,352.0,381.0,781.0,1770.0,567.0,598.0,1027.0,518.0,1531.0,815.0,00000000000000000b09,51.2519313543605,C0911X13
640.0,1724.0,1658.0,521.0,532.0,1095.0,1053.0,461.0,374.0,1989.0,1812.0,764.0,739.0,1644.0,402.0,1724.0,1526.0,1010.0,1138.0,582.0,2072.0,395.0,686.0,989.0,1551.0,529.0,754.0,521.0,1817.0,1295.0,462.0,1850.0,923.0,527.0,508.0,651.0,1734.0,771.0,452.0,1633.0,1832.0,546.0,1834.0,1140.0,1720.0,448.0,428.0,407.0,1844.0,1064.0,2117.0,398.0,446.0,917.0,1888.0,676.0,662.0,1176.0,596.0,1778.0,933.0,00000000000000000b0a,51.371939586079,C0912C01
717.0,1965.0,1790.0,528.0,593.0,1499.0,1473.0,573.0,380.0,2283.0,2215.0,739.0,1072.0,1736.0,389.0,1875.0,1581.0,1041.0,1575.0,632.0,2454.0,414.0,788.0,1066.0,1442.0,579.0,1019.0,592.0,1998.0,1617.0,481.0,2060.0,1106.0,558.0,550.0,895.0,2055.0,956.0,436.0,1715.0,2234.0,605.0,2084.0,1601.0,2122.0,676.0,474.0,409.0,2210.0,1157.0,2146.0,436.0,518.0,1138.0,1840.0,744.0,605.0,1157.0,623.0,2030.0,1151.0,00000000000000000b0b,55.4364123508626,C0912C02
886.0,1990.0,1974.0,674.0,742.0,1487.0,1435.0,678.0,487.0,2229.0,2235.0,946.0,1070.0,1895.0,493.0,1963.0,1877.0,1329.0,1663.0,806.0,2245.0,558.0,973.0,1251.0,1741.0,726.0,1104.0,753.0,1999.0,1715.0,640.0,2076.0,1251.0,796.0,684.0,925.0,2123.0,1070.0,667.0,1899.0,2081.0,764.0,2076.0,1671.0,2072.0,648.0,523.0,531.0,2295.0,1410.0,2373.0,568.0,634.0,1317.0,2094.0,932.0,814.0,1516.0,861.0,2114.0,1274.0,00000000000000000b0c,69.8276910209357,C0912C03
720.0,1767.0,1755.0,558.0,567.0,1156.0,1109.0,500.0,391.0,2025.0,1896.0,845.0,798.0,1710.0,429.0,1763.0,1635.0,1113.0,1222.0,640.0,2113.0,434.0,751.0,1054.0,1607.0,560.0,824.0,556.0,1855.0,1347.0,500.0,1891.0,1011.0,592.0,540.0,708.0,1798.0,822.0,497.0,1719.0,1880.0,598.0,1864.0,1242.0,1789.0,485.0,439.0,439.0,1934.0,1155.0,2150.0,428.0,497.0,1002.0,1918.0,732.0,703.0,1277.0,649.0,1855.0,996.0,00000000000000000b0d,24.767888900436,C0912C04
673.0,1912.0,1694.0,506.0,578.0,1468.0,1391.0,542.0,368.0,2213.0,2136.0,692.0,1022.0,1632.0,384.0,1831.0,1465.0,961.0,1474.0,592.0,2412.0,399.0,727.0,994.0,1339.0,543.0,948.0,536.0,1975.0,1536.0,458.0,2023.0,1031.0,521.0,525.0,836.0,1993.0,887.0,405.0,1617.0,2190.0,565.0,2042.0,1494.0,2022.0,668.0,454.0,400.0,2089.0,1065.0,2039.0,404.0,491.0,1048.0,1753.0,685.0,570.0,1073.0,582.0,1933.0,1073.0,00000000000000000b0e,83.2382547597431,C0912C05
699.0,1745.0,1717.0,546.0,554.0,1140.0,1093.0,486.0,384.0,2008.0,1872.0,823.0,782.0,1683.0,424.0,1739.0,1597.0,1083.0,1198.0,624.0,2090.0,423.0,725.0,1034.0,1587.0,553.0,797.0,542.0,1832.0,1330.0,486.0,1863.0,985.0,571.0,529.0,693.0,1772.0,806.0,483.0,1691.0,1861.0,579.0,1840.0,1211.0,1764.0,471.0,435.0,426.0,1904.0,1128.0,2130.0,417.0,483.0,973.0,1896.0,719.0,687.0,1245.0,633.0,1827.0,972.0,00000000000000000b0f,43.7008525030414,C0912C06
639.0,1797.0,1627.0,476.0,536.0,1314.0,1261.0,499.0,345.0,2125.0,2023.0,646.0,923.0,1568.0,367.0,1727.0,1405.0,904.0,1313.0,570.0,2264.0,380.0,694.0,934.0,1269.0,500.0,851.0,486.0,1903.0,1423.0,433.0,1967.0,924.0,513.0,500.0,743.0,1854.0,812.0,400.0,1557.0,2085.0,527.0,1957.0,1342.0,1889.0,591.0,429.0,381.0,1956.0,1035.0,2112.0,390.0,459.0,980.0,1724.0,640.0,573.0,1072.0,579.0,1839.0,1013.0,00000000000000000b10,52.5209484450564,C0912C07
637.0,1717.0,1644.0,511.0,528.0,1086.0,1043.0,454.0,362.0,2001.0,1813.0,755.0,739.0,1629.0,393.0,1714.0,1511.0,999.0,1132.0,571.0,2076.0,386.0,690.0,976.0,1533.0,516.0,758.0,512.0,1813.0,1292.0,453.0,1848.0,911.0,521.0,500.0,648.0,1726.0,768.0,441.0,1621.0,1832.0,539.0,1832.0,1136.0,1714.0,445.0,416.0,398.0,1837.0,1053.0,2118.0,387.0,442.0,921.0,1887.0,666.0,652.0,1167.0,591.0,1773.0,935.0,00000000000000000b11,49.602136947739,C0912C08
746.0,1998.0,1820.0,551.0,589.0,1531.0,1513.0,580.0,366.0,2314.0,2253.0,753.0,1114.0,1805.0,410.0,1907.0,1554.0,1084.0,1575.0,674.0,2495.0,429.0,806.0,1075.0,1501.0,608.0,1055.0,621.0,2059.0,1648.0,481.0,2085.0,1111.0,564.0,582.0,943.0,2096.0,979.0,438.0,1766.0,2326.0,622.0,2119.0,1604.0,2201.0,700.0,492.0,445.0,2244.0,1229.0,2207.0,459.0,524.0,1158.0,1861.0,782.0,616.0,1197.0,661.0,2061.0,1177.0,00000000000000000b12,151.678220416707,C0912F03
761.0,2101.0,1789.0,535.0,625.0,1655.0,1571.0,611.0,418.0,2384.0,2336.0,780.0,1164.0,1752.0,460.0,1987.0,1480.0,1049.0,1579.0,702.0,2696.0,427.0,745.0,1087.0,1394.0,637.0,1017.0,535.0,2220.0,1630.0,492.0,2184.0,1090.0,535.0,605.0,980.0,2155.0,970.0,407.0,1716.0,2488.0,607.0,2274.0,1562.0,2262.0,802.0,535.0,457.0,2222.0,1173.0,2155.0,454.0,544.0,1071.0,1773.0,771.0,615.0,1144.0,589.0,2065.0,1134.0,00000000000000000b13,142.327234058052,C0912F06
780.0,2088.0,1824.0,552.0,640.0,1653.0,1599.0,625.0,426.0,2385.0,2356.0,800.0,1183.0,1798.0,469.0,1976.0,1523.0,1087.0,1610.0,719.0,2674.0,443.0,781.0,1128.0,1433.0,654.0,1067.0,571.0,2194.0,1663.0,508.0,2181.0,1128.0,559.0,620.0,995.0,2167.0,999.0,432.0,1761.0,2464.0,628.0,2251.0,1607.0,2285.0,803.0,544.0,465.0,2263.0,1219.0,2193.0,473.0,559.0,1115.0,1802.0,801.0,632.0,1188.0,624.0,2099.0,1173.0,00000000000000000b14,78.4249927229689,C0912F07
765.0,2108.0,1795.0,539.0,628.0,1661.0,1579.0,615.0,422.0,2392.0,2345.0,785.0,1169.0,1758.0,462.0,1994.0,1486.0,1053.0,1585.0,707.0,2703.0,432.0,750.0,1091.0,1403.0,640.0,1027.0,539.0,2227.0,1639.0,493.0,2189.0,1093.0,539.0,606.0,984.0,2163.0,974.0,410.0,1721.0,2497.0,609.0,2282.0,1569.0,2272.0,807.0,539.0,461.0,2230.0,1177.0,2163.0,455.0,548.0,1077.0,1780.0,775.0,615.0,1148.0,594.0,2071.0,1137.0,00000000000000000b15,167.75858277222,C0912F92
636.0,1791.0,1585.0,481.0,529.0,1337.0,1288.0,494.0,358.0,2147.0,1996.0,654.0,943.0,1545.0,386.0,1707.0,1288.0,843.0,1293.0,556.0,2365.0,375.0,660.0,896.0,1202.0,498.0,834.0,485.0,1927.0,1414.0,433.0,1961.0,900.0,481.0,511.0,753.0,1815.0,795.0,367.0,1517.0,2134.0,515.0,1977.0,1317.0,1893.0,641.0,460.0,404.0,1920.0,969.0,2027.0,377.0,464.0,919.0,1642.0,613.0,566.0,981.0,543.0,1798.0,982.0,00000000000000000b17,118.80370426934,C0912P01
1325.0,2634.0,2539.0,1035.0,1237.0,2132.0,2063.0,1174.0,821.0,2877.0,2801.0,1415.0,1707.0,2484.0,856.0,2625.0,2385.0,1841.0,2358.0,1257.0,2849.0,912.0,1509.0,1734.0,2318.0,1177.0,1651.0,1152.0,2649.0,2390.0,999.0,2711.0,1754.0,1200.0,1053.0,1551.0,2727.0,1707.0,1045.0,2467.0,2714.0,1142.0,2720.0,2361.0,2679.0,1127.0,850.0,902.0,2805.0,1926.0,2960.0,928.0,1006.0,1988.0,2749.0,1391.0,1190.0,2002.0,1275.0,2718.0,1941.0,00000000000000000b18,41.226235894332,C0912P07
1226.0,2608.0,2449.0,961.0,1113.0,1999.0,1980.0,1064.0,717.0,2866.0,2749.0,1253.0,1603.0,2359.0,720.0,2596.0,2300.0,1681.0,2241.0,1079.0,2856.0,804.0,1393.0,1604.0,2246.0,1048.0,1642.0,1108.0,2632.0,2298.0,898.0,2624.0,1686.0,1087.0,941.0,1445.0,2709.0,1587.0,893.0,2371.0,2722.0,1057.0,2615.0,2316.0,2618.0,1034.0,759.0,801.0,2767.0,1746.0,2900.0,809.0,912.0,1889.0,2701.0,1307.0,1020.0,1777.0,1193.0,2681.0,1844.0,00000000000000000b19,227.824028386236,C0912P10
837.0,1929.0,1930.0,640.0,681.0,1386.0,1334.0,616.0,456.0,2175.0,2162.0,893.0,990.0,1851.0,456.0,1902.0,1833.0,1280.0,1559.0,757.0,2190.0,526.0,910.0,1202.0,1697.0,677.0,1039.0,719.0,1938.0,1610.0,607.0,2022.0,1202.0,749.0,652.0,846.0,2045.0,990.0,626.0,1857.0,2020.0,734.0,2017.0,1567.0,1999.0,588.0,491.0,502.0,2219.0,1361.0,2328.0,536.0,593.0,1236.0,2040.0,882.0,779.0,1469.0,815.0,2034.0,1194.0,00000000000000000b1a,67.3180896126288,C0912P94
1262.0,2600.0,2484.0,987.0,1175.0,2049.0,2011.0,1113.0,762.0,2853.0,2747.0,1322.0,1657.0,2408.0,781.0,2591.0,2332.0,1753.0,2287.0,1152.0,2820.0,849.0,1451.0,1658.0,2269.0,1101.0,1633.0,1125.0,2622.0,2325.0,948.0,2656.0,1712.0,1135.0,993.0,1497.0,2705.0,1648.0,963.0,2403.0,2691.0,1088.0,2656.0,2315.0,2631.0,1071.0,799.0,849.0,2770.0,1821.0,2917.0,862.0,953.0,1944.0,2714.0,1336.0,1088.0,1872.0,1228.0,2687.0,1897.0,00000000000000000b1b,99.1218959743541,C0912P97
797.0,1926.0,1851.0,575.0,624.0,1344.0,1328.0,551.0,410.0,2304.0,2166.0,861.0,940.0,1782.0,422.0,1899.0,1714.0,1103.0,1441.0,661.0,2370.0,443.0,837.0,1095.0,1616.0,579.0,966.0,594.0,2045.0,1614.0,525.0,2092.0,1059.0,624.0,570.0,796.0,2008.0,922.0,511.0,1798.0,2150.0,619.0,2078.0,1483.0,2021.0,580.0,463.0,459.0,2186.0,1199.0,2388.0,432.0,539.0,1145.0,2070.0,771.0,693.0,1328.0,691.0,2055.0,1157.0,00000000000000000b1c,59.9625963798455,C0912R02
648.0,1726.0,1617.0,506.0,541.0,1145.0,1115.0,463.0,350.0,2082.0,1896.0,739.0,789.0,1586.0,378.0,1705.0,1458.0,941.0,1192.0,552.0,2163.0,377.0,722.0,936.0,1436.0,489.0,805.0,498.0,1840.0,1373.0,448.0,1893.0,883.0,521.0,487.0,674.0,1764.0,791.0,426.0,1592.0,1930.0,522.0,1878.0,1207.0,1780.0,486.0,414.0,394.0,1916.0,1023.0,2186.0,360.0,449.0,965.0,1862.0,649.0,627.0,1137.0,583.0,1820.0,987.0,00000000000000000b1d,45.7021631017092,C0912R03
581.0,1622.0,1487.0,470.0,490.0,1041.0,1007.0,413.0,324.0,1975.0,1749.0,679.0,710.0,1468.0,356.0,1599.0,1326.0,845.0,1068.0,499.0,2060.0,347.0,651.0,850.0,1310.0,442.0,727.0,454.0,1722.0,1240.0,416.0,1795.0,798.0,475.0,459.0,599.0,1621.0,710.0,384.0,1468.0,1824.0,481.0,1783.0,1068.0,1643.0,446.0,392.0,364.0,1760.0,919.0,2036.0,328.0,414.0,858.0,1745.0,581.0,589.0,1022.0,529.0,1676.0,888.0,00000000000000000b1e,73.2479592854979,C0912R04
1353.0,2564.0,2529.0,1038.0,1242.0,2146.0,2050.0,1160.0,832.0,2804.0,2767.0,1454.0,1697.0,2474.0,872.0,2545.0,2425.0,1860.0,2360.0,1275.0,2764.0,936.0,1501.0,1744.0,2308.0,1183.0,1607.0,1151.0,2585.0,2379.0,1012.0,2656.0,1757.0,1203.0,1054.0,1533.0,2685.0,1685.0,1046.0,2465.0,2656.0,1152.0,2658.0,2351.0,2648.0,1115.0,859.0,924.0,2789.0,1944.0,2878.0,930.0,1016.0,1977.0,2686.0,1398.0,1196.0,2030.0,1262.0,2682.0,1920.0,00000000000000000b1f,73.5426535050828,C0912R05
1378.0,2566.0,2543.0,1059.0,1267.0,2166.0,2063.0,1181.0,853.0,2807.0,2769.0,1486.0,1730.0,2488.0,897.0,2548.0,2433.0,1887.0,2380.0,1300.0,2758.0,970.0,1532.0,1769.0,2324.0,1207.0,1630.0,1183.0,2593.0,2398.0,1043.0,2652.0,1787.0,1235.0,1083.0,1563.0,2689.0,1711.0,1068.0,2484.0,2658.0,1180.0,2661.0,2370.0,2657.0,1136.0,880.0,952.0,2781.0,1973.0,2879.0,960.0,1042.0,2012.0,2688.0,1420.0,1224.0,2050.0,1287.0,2685.0,1949.0,00000000000000000b20,19.7573086134517,C0912R07
1089.0,2300.0,2201.0,836.0,990.0,1824.0,1770.0,927.0,639.0,2502.0,2501.0,1155.0,1401.0,2134.0,664.0,2273.0,2106.0,1534.0,2011.0,1013.0,2521.0,708.0,1237.0,1459.0,1970.0,935.0,1362.0,904.0,2300.0,2062.0,786.0,2362.0,1445.0,972.0,840.0,1256.0,2413.0,1400.0,841.0,2125.0,2375.0,912.0,2363.0,2017.0,2366.0,893.0,675.0,694.0,2527.0,1611.0,2612.0,716.0,808.0,1659.0,2374.0,1137.0,961.0,1725.0,1038.0,2398.0,1624.0,00000000000000000b21,181.515672617923,C0912R08
797.0,1893.0,1847.0,571.0,607.0,1294.0,1278.0,539.0,404.0,2235.0,2116.0,869.0,912.0,1771.0,406.0,1862.0,1743.0,1105.0,1435.0,654.0,2291.0,445.0,828.0,1093.0,1618.0,579.0,984.0,607.0,1983.0,1571.0,532.0,2027.0,1065.0,638.0,572.0,770.0,1978.0,900.0,517.0,1792.0,2078.0,628.0,2015.0,1470.0,1968.0,556.0,448.0,462.0,2156.0,1198.0,2360.0,433.0,531.0,1139.0,2040.0,777.0,692.0,1331.0,702.0,2018.0,1136.0,00000000000000000b22,51.2197076769069,C0912R09
467.0,1475.0,1340.0,434.0,451.0,804.0,796.0,372.0,330.0,1674.0,1330.0,596.0,586.0,1366.0,367.0,1492.0,1142.0,734.0,813.0,455.0,1836.0,321.0,535.0,765.0,1250.0,417.0,560.0,443.0,1569.0,1024.0,408.0,1644.0,723.0,416.0,390.0,448.0,1374.0,576.0,359.0,1322.0,1474.0,425.0,1621.0,803.0,1326.0,399.0,399.0,357.0,1435.0,789.0,1796.0,330.0,345.0,695.0,1640.0,520.0,547.0,876.0,457.0,1374.0,767.0,00000000000000000b23,58.393459932082,C0912R11
629.0,1711.0,1556.0,485.0,524.0,1176.0,1158.0,461.0,349.0,2081.0,1892.0,696.0,836.0,1525.0,374.0,1672.0,1370.0,853.0,1187.0,528.0,2230.0,360.0,684.0,906.0,1292.0,472.0,774.0,478.0,1840.0,1370.0,440.0,1883.0,873.0,489.0,483.0,684.0,1738.0,785.0,385.0,1525.0,1980.0,495.0,1871.0,1195.0,1768.0,536.0,430.0,395.0,1872.0,957.0,2151.0,343.0,436.0,931.0,1751.0,606.0,587.0,1048.0,549.0,1783.0,985.0,00000000000000000b24,62.5499624051007,C0912R12
535.0,1630.0,1518.0,468.0,489.0,953.0,935.0,420.0,349.0,1864.0,1600.0,678.0,635.0,1511.0,372.0,1652.0,1360.0,864.0,981.0,508.0,1977.0,341.0,617.0,881.0,1400.0,468.0,687.0,469.0,1722.0,1161.0,413.0,1808.0,796.0,468.0,455.0,548.0,1571.0,684.0,410.0,1476.0,1727.0,480.0,1792.0,972.0,1552.0,411.0,400.0,374.0,1644.0,933.0,1963.0,360.0,387.0,805.0,1811.0,584.0,609.0,1047.0,533.0,1605.0,840.0,00000000000000000b25,55.4213019848396,C0912R13
634.0,1837.0,1569.0,464.0,541.0,1442.0,1377.0,523.0,366.0,2144.0,2026.0,652.0,1001.0,1534.0,402.0,1727.0,1263.0,857.0,1368.0,581.0,2408.0,375.0,647.0,915.0,1149.0,523.0,851.0,464.0,1947.0,1424.0,423.0,1975.0,927.0,470.0,520.0,812.0,1861.0,818.0,359.0,1491.0,2196.0,520.0,2020.0,1349.0,1953.0,710.0,473.0,402.0,1925.0,972.0,1936.0,388.0,470.0,909.0,1564.0,617.0,546.0,954.0,516.0,1806.0,973.0,00000000000000000b26,54.8758999899664,C0912R15
437.0,1447.0,1327.0,408.0,460.0,695.0,701.0,425.0,352.0,1571.0,1207.0,590.0,535.0,1345.0,398.0,1483.0,1199.0,821.0,696.0,504.0,1674.0,317.0,515.0,801.0,1208.0,442.0,499.0,451.0,1504.0,842.0,443.0,1614.0,817.0,394.0,378.0,475.0,1262.0,544.0,455.0,1315.0,1439.0,427.0,1534.0,696.0,1174.0,389.0,402.0,379.0,1275.0,767.0,1808.0,376.0,302.0,652.0,1629.0,509.0,521.0,899.0,443.0,1236.0,671.0,00000000000000000b27,38.0994761040116,C0912R16
646.0,1704.0,1566.0,488.0,521.0,1150.0,1129.0,456.0,352.0,2078.0,1889.0,713.0,826.0,1523.0,371.0,1655.0,1384.0,861.0,1184.0,537.0,2201.0,371.0,692.0,901.0,1274.0,471.0,795.0,488.0,1823.0,1347.0,443.0,1892.0,869.0,502.0,489.0,665.0,1725.0,764.0,398.0,1519.0,1971.0,503.0,1877.0,1197.0,1753.0,533.0,431.0,394.0,1881.0,970.0,2140.0,349.0,444.0,933.0,1753.0,608.0,590.0,1065.0,561.0,1764.0,977.0,00000000000000000b28,56.7252198890726,C0912R19
1426.0,2621.0,2599.0,1101.0,1315.0,2226.0,2112.0,1228.0,890.0,2868.0,2824.0,1540.0,1786.0,2547.0,935.0,2605.0,2488.0,1946.0,2442.0,1349.0,2813.0,1010.0,1586.0,1820.0,2381.0,1253.0,1683.0,1229.0,2649.0,2454.0,1087.0,2711.0,1842.0,1285.0,1125.0,1614.0,2743.0,1765.0,1110.0,2545.0,2717.0,1228.0,2720.0,2429.0,2711.0,1179.0,918.0,996.0,2829.0,2031.0,2938.0,1000.0,1085.0,2074.0,2748.0,1471.0,1273.0,2108.0,1338.0,2742.0,2008.0,00000000000000000b29,17.3840173775074,C0912R20
692.0,1751.0,1709.0,538.0,557.0,1148.0,1106.0,485.0,376.0,2026.0,1890.0,808.0,789.0,1677.0,417.0,1741.0,1588.0,1064.0,1208.0,612.0,2105.0,414.0,730.0,1022.0,1580.0,544.0,809.0,535.0,1843.0,1348.0,480.0,1869.0,972.0,565.0,521.0,697.0,1783.0,814.0,476.0,1684.0,1871.0,571.0,1848.0,1225.0,1774.0,473.0,430.0,419.0,1914.0,1116.0,2143.0,406.0,478.0,983.0,1906.0,709.0,675.0,1232.0,630.0,1837.0,983.0,00000000000000000b2a,53.77922699833,C0912R22
847.0,1886.0,1890.0,648.0,688.0,1373.0,1319.0,629.0,471.0,2127.0,2121.0,917.0,993.0,1821.0,467.0,1858.0,1810.0,1271.0,1550.0,768.0,2141.0,537.0,909.0,1199.0,1666.0,684.0,1021.0,720.0,1902.0,1595.0,611.0,1982.0,1194.0,746.0,652.0,852.0,2007.0,989.0,624.0,1823.0,1982.0,733.0,1976.0,1555.0,1965.0,601.0,505.0,526.0,2187.0,1356.0,2257.0,538.0,595.0,1233.0,2003.0,881.0,778.0,1463.0,801.0,2002.0,1195.0,00000000000000000b2b,92.3814881733487,C0912R23
650.0,1864.0,1598.0,474.0,555.0,1476.0,1407.0,537.0,377.0,2160.0,2070.0,673.0,1026.0,1564.0,413.0,1755.0,1300.0,886.0,1403.0,602.0,2429.0,386.0,665.0,939.0,1192.0,541.0,889.0,474.0,1967.0,1459.0,433.0,1988.0,950.0,481.0,530.0,843.0,1901.0,844.0,366.0,1526.0,2220.0,530.0,2038.0,1379.0,1997.0,723.0,483.0,412.0,1964.0,1006.0,1950.0,398.0,481.0,935.0,1582.0,643.0,556.0,983.0,531.0,1841.0,998.0,00000000000000000b2c,188.964393108413,C0912R24
1364.0,2582.0,2534.0,1047.0,1256.0,2159.0,2063.0,1178.0,843.0,2820.0,2775.0,1464.0,1714.0,2480.0,883.0,2564.0,2430.0,1868.0,2371.0,1286.0,2779.0,949.0,1518.0,1755.0,2317.0,1198.0,1622.0,1162.0,2605.0,2390.0,1027.0,2671.0,1772.0,1219.0,1070.0,1552.0,2699.0,1701.0,1058.0,2474.0,2674.0,1166.0,2675.0,2362.0,2659.0,1133.0,870.0,936.0,2791.0,1950.0,2898.0,947.0,1031.0,1993.0,2702.0,1409.0,1210.0,2034.0,1276.0,2692.0,1936.0,00000000000000000b2d,105.387954274668,C0912R28
883.0,2073.0,1998.0,642.0,729.0,1528.0,1491.0,666.0,451.0,2359.0,2343.0,944.0,1103.0,1920.0,471.0,2042.0,1894.0,1268.0,1700.0,762.0,2434.0,516.0,965.0,1214.0,1755.0,699.0,1122.0,710.0,2115.0,1789.0,614.0,2169.0,1211.0,748.0,655.0,951.0,2209.0,1088.0,616.0,1928.0,2219.0,725.0,2153.0,1731.0,2167.0,662.0,501.0,509.0,2396.0,1368.0,2509.0,525.0,613.0,1343.0,2185.0,909.0,766.0,1465.0,824.0,2201.0,1320.0,00000000000000000b2e,176.902216618208,C0912R29
705.0,1972.0,1697.0,508.0,596.0,1572.0,1497.0,577.0,404.0,2276.0,2197.0,725.0,1097.0,1661.0,440.0,1860.0,1383.0,960.0,1496.0,658.0,2563.0,414.0,711.0,1015.0,1282.0,593.0,954.0,508.0,2084.0,1553.0,464.0,2088.0,1024.0,511.0,572.0,909.0,2019.0,909.0,387.0,1617.0,2347.0,565.0,2158.0,1477.0,2122.0,768.0,518.0,442.0,2085.0,1089.0,2052.0,427.0,511.0,1003.0,1680.0,705.0,592.0,1061.0,564.0,1954.0,1069.0,00000000000000000b2f,25.9771289573876,C0912R30
779.0,1773.0,1781.0,580.0,588.0,1203.0,1157.0,526.0,413.0,2023.0,1966.0,887.0,853.0,1724.0,426.0,1752.0,1704.0,1156.0,1336.0,672.0,2101.0,468.0,795.0,1094.0,1586.0,592.0,882.0,609.0,1833.0,1409.0,547.0,1885.0,1069.0,647.0,582.0,735.0,1846.0,856.0,534.0,1730.0,1891.0,647.0,1865.0,1359.0,1827.0,512.0,450.0,477.0,2009.0,1222.0,2161.0,459.0,523.0,1076.0,1915.0,774.0,719.0,1343.0,692.0,1881.0,1051.0,00000000000000000b30,73.5531323739692,C0912R93
544.0,1634.0,1522.0,476.0,490.0,952.0,935.0,422.0,356.0,1861.0,1612.0,685.0,647.0,1519.0,383.0,1664.0,1361.0,879.0,983.0,514.0,1984.0,347.0,612.0,891.0,1417.0,477.0,685.0,481.0,1730.0,1162.0,419.0,1797.0,815.0,466.0,456.0,551.0,1575.0,687.0,409.0,1484.0,1722.0,476.0,1789.0,980.0,1551.0,413.0,407.0,382.0,1656.0,944.0,1993.0,362.0,394.0,807.0,1813.0,590.0,609.0,1062.0,531.0,1600.0,846.0,00000000000000000b31,55.3189177450762,C0912X01
626.0,1823.0,1551.0,463.0,535.0,1424.0,1360.0,516.0,364.0,2130.0,2006.0,644.0,986.0,1516.0,398.0,1713.0,1245.0,845.0,1351.0,573.0,2393.0,373.0,638.0,904.0,1131.0,517.0,835.0,463.0,1932.0,1407.0,414.0,1962.0,914.0,466.0,510.0,796.0,1841.0,803.0,355.0,1473.0,2182.0,510.0,2006.0,1332.0,1932.0,701.0,472.0,400.0,1905.0,959.0,1924.0,379.0,466.0,895.0,1552.0,609.0,536.0,941.0,510.0,1787.0,959.0,00000000000000000b32,60.7953902017024,C0912X03
560.0,1664.0,1554.0,483.0,505.0,986.0,969.0,437.0,362.0,1891.0,1663.0,698.0,677.0,1552.0,398.0,1696.0,1389.0,904.0,1019.0,527.0,2020.0,354.0,625.0,915.0,1454.0,491.0,701.0,490.0,1763.0,1198.0,431.0,1818.0,843.0,476.0,467.0,572.0,1618.0,709.0,418.0,1518.0,1748.0,487.0,1816.0,1018.0,1594.0,428.0,414.0,390.0,1710.0,968.0,2043.0,370.0,407.0,833.0,1840.0,604.0,621.0,1090.0,542.0,1640.0,873.0,00000000000000000b33,57.6365140067785,C0912X04
524.0,1592.0,1416.0,440.0,485.0,1040.0,1027.0,425.0,338.0,1878.0,1642.0,619.0,721.0,1408.0,352.0,1576.0,1209.0,741.0,1037.0,475.0,2052.0,321.0,592.0,809.0,1197.0,443.0,654.0,440.0,1709.0,1228.0,393.0,1773.0,757.0,425.0,437.0,592.0,1569.0,700.0,360.0,1367.0,1782.0,435.0,1757.0,1035.0,1586.0,480.0,406.0,363.0,1659.0,835.0,1999.0,328.0,377.0,810.0,1653.0,534.0,546.0,911.0,485.0,1603.0,884.0,00000000000000000b34,96.5803568861454,C0912X05
502.0,1561.0,1423.0,438.0,469.0,926.0,905.0,395.0,326.0,1816.0,1558.0,632.0,636.0,1420.0,347.0,1579.0,1256.0,781.0,953.0,464.0,1946.0,318.0,587.0,808.0,1297.0,433.0,663.0,441.0,1659.0,1137.0,393.0,1739.0,744.0,428.0,430.0,525.0,1510.0,655.0,366.0,1386.0,1673.0,447.0,1722.0,958.0,1500.0,402.0,375.0,356.0,1606.0,857.0,1893.0,330.0,365.0,785.0,1723.0,536.0,573.0,965.0,488.0,1541.0,825.0,00000000000000000b35,59.9004655018011,C0912X07
739.0,1876.0,1733.0,522.0,587.0,1344.0,1304.0,533.0,372.0,2241.0,2155.0,814.0,968.0,1672.0,390.0,1828.0,1597.0,999.0,1438.0,620.0,2315.0,416.0,789.0,1017.0,1433.0,547.0,955.0,540.0,1968.0,1550.0,498.0,2045.0,990.0,574.0,530.0,797.0,1957.0,890.0,465.0,1677.0,2141.0,573.0,2036.0,1475.0,1968.0,599.0,436.0,408.0,2148.0,1120.0,2292.0,408.0,506.0,1112.0,1938.0,709.0,635.0,1217.0,642.0,1971.0,1122.0,00000000000000000b36,15.7161731934511,C0912X09
497.0,1543.0,1400.0,437.0,460.0,894.0,875.0,389.0,327.0,1779.0,1495.0,625.0,611.0,1405.0,348.0,1560.0,1230.0,775.0,913.0,465.0,1914.0,319.0,572.0,797.0,1286.0,428.0,638.0,441.0,1639.0,1104.0,393.0,1719.0,736.0,426.0,418.0,502.0,1470.0,633.0,368.0,1367.0,1624.0,443.0,1701.0,911.0,1451.0,396.0,381.0,355.0,1558.0,843.0,1832.0,330.0,360.0,757.0,1708.0,535.0,567.0,944.0,483.0,1499.0,801.0,00000000000000000b37,73.6853370839249,C0912X10
1049.0,2445.0,2183.0,840.0,813.0,1821.0,1868.0,846.0,485.0,2750.0,2676.0,944.0,1423.0,2200.0,563.0,2364.0,1894.0,1429.0,1929.0,946.0,2790.0,626.0,1138.0,1288.0,2008.0,839.0,1459.0,930.0,2558.0,2091.0,649.0,2457.0,1407.0,827.0,795.0,1319.0,2528.0,1360.0,707.0,2106.0,2753.0,856.0,2467.0,2135.0,2563.0,858.0,650.0,601.0,2667.0,1654.0,2698.0,703.0,750.0,1625.0,2440.0,1112.0,853.0,1566.0,1038.0,2457.0,1574.0,00000000000000000b38,55.7916118916982,C0913F01
925.0,2304.0,2103.0,719.0,722.0,1734.0,1739.0,722.0,437.0,2619.0,2578.0,882.0,1296.0,2087.0,481.0,2233.0,1819.0,1339.0,1840.0,815.0,2741.0,552.0,999.0,1253.0,1849.0,739.0,1303.0,826.0,2381.0,1946.0,583.0,2346.0,1332.0,724.0,709.0,1148.0,2419.0,1193.0,584.0,2027.0,2614.0,775.0,2376.0,1948.0,2491.0,786.0,575.0,559.0,2580.0,1504.0,2569.0,581.0,650.0,1443.0,2243.0,987.0,758.0,1465.0,875.0,2369.0,1424.0,00000000000000000b39,157.774579628988,C0913F03
1356.0,2811.0,2684.0,1100.0,1149.0,2109.0,2119.0,1174.0,770.0,3043.0,2902.0,1381.0,1679.0,2605.0,806.0,2744.0,2447.0,1834.0,2319.0,1263.0,3090.0,906.0,1498.0,1725.0,2465.0,1180.0,1800.0,1256.0,2834.0,2387.0,981.0,2843.0,1825.0,1165.0,1104.0,1570.0,2812.0,1674.0,1012.0,2559.0,2910.0,1180.0,2838.0,2445.0,2772.0,1129.0,896.0,877.0,2999.0,1953.0,3095.0,990.0,992.0,1949.0,2903.0,1475.0,1180.0,1934.0,1308.0,2836.0,1926.0,00000000000000000b3a,244.938114836891,C0913F04
1039.0,2428.0,2139.0,833.0,791.0,1803.0,1880.0,822.0,498.0,2757.0,2756.0,906.0,1431.0,2159.0,577.0,2340.0,1825.0,1377.0,1919.0,916.0,2845.0,609.0,1090.0,1272.0,1949.0,811.0,1439.0,851.0,2622.0,2086.0,601.0,2436.0,1369.0,769.0,796.0,1279.0,2493.0,1323.0,661.0,2043.0,2812.0,826.0,2460.0,2145.0,2566.0,886.0,655.0,569.0,2632.0,1614.0,2571.0,690.0,765.0,1543.0,2340.0,1074.0,815.0,1516.0,966.0,2441.0,1503.0,00000000000000000b3b,150.414853252189,C0913F05
804.0,2115.0,1861.0,580.0,645.0,1671.0,1631.0,638.0,430.0,2421.0,2396.0,803.0,1202.0,1837.0,475.0,2005.0,1549.0,1119.0,1633.0,734.0,2687.0,459.0,805.0,1126.0,1506.0,663.0,1132.0,597.0,2234.0,1703.0,512.0,2197.0,1147.0,571.0,625.0,1023.0,2206.0,1026.0,448.0,1793.0,2506.0,638.0,2267.0,1659.0,2321.0,806.0,556.0,475.0,2301.0,1261.0,2226.0,488.0,572.0,1157.0,1858.0,818.0,645.0,1227.0,657.0,2127.0,1203.0,00000000000000000b3c,71.7177298871368,C0913F06
788.0,2005.0,1891.0,570.0,660.0,1456.0,1432.0,597.0,405.0,2350.0,2245.0,828.0,1033.0,1820.0,417.0,1977.0,1735.0,1133.0,1572.0,685.0,2426.0,449.0,876.0,1119.0,1619.0,615.0,1046.0,616.0,2085.0,1699.0,536.0,2149.0,1109.0,651.0,587.0,880.0,2113.0,1008.0,532.0,1826.0,2213.0,640.0,2143.0,1611.0,2102.0,619.0,458.0,444.0,2294.0,1228.0,2449.0,461.0,550.0,1234.0,2090.0,807.0,694.0,1327.0,721.0,2124.0,1235.0,00000000000000000b3d,54.0181909379181,C0913P01
1063.0,2477.0,2227.0,850.0,837.0,1817.0,1848.0,858.0,493.0,2747.0,2676.0,981.0,1429.0,2217.0,559.0,2408.0,1960.0,1456.0,1968.0,952.0,2798.0,638.0,1168.0,1333.0,2029.0,856.0,1470.0,970.0,2543.0,2109.0,669.0,2471.0,1444.0,869.0,806.0,1318.0,2542.0,1380.0,726.0,2133.0,2719.0,876.0,2477.0,2145.0,2543.0,852.0,644.0,627.0,2697.0,1655.0,2715.0,702.0,760.0,1666.0,2480.0,1141.0,867.0,1583.0,1047.0,2484.0,1608.0,00000000000000000b3e,73.2309586661673,C0913P02
741.0,1991.0,1797.0,544.0,590.0,1532.0,1520.0,580.0,377.0,2321.0,2254.0,760.0,1105.0,1782.0,410.0,1890.0,1573.0,1064.0,1582.0,671.0,2513.0,426.0,798.0,1078.0,1474.0,606.0,1033.0,597.0,2065.0,1642.0,488.0,2085.0,1115.0,550.0,570.0,934.0,2078.0,967.0,430.0,1742.0,2308.0,617.0,2115.0,1602.0,2193.0,711.0,499.0,430.0,2236.0,1213.0,2177.0,458.0,525.0,1147.0,1865.0,764.0,614.0,1181.0,637.0,2060.0,1166.0,00000000000000000b3f,16.6142108491675,C0913P03
929.0,2314.0,2123.0,718.0,751.0,1696.0,1713.0,730.0,461.0,2609.0,2608.0,923.0,1286.0,2084.0,473.0,2271.0,1907.0,1350.0,1882.0,814.0,2738.0,548.0,1028.0,1277.0,1876.0,757.0,1296.0,841.0,2362.0,1962.0,602.0,2343.0,1373.0,776.0,697.0,1133.0,2425.0,1227.0,612.0,2034.0,2535.0,786.0,2358.0,1986.0,2452.0,762.0,562.0,542.0,2567.0,1488.0,2583.0,575.0,653.0,1490.0,2325.0,998.0,775.0,1477.0,892.0,2406.0,1468.0,00000000000000000b40,98.5986210402164,C0913P07
751.0,2010.0,1825.0,554.0,597.0,1544.0,1530.0,587.0,376.0,2335.0,2271.0,763.0,1122.0,1811.0,415.0,1913.0,1575.0,1086.0,1591.0,680.0,2524.0,433.0,811.0,1088.0,1501.0,614.0,1058.0,618.0,2078.0,1659.0,489.0,2101.0,1124.0,563.0,583.0,949.0,2103.0,983.0,439.0,1771.0,2337.0,626.0,2134.0,1616.0,2215.0,714.0,501.0,443.0,2257.0,1235.0,2212.0,463.0,530.0,1163.0,1876.0,783.0,620.0,1202.0,657.0,2076.0,1183.0,00000000000000000b41,11.8894216939699,C0913P09
1548.0,2917.0,2822.0,1275.0,1456.0,2346.0,2260.0,1379.0,1018.0,3189.0,3047.0,1641.0,1948.0,2758.0,1035.0,2915.0,2668.0,2126.0,2594.0,1446.0,3138.0,1140.0,1752.0,2000.0,2608.0,1373.0,1927.0,1435.0,2934.0,2615.0,1219.0,2997.0,2057.0,1444.0,1269.0,1772.0,2993.0,1930.0,1236.0,2752.0,3007.0,1382.0,3006.0,2606.0,2930.0,1329.0,1050.0,1130.0,3069.0,2205.0,3265.0,1127.0,1213.0,2256.0,3059.0,1626.0,1402.0,2257.0,1518.0,2983.0,2198.0,00000000000000000b42,62.64988314036,C0913R03
630.0,1796.0,1597.0,484.0,531.0,1343.0,1295.0,497.0,355.0,2154.0,2013.0,642.0,946.0,1558.0,382.0,1716.0,1294.0,854.0,1303.0,553.0,2362.0,378.0,663.0,899.0,1220.0,500.0,842.0,490.0,1937.0,1426.0,435.0,1963.0,903.0,481.0,513.0,754.0,1831.0,797.0,369.0,1530.0,2138.0,523.0,1978.0,1338.0,1905.0,636.0,457.0,402.0,1933.0,985.0,2042.0,386.0,465.0,926.0,1657.0,616.0,570.0,991.0,551.0,1808.0,985.0,00000000000000000b43,34.4018702928551,C0913R05
689.0,1938.0,1713.0,516.0,583.0,1511.0,1448.0,564.0,379.0,2271.0,2200.0,693.0,1069.0,1671.0,422.0,1848.0,1389.0,956.0,1459.0,630.0,2509.0,412.0,716.0,989.0,1325.0,572.0,955.0,521.0,2083.0,1557.0,463.0,2068.0,998.0,520.0,558.0,872.0,2006.0,896.0,402.0,1640.0,2305.0,575.0,2104.0,1489.0,2090.0,714.0,490.0,423.0,2089.0,1101.0,2054.0,432.0,509.0,1026.0,1730.0,705.0,602.0,1074.0,605.0,1952.0,1082.0,00000000000000000b44,10.4993736726963,C0913R06
661.0,1877.0,1620.0,487.0,562.0,1486.0,1420.0,543.0,387.0,2188.0,2078.0,680.0,1035.0,1584.0,425.0,1766.0,1310.0,896.0,1412.0,608.0,2451.0,396.0,674.0,951.0,1195.0,546.0,896.0,487.0,1987.0,1468.0,441.0,2017.0,967.0,494.0,539.0,849.0,1912.0,850.0,381.0,1541.0,2238.0,539.0,2063.0,1392.0,2005.0,738.0,496.0,423.0,1976.0,1014.0,1974.0,405.0,494.0,942.0,1599.0,645.0,565.0,995.0,545.0,1855.0,1007.0,00000000000000000b45,13.1409369598483,C0913R08
1548.0,2917.0,2822.0,1275.0,1456.0,2346.0,2260.0,1379.0,1018.0,3189.0,3047.0,1641.0,1948.0,2758.0,1035.0,2915.0,2668.0,2126.0,2594.0,1446.0,3138.0,1140.0,1752.0,2000.0,2608.0,1373.0,1927.0,1435.0,2934.0,2615.0,1219.0,2997.0,2057.0,1444.0,1269.0,1772.0,2993.0,1930.0,1236.0,2752.0,3007.0,1382.0,3006.0,2606.0,2930.0,1329.0,1050.0,1130.0,3069.0,2205.0,3265.0,1127.0,1213.0,2256.0,3059.0,1626.0,1402.0,2257.0,1518.0,2983.0,2198.0,00000000000000000b46,67.8718573196989,C0913R95
1424.0,2691.0,2605.0,1220.0,1135.0,2033.0,2136.0,1210.0,802.0,3082.0,2899.0,1275.0,1678.0,2624.0,857.0,2645.0,2291.0,1748.0,2135.0,1330.0,2962.0,952.0,1495.0,1551.0,2502.0,1167.0,1869.0,1294.0,2842.0,2346.0,989.0,2785.0,1719.0,1166.0,1199.0,1653.0,2783.0,1681.0,1079.0,2557.0,2968.0,1253.0,2790.0,2393.0,2746.0,1151.0,993.0,887.0,2857.0,2028.0,3022.0,1154.0,1064.0,1902.0,2847.0,1461.0,1263.0,1880.0,1417.0,2676.0,1847.0,00000000000000000b47,619.02817731781,C0913W01
1291.0,2756.0,2600.0,1040.0,1090.0,2049.0,2063.0,1111.0,715.0,2980.0,2861.0,1292.0,1624.0,2525.0,754.0,2688.0,2351.0,1747.0,2250.0,1192.0,3036.0,844.0,1432.0,1632.0,2384.0,1107.0,1733.0,1189.0,2787.0,2335.0,915.0,2771.0,1734.0,1103.0,1037.0,1513.0,2751.0,1615.0,951.0,2477.0,2874.0,1109.0,2762.0,2401.0,2720.0,1071.0,838.0,810.0,2941.0,1871.0,3024.0,925.0,942.0,1886.0,2825.0,1394.0,1107.0,1850.0,1252.0,2766.0,1856.0,00000000000000000b48,155.263591276998,C0913W02
1282.0,2743.0,2565.0,1012.0,1123.0,2023.0,2041.0,1103.0,732.0,2988.0,2881.0,1287.0,1622.0,2498.0,739.0,2714.0,2392.0,1727.0,2283.0,1163.0,3043.0,831.0,1435.0,1639.0,2353.0,1103.0,1697.0,1162.0,2740.0,2351.0,904.0,2735.0,1749.0,1129.0,998.0,1495.0,2771.0,1623.0,932.0,2456.0,2846.0,1091.0,2739.0,2405.0,2717.0,1071.0,810.0,802.0,2917.0,1851.0,3007.0,882.0,936.0,1913.0,2824.0,1372.0,1084.0,1843.0,1223.0,2763.0,1865.0,00000000000000000b49,75.5895315728793,C0913W03
1306.0,2735.0,2570.0,1040.0,1186.0,2059.0,2061.0,1139.0,783.0,2999.0,2866.0,1344.0,1683.0,2490.0,780.0,2728.0,2431.0,1777.0,2336.0,1172.0,3007.0,873.0,1479.0,1696.0,2360.0,1136.0,1729.0,1192.0,2738.0,2384.0,962.0,2746.0,1795.0,1183.0,1025.0,1535.0,2811.0,1680.0,965.0,2479.0,2827.0,1132.0,2751.0,2408.0,2726.0,1106.0,828.0,860.0,2900.0,1859.0,3026.0,891.0,979.0,1987.0,2849.0,1398.0,1110.0,1880.0,1264.0,2793.0,1940.0,00000000000000000b4a,69.8400540442087,C0913W04
1309.0,2773.0,2603.0,1038.0,1150.0,2050.0,2067.0,1128.0,759.0,3024.0,2901.0,1323.0,1647.0,2535.0,760.0,2747.0,2439.0,1762.0,2317.0,1191.0,3073.0,859.0,1464.0,1676.0,2390.0,1132.0,1723.0,1192.0,2766.0,2378.0,933.0,2771.0,1786.0,1156.0,1026.0,1519.0,2801.0,1652.0,954.0,2496.0,2869.0,1121.0,2776.0,2431.0,2743.0,1096.0,835.0,830.0,2944.0,1882.0,3045.0,907.0,957.0,1944.0,2864.0,1404.0,1115.0,1878.0,1245.0,2795.0,1896.0,00000000000000000b4b,64.4358816137518,C0913W07
860.0,2209.0,1950.0,654.0,657.0,1651.0,1694.0,661.0,419.0,2539.0,2520.0,794.0,1234.0,1962.0,474.0,2102.0,1637.0,1213.0,1684.0,762.0,2718.0,492.0,883.0,1121.0,1702.0,682.0,1226.0,683.0,2375.0,1811.0,515.0,2249.0,1198.0,616.0,648.0,1070.0,2289.0,1092.0,505.0,1886.0,2620.0,690.0,2281.0,1828.0,2425.0,787.0,559.0,480.0,2426.0,1392.0,2375.0,535.0,608.0,1274.0,2071.0,880.0,683.0,1343.0,786.0,2227.0,1282.0,00000000000000000b4d,37.1861468028809,C0914F03
943.0,2314.0,2117.0,732.0,728.0,1744.0,1751.0,732.0,438.0,2631.0,2585.0,892.0,1315.0,2103.0,488.0,2248.0,1828.0,1351.0,1853.0,833.0,2744.0,557.0,1014.0,1262.0,1870.0,754.0,1316.0,840.0,2395.0,1966.0,593.0,2359.0,1347.0,740.0,720.0,1171.0,2433.0,1215.0,600.0,2041.0,2629.0,787.0,2390.0,1969.0,2498.0,789.0,581.0,564.0,2591.0,1524.0,2580.0,597.0,663.0,1469.0,2262.0,1008.0,769.0,1480.0,895.0,2380.0,1445.0,00000000000000000b4e,74.8715233741437,C0914F04
372.0,1271.0,1124.0,362.0,374.0,737.0,725.0,303.0,268.0,1490.0,1226.0,469.0,554.0,1149.0,286.0,1261.0,874.0,534.0,722.0,361.0,1693.0,253.0,451.0,607.0,930.0,322.0,539.0,371.0,1364.0,930.0,333.0,1451.0,582.0,332.0,331.0,377.0,1199.0,497.0,273.0,1091.0,1333.0,354.0,1413.0,724.0,1167.0,376.0,350.0,298.0,1250.0,618.0,1611.0,259.0,280.0,610.0,1326.0,403.0,463.0,684.0,375.0,1197.0,706.0,00000000000000000b4f,185.803754870127,C0914F05
934.0,2306.0,2107.0,726.0,724.0,1738.0,1744.0,728.0,435.0,2621.0,2575.0,884.0,1306.0,2094.0,485.0,2237.0,1818.0,1343.0,1843.0,826.0,2736.0,554.0,1008.0,1255.0,1859.0,747.0,1310.0,832.0,2387.0,1955.0,589.0,2349.0,1337.0,731.0,717.0,1162.0,2423.0,1204.0,593.0,2032.0,2622.0,783.0,2380.0,1957.0,2491.0,788.0,577.0,561.0,2582.0,1515.0,2569.0,593.0,657.0,1455.0,2248.0,998.0,765.0,1472.0,886.0,2369.0,1432.0,00000000000000000b50,116.06977276884,C0914F06
840.0,1873.0,1880.0,637.0,677.0,1355.0,1304.0,617.0,462.0,2117.0,2108.0,912.0,979.0,1811.0,462.0,1844.0,1802.0,1257.0,1531.0,756.0,2135.0,527.0,897.0,1188.0,1656.0,674.0,1008.0,707.0,1892.0,1578.0,603.0,1969.0,1180.0,737.0,642.0,839.0,1992.0,974.0,617.0,1814.0,1973.0,721.0,1964.0,1539.0,1952.0,592.0,496.0,518.0,2171.0,1340.0,2248.0,528.0,589.0,1217.0,1992.0,869.0,766.0,1451.0,792.0,1989.0,1180.0,00000000000000000b51,33.7992519170111,C0914R01
914.0,1976.0,1983.0,696.0,756.0,1481.0,1422.0,696.0,517.0,2218.0,2224.0,987.0,1091.0,1920.0,523.0,1949.0,1900.0,1357.0,1663.0,837.0,2218.0,585.0,988.0,1276.0,1756.0,749.0,1098.0,771.0,1989.0,1707.0,652.0,2076.0,1273.0,803.0,693.0,948.0,2112.0,1089.0,679.0,1915.0,2069.0,776.0,2068.0,1665.0,2067.0,666.0,551.0,570.0,2296.0,1438.0,2343.0,581.0,654.0,1342.0,2089.0,952.0,820.0,1545.0,859.0,2105.0,1301.0,00000000000000000b52,35.3129375416203,C0914R02
902.0,1938.0,1977.0,693.0,743.0,1369.0,1301.0,676.0,524.0,2203.0,2100.0,1040.0,1003.0,1932.0,559.0,1928.0,1869.0,1378.0,1471.0,824.0,2197.0,585.0,953.0,1278.0,1803.0,726.0,1008.0,715.0,1991.0,1543.0,618.0,2102.0,1252.0,772.0,674.0,907.0,2048.0,1032.0,657.0,1923.0,2011.0,751.0,2074.0,1457.0,2029.0,642.0,563.0,595.0,2209.0,1414.0,2339.0,565.0,644.0,1242.0,2123.0,906.0,839.0,1539.0,811.0,2099.0,1203.0,00000000000000000b53,4.07084886196647,C0914R03
852.0,1879.0,1887.0,642.0,680.0,1356.0,1306.0,618.0,468.0,2131.0,2118.0,932.0,986.0,1821.0,466.0,1848.0,1815.0,1260.0,1535.0,760.0,2154.0,532.0,901.0,1194.0,1664.0,678.0,1010.0,709.0,1904.0,1583.0,609.0,1979.0,1182.0,739.0,648.0,843.0,1996.0,979.0,618.0,1825.0,1985.0,724.0,1974.0,1545.0,1959.0,597.0,502.0,526.0,2179.0,1344.0,2263.0,530.0,593.0,1225.0,2004.0,874.0,771.0,1457.0,794.0,1998.0,1188.0,00000000000000000b54,10.8138753088772,C0914R05
1089.0,2301.0,2206.0,832.0,976.0,1823.0,1771.0,914.0,625.0,2518.0,2538.0,1150.0,1388.0,2139.0,651.0,2277.0,2126.0,1534.0,2018.0,1002.0,2562.0,704.0,1232.0,1461.0,1980.0,927.0,1371.0,907.0,2317.0,2073.0,780.0,2359.0,1451.0,968.0,831.0,1241.0,2421.0,1392.0,836.0,2138.0,2399.0,908.0,2359.0,2023.0,2374.0,881.0,667.0,681.0,2562.0,1624.0,2630.0,707.0,802.0,1658.0,2384.0,1136.0,955.0,1727.0,1043.0,2419.0,1617.0,00000000000000000b55,35.849008987473,C0914R07
814.0,1794.0,1805.0,595.0,617.0,1242.0,1200.0,553.0,430.0,2056.0,2026.0,910.0,896.0,1745.0,434.0,1760.0,1751.0,1183.0,1411.0,697.0,2110.0,487.0,832.0,1130.0,1592.0,620.0,926.0,643.0,1839.0,1470.0,574.0,1895.0,1104.0,679.0,608.0,761.0,1887.0,882.0,567.0,1753.0,1924.0,667.0,1886.0,1435.0,1861.0,544.0,463.0,496.0,2064.0,1258.0,2194.0,484.0,551.0,1122.0,1929.0,806.0,727.0,1386.0,734.0,1907.0,1097.0,00000000000000000b56,8.10654090049502,C0914R08
1001.0,2103.0,2083.0,775.0,881.0,1665.0,1602.0,810.0,585.0,2313.0,2341.0,1075.0,1241.0,2022.0,600.0,2077.0,1991.0,1457.0,1853.0,928.0,2326.0,667.0,1118.0,1369.0,1855.0,836.0,1233.0,860.0,2112.0,1897.0,719.0,2183.0,1369.0,900.0,767.0,1094.0,2241.0,1241.0,767.0,2013.0,2192.0,850.0,2179.0,1853.0,2196.0,775.0,621.0,649.0,2404.0,1537.0,2421.0,649.0,737.0,1500.0,2192.0,1038.0,902.0,1651.0,952.0,2232.0,1457.0,00000000000000000b57,89.4513601360345,C0914R10
813.0,1831.0,1844.0,587.0,610.0,1278.0,1271.0,545.0,416.0,2129.0,2036.0,886.0,909.0,1765.0,420.0,1802.0,1753.0,1141.0,1428.0,680.0,2177.0,462.0,822.0,1115.0,1627.0,605.0,956.0,625.0,1913.0,1550.0,536.0,1936.0,1090.0,654.0,591.0,784.0,1932.0,910.0,538.0,1784.0,1997.0,645.0,1928.0,1438.0,1912.0,554.0,458.0,470.0,2103.0,1224.0,2258.0,453.0,544.0,1142.0,1959.0,804.0,703.0,1359.0,714.0,1962.0,1137.0,00000000000000000b58,19.1073664018759,C0914R11
843.0,1973.0,1929.0,629.0,693.0,1444.0,1401.0,632.0,441.0,2229.0,2224.0,906.0,1039.0,1844.0,448.0,1938.0,1834.0,1250.0,1621.0,744.0,2278.0,506.0,926.0,1189.0,1697.0,674.0,1075.0,703.0,2002.0,1694.0,588.0,2052.0,1181.0,735.0,635.0,892.0,2103.0,1026.0,607.0,1858.0,2088.0,708.0,2043.0,1641.0,2054.0,616.0,485.0,497.0,2274.0,1332.0,2391.0,509.0,591.0,1285.0,2078.0,878.0,753.0,1444.0,803.0,2093.0,1247.0,00000000000000000b59,20.4332232974721,C0914R12
934.0,1972.0,1993.0,698.0,755.0,1469.0,1414.0,691.0,526.0,2233.0,2235.0,1027.0,1094.0,1931.0,533.0,1945.0,1926.0,1357.0,1651.0,836.0,2245.0,593.0,983.0,1287.0,1769.0,753.0,1087.0,764.0,2004.0,1700.0,663.0,2081.0,1276.0,801.0,700.0,950.0,2112.0,1083.0,678.0,1933.0,2084.0,773.0,2078.0,1662.0,2072.0,673.0,559.0,587.0,2302.0,1441.0,2362.0,580.0,659.0,1337.0,2107.0,951.0,825.0,1556.0,853.0,2115.0,1300.0,00000000000000000b5a,31.966556550403,C0914R13
836.0,1910.0,1914.0,623.0,659.0,1353.0,1318.0,591.0,442.0,2176.0,2132.0,898.0,966.0,1834.0,446.0,1882.0,1819.0,1237.0,1519.0,734.0,2208.0,503.0,884.0,1178.0,1685.0,655.0,1016.0,686.0,1947.0,1598.0,585.0,2007.0,1168.0,718.0,634.0,828.0,2018.0,968.0,597.0,1846.0,2031.0,705.0,1999.0,1527.0,1981.0,579.0,480.0,491.0,2193.0,1319.0,2326.0,509.0,580.0,1211.0,2026.0,860.0,755.0,1438.0,784.0,2024.0,1183.0,00000000000000000b5b,41.9566913405393,C0914R14
935.0,2008.0,1997.0,717.0,799.0,1551.0,1491.0,736.0,536.0,2227.0,2241.0,1006.0,1147.0,1937.0,546.0,1981.0,1907.0,1379.0,1734.0,864.0,2233.0,609.0,1030.0,1294.0,1773.0,775.0,1140.0,798.0,2016.0,1776.0,665.0,2094.0,1294.0,828.0,707.0,1004.0,2141.0,1147.0,702.0,1928.0,2096.0,791.0,2089.0,1734.0,2096.0,702.0,571.0,592.0,2315.0,1456.0,2341.0,598.0,677.0,1400.0,2103.0,976.0,836.0,1563.0,882.0,2132.0,1358.0,00000000000000000b5c,123.958809497654,C0914R15
860.0,1853.0,1881.0,634.0,663.0,1304.0,1268.0,595.0,471.0,2136.0,2068.0,957.0,961.0,1816.0,473.0,1821.0,1818.0,1236.0,1479.0,747.0,2151.0,526.0,880.0,1188.0,1665.0,665.0,980.0,692.0,1904.0,1545.0,587.0,1966.0,1162.0,723.0,636.0,822.0,1960.0,954.0,603.0,1828.0,1981.0,699.0,1966.0,1476.0,1936.0,590.0,504.0,534.0,2144.0,1319.0,2258.0,509.0,590.0,1197.0,1998.0,860.0,755.0,1446.0,768.0,1981.0,1168.0,00000000000000000b5d,10.5294719764099,C0914R18
1059.0,2473.0,2221.0,845.0,842.0,1814.0,1839.0,856.0,498.0,2737.0,2677.0,986.0,1423.0,2203.0,556.0,2409.0,1967.0,1452.0,1972.0,945.0,2795.0,637.0,1166.0,1334.0,2024.0,854.0,1466.0,966.0,2533.0,2105.0,670.0,2465.0,1444.0,873.0,799.0,1309.0,2542.0,1378.0,724.0,2127.0,2700.0,872.0,2469.0,2142.0,2533.0,849.0,638.0,623.0,2689.0,1640.0,2711.0,692.0,756.0,1665.0,2480.0,1138.0,861.0,1579.0,1042.0,2486.0,1608.0,00000000000000000b5e,23.8786260783236,C0915C01
1694.0,2842.0,2835.0,1372.0,1591.0,2474.0,2309.0,1487.0,1120.0,3106.0,3028.0,1841.0,2093.0,2798.0,1186.0,2832.0,2716.0,2253.0,2707.0,1596.0,3029.0,1289.0,1900.0,2090.0,2632.0,1493.0,1976.0,1536.0,2885.0,2695.0,1380.0,2942.0,2135.0,1590.0,1403.0,1892.0,2950.0,2050.0,1368.0,2793.0,2962.0,1538.0,2957.0,2669.0,2926.0,1429.0,1156.0,1276.0,3009.0,2346.0,3152.0,1262.0,1355.0,2406.0,2989.0,1724.0,1575.0,2398.0,1643.0,2965.0,2319.0,00000000000000000b5f,74.6069128284235,C0915C02
1319.0,2751.0,2589.0,1055.0,1197.0,2068.0,2073.0,1151.0,797.0,3012.0,2872.0,1360.0,1694.0,2509.0,791.0,2747.0,2453.0,1795.0,2353.0,1186.0,3024.0,888.0,1494.0,1713.0,2378.0,1151.0,1740.0,1210.0,2752.0,2397.0,970.0,2759.0,1813.0,1198.0,1035.0,1547.0,2821.0,1693.0,977.0,2495.0,2839.0,1142.0,2767.0,2420.0,2738.0,1118.0,843.0,876.0,2913.0,1878.0,3040.0,902.0,991.0,2001.0,2866.0,1412.0,1121.0,1898.0,1275.0,2805.0,1953.0,00000000000000000b60,57.4016043773675,C0915C03
1405.0,2795.0,2681.0,1117.0,1304.0,2205.0,2161.0,1241.0,880.0,3064.0,2924.0,1477.0,1806.0,2602.0,894.0,2785.0,2522.0,1933.0,2458.0,1285.0,3014.0,981.0,1599.0,1828.0,2461.0,1236.0,1788.0,1270.0,2809.0,2492.0,1073.0,2859.0,1888.0,1272.0,1120.0,1640.0,2884.0,1796.0,1080.0,2601.0,2884.0,1233.0,2860.0,2477.0,2804.0,1197.0,915.0,977.0,2948.0,1996.0,3123.0,979.0,1074.0,2112.0,2924.0,1482.0,1222.0,2046.0,1365.0,2865.0,2058.0,00000000000000000b61,55.4079618045686,C0915C04
1727.0,2844.0,2841.0,1398.0,1615.0,2491.0,2316.0,1509.0,1145.0,3104.0,3030.0,1884.0,2122.0,2812.0,1213.0,2834.0,2726.0,2277.0,2725.0,1622.0,3027.0,1320.0,1932.0,2111.0,2643.0,1520.0,1999.0,1567.0,2892.0,2712.0,1414.0,2940.0,2154.0,1621.0,1434.0,1919.0,2952.0,2074.0,1390.0,2802.0,2970.0,1569.0,2960.0,2680.0,2933.0,1451.0,1180.0,1310.0,3008.0,2371.0,3149.0,1289.0,1381.0,2441.0,2992.0,1750.0,1608.0,2419.0,1669.0,2972.0,2344.0,00000000000000000b62,45.855221375058,C0915C06
1259.0,2667.0,2458.0,1048.0,1023.0,1945.0,2055.0,1089.0,662.0,3014.0,2822.0,1107.0,1581.0,2485.0,752.0,2612.0,2153.0,1591.0,2038.0,1164.0,2950.0,803.0,1368.0,1397.0,2356.0,1013.0,1732.0,1111.0,2834.0,2253.0,838.0,2714.0,1557.0,1031.0,1026.0,1553.0,2697.0,1580.0,948.0,2394.0,2952.0,1081.0,2715.0,2309.0,2677.0,1042.0,840.0,746.0,2772.0,1852.0,2955.0,989.0,941.0,1800.0,2775.0,1289.0,1090.0,1724.0,1271.0,2587.0,1746.0,00000000000000000b63,53.4328627143248,C0915F01
1263.0,2724.0,2525.0,1025.0,1048.0,1996.0,2045.0,1084.0,678.0,2981.0,2837.0,1194.0,1590.0,2487.0,738.0,2657.0,2241.0,1668.0,2153.0,1162.0,3000.0,808.0,1383.0,1521.0,2342.0,1054.0,1717.0,1137.0,2803.0,2295.0,875.0,2732.0,1643.0,1062.0,1022.0,1513.0,2723.0,1583.0,934.0,2421.0,2904.0,1084.0,2723.0,2352.0,2697.0,1042.0,820.0,771.0,2872.0,1849.0,2997.0,933.0,930.0,1836.0,2784.0,1336.0,1081.0,1786.0,1247.0,2683.0,1793.0,00000000000000000b64,31.7909595011716,C0915F02
1250.0,2707.0,2534.0,1004.0,1056.0,2000.0,2017.0,1069.0,685.0,2926.0,2823.0,1240.0,1582.0,2463.0,720.0,2641.0,2292.0,1694.0,2205.0,1145.0,2985.0,805.0,1386.0,1582.0,2320.0,1064.0,1687.0,1148.0,2736.0,2299.0,877.0,2705.0,1684.0,1072.0,997.0,1474.0,2706.0,1574.0,915.0,2412.0,2824.0,1067.0,2698.0,2358.0,2673.0,1032.0,800.0,775.0,2888.0,1821.0,2961.0,881.0,908.0,1847.0,2765.0,1346.0,1061.0,1798.0,1212.0,2714.0,1810.0,00000000000000000b65,63.1506061628968,C0915F03
1001.0,2378.0,2091.0,801.0,765.0,1789.0,1856.0,793.0,485.0,2709.0,2732.0,878.0,1393.0,2116.0,558.0,2293.0,1780.0,1349.0,1879.0,886.0,2813.0,591.0,1038.0,1256.0,1896.0,789.0,1398.0,811.0,2578.0,2041.0,590.0,2394.0,1332.0,739.0,770.0,1238.0,2470.0,1278.0,626.0,1990.0,2765.0,806.0,2424.0,2096.0,2558.0,880.0,642.0,553.0,2598.0,1577.0,2551.0,658.0,739.0,1489.0,2271.0,1039.0,797.0,1491.0,919.0,2405.0,1460.0,00000000000000000b66,56.2020353444193,C0915F04
1301.0,2704.0,2500.0,1080.0,1055.0,1995.0,2102.0,1121.0,695.0,3041.0,2860.0,1157.0,1610.0,2527.0,774.0,2649.0,2193.0,1638.0,2085.0,1209.0,2985.0,836.0,1396.0,1436.0,2396.0,1057.0,1774.0,1148.0,2858.0,2295.0,882.0,2742.0,1599.0,1061.0,1059.0,1588.0,2750.0,1614.0,975.0,2440.0,2973.0,1118.0,2741.0,2349.0,2724.0,1074.0,874.0,780.0,2822.0,1905.0,3006.0,1025.0,959.0,1832.0,2813.0,1330.0,1127.0,1774.0,1299.0,2635.0,1780.0,00000000000000000b67,58.5349303348932,C0915F06
1295.0,2697.0,2492.0,1076.0,1048.0,1986.0,2093.0,1113.0,691.0,3037.0,2852.0,1150.0,1605.0,2519.0,767.0,2642.0,2185.0,1630.0,2076.0,1202.0,2978.0,832.0,1388.0,1429.0,2388.0,1051.0,1765.0,1143.0,2851.0,2287.0,874.0,2738.0,1591.0,1051.0,1050.0,1582.0,2741.0,1608.0,966.0,2432.0,2966.0,1109.0,2736.0,2340.0,2717.0,1067.0,869.0,775.0,2814.0,1895.0,3001.0,1016.0,951.0,1826.0,2809.0,1323.0,1118.0,1765.0,1288.0,2627.0,1774.0,00000000000000000b68,66.0684396351802,C0915F07
1056.0,2434.0,2139.0,843.0,797.0,1799.0,1884.0,831.0,507.0,2772.0,2765.0,921.0,1452.0,2162.0,590.0,2335.0,1848.0,1395.0,1944.0,920.0,2856.0,625.0,1114.0,1290.0,1975.0,818.0,1455.0,873.0,2640.0,2110.0,607.0,2430.0,1393.0,774.0,812.0,1285.0,2491.0,1332.0,670.0,2079.0,2828.0,845.0,2444.0,2169.0,2564.0,895.0,663.0,585.0,2650.0,1612.0,2567.0,699.0,784.0,1571.0,2362.0,1095.0,820.0,1518.0,986.0,2457.0,1527.0,00000000000000000b69,58.3145019216721,C0915F08
1150.0,2581.0,2363.0,903.0,989.0,1895.0,1925.0,972.0,617.0,2821.0,2790.0,1135.0,1505.0,2311.0,629.0,2553.0,2196.0,1574.0,2151.0,1019.0,2909.0,713.0,1299.0,1486.0,2164.0,966.0,1570.0,1044.0,2607.0,2233.0,777.0,2552.0,1594.0,1008.0,863.0,1374.0,2645.0,1494.0,813.0,2267.0,2709.0,960.0,2550.0,2278.0,2593.0,944.0,697.0,693.0,2785.0,1706.0,2814.0,750.0,830.0,1790.0,2642.0,1229.0,947.0,1695.0,1118.0,2625.0,1740.0,00000000000000000b6a,121.456265944281,C0915F10
1258.0,2675.0,2444.0,1040.0,1014.0,1955.0,2067.0,1080.0,658.0,3014.0,2829.0,1108.0,1587.0,2471.0,741.0,2619.0,2139.0,1593.0,2048.0,1164.0,2961.0,798.0,1350.0,1396.0,2337.0,1014.0,1731.0,1105.0,2833.0,2262.0,843.0,2714.0,1557.0,1015.0,1019.0,1559.0,2716.0,1587.0,933.0,2381.0,2944.0,1074.0,2705.0,2309.0,2698.0,1033.0,835.0,742.0,2791.0,1853.0,2976.0,982.0,924.0,1807.0,2786.0,1286.0,1083.0,1727.0,1254.0,2605.0,1752.0,00000000000000000b6b,95.1822148883152,C0915P03
1058.0,2432.0,2139.0,842.0,797.0,1798.0,1887.0,829.0,512.0,2781.0,2772.0,929.0,1462.0,2160.0,593.0,2331.0,1856.0,1396.0,1961.0,915.0,2877.0,625.0,1120.0,1299.0,1979.0,819.0,1466.0,873.0,2648.0,2120.0,607.0,2426.0,1398.0,768.0,822.0,1279.0,2488.0,1329.0,663.0,2098.0,2848.0,853.0,2440.0,2173.0,2571.0,902.0,664.0,589.0,2662.0,1604.0,2543.0,699.0,788.0,1574.0,2356.0,1098.0,821.0,1513.0,982.0,2469.0,1532.0,00000000000000000b6c,56.5989899352455,C0915P04
1308.0,2717.0,2519.0,1080.0,1062.0,2013.0,2106.0,1124.0,696.0,3041.0,2868.0,1174.0,1614.0,2539.0,772.0,2661.0,2211.0,1657.0,2107.0,1216.0,2994.0,841.0,1401.0,1463.0,2394.0,1068.0,1774.0,1157.0,2852.0,2309.0,888.0,2748.0,1618.0,1065.0,1058.0,1585.0,2765.0,1615.0,970.0,2451.0,2967.0,1119.0,2746.0,2362.0,2739.0,1079.0,872.0,791.0,2848.0,1917.0,3024.0,1016.0,958.0,1837.0,2812.0,1344.0,1124.0,1790.0,1291.0,2652.0,1786.0,00000000000000000b6d,46.9681718504738,C0915P06
1173.0,2588.0,2386.0,919.0,1034.0,1934.0,1936.0,999.0,649.0,2841.0,2777.0,1168.0,1530.0,2314.0,658.0,2563.0,2227.0,1601.0,2168.0,1033.0,2895.0,742.0,1316.0,1524.0,2188.0,988.0,1591.0,1051.0,2614.0,2258.0,811.0,2572.0,1614.0,1031.0,884.0,1386.0,2665.0,1517.0,836.0,2304.0,2708.0,987.0,2562.0,2290.0,2593.0,977.0,709.0,717.0,2758.0,1705.0,2839.0,758.0,851.0,1807.0,2659.0,1256.0,961.0,1716.0,1136.0,2642.0,1770.0,00000000000000000b6e,82.61787146519,C0915P07
1003.0,2361.0,2085.0,798.0,761.0,1791.0,1855.0,790.0,481.0,2703.0,2733.0,881.0,1394.0,2113.0,563.0,2278.0,1775.0,1350.0,1874.0,886.0,2801.0,590.0,1032.0,1255.0,1889.0,789.0,1392.0,808.0,2568.0,2039.0,591.0,2386.0,1335.0,740.0,771.0,1242.0,2470.0,1277.0,625.0,1985.0,2752.0,809.0,2415.0,2092.0,2558.0,878.0,640.0,551.0,2597.0,1576.0,2553.0,658.0,740.0,1491.0,2260.0,1042.0,800.0,1491.0,922.0,2406.0,1462.0,00000000000000000b6f,30.1896422953766,C0915P08
1260.0,2686.0,2506.0,998.0,1137.0,2025.0,2020.0,1092.0,743.0,2942.0,2836.0,1282.0,1626.0,2425.0,734.0,2671.0,2361.0,1711.0,2280.0,1124.0,2973.0,824.0,1417.0,1641.0,2302.0,1083.0,1686.0,1142.0,2694.0,2344.0,909.0,2682.0,1735.0,1126.0,970.0,1479.0,2760.0,1623.0,918.0,2422.0,2786.0,1078.0,2680.0,2373.0,2670.0,1062.0,787.0,808.0,2837.0,1800.0,2955.0,838.0,934.0,1919.0,2773.0,1351.0,1051.0,1824.0,1215.0,2739.0,1879.0,00000000000000000b70,50.0034388511009,C0915P09
995.0,2383.0,2108.0,798.0,763.0,1774.0,1843.0,784.0,486.0,2715.0,2719.0,886.0,1389.0,2121.0,553.0,2305.0,1788.0,1340.0,1893.0,881.0,2834.0,578.0,1046.0,1253.0,1898.0,786.0,1412.0,810.0,2574.0,2041.0,574.0,2398.0,1329.0,734.0,771.0,1227.0,2457.0,1274.0,622.0,2010.0,2791.0,794.0,2434.0,2080.0,2550.0,870.0,633.0,546.0,2602.0,1574.0,2494.0,654.0,734.0,1482.0,2265.0,1036.0,787.0,1484.0,913.0,2410.0,1453.0,00000000000000000b71,27.2724652297461,C0915P10
1333.0,2713.0,2591.0,1046.0,1231.0,2122.0,2094.0,1171.0,811.0,2982.0,2842.0,1393.0,1737.0,2506.0,823.0,2705.0,2435.0,1836.0,2375.0,1198.0,2930.0,909.0,1523.0,1735.0,2376.0,1159.0,1726.0,1203.0,2732.0,2415.0,1006.0,2768.0,1806.0,1193.0,1048.0,1573.0,2815.0,1722.0,1003.0,2509.0,2812.0,1160.0,2763.0,2411.0,2730.0,1130.0,849.0,907.0,2868.0,1887.0,3033.0,906.0,1008.0,2041.0,2836.0,1410.0,1135.0,1932.0,1298.0,2791.0,1987.0,00000000000000000b72,24.5217466281492,C0915R01
1410.0,2792.0,2680.0,1121.0,1316.0,2214.0,2160.0,1250.0,888.0,3055.0,2927.0,1488.0,1810.0,2609.0,909.0,2782.0,2523.0,1943.0,2461.0,1305.0,3013.0,988.0,1606.0,1838.0,2459.0,1247.0,1782.0,1266.0,2804.0,2494.0,1079.0,2860.0,1886.0,1284.0,1129.0,1645.0,2875.0,1803.0,1099.0,2604.0,2875.0,1237.0,2865.0,2473.0,2803.0,1204.0,923.0,981.0,2949.0,2015.0,3122.0,993.0,1082.0,2111.0,2919.0,1485.0,1243.0,2073.0,1368.0,2860.0,2060.0,00000000000000000b73,60.8388842522696,C0915R02
1411.0,2771.0,2660.0,1117.0,1323.0,2221.0,2154.0,1256.0,889.0,3021.0,2916.0,1497.0,1808.0,2602.0,921.0,2762.0,2509.0,1944.0,2462.0,1325.0,2989.0,992.0,1602.0,1840.0,2444.0,1257.0,1757.0,1251.0,2781.0,2491.0,1078.0,2843.0,1870.0,1287.0,1126.0,1645.0,2850.0,1800.0,1113.0,2593.0,2846.0,1229.0,2852.0,2462.0,2791.0,1208.0,926.0,982.0,2935.0,2028.0,3096.0,1003.0,1084.0,2097.0,2891.0,1480.0,1264.0,2101.0,1362.0,2840.0,2049.0,00000000000000000b74,43.0622803411538,C0915R03
1444.0,2795.0,2692.0,1145.0,1351.0,2255.0,2178.0,1281.0,912.0,3049.0,2939.0,1534.0,1839.0,2636.0,948.0,2785.0,2543.0,1985.0,2495.0,1357.0,3011.0,1020.0,1632.0,1874.0,2477.0,1287.0,1782.0,1282.0,2807.0,2517.0,1104.0,2871.0,1906.0,1317.0,1151.0,1674.0,2873.0,1830.0,1140.0,2627.0,2873.0,1254.0,2880.0,2492.0,2819.0,1233.0,950.0,1011.0,2951.0,2070.0,3123.0,1026.0,1111.0,2129.0,2918.0,1511.0,1291.0,2141.0,1390.0,2863.0,2078.0,00000000000000000b75,76.4424213717434,C0915R06
1354.0,2756.0,2625.0,1074.0,1243.0,2135.0,2113.0,1184.0,828.0,3031.0,2869.0,1413.0,1757.0,2533.0,831.0,2747.0,2472.0,1857.0,2396.0,1204.0,2974.0,929.0,1542.0,1756.0,2413.0,1175.0,1759.0,1240.0,2776.0,2437.0,1024.0,2804.0,1844.0,1208.0,1065.0,1591.0,2854.0,1737.0,1005.0,2542.0,2861.0,1184.0,2795.0,2442.0,2759.0,1145.0,867.0,929.0,2902.0,1897.0,3073.0,917.0,1024.0,2064.0,2883.0,1435.0,1142.0,1934.0,1319.0,2826.0,2011.0,00000000000000000b76,15.4005886519198,C0915R10
541.0,1828.0,1437.0,305.0,356.0,1145.0,1095.0,365.0,188.0,2158.0,1812.0,549.0,790.0,1303.0,256.0,1683.0,1199.0,743.0,1118.0,476.0,2298.0,212.0,442.0,780.0,1036.0,379.0,819.0,350.0,2052.0,1157.0,266.0,1840.0,772.0,308.0,422.0,640.0,1685.0,650.0,179.0,1268.0,2148.0,432.0,1984.0,1077.0,1732.0,545.0,307.0,252.0,1691.0,840.0,1883.0,242.0,315.0,708.0,1606.0,558.0,425.0,786.0,385.0,1550.0,760.0,00000000000000000b77,41.9313277359948,C1001C01
586.0,1845.0,1421.0,352.0,374.0,1189.0,1110.0,353.0,205.0,2126.0,1845.0,575.0,831.0,1305.0,298.0,1615.0,1232.0,825.0,1179.0,504.0,2234.0,228.0,470.0,831.0,1141.0,402.0,799.0,383.0,2018.0,1168.0,307.0,1828.0,781.0,332.0,468.0,676.0,1692.0,636.0,173.0,1294.0,2132.0,514.0,1961.0,1188.0,1766.0,571.0,305.0,293.0,1735.0,943.0,1886.0,285.0,333.0,744.0,1633.0,629.0,447.0,825.0,415.0,1509.0,735.0,00000000000000000b78,107.329872607257,C1001C03
577.0,1895.0,1455.0,351.0,382.0,1250.0,1165.0,375.0,211.0,2222.0,1945.0,580.0,873.0,1342.0,288.0,1706.0,1223.0,826.0,1222.0,499.0,2358.0,233.0,504.0,818.0,1153.0,403.0,851.0,373.0,2063.0,1231.0,318.0,1901.0,779.0,349.0,469.0,709.0,1760.0,681.0,185.0,1342.0,2236.0,512.0,2072.0,1209.0,1847.0,587.0,319.0,276.0,1818.0,932.0,1955.0,297.0,359.0,777.0,1632.0,627.0,458.0,846.0,421.0,1596.0,809.0,00000000000000000b79,29.1953099421223,C1001C04
443.0,1722.0,1388.0,235.0,291.0,967.0,957.0,301.0,155.0,1867.0,1483.0,453.0,625.0,1255.0,174.0,1612.0,1094.0,633.0,927.0,401.0,2038.0,144.0,340.0,759.0,848.0,317.0,591.0,296.0,1969.0,957.0,185.0,1726.0,749.0,224.0,304.0,495.0,1435.0,549.0,114.0,1090.0,1839.0,271.0,1788.0,939.0,1502.0,518.0,273.0,224.0,1455.0,721.0,1738.0,150.0,217.0,616.0,1501.0,410.0,347.0,692.0,298.0,1435.0,633.0,00000000000000000b7a,135.076207395097,C1001C05
570.0,1670.0,1314.0,356.0,313.0,949.0,984.0,320.0,249.0,1831.0,1430.0,533.0,663.0,1257.0,297.0,1437.0,1201.0,801.0,970.0,579.0,1838.0,229.0,361.0,819.0,1063.0,502.0,675.0,381.0,1830.0,946.0,318.0,1560.0,787.0,298.0,457.0,556.0,1351.0,586.0,212.0,1171.0,1774.0,497.0,1784.0,978.0,1477.0,469.0,303.0,304.0,1357.0,908.0,1634.0,323.0,279.0,615.0,1501.0,611.0,500.0,918.0,382.0,1239.0,562.0,00000000000000000b7b,139.417418370378,C1001C06
535.0,1825.0,1461.0,296.0,348.0,1110.0,1073.0,361.0,187.0,2153.0,1783.0,549.0,760.0,1312.0,245.0,1702.0,1198.0,721.0,1082.0,475.0,2297.0,210.0,435.0,790.0,987.0,381.0,806.0,350.0,2059.0,1133.0,267.0,1855.0,789.0,305.0,413.0,614.0,1655.0,633.0,174.0,1254.0,2126.0,419.0,1970.0,1038.0,1695.0,547.0,307.0,247.0,1643.0,825.0,1881.0,237.0,305.0,682.0,1605.0,540.0,433.0,786.0,376.0,1553.0,741.0,00000000000000000b7c,67.363397150996,C1001C07
579.0,1857.0,1434.0,352.0,380.0,1222.0,1139.0,370.0,213.0,2172.0,1906.0,579.0,850.0,1323.0,283.0,1653.0,1216.0,819.0,1193.0,499.0,2290.0,235.0,496.0,815.0,1147.0,408.0,810.0,378.0,2019.0,1196.0,307.0,1867.0,771.0,335.0,464.0,690.0,1728.0,655.0,181.0,1313.0,2173.0,502.0,2019.0,1193.0,1810.0,580.0,312.0,279.0,1781.0,931.0,1919.0,293.0,348.0,757.0,1617.0,627.0,446.0,835.0,406.0,1554.0,777.0,00000000000000000b7d,79.3373170192916,C1001F01
594.0,1898.0,1455.0,367.0,396.0,1263.0,1173.0,381.0,221.0,2212.0,1953.0,592.0,883.0,1354.0,299.0,1689.0,1236.0,844.0,1237.0,513.0,2337.0,243.0,518.0,832.0,1186.0,418.0,841.0,388.0,2052.0,1229.0,328.0,1909.0,779.0,350.0,481.0,720.0,1767.0,680.0,194.0,1344.0,2221.0,530.0,2072.0,1238.0,1862.0,601.0,322.0,287.0,1831.0,959.0,1959.0,312.0,369.0,788.0,1641.0,645.0,459.0,861.0,422.0,1586.0,804.0,00000000000000000b7e,80.7438139330242,C1001F02
561.0,1853.0,1451.0,317.0,363.0,1170.0,1115.0,370.0,195.0,2173.0,1832.0,562.0,802.0,1311.0,266.0,1692.0,1220.0,769.0,1144.0,482.0,2305.0,220.0,453.0,799.0,1069.0,389.0,836.0,361.0,2070.0,1178.0,274.0,1854.0,787.0,314.0,435.0,654.0,1707.0,653.0,180.0,1280.0,2166.0,456.0,1994.0,1110.0,1752.0,556.0,313.0,263.0,1714.0,871.0,1895.0,251.0,321.0,718.0,1626.0,580.0,436.0,803.0,393.0,1562.0,762.0,00000000000000000b7f,82.4336218046906,C1001F03
534.0,1529.0,1305.0,298.0,313.0,824.0,862.0,303.0,232.0,1732.0,1233.0,518.0,599.0,1203.0,250.0,1403.0,1191.0,756.0,823.0,533.0,1655.0,222.0,331.0,841.0,1049.0,440.0,586.0,326.0,1688.0,864.0,311.0,1558.0,759.0,265.0,391.0,491.0,1163.0,518.0,209.0,1090.0,1618.0,393.0,1635.0,889.0,1261.0,472.0,279.0,296.0,1139.0,815.0,1561.0,262.0,266.0,546.0,1484.0,553.0,435.0,825.0,338.0,1235.0,528.0,00000000000000000b80,52.7703800495058,C1001F04
576.0,1887.0,1448.0,351.0,378.0,1246.0,1161.0,369.0,212.0,2208.0,1941.0,577.0,868.0,1334.0,287.0,1694.0,1217.0,823.0,1217.0,496.0,2341.0,234.0,500.0,814.0,1150.0,404.0,825.0,372.0,2052.0,1227.0,318.0,1892.0,775.0,348.0,467.0,705.0,1754.0,676.0,185.0,1334.0,2222.0,509.0,2062.0,1207.0,1843.0,582.0,319.0,276.0,1814.0,929.0,1943.0,297.0,358.0,772.0,1625.0,626.0,456.0,843.0,419.0,1588.0,802.0,00000000000000000b81,120.531560343489,C1001F05
618.0,1998.0,1525.0,387.0,439.0,1379.0,1292.0,429.0,248.0,2360.0,2101.0,621.0,960.0,1448.0,321.0,1839.0,1277.0,893.0,1331.0,542.0,2537.0,269.0,569.0,864.0,1246.0,453.0,944.0,405.0,2163.0,1350.0,357.0,2024.0,832.0,397.0,501.0,803.0,1894.0,764.0,233.0,1438.0,2394.0,541.0,2238.0,1316.0,2013.0,636.0,359.0,300.0,1979.0,993.0,2080.0,336.0,407.0,872.0,1711.0,671.0,490.0,922.0,465.0,1738.0,911.0,00000000000000000b82,78.7436341892232,C1001F06
585.0,1908.0,1460.0,357.0,387.0,1266.0,1181.0,379.0,217.0,2236.0,1967.0,587.0,885.0,1353.0,288.0,1720.0,1231.0,833.0,1235.0,505.0,2375.0,239.0,509.0,823.0,1169.0,412.0,840.0,379.0,2072.0,1245.0,320.0,1916.0,782.0,349.0,467.0,722.0,1776.0,689.0,188.0,1353.0,2251.0,509.0,2095.0,1226.0,1869.0,591.0,325.0,278.0,1840.0,939.0,1971.0,299.0,359.0,789.0,1642.0,636.0,454.0,854.0,420.0,1612.0,820.0,00000000000000000b83,149.689176327441,C1001P02
482.0,1817.0,1455.0,270.0,328.0,1017.0,991.0,337.0,174.0,2030.0,1595.0,496.0,680.0,1315.0,197.0,1692.0,1142.0,651.0,974.0,439.0,2211.0,177.0,379.0,781.0,881.0,344.0,685.0,332.0,2061.0,1014.0,225.0,1857.0,789.0,257.0,352.0,537.0,1522.0,581.0,145.0,1180.0,1990.0,323.0,1893.0,962.0,1557.0,545.0,315.0,239.0,1520.0,764.0,1843.0,187.0,250.0,647.0,1570.0,443.0,398.0,734.0,328.0,1496.0,684.0,00000000000000000b84,82.4508242834614,C1001P03
581.0,1883.0,1460.0,340.0,381.0,1234.0,1154.0,371.0,207.0,2207.0,1913.0,581.0,855.0,1343.0,283.0,1693.0,1239.0,822.0,1205.0,499.0,2331.0,229.0,491.0,825.0,1146.0,406.0,813.0,368.0,2063.0,1215.0,307.0,1890.0,786.0,339.0,464.0,697.0,1744.0,674.0,180.0,1331.0,2212.0,500.0,2046.0,1195.0,1820.0,580.0,314.0,272.0,1790.0,929.0,1946.0,286.0,343.0,764.0,1652.0,626.0,453.0,842.0,412.0,1583.0,788.0,00000000000000000b85,66.0399973052871,C1001P04
546.0,1659.0,1317.0,348.0,307.0,963.0,968.0,313.0,221.0,1837.0,1461.0,522.0,663.0,1230.0,288.0,1449.0,1180.0,768.0,964.0,540.0,1862.0,222.0,359.0,804.0,1029.0,447.0,684.0,373.0,1836.0,963.0,296.0,1568.0,767.0,297.0,440.0,549.0,1367.0,573.0,199.0,1133.0,1786.0,473.0,1754.0,981.0,1482.0,473.0,288.0,291.0,1368.0,878.0,1647.0,292.0,277.0,609.0,1511.0,588.0,470.0,855.0,372.0,1278.0,575.0,00000000000000000b86,83.6929659824454,C1001P05
587.0,1903.0,1458.0,360.0,394.0,1266.0,1179.0,382.0,219.0,2224.0,1961.0,587.0,884.0,1354.0,296.0,1705.0,1234.0,839.0,1235.0,506.0,2355.0,240.0,516.0,829.0,1178.0,414.0,837.0,382.0,2062.0,1238.0,325.0,1913.0,782.0,353.0,475.0,720.0,1771.0,685.0,194.0,1349.0,2235.0,519.0,2083.0,1232.0,1865.0,598.0,323.0,280.0,1835.0,949.0,1965.0,307.0,368.0,788.0,1642.0,637.0,457.0,858.0,425.0,1599.0,812.0,00000000000000000b87,99.3419134226343,C1001P06
585.0,1910.0,1458.0,356.0,392.0,1267.0,1182.0,382.0,218.0,2234.0,1966.0,585.0,887.0,1351.0,295.0,1719.0,1231.0,837.0,1234.0,504.0,2370.0,239.0,514.0,827.0,1172.0,413.0,837.0,378.0,2072.0,1244.0,327.0,1917.0,785.0,356.0,476.0,723.0,1775.0,690.0,193.0,1351.0,2248.0,518.0,2095.0,1229.0,1868.0,596.0,324.0,277.0,1838.0,942.0,1971.0,306.0,367.0,791.0,1645.0,635.0,461.0,856.0,428.0,1608.0,820.0,00000000000000000b88,76.6276447968776,C1001P07
581.0,1883.0,1460.0,340.0,381.0,1234.0,1154.0,371.0,207.0,2207.0,1913.0,581.0,855.0,1343.0,283.0,1693.0,1239.0,822.0,1205.0,499.0,2331.0,229.0,491.0,825.0,1146.0,406.0,813.0,368.0,2063.0,1215.0,307.0,1890.0,786.0,339.0,464.0,697.0,1744.0,674.0,180.0,1331.0,2212.0,500.0,2046.0,1195.0,1820.0,580.0,314.0,272.0,1790.0,929.0,1946.0,286.0,343.0,764.0,1652.0,626.0,453.0,842.0,412.0,1583.0,788.0,00000000000000000b89,98.9019420099879,C1001P09
577.0,1681.0,1318.0,367.0,320.0,955.0,991.0,329.0,256.0,1843.0,1440.0,537.0,672.0,1264.0,305.0,1442.0,1205.0,802.0,980.0,586.0,1849.0,235.0,370.0,816.0,1069.0,510.0,691.0,391.0,1839.0,949.0,317.0,1568.0,785.0,306.0,458.0,564.0,1362.0,594.0,218.0,1180.0,1782.0,500.0,1799.0,983.0,1488.0,477.0,312.0,312.0,1370.0,910.0,1645.0,325.0,285.0,624.0,1509.0,618.0,501.0,920.0,392.0,1237.0,567.0,00000000000000000b8a,299.378017051918,C1001W01
538.0,1830.0,1476.0,297.0,347.0,1108.0,1070.0,362.0,187.0,2149.0,1774.0,554.0,753.0,1320.0,247.0,1705.0,1210.0,728.0,1080.0,480.0,2289.0,210.0,431.0,801.0,991.0,385.0,811.0,352.0,2069.0,1134.0,268.0,1855.0,798.0,305.0,414.0,612.0,1657.0,631.0,173.0,1253.0,2118.0,419.0,1965.0,1036.0,1689.0,552.0,308.0,251.0,1632.0,832.0,1877.0,240.0,305.0,680.0,1610.0,545.0,436.0,793.0,376.0,1553.0,735.0,00000000000000000b8b,77.8396724073532,C1001X01
476.0,1784.0,1446.0,259.0,315.0,1007.0,986.0,326.0,171.0,1988.0,1563.0,487.0,666.0,1300.0,191.0,1662.0,1135.0,642.0,962.0,432.0,2162.0,171.0,363.0,772.0,863.0,333.0,647.0,334.0,2038.0,1000.0,215.0,1819.0,778.0,249.0,341.0,525.0,1503.0,574.0,133.0,1158.0,1941.0,306.0,1875.0,957.0,1538.0,535.0,310.0,234.0,1509.0,747.0,1820.0,175.0,238.0,641.0,1547.0,436.0,382.0,717.0,317.0,1474.0,670.0,00000000000000000b8c,114.39264948158,C1001X02
568.0,1860.0,1437.0,334.0,374.0,1213.0,1137.0,368.0,202.0,2178.0,1893.0,570.0,838.0,1321.0,275.0,1679.0,1217.0,805.0,1187.0,489.0,2308.0,224.0,483.0,808.0,1123.0,396.0,823.0,362.0,2040.0,1196.0,299.0,1864.0,772.0,332.0,453.0,685.0,1726.0,663.0,176.0,1311.0,2188.0,486.0,2019.0,1172.0,1799.0,570.0,309.0,266.0,1770.0,910.0,1920.0,280.0,338.0,749.0,1622.0,610.0,442.0,827.0,403.0,1568.0,778.0,00000000000000000b8d,41.9533308312821,C1001X03
616.0,2010.0,1546.0,404.0,447.0,1381.0,1309.0,444.0,268.0,2362.0,2133.0,636.0,971.0,1498.0,316.0,1891.0,1257.0,864.0,1315.0,555.0,2613.0,289.0,577.0,870.0,1202.0,474.0,938.0,414.0,2149.0,1368.0,361.0,2066.0,860.0,402.0,492.0,795.0,1918.0,782.0,256.0,1479.0,2435.0,513.0,2244.0,1296.0,2054.0,636.0,393.0,320.0,2014.0,978.0,2087.0,331.0,415.0,874.0,1684.0,657.0,499.0,940.0,465.0,1803.0,939.0,00000000000000000b8e,127.323451782243,C1002C02
627.0,2098.0,1621.0,426.0,483.0,1426.0,1357.0,468.0,299.0,2432.0,2161.0,652.0,994.0,1578.0,343.0,1987.0,1301.0,864.0,1354.0,573.0,2727.0,318.0,605.0,906.0,1201.0,502.0,961.0,426.0,2229.0,1419.0,384.0,2194.0,907.0,423.0,506.0,807.0,1970.0,811.0,285.0,1540.0,2515.0,507.0,2308.0,1329.0,2079.0,664.0,431.0,342.0,2043.0,980.0,2183.0,344.0,433.0,894.0,1763.0,634.0,524.0,959.0,482.0,1886.0,972.0,00000000000000000b8f,211.339628535262,C1002C03
519.0,1905.0,1492.0,314.0,371.0,1089.0,1052.0,382.0,209.0,2199.0,1725.0,546.0,775.0,1388.0,238.0,1782.0,1169.0,683.0,1042.0,477.0,2410.0,221.0,456.0,792.0,929.0,392.0,822.0,359.0,2113.0,1090.0,277.0,2001.0,817.0,310.0,402.0,609.0,1617.0,648.0,186.0,1288.0,2175.0,380.0,2035.0,996.0,1648.0,573.0,357.0,266.0,1615.0,802.0,1970.0,243.0,300.0,707.0,1644.0,481.0,447.0,782.0,372.0,1570.0,775.0,00000000000000000b90,199.113520034199,C1002C04
565.0,1974.0,1507.0,351.0,410.0,1213.0,1166.0,414.0,240.0,2324.0,1920.0,586.0,875.0,1423.0,277.0,1857.0,1206.0,746.0,1156.0,514.0,2553.0,252.0,516.0,819.0,1024.0,431.0,874.0,374.0,2153.0,1222.0,309.0,2066.0,834.0,348.0,439.0,688.0,1759.0,711.0,216.0,1384.0,2347.0,432.0,2152.0,1109.0,1822.0,594.0,373.0,285.0,1802.0,857.0,2070.0,277.0,348.0,777.0,1692.0,545.0,471.0,838.0,409.0,1694.0,869.0,00000000000000000b91,153.618994636909,C1002C05
616.0,1992.0,1517.0,389.0,437.0,1374.0,1282.0,427.0,249.0,2341.0,2095.0,619.0,953.0,1439.0,321.0,1827.0,1270.0,891.0,1324.0,541.0,2519.0,270.0,569.0,862.0,1247.0,455.0,941.0,404.0,2148.0,1343.0,359.0,2012.0,828.0,395.0,506.0,799.0,1889.0,758.0,236.0,1434.0,2376.0,545.0,2226.0,1316.0,2009.0,635.0,354.0,301.0,1971.0,993.0,2063.0,338.0,408.0,866.0,1699.0,671.0,491.0,919.0,463.0,1725.0,901.0,00000000000000000b93,120.06959208079,C1002C08
605.0,1994.0,1536.0,384.0,430.0,1348.0,1285.0,430.0,257.0,2383.0,2104.0,618.0,957.0,1476.0,297.0,1886.0,1257.0,844.0,1283.0,537.0,2610.0,279.0,558.0,860.0,1168.0,456.0,918.0,406.0,2151.0,1350.0,346.0,2071.0,851.0,384.0,483.0,778.0,1891.0,773.0,237.0,1464.0,2431.0,499.0,2248.0,1252.0,2014.0,619.0,387.0,308.0,1984.0,950.0,2105.0,317.0,394.0,857.0,1697.0,633.0,493.0,912.0,444.0,1784.0,932.0,00000000000000000b94,153.207746332527,C1002C09
526.0,1868.0,1493.0,299.0,362.0,1088.0,1050.0,375.0,189.0,2168.0,1732.0,555.0,747.0,1352.0,231.0,1738.0,1195.0,701.0,1055.0,483.0,2332.0,210.0,435.0,794.0,951.0,387.0,833.0,344.0,2100.0,1104.0,261.0,1929.0,811.0,293.0,391.0,601.0,1634.0,640.0,180.0,1266.0,2120.0,379.0,2005.0,1002.0,1656.0,566.0,323.0,246.0,1615.0,809.0,1925.0,238.0,292.0,689.0,1631.0,511.0,425.0,782.0,364.0,1559.0,755.0,00000000000000000b95,228.781370003001,C1002C10
563.0,1884.0,1448.0,342.0,379.0,1230.0,1158.0,385.0,206.0,2225.0,1930.0,569.0,851.0,1339.0,271.0,1727.0,1216.0,806.0,1197.0,493.0,2368.0,237.0,493.0,809.0,1112.0,399.0,886.0,372.0,2068.0,1218.0,298.0,1895.0,783.0,337.0,447.0,702.0,1762.0,682.0,188.0,1326.0,2230.0,474.0,2070.0,1170.0,1838.0,578.0,323.0,271.0,1804.0,902.0,1954.0,281.0,348.0,765.0,1630.0,600.0,436.0,839.0,408.0,1609.0,806.0,00000000000000000b96,338.365329093536,C1002C11
592.0,2016.0,1545.0,378.0,433.0,1312.0,1261.0,432.0,257.0,2396.0,2043.0,617.0,943.0,1479.0,294.0,1914.0,1246.0,804.0,1247.0,539.0,2633.0,279.0,549.0,849.0,1108.0,457.0,944.0,400.0,2173.0,1323.0,340.0,2104.0,857.0,375.0,469.0,751.0,1862.0,772.0,242.0,1453.0,2448.0,470.0,2240.0,1203.0,1954.0,615.0,398.0,301.0,1925.0,912.0,2129.0,308.0,385.0,834.0,1720.0,595.0,498.0,893.0,436.0,1779.0,933.0,00000000000000000b97,157.034393823255,C1002C12
526.0,1901.0,1505.0,312.0,372.0,1107.0,1068.0,383.0,209.0,2210.0,1749.0,547.0,774.0,1391.0,238.0,1783.0,1189.0,699.0,1060.0,482.0,2409.0,220.0,454.0,806.0,944.0,397.0,833.0,358.0,2118.0,1113.0,278.0,1997.0,826.0,310.0,401.0,612.0,1643.0,649.0,187.0,1294.0,2180.0,386.0,2043.0,1012.0,1669.0,573.0,348.0,259.0,1631.0,813.0,1971.0,245.0,301.0,709.0,1648.0,495.0,444.0,798.0,373.0,1584.0,779.0,00000000000000000b98,236.348194066915,C1002C13
587.0,2007.0,1539.0,379.0,430.0,1290.0,1242.0,431.0,257.0,2385.0,2021.0,611.0,931.0,1470.0,292.0,1904.0,1244.0,793.0,1227.0,535.0,2618.0,279.0,542.0,843.0,1095.0,453.0,946.0,402.0,2168.0,1302.0,330.0,2093.0,853.0,372.0,456.0,740.0,1843.0,764.0,240.0,1443.0,2433.0,456.0,2222.0,1181.0,1931.0,610.0,401.0,302.0,1905.0,900.0,2119.0,299.0,381.0,821.0,1718.0,585.0,487.0,880.0,432.0,1765.0,924.0,00000000000000000b99,128.776709109276,C1002C16
525.0,1914.0,1489.0,325.0,375.0,1098.0,1060.0,385.0,217.0,2229.0,1751.0,546.0,780.0,1389.0,238.0,1792.0,1168.0,687.0,1051.0,482.0,2437.0,229.0,459.0,789.0,937.0,396.0,813.0,372.0,2119.0,1107.0,277.0,2017.0,817.0,310.0,400.0,614.0,1635.0,653.0,186.0,1298.0,2210.0,387.0,2055.0,1005.0,1673.0,574.0,373.0,265.0,1636.0,799.0,1985.0,244.0,300.0,712.0,1647.0,491.0,445.0,787.0,372.0,1588.0,780.0,00000000000000000b9b,117.446025206277,C1002C18
516.0,1848.0,1478.0,303.0,351.0,1062.0,1029.0,362.0,199.0,2142.0,1690.0,537.0,738.0,1352.0,220.0,1735.0,1163.0,678.0,1020.0,472.0,2327.0,210.0,427.0,789.0,919.0,385.0,805.0,349.0,2072.0,1073.0,262.0,1934.0,809.0,284.0,394.0,582.0,1600.0,621.0,168.0,1251.0,2102.0,372.0,1978.0,980.0,1628.0,556.0,337.0,255.0,1584.0,797.0,1909.0,230.0,282.0,679.0,1605.0,483.0,439.0,770.0,353.0,1543.0,739.0,00000000000000000b9c,156.789386733106,C1002C19
545.0,1935.0,1489.0,337.0,394.0,1163.0,1116.0,396.0,222.0,2273.0,1856.0,566.0,828.0,1390.0,258.0,1810.0,1185.0,723.0,1115.0,493.0,2494.0,236.0,490.0,808.0,980.0,409.0,856.0,370.0,2128.0,1172.0,290.0,2026.0,825.0,330.0,419.0,651.0,1710.0,672.0,204.0,1341.0,2282.0,410.0,2090.0,1061.0,1758.0,584.0,359.0,270.0,1729.0,838.0,2016.0,258.0,330.0,739.0,1651.0,526.0,451.0,816.0,394.0,1630.0,818.0,00000000000000000b9d,204.005612770543,C1002C20
580.0,2010.0,1531.0,390.0,425.0,1321.0,1264.0,424.0,269.0,2366.0,2056.0,609.0,942.0,1476.0,300.0,1909.0,1218.0,793.0,1253.0,527.0,2636.0,289.0,553.0,836.0,1104.0,446.0,892.0,410.0,2153.0,1322.0,339.0,2100.0,838.0,382.0,474.0,751.0,1872.0,762.0,241.0,1444.0,2440.0,475.0,2232.0,1215.0,1968.0,612.0,402.0,313.0,1932.0,907.0,2108.0,307.0,392.0,840.0,1689.0,587.0,496.0,888.0,443.0,1788.0,924.0,00000000000000000b9e,206.972526060847,C1002C21
605.0,1965.0,1495.0,375.0,419.0,1336.0,1250.0,412.0,238.0,2324.0,2055.0,608.0,929.0,1413.0,307.0,1804.0,1256.0,871.0,1290.0,526.0,2489.0,259.0,548.0,846.0,1211.0,439.0,895.0,396.0,2131.0,1312.0,339.0,1990.0,817.0,378.0,484.0,774.0,1852.0,735.0,219.0,1405.0,2349.0,520.0,2193.0,1276.0,1966.0,618.0,351.0,290.0,1937.0,969.0,2049.0,319.0,389.0,842.0,1686.0,655.0,472.0,900.0,450.0,1702.0,878.0,00000000000000000b9f,54.6003642045641,C1002C22
615.0,1997.0,1522.0,386.0,439.0,1380.0,1294.0,431.0,249.0,2357.0,2107.0,623.0,960.0,1446.0,319.0,1842.0,1275.0,894.0,1327.0,541.0,2540.0,270.0,569.0,865.0,1239.0,452.0,942.0,404.0,2160.0,1356.0,354.0,2018.0,837.0,398.0,498.0,804.0,1899.0,767.0,238.0,1441.0,2393.0,539.0,2235.0,1313.0,2018.0,631.0,360.0,301.0,1986.0,992.0,2078.0,334.0,414.0,872.0,1705.0,670.0,488.0,923.0,467.0,1746.0,914.0,00000000000000000ba0,126.206921868602,C1002C23
611.0,1986.0,1509.0,388.0,430.0,1365.0,1274.0,420.0,248.0,2336.0,2086.0,613.0,950.0,1430.0,314.0,1822.0,1266.0,884.0,1316.0,535.0,2512.0,269.0,560.0,855.0,1236.0,448.0,926.0,405.0,2145.0,1335.0,349.0,2006.0,823.0,387.0,494.0,795.0,1880.0,755.0,228.0,1425.0,2371.0,532.0,2218.0,1305.0,1999.0,627.0,356.0,300.0,1965.0,985.0,2059.0,329.0,398.0,863.0,1695.0,664.0,480.0,912.0,455.0,1721.0,897.0,00000000000000000ba1,209.809334478776,C1002C24
539.0,1859.0,1462.0,305.0,367.0,1128.0,1090.0,377.0,197.0,2200.0,1813.0,559.0,793.0,1337.0,243.0,1745.0,1179.0,717.0,1096.0,485.0,2370.0,219.0,464.0,788.0,982.0,395.0,835.0,349.0,2063.0,1150.0,269.0,1921.0,792.0,314.0,411.0,634.0,1673.0,658.0,181.0,1284.0,2199.0,412.0,2020.0,1045.0,1725.0,562.0,325.0,251.0,1677.0,823.0,1929.0,247.0,314.0,710.0,1606.0,534.0,441.0,793.0,385.0,1582.0,782.0,00000000000000000ba2,105.459980008792,C1002C26
610.0,1980.0,1508.0,381.0,429.0,1361.0,1275.0,422.0,243.0,2348.0,2081.0,613.0,946.0,1431.0,314.0,1825.0,1268.0,881.0,1310.0,531.0,2518.0,265.0,559.0,852.0,1225.0,442.0,927.0,402.0,2149.0,1335.0,348.0,2006.0,826.0,388.0,493.0,790.0,1874.0,754.0,228.0,1424.0,2376.0,534.0,2218.0,1291.0,1992.0,626.0,360.0,296.0,1963.0,976.0,2069.0,328.0,402.0,858.0,1697.0,659.0,483.0,910.0,460.0,1729.0,900.0,00000000000000000ba3,146.945755112593,C1002C29
657.0,2087.0,1641.0,435.0,500.0,1472.0,1397.0,486.0,312.0,2400.0,2209.0,674.0,1021.0,1590.0,357.0,1970.0,1339.0,922.0,1407.0,594.0,2689.0,325.0,623.0,934.0,1281.0,521.0,988.0,439.0,2209.0,1454.0,404.0,2136.0,925.0,435.0,523.0,844.0,2009.0,830.0,299.0,1570.0,2503.0,540.0,2292.0,1389.0,2137.0,683.0,425.0,355.0,2086.0,1038.0,2138.0,367.0,449.0,925.0,1743.0,687.0,530.0,1003.0,495.0,1893.0,983.0,00000000000000000ba4,123.893595310867,C1002F01
627.0,2018.0,1541.0,405.0,452.0,1403.0,1315.0,442.0,268.0,2361.0,2142.0,637.0,977.0,1467.0,329.0,1863.0,1286.0,910.0,1346.0,557.0,2568.0,288.0,584.0,880.0,1253.0,468.0,961.0,422.0,2171.0,1377.0,370.0,2031.0,852.0,406.0,509.0,820.0,1931.0,782.0,250.0,1462.0,2417.0,548.0,2246.0,1332.0,2054.0,644.0,382.0,318.0,2020.0,1007.0,2085.0,345.0,429.0,889.0,1707.0,686.0,500.0,945.0,476.0,1775.0,929.0,00000000000000000ba5,146.225935682847,C1002F02
636.0,2027.0,1563.0,423.0,464.0,1425.0,1337.0,454.0,284.0,2364.0,2169.0,646.0,991.0,1502.0,339.0,1885.0,1290.0,916.0,1362.0,566.0,2602.0,298.0,602.0,893.0,1256.0,486.0,974.0,425.0,2167.0,1395.0,382.0,2058.0,865.0,416.0,512.0,828.0,1953.0,797.0,268.0,1492.0,2438.0,544.0,2258.0,1350.0,2082.0,661.0,399.0,329.0,2041.0,1020.0,2098.0,352.0,438.0,904.0,1710.0,687.0,510.0,962.0,477.0,1803.0,942.0,00000000000000000ba6,78.5788899425273,C1002F05
628.0,2082.0,1612.0,424.0,477.0,1420.0,1350.0,467.0,299.0,2416.0,2156.0,647.0,992.0,1564.0,338.0,1971.0,1296.0,865.0,1353.0,568.0,2699.0,315.0,603.0,897.0,1205.0,498.0,956.0,424.0,2210.0,1415.0,383.0,2165.0,897.0,419.0,503.0,810.0,1969.0,815.0,282.0,1527.0,2502.0,508.0,2298.0,1326.0,2082.0,661.0,424.0,341.0,2040.0,981.0,2156.0,343.0,429.0,894.0,1744.0,642.0,519.0,958.0,477.0,1871.0,967.0,00000000000000000ba7,105.885718369785,C1002F09
539.0,1849.0,1447.0,304.0,362.0,1163.0,1110.0,372.0,189.0,2193.0,1837.0,550.0,803.0,1323.0,249.0,1709.0,1198.0,747.0,1130.0,478.0,2347.0,216.0,458.0,786.0,1030.0,383.0,834.0,348.0,2068.0,1168.0,277.0,1879.0,783.0,311.0,432.0,646.0,1703.0,657.0,177.0,1291.0,2190.0,442.0,2022.0,1084.0,1752.0,554.0,311.0,246.0,1712.0,849.0,1915.0,254.0,314.0,713.0,1612.0,552.0,440.0,800.0,383.0,1573.0,780.0,00000000000000000ba8,145.155189875472,C1002F10
636.0,2032.0,1558.0,416.0,470.0,1432.0,1337.0,460.0,274.0,2366.0,2166.0,644.0,992.0,1482.0,339.0,1874.0,1299.0,922.0,1375.0,565.0,2577.0,295.0,599.0,884.0,1281.0,478.0,990.0,427.0,2181.0,1395.0,386.0,2042.0,856.0,409.0,518.0,836.0,1950.0,795.0,259.0,1473.0,2426.0,561.0,2259.0,1358.0,2078.0,659.0,384.0,325.0,2039.0,1020.0,2090.0,356.0,436.0,904.0,1717.0,695.0,508.0,960.0,478.0,1790.0,941.0,00000000000000000ba9,159.90445436934,C1002P01
638.0,2037.0,1564.0,422.0,470.0,1439.0,1344.0,461.0,279.0,2365.0,2170.0,644.0,992.0,1488.0,342.0,1880.0,1302.0,930.0,1382.0,565.0,2582.0,299.0,599.0,891.0,1287.0,482.0,990.0,433.0,2185.0,1401.0,387.0,2046.0,862.0,412.0,518.0,837.0,1953.0,794.0,263.0,1478.0,2429.0,562.0,2263.0,1368.0,2081.0,659.0,387.0,330.0,2042.0,1030.0,2091.0,357.0,437.0,905.0,1721.0,698.0,507.0,968.0,481.0,1791.0,939.0,00000000000000000baa,124.464119569059,C1002P02
610.0,2013.0,1548.0,393.0,440.0,1370.0,1301.0,436.0,265.0,2386.0,2125.0,627.0,969.0,1494.0,304.0,1900.0,1256.0,854.0,1303.0,545.0,2632.0,284.0,570.0,865.0,1181.0,465.0,926.0,410.0,2159.0,1366.0,356.0,2088.0,858.0,395.0,491.0,788.0,1912.0,781.0,246.0,1478.0,2448.0,508.0,2261.0,1275.0,2041.0,631.0,393.0,314.0,2005.0,963.0,2110.0,325.0,405.0,869.0,1697.0,642.0,501.0,930.0,455.0,1806.0,941.0,00000000000000000bab,120.136352230181,C1002P03
636.0,2032.0,1558.0,416.0,470.0,1432.0,1337.0,460.0,274.0,2366.0,2166.0,644.0,992.0,1482.0,339.0,1874.0,1299.0,922.0,1375.0,565.0,2577.0,295.0,599.0,884.0,1281.0,478.0,990.0,427.0,2181.0,1395.0,386.0,2042.0,856.0,409.0,518.0,836.0,1950.0,795.0,259.0,1473.0,2426.0,561.0,2259.0,1358.0,2078.0,659.0,384.0,325.0,2039.0,1020.0,2090.0,356.0,436.0,904.0,1717.0,695.0,508.0,960.0,478.0,1790.0,941.0,00000000000000000bac,137.035122536401,C1002P05
504.0,1864.0,1470.0,359.0,419.0,1185.0,1136.0,399.0,258.0,2189.0,1807.0,532.0,823.0,1424.0,286.0,1763.0,1114.0,667.0,1110.0,463.0,2451.0,262.0,516.0,782.0,906.0,398.0,803.0,367.0,1984.0,1180.0,316.0,2058.0,803.0,365.0,427.0,618.0,1670.0,658.0,237.0,1355.0,2215.0,400.0,2035.0,1082.0,1736.0,593.0,398.0,305.0,1709.0,803.0,1991.0,273.0,349.0,720.0,1592.0,457.0,476.0,794.0,410.0,1647.0,804.0,00000000000000000bad,74.4383132117461,C1002P06
616.0,2008.0,1542.0,400.0,450.0,1393.0,1315.0,442.0,270.0,2356.0,2137.0,629.0,971.0,1488.0,319.0,1879.0,1265.0,887.0,1331.0,550.0,2596.0,288.0,587.0,875.0,1219.0,471.0,955.0,411.0,2146.0,1373.0,365.0,2051.0,856.0,399.0,494.0,803.0,1926.0,779.0,254.0,1476.0,2425.0,521.0,2242.0,1315.0,2056.0,647.0,387.0,315.0,2016.0,991.0,2088.0,335.0,417.0,877.0,1692.0,663.0,496.0,943.0,463.0,1791.0,931.0,00000000000000000bae,105.826570828105,C1002P08
608.0,2011.0,1545.0,406.0,446.0,1377.0,1309.0,445.0,268.0,2368.0,2131.0,628.0,973.0,1497.0,307.0,1892.0,1255.0,863.0,1310.0,547.0,2619.0,288.0,577.0,872.0,1197.0,466.0,942.0,416.0,2151.0,1367.0,355.0,2072.0,862.0,395.0,487.0,794.0,1913.0,784.0,247.0,1477.0,2439.0,506.0,2249.0,1291.0,2051.0,638.0,395.0,320.0,2011.0,978.0,2091.0,325.0,405.0,874.0,1685.0,648.0,496.0,940.0,454.0,1803.0,943.0,00000000000000000baf,123.912699491655,C1002P09
481.0,1832.0,1432.0,305.0,366.0,1065.0,1024.0,370.0,212.0,2080.0,1653.0,501.0,731.0,1344.0,230.0,1685.0,1098.0,625.0,1009.0,441.0,2327.0,208.0,435.0,764.0,848.0,360.0,717.0,344.0,2014.0,1043.0,256.0,1957.0,797.0,298.0,376.0,550.0,1558.0,591.0,181.0,1256.0,2051.0,343.0,1947.0,977.0,1586.0,544.0,362.0,259.0,1581.0,754.0,1903.0,223.0,279.0,662.0,1558.0,416.0,419.0,731.0,357.0,1524.0,731.0,00000000000000000bb0,287.615236770842,C1002R01
510.0,1848.0,1464.0,363.0,417.0,1165.0,1117.0,398.0,262.0,2142.0,1771.0,531.0,805.0,1414.0,280.0,1738.0,1097.0,647.0,1089.0,461.0,2422.0,262.0,498.0,781.0,868.0,398.0,790.0,374.0,1966.0,1154.0,312.0,2043.0,810.0,360.0,420.0,594.0,1646.0,640.0,233.0,1335.0,2158.0,388.0,1995.0,1062.0,1702.0,587.0,408.0,307.0,1676.0,791.0,1968.0,269.0,340.0,709.0,1575.0,449.0,474.0,781.0,400.0,1626.0,786.0,00000000000000000bb1,187.877513948866,C1002R03
510.0,1850.0,1467.0,360.0,418.0,1162.0,1115.0,398.0,259.0,2140.0,1767.0,531.0,805.0,1415.0,280.0,1738.0,1100.0,649.0,1086.0,464.0,2418.0,259.0,497.0,782.0,869.0,398.0,790.0,372.0,1970.0,1149.0,306.0,2042.0,813.0,359.0,412.0,593.0,1645.0,637.0,232.0,1334.0,2153.0,380.0,1996.0,1062.0,1699.0,587.0,405.0,304.0,1674.0,791.0,1968.0,263.0,340.0,709.0,1576.0,449.0,465.0,781.0,399.0,1625.0,785.0,00000000000000000bb2,126.988324478782,C1002R04
502.0,1840.0,1457.0,360.0,418.0,1156.0,1108.0,398.0,259.0,2129.0,1761.0,522.0,803.0,1407.0,280.0,1729.0,1092.0,643.0,1080.0,455.0,2408.0,259.0,497.0,778.0,863.0,392.0,792.0,371.0,1957.0,1143.0,305.0,2032.0,807.0,360.0,411.0,592.0,1638.0,636.0,234.0,1327.0,2145.0,379.0,1984.0,1055.0,1693.0,587.0,404.0,304.0,1667.0,787.0,1957.0,263.0,340.0,707.0,1566.0,442.0,463.0,778.0,399.0,1619.0,783.0,00000000000000000bb3,328.52946041122,C1002R05
506.0,1827.0,1444.0,365.0,417.0,1155.0,1107.0,397.0,266.0,2113.0,1750.0,526.0,802.0,1392.0,287.0,1713.0,1083.0,640.0,1078.0,466.0,2384.0,266.0,497.0,775.0,854.0,395.0,765.0,376.0,1948.0,1137.0,312.0,2014.0,804.0,366.0,419.0,589.0,1632.0,629.0,245.0,1311.0,2122.0,387.0,1969.0,1059.0,1680.0,587.0,409.0,310.0,1662.0,783.0,1946.0,269.0,346.0,705.0,1548.0,445.0,473.0,773.0,405.0,1612.0,785.0,00000000000000000bb4,31.6065328553731,C1002R99
530.0,1904.0,1499.0,311.0,373.0,1110.0,1070.0,384.0,208.0,2219.0,1764.0,552.0,775.0,1384.0,238.0,1786.0,1188.0,700.0,1063.0,484.0,2417.0,220.0,456.0,805.0,945.0,401.0,830.0,357.0,2117.0,1118.0,278.0,2001.0,823.0,310.0,403.0,614.0,1654.0,647.0,187.0,1293.0,2190.0,390.0,2051.0,1016.0,1680.0,574.0,346.0,256.0,1643.0,813.0,1979.0,245.0,303.0,709.0,1649.0,501.0,444.0,799.0,374.0,1593.0,780.0,00000000000000000bb5,137.17654377766,C1002W05
507.0,1811.0,1480.0,288.0,324.0,1041.0,1011.0,338.0,176.0,2072.0,1656.0,529.0,684.0,1322.0,210.0,1690.0,1184.0,688.0,1004.0,463.0,2228.0,200.0,388.0,796.0,927.0,370.0,778.0,346.0,2063.0,1060.0,248.0,1841.0,800.0,273.0,377.0,554.0,1565.0,590.0,155.0,1207.0,2033.0,368.0,1907.0,970.0,1594.0,538.0,320.0,248.0,1536.0,794.0,1838.0,216.0,273.0,639.0,1578.0,487.0,420.0,762.0,347.0,1513.0,689.0,00000000000000000bb6,143.690960236388,C1002W08
494.0,1853.0,1443.0,317.0,360.0,1051.0,1015.0,368.0,208.0,2134.0,1676.0,516.0,747.0,1347.0,229.0,1727.0,1119.0,641.0,1005.0,452.0,2354.0,220.0,444.0,760.0,883.0,368.0,749.0,355.0,2043.0,1052.0,265.0,1958.0,783.0,300.0,391.0,576.0,1569.0,614.0,178.0,1251.0,2115.0,368.0,1971.0,960.0,1600.0,555.0,365.0,268.0,1572.0,765.0,1911.0,231.0,290.0,676.0,1585.0,452.0,437.0,745.0,361.0,1530.0,745.0,00000000000000000bb7,188.964232813287,C1002W91
480.0,1811.0,1445.0,277.0,332.0,1021.0,993.0,342.0,180.0,2049.0,1610.0,501.0,694.0,1322.0,199.0,1689.0,1139.0,649.0,974.0,438.0,2234.0,180.0,395.0,769.0,885.0,352.0,744.0,336.0,2044.0,1021.0,236.0,1876.0,788.0,261.0,361.0,551.0,1523.0,590.0,146.0,1189.0,2011.0,338.0,1897.0,956.0,1562.0,546.0,313.0,241.0,1522.0,759.0,1846.0,202.0,251.0,647.0,1563.0,448.0,406.0,738.0,335.0,1494.0,694.0,00000000000000000bb8,476.940146567923,C1002W93
496.0,1811.0,1460.0,284.0,329.0,1030.0,1003.0,340.0,178.0,2081.0,1641.0,518.0,700.0,1322.0,209.0,1695.0,1152.0,664.0,993.0,452.0,2251.0,190.0,399.0,775.0,902.0,365.0,769.0,339.0,2052.0,1042.0,247.0,1872.0,788.0,272.0,378.0,556.0,1553.0,592.0,156.0,1207.0,2036.0,362.0,1923.0,961.0,1582.0,544.0,320.0,245.0,1538.0,772.0,1863.0,212.0,268.0,652.0,1578.0,470.0,425.0,742.0,346.0,1508.0,706.0,00000000000000000bb9,470.47244247469,C1002W94
608.0,2041.0,1567.0,405.0,453.0,1384.0,1315.0,443.0,279.0,2387.0,2125.0,628.0,978.0,1519.0,311.0,1934.0,1259.0,840.0,1310.0,547.0,2671.0,296.0,582.0,869.0,1171.0,474.0,942.0,414.0,2179.0,1374.0,357.0,2115.0,867.0,397.0,488.0,793.0,1929.0,793.0,257.0,1485.0,2474.0,498.0,2267.0,1283.0,2046.0,641.0,405.0,321.0,2005.0,954.0,2124.0,324.0,407.0,877.0,1709.0,630.0,498.0,930.0,456.0,1829.0,952.0,00000000000000000bba,141.552262397641,C1002X01
626.0,2024.0,1561.0,413.0,454.0,1403.0,1324.0,447.0,278.0,2374.0,2150.0,643.0,982.0,1510.0,326.0,1900.0,1273.0,885.0,1338.0,562.0,2622.0,297.0,587.0,882.0,1224.0,482.0,952.0,423.0,2163.0,1385.0,368.0,2074.0,868.0,408.0,498.0,809.0,1939.0,789.0,264.0,1494.0,2447.0,521.0,2257.0,1320.0,2070.0,646.0,401.0,327.0,2030.0,996.0,2101.0,338.0,425.0,886.0,1700.0,669.0,501.0,953.0,472.0,1811.0,944.0,00000000000000000bbb,123.947763485762,C1002X02
614.0,2059.0,1581.0,415.0,458.0,1392.0,1324.0,448.0,288.0,2403.0,2135.0,634.0,980.0,1533.0,322.0,1950.0,1268.0,843.0,1320.0,554.0,2687.0,306.0,584.0,876.0,1176.0,481.0,936.0,421.0,2191.0,1385.0,369.0,2139.0,876.0,404.0,497.0,794.0,1940.0,797.0,264.0,1497.0,2491.0,505.0,2283.0,1293.0,2054.0,643.0,416.0,331.0,2014.0,958.0,2140.0,332.0,414.0,880.0,1726.0,631.0,511.0,936.0,463.0,1843.0,953.0,00000000000000000bbc,99.8574457422744,C1002X03
647.0,2078.0,1617.0,430.0,484.0,1452.0,1371.0,473.0,301.0,2422.0,2201.0,666.0,1014.0,1564.0,340.0,1957.0,1316.0,911.0,1385.0,583.0,2691.0,314.0,613.0,917.0,1258.0,505.0,990.0,439.0,2215.0,1431.0,384.0,2137.0,906.0,422.0,514.0,834.0,1994.0,823.0,281.0,1542.0,2505.0,535.0,2308.0,1366.0,2122.0,673.0,418.0,345.0,2076.0,1027.0,2154.0,354.0,437.0,917.0,1746.0,681.0,521.0,986.0,484.0,1871.0,974.0,00000000000000000bbd,103.61287386567,C1003C01
532.0,1960.0,1523.0,359.0,426.0,1203.0,1154.0,410.0,251.0,2284.0,1860.0,559.0,850.0,1469.0,287.0,1851.0,1170.0,704.0,1131.0,487.0,2550.0,260.0,519.0,818.0,965.0,416.0,833.0,370.0,2093.0,1199.0,322.0,2135.0,839.0,363.0,436.0,649.0,1725.0,683.0,236.0,1400.0,2312.0,413.0,2125.0,1097.0,1782.0,598.0,395.0,304.0,1758.0,839.0,2071.0,278.0,353.0,747.0,1675.0,487.0,488.0,830.0,417.0,1688.0,837.0,00000000000000000bbe,178.822496255869,C1003C02
668.0,2095.0,1644.0,452.0,510.0,1506.0,1412.0,500.0,313.0,2397.0,2255.0,685.0,1037.0,1587.0,378.0,1959.0,1359.0,976.0,1447.0,608.0,2675.0,331.0,647.0,951.0,1338.0,531.0,1014.0,452.0,2230.0,1477.0,419.0,2117.0,930.0,455.0,545.0,875.0,2040.0,840.0,310.0,1570.0,2508.0,575.0,2306.0,1437.0,2177.0,706.0,424.0,361.0,2128.0,1083.0,2137.0,389.0,475.0,952.0,1758.0,724.0,545.0,1025.0,513.0,1894.0,983.0,00000000000000000bbf,72.6937343728095,C1003C03
513.0,1928.0,1489.0,333.0,399.0,1144.0,1097.0,396.0,229.0,2236.0,1789.0,533.0,808.0,1416.0,258.0,1807.0,1143.0,670.0,1078.0,470.0,2489.0,239.0,483.0,792.0,922.0,399.0,794.0,360.0,2085.0,1137.0,297.0,2078.0,819.0,330.0,406.0,622.0,1661.0,660.0,208.0,1340.0,2247.0,384.0,2070.0,1041.0,1709.0,577.0,375.0,284.0,1683.0,805.0,2017.0,254.0,319.0,718.0,1642.0,462.0,461.0,789.0,390.0,1629.0,805.0,00000000000000000bc0,325.789795875769,C1003C04
592.0,2059.0,1555.0,391.0,450.0,1327.0,1273.0,440.0,276.0,2398.0,2050.0,620.0,947.0,1512.0,308.0,1947.0,1243.0,793.0,1257.0,538.0,2687.0,290.0,562.0,854.0,1093.0,466.0,932.0,399.0,2199.0,1331.0,348.0,2167.0,863.0,388.0,475.0,748.0,1877.0,765.0,255.0,1474.0,2473.0,465.0,2244.0,1221.0,1964.0,621.0,410.0,322.0,1941.0,907.0,2154.0,313.0,391.0,840.0,1742.0,575.0,504.0,888.0,448.0,1815.0,934.0,00000000000000000bc1,217.352300507522,C1003C05
528.0,1890.0,1490.0,379.0,439.0,1215.0,1168.0,423.0,280.0,2201.0,1827.0,551.0,843.0,1438.0,309.0,1788.0,1132.0,688.0,1139.0,484.0,2469.0,282.0,531.0,804.0,920.0,418.0,769.0,390.0,2017.0,1208.0,333.0,2078.0,832.0,389.0,442.0,636.0,1695.0,675.0,260.0,1364.0,2220.0,412.0,2057.0,1113.0,1754.0,612.0,420.0,325.0,1737.0,823.0,2015.0,290.0,371.0,743.0,1616.0,474.0,493.0,814.0,432.0,1675.0,830.0,00000000000000000bc2,160.365696874299,C1003C06
647.0,2115.0,1657.0,434.0,500.0,1467.0,1391.0,487.0,310.0,2448.0,2198.0,667.0,1014.0,1613.0,351.0,2001.0,1337.0,894.0,1397.0,591.0,2737.0,320.0,623.0,925.0,1247.0,521.0,983.0,434.0,2244.0,1454.0,402.0,2203.0,929.0,434.0,522.0,831.0,2009.0,831.0,299.0,1577.0,2530.0,529.0,2326.0,1368.0,2126.0,682.0,434.0,351.0,2081.0,1017.0,2190.0,362.0,444.0,913.0,1777.0,663.0,532.0,989.0,492.0,1918.0,984.0,00000000000000000bc3,186.049438035577,C1003F03
587.0,2037.0,1569.0,388.0,462.0,1331.0,1275.0,452.0,285.0,2369.0,2026.0,608.0,934.0,1526.0,315.0,1932.0,1253.0,788.0,1256.0,538.0,2645.0,295.0,569.0,864.0,1098.0,468.0,952.0,398.0,2167.0,1332.0,355.0,2163.0,877.0,400.0,466.0,731.0,1867.0,756.0,266.0,1483.0,2432.0,456.0,2219.0,1227.0,1943.0,632.0,414.0,326.0,1921.0,910.0,2144.0,315.0,391.0,827.0,1737.0,564.0,497.0,892.0,449.0,1814.0,915.0,00000000000000000bc4,166.038750083143,C1003F04
512.0,1623.0,1403.0,285.0,288.0,912.0,893.0,286.0,168.0,1842.0,1454.0,519.0,625.0,1226.0,229.0,1487.0,1178.0,708.0,900.0,459.0,1883.0,191.0,349.0,811.0,979.0,351.0,668.0,332.0,1848.0,970.0,260.0,1639.0,757.0,256.0,392.0,507.0,1372.0,517.0,151.0,1088.0,1780.0,404.0,1684.0,917.0,1424.0,510.0,273.0,266.0,1327.0,804.0,1648.0,209.0,253.0,586.0,1515.0,530.0,420.0,747.0,341.0,1361.0,596.0,00000000000000000bc5,71.5907616351206,C1003F05
617.0,2009.0,1536.0,398.0,448.0,1391.0,1306.0,438.0,259.0,2358.0,2126.0,627.0,970.0,1459.0,323.0,1851.0,1283.0,904.0,1339.0,548.0,2552.0,280.0,579.0,875.0,1254.0,459.0,956.0,414.0,2167.0,1367.0,358.0,2027.0,842.0,404.0,499.0,814.0,1919.0,775.0,243.0,1455.0,2404.0,539.0,2245.0,1329.0,2038.0,639.0,368.0,311.0,2003.0,1003.0,2081.0,338.0,420.0,882.0,1709.0,677.0,489.0,933.0,470.0,1757.0,921.0,00000000000000000bc6,58.0823226218257,C1003F07
518.0,1723.0,1434.0,281.0,308.0,988.0,961.0,309.0,167.0,1929.0,1583.0,529.0,661.0,1252.0,238.0,1578.0,1199.0,712.0,972.0,465.0,2029.0,193.0,369.0,796.0,986.0,359.0,715.0,337.0,1957.0,1029.0,249.0,1699.0,765.0,268.0,380.0,540.0,1503.0,550.0,157.0,1137.0,1905.0,391.0,1765.0,969.0,1544.0,513.0,273.0,258.0,1453.0,813.0,1711.0,213.0,263.0,615.0,1554.0,530.0,403.0,747.0,349.0,1448.0,636.0,00000000000000000bc7,428.037785267571,C1003F09
618.0,2040.0,1571.0,415.0,458.0,1400.0,1324.0,449.0,284.0,2396.0,2149.0,638.0,987.0,1522.0,316.0,1926.0,1271.0,871.0,1333.0,557.0,2661.0,297.0,589.0,880.0,1205.0,475.0,961.0,426.0,2180.0,1388.0,364.0,2112.0,871.0,405.0,497.0,799.0,1939.0,797.0,256.0,1500.0,2471.0,511.0,2277.0,1307.0,2069.0,649.0,411.0,329.0,2027.0,981.0,2126.0,334.0,415.0,887.0,1715.0,649.0,507.0,948.0,464.0,1833.0,954.0,00000000000000000bc8,108.779322229368,C1003P01
647.0,2062.0,1605.0,434.0,488.0,1455.0,1364.0,472.0,299.0,2390.0,2195.0,659.0,1010.0,1545.0,349.0,1935.0,1318.0,923.0,1390.0,581.0,2648.0,313.0,617.0,914.0,1278.0,502.0,987.0,437.0,2200.0,1430.0,394.0,2103.0,892.0,427.0,521.0,844.0,1989.0,817.0,284.0,1532.0,2478.0,548.0,2281.0,1372.0,2117.0,676.0,415.0,344.0,2077.0,1036.0,2124.0,364.0,446.0,921.0,1732.0,693.0,521.0,984.0,487.0,1854.0,965.0,00000000000000000bc9,169.050389285718,C1003P02
529.0,1904.0,1499.0,375.0,439.0,1232.0,1181.0,419.0,269.0,2236.0,1863.0,559.0,856.0,1454.0,303.0,1804.0,1151.0,703.0,1156.0,490.0,2496.0,278.0,539.0,811.0,954.0,420.0,803.0,386.0,2029.0,1227.0,332.0,2089.0,832.0,381.0,448.0,653.0,1720.0,686.0,254.0,1390.0,2265.0,418.0,2080.0,1125.0,1787.0,611.0,410.0,321.0,1763.0,837.0,2033.0,289.0,369.0,754.0,1630.0,487.0,493.0,828.0,430.0,1695.0,840.0,00000000000000000bca,82.1621534582052,C1003P03
527.0,1818.0,1481.0,294.0,341.0,1088.0,1053.0,358.0,187.0,2123.0,1740.0,548.0,729.0,1319.0,234.0,1701.0,1206.0,715.0,1059.0,478.0,2264.0,209.0,415.0,794.0,973.0,383.0,797.0,353.0,2063.0,1116.0,260.0,1841.0,798.0,290.0,399.0,595.0,1639.0,621.0,169.0,1236.0,2089.0,403.0,1947.0,1011.0,1663.0,543.0,309.0,253.0,1600.0,819.0,1857.0,234.0,290.0,666.0,1596.0,533.0,425.0,780.0,363.0,1535.0,720.0,00000000000000000bcb,274.273369187806,C1003P04
513.0,1888.0,1497.0,350.0,422.0,1173.0,1125.0,402.0,251.0,2177.0,1790.0,533.0,816.0,1443.0,275.0,1770.0,1132.0,667.0,1097.0,472.0,2449.0,251.0,503.0,800.0,901.0,401.0,800.0,361.0,2017.0,1160.0,310.0,2073.0,832.0,353.0,419.0,605.0,1668.0,650.0,226.0,1356.0,2189.0,386.0,2033.0,1078.0,1716.0,593.0,394.0,295.0,1697.0,809.0,1998.0,267.0,334.0,720.0,1606.0,452.0,473.0,799.0,393.0,1648.0,803.0,00000000000000000bcc,299.477790889767,C1003P08
504.0,1846.0,1466.0,350.0,416.0,1157.0,1110.0,396.0,251.0,2134.0,1762.0,524.0,800.0,1411.0,274.0,1733.0,1099.0,652.0,1082.0,460.0,2408.0,251.0,495.0,781.0,871.0,393.0,786.0,361.0,1969.0,1142.0,305.0,2037.0,816.0,353.0,413.0,591.0,1642.0,632.0,225.0,1331.0,2146.0,381.0,1994.0,1059.0,1694.0,584.0,394.0,295.0,1671.0,791.0,1965.0,262.0,333.0,705.0,1576.0,444.0,467.0,781.0,392.0,1622.0,781.0,00000000000000000bcd,94.1102457606998,C1003R01
507.0,1861.0,1476.0,361.0,417.0,1173.0,1123.0,397.0,260.0,2165.0,1788.0,530.0,816.0,1426.0,280.0,1756.0,1107.0,655.0,1097.0,459.0,2444.0,260.0,503.0,786.0,880.0,398.0,800.0,370.0,1979.0,1163.0,312.0,2061.0,812.0,360.0,419.0,604.0,1658.0,649.0,230.0,1347.0,2188.0,391.0,2015.0,1068.0,1720.0,590.0,406.0,305.0,1691.0,799.0,1980.0,269.0,340.0,716.0,1588.0,449.0,473.0,790.0,400.0,1639.0,796.0,00000000000000000bce,116.99725760616,C1003R03
490.0,1865.0,1456.0,317.0,374.0,1085.0,1042.0,380.0,220.0,2121.0,1676.0,511.0,751.0,1366.0,235.0,1715.0,1118.0,638.0,1029.0,450.0,2365.0,215.0,446.0,779.0,865.0,369.0,735.0,359.0,2049.0,1063.0,265.0,1993.0,813.0,305.0,389.0,566.0,1579.0,609.0,185.0,1276.0,2086.0,357.0,1981.0,997.0,1608.0,556.0,375.0,269.0,1602.0,771.0,1937.0,232.0,286.0,678.0,1588.0,425.0,434.0,746.0,365.0,1546.0,750.0,00000000000000000bcf,142.863621550797,C1003R04
526.0,1886.0,1484.0,379.0,436.0,1214.0,1167.0,420.0,280.0,2194.0,1822.0,550.0,842.0,1432.0,307.0,1785.0,1130.0,687.0,1138.0,482.0,2463.0,282.0,527.0,801.0,919.0,417.0,766.0,390.0,2012.0,1207.0,329.0,2071.0,829.0,385.0,436.0,638.0,1690.0,676.0,258.0,1360.0,2216.0,406.0,2051.0,1111.0,1750.0,607.0,419.0,325.0,1733.0,821.0,2009.0,287.0,368.0,743.0,1611.0,473.0,486.0,811.0,428.0,1671.0,829.0,00000000000000000bd0,101.920441705476,C1003R05
510.0,1860.0,1472.0,362.0,419.0,1180.0,1132.0,399.0,262.0,2169.0,1791.0,534.0,820.0,1422.0,285.0,1753.0,1106.0,659.0,1103.0,463.0,2443.0,262.0,507.0,787.0,884.0,399.0,772.0,373.0,1982.0,1170.0,315.0,2059.0,812.0,365.0,422.0,608.0,1660.0,653.0,236.0,1346.0,2187.0,394.0,2018.0,1075.0,1722.0,593.0,406.0,307.0,1696.0,801.0,1985.0,272.0,345.0,720.0,1589.0,453.0,476.0,791.0,408.0,1640.0,801.0,00000000000000000bd1,31.4044418437748,C1003R08
542.0,1943.0,1520.0,375.0,436.0,1244.0,1191.0,421.0,268.0,2274.0,1899.0,572.0,879.0,1478.0,306.0,1845.0,1176.0,721.0,1172.0,498.0,2546.0,279.0,538.0,821.0,1000.0,428.0,874.0,385.0,2065.0,1243.0,335.0,2109.0,839.0,384.0,450.0,673.0,1753.0,705.0,257.0,1415.0,2321.0,423.0,2118.0,1140.0,1820.0,607.0,407.0,316.0,1796.0,854.0,2065.0,293.0,374.0,770.0,1660.0,507.0,491.0,844.0,433.0,1717.0,862.0,00000000000000000bd2,160.837512268785,C1003W01
531.0,1535.0,1332.0,309.0,292.0,878.0,867.0,277.0,201.0,1776.0,1328.0,518.0,619.0,1205.0,249.0,1386.0,1170.0,735.0,870.0,483.0,1754.0,214.0,331.0,825.0,1008.0,373.0,649.0,343.0,1723.0,909.0,287.0,1574.0,752.0,264.0,404.0,491.0,1252.0,502.0,168.0,1078.0,1685.0,417.0,1630.0,915.0,1323.0,498.0,273.0,297.0,1219.0,817.0,1584.0,229.0,264.0,560.0,1488.0,553.0,436.0,765.0,349.0,1278.0,550.0,00000000000000000bd3,103.542606182407,C1003W02
549.0,1801.0,1453.0,300.0,341.0,1100.0,1051.0,339.0,178.0,2066.0,1729.0,556.0,735.0,1285.0,260.0,1639.0,1220.0,749.0,1077.0,483.0,2184.0,204.0,417.0,805.0,1036.0,380.0,795.0,343.0,2024.0,1117.0,269.0,1784.0,782.0,290.0,408.0,604.0,1627.0,611.0,167.0,1224.0,2043.0,432.0,1885.0,1060.0,1663.0,533.0,286.0,257.0,1604.0,856.0,1813.0,237.0,287.0,669.0,1606.0,569.0,416.0,782.0,368.0,1507.0,692.0,00000000000000000bd4,164.459083868756,C1003W04
653.0,2080.0,1619.0,433.0,490.0,1462.0,1376.0,476.0,303.0,2411.0,2208.0,669.0,1018.0,1561.0,349.0,1957.0,1324.0,924.0,1396.0,586.0,2679.0,316.0,618.0,923.0,1275.0,509.0,991.0,439.0,2216.0,1439.0,394.0,2128.0,906.0,427.0,523.0,847.0,2002.0,825.0,287.0,1544.0,2502.0,547.0,2300.0,1377.0,2130.0,677.0,419.0,347.0,2087.0,1039.0,2145.0,364.0,446.0,925.0,1747.0,693.0,526.0,992.0,490.0,1874.0,975.0,00000000000000000bd5,112.481349474523,C1003W08
517.0,1692.0,1394.0,287.0,305.0,997.0,957.0,304.0,166.0,1905.0,1577.0,522.0,666.0,1224.0,243.0,1528.0,1173.0,709.0,983.0,458.0,2010.0,190.0,367.0,782.0,979.0,357.0,739.0,338.0,1922.0,1029.0,248.0,1666.0,752.0,269.0,385.0,541.0,1497.0,546.0,149.0,1122.0,1886.0,402.0,1735.0,978.0,1535.0,504.0,269.0,257.0,1457.0,813.0,1682.0,215.0,259.0,612.0,1528.0,539.0,400.0,739.0,350.0,1417.0,622.0,00000000000000000bd6,152.139641645194,C1003W10
655.0,2074.0,1617.0,433.0,490.0,1465.0,1375.0,474.0,302.0,2402.0,2206.0,668.0,1019.0,1555.0,350.0,1948.0,1326.0,930.0,1399.0,588.0,2663.0,314.0,617.0,925.0,1283.0,509.0,987.0,437.0,2211.0,1439.0,394.0,2118.0,902.0,427.0,521.0,851.0,2000.0,825.0,285.0,1542.0,2491.0,547.0,2292.0,1380.0,2127.0,676.0,416.0,344.0,2087.0,1044.0,2137.0,365.0,446.0,929.0,1743.0,700.0,522.0,993.0,487.0,1868.0,973.0,00000000000000000bd7,159.701681234412,C1003X04
636.0,2053.0,1591.0,424.0,471.0,1432.0,1348.0,461.0,289.0,2404.0,2178.0,656.0,999.0,1542.0,333.0,1933.0,1293.0,897.0,1366.0,575.0,2661.0,307.0,601.0,899.0,1241.0,495.0,972.0,434.0,2192.0,1413.0,378.0,2110.0,888.0,414.0,508.0,822.0,1970.0,806.0,274.0,1521.0,2480.0,528.0,2286.0,1347.0,2099.0,661.0,413.0,339.0,2057.0,1012.0,2130.0,348.0,431.0,902.0,1723.0,675.0,510.0,973.0,480.0,1844.0,960.0,00000000000000000bd8,143.834001143543,C1003X08
485.0,1780.0,1446.0,265.0,303.0,987.0,968.0,312.0,157.0,1992.0,1566.0,496.0,650.0,1299.0,187.0,1658.0,1145.0,651.0,958.0,431.0,2136.0,169.0,355.0,781.0,896.0,341.0,692.0,327.0,2028.0,1006.0,222.0,1809.0,771.0,243.0,350.0,518.0,1489.0,555.0,132.0,1152.0,1944.0,328.0,1850.0,950.0,1528.0,531.0,292.0,231.0,1477.0,761.0,1799.0,175.0,243.0,623.0,1556.0,453.0,397.0,730.0,332.0,1478.0,650.0,00000000000000000bda,29.0186712487313,C1004C02
556.0,1720.0,1389.0,325.0,329.0,1044.0,995.0,305.0,183.0,1957.0,1627.0,541.0,726.0,1249.0,286.0,1502.0,1194.0,761.0,1045.0,482.0,2058.0,211.0,388.0,805.0,1029.0,375.0,768.0,371.0,1936.0,1056.0,273.0,1684.0,781.0,297.0,420.0,597.0,1541.0,581.0,160.0,1172.0,1945.0,453.0,1782.0,1042.0,1583.0,513.0,275.0,279.0,1524.0,876.0,1732.0,244.0,281.0,658.0,1561.0,581.0,421.0,779.0,377.0,1407.0,640.0,00000000000000000bdb,74.333833009513,C1004C03
559.0,1797.0,1438.0,319.0,344.0,1113.0,1054.0,331.0,183.0,2052.0,1736.0,554.0,759.0,1279.0,272.0,1593.0,1224.0,776.0,1103.0,486.0,2160.0,211.0,420.0,820.0,1056.0,381.0,807.0,364.0,2010.0,1117.0,274.0,1776.0,795.0,297.0,419.0,618.0,1634.0,608.0,161.0,1226.0,2037.0,451.0,1867.0,1093.0,1665.0,541.0,290.0,272.0,1620.0,890.0,1810.0,247.0,290.0,681.0,1602.0,584.0,419.0,795.0,372.0,1479.0,687.0,00000000000000000bdc,57.8783821312104,C1004C04
531.0,1647.0,1342.0,317.0,306.0,993.0,949.0,293.0,179.0,1877.0,1549.0,519.0,682.0,1198.0,273.0,1451.0,1148.0,720.0,982.0,465.0,1977.0,208.0,369.0,776.0,972.0,357.0,732.0,364.0,1873.0,1007.0,265.0,1608.0,755.0,284.0,414.0,555.0,1468.0,551.0,155.0,1119.0,1859.0,444.0,1705.0,985.0,1516.0,495.0,274.0,274.0,1444.0,830.0,1649.0,232.0,272.0,621.0,1497.0,553.0,419.0,751.0,364.0,1367.0,610.0,00000000000000000bdd,82.961441525824,C1004C05
560.0,1775.0,1419.0,322.0,337.0,1099.0,1040.0,316.0,185.0,2033.0,1722.0,549.0,759.0,1269.0,279.0,1554.0,1209.0,776.0,1090.0,486.0,2146.0,208.0,411.0,815.0,1050.0,381.0,790.0,367.0,1986.0,1099.0,269.0,1748.0,793.0,290.0,420.0,613.0,1622.0,594.0,155.0,1219.0,2026.0,454.0,1837.0,1082.0,1653.0,526.0,285.0,276.0,1613.0,894.0,1788.0,248.0,289.0,672.0,1582.0,592.0,420.0,793.0,372.0,1451.0,672.0,00000000000000000bde,122.888300108743,C1004C06
518.0,1736.0,1444.0,281.0,307.0,991.0,965.0,310.0,167.0,1944.0,1589.0,529.0,661.0,1261.0,234.0,1598.0,1200.0,706.0,975.0,464.0,2043.0,198.0,366.0,798.0,983.0,361.0,722.0,338.0,1977.0,1032.0,248.0,1713.0,768.0,268.0,378.0,545.0,1510.0,558.0,156.0,1143.0,1918.0,389.0,1782.0,965.0,1552.0,518.0,282.0,258.0,1460.0,812.0,1726.0,212.0,268.0,616.0,1563.0,529.0,404.0,749.0,350.0,1456.0,642.0,00000000000000000bdf,62.1214822649342,C1004C07
476.0,1765.0,1433.0,251.0,301.0,981.0,961.0,309.0,149.0,1966.0,1552.0,487.0,643.0,1288.0,180.0,1646.0,1134.0,643.0,952.0,428.0,2117.0,161.0,353.0,771.0,886.0,333.0,687.0,308.0,2015.0,996.0,213.0,1789.0,764.0,234.0,339.0,511.0,1478.0,550.0,126.0,1139.0,1927.0,319.0,1828.0,945.0,1521.0,532.0,283.0,221.0,1467.0,750.0,1777.0,168.0,234.0,619.0,1541.0,446.0,386.0,720.0,320.0,1468.0,643.0,00000000000000000be1,129.718814740046,C1004F02
456.0,1696.0,1401.0,240.0,268.0,925.0,913.0,272.0,139.0,1854.0,1472.0,467.0,590.0,1253.0,160.0,1587.0,1121.0,641.0,898.0,411.0,1996.0,150.0,314.0,766.0,876.0,311.0,604.0,303.0,1950.0,945.0,184.0,1691.0,739.0,207.0,310.0,471.0,1406.0,510.0,108.0,1076.0,1828.0,284.0,1736.0,907.0,1473.0,495.0,266.0,227.0,1407.0,736.0,1694.0,138.0,210.0,579.0,1492.0,434.0,356.0,695.0,293.0,1420.0,598.0,00000000000000000be2,57.645809910235,C1004F03
468.0,1715.0,1411.0,241.0,281.0,939.0,922.0,281.0,140.0,1883.0,1498.0,479.0,600.0,1263.0,165.0,1603.0,1135.0,646.0,912.0,422.0,2028.0,153.0,325.0,770.0,883.0,319.0,636.0,305.0,1971.0,961.0,192.0,1711.0,747.0,215.0,324.0,485.0,1428.0,523.0,113.0,1090.0,1856.0,300.0,1759.0,915.0,1490.0,510.0,267.0,229.0,1419.0,747.0,1711.0,145.0,217.0,590.0,1510.0,445.0,372.0,706.0,300.0,1432.0,610.0,00000000000000000be3,65.2369792640874,C1004F04
511.0,1603.0,1390.0,283.0,284.0,901.0,882.0,281.0,170.0,1826.0,1431.0,516.0,617.0,1220.0,228.0,1475.0,1176.0,706.0,888.0,459.0,1857.0,193.0,341.0,806.0,979.0,354.0,650.0,328.0,1822.0,957.0,263.0,1625.0,751.0,252.0,385.0,501.0,1348.0,511.0,154.0,1082.0,1757.0,396.0,1667.0,910.0,1402.0,498.0,272.0,267.0,1307.0,796.0,1635.0,211.0,254.0,578.0,1505.0,526.0,414.0,741.0,335.0,1349.0,588.0,00000000000000000be4,60.6669944728211,C1004F05
559.0,1805.0,1442.0,308.0,342.0,1109.0,1051.0,332.0,177.0,2052.0,1743.0,556.0,753.0,1279.0,268.0,1613.0,1225.0,774.0,1099.0,485.0,2168.0,207.0,418.0,821.0,1053.0,381.0,801.0,352.0,2020.0,1116.0,276.0,1782.0,794.0,299.0,418.0,616.0,1641.0,611.0,164.0,1225.0,2041.0,450.0,1873.0,1088.0,1670.0,539.0,284.0,262.0,1623.0,886.0,1811.0,247.0,290.0,680.0,1603.0,580.0,419.0,794.0,371.0,1494.0,691.0,00000000000000000be5,74.6559930009809,C1004F07
450.0,1685.0,1386.0,223.0,254.0,906.0,901.0,264.0,133.0,1813.0,1446.0,455.0,588.0,1234.0,158.0,1578.0,1110.0,638.0,873.0,401.0,1966.0,145.0,299.0,762.0,869.0,303.0,564.0,289.0,1937.0,921.0,175.0,1662.0,732.0,203.0,295.0,469.0,1386.0,507.0,107.0,1056.0,1800.0,263.0,1722.0,897.0,1456.0,483.0,253.0,217.0,1396.0,722.0,1683.0,131.0,199.0,584.0,1479.0,429.0,333.0,688.0,281.0,1412.0,598.0,00000000000000000be6,38.3556052943392,C1004F08
506.0,1718.0,1450.0,271.0,296.0,971.0,952.0,307.0,159.0,1932.0,1561.0,518.0,642.0,1266.0,215.0,1600.0,1191.0,695.0,952.0,453.0,2030.0,182.0,349.0,796.0,962.0,356.0,726.0,327.0,1967.0,1018.0,239.0,1706.0,767.0,248.0,364.0,526.0,1483.0,555.0,144.0,1131.0,1888.0,364.0,1784.0,950.0,1531.0,516.0,273.0,248.0,1434.0,795.0,1724.0,194.0,257.0,613.0,1553.0,515.0,398.0,746.0,338.0,1445.0,633.0,00000000000000000be8,70.5735603811213,C1004F11
466.0,1704.0,1413.0,238.0,273.0,920.0,909.0,273.0,141.0,1876.0,1488.0,477.0,589.0,1262.0,165.0,1592.0,1137.0,649.0,900.0,421.0,2007.0,153.0,316.0,773.0,895.0,320.0,624.0,299.0,1960.0,950.0,194.0,1704.0,749.0,217.0,323.0,476.0,1415.0,506.0,112.0,1090.0,1844.0,299.0,1746.0,908.0,1473.0,499.0,263.0,226.0,1400.0,749.0,1704.0,153.0,218.0,580.0,1505.0,446.0,370.0,708.0,302.0,1429.0,599.0,00000000000000000be9,48.5523155356647,C1004F12
490.0,1748.0,1453.0,267.0,294.0,968.0,951.0,307.0,158.0,1948.0,1552.0,509.0,628.0,1289.0,195.0,1629.0,1174.0,672.0,941.0,443.0,2075.0,170.0,345.0,788.0,922.0,353.0,716.0,323.0,1997.0,999.0,227.0,1756.0,775.0,242.0,352.0,507.0,1480.0,535.0,131.0,1137.0,1910.0,343.0,1802.0,935.0,1513.0,522.0,288.0,243.0,1436.0,775.0,1754.0,186.0,244.0,602.0,1545.0,478.0,399.0,744.0,322.0,1466.0,631.0,00000000000000000bea,74.9350408483193,C1004F13
440.0,1677.0,1374.0,228.0,261.0,919.0,909.0,271.0,133.0,1820.0,1448.0,451.0,589.0,1230.0,156.0,1573.0,1093.0,628.0,882.0,397.0,1971.0,140.0,313.0,756.0,853.0,301.0,582.0,288.0,1927.0,926.0,176.0,1674.0,732.0,204.0,296.0,465.0,1391.0,506.0,105.0,1058.0,1799.0,265.0,1724.0,898.0,1458.0,489.0,257.0,216.0,1399.0,720.0,1684.0,132.0,199.0,578.0,1471.0,418.0,340.0,680.0,278.0,1405.0,596.0,00000000000000000beb,92.8863042461003,C1004F14
498.0,1792.0,1478.0,275.0,310.0,1011.0,990.0,325.0,167.0,2021.0,1616.0,519.0,658.0,1312.0,209.0,1670.0,1193.0,685.0,980.0,454.0,2153.0,186.0,366.0,798.0,934.0,360.0,758.0,335.0,2046.0,1039.0,238.0,1807.0,794.0,264.0,366.0,533.0,1538.0,563.0,146.0,1178.0,1979.0,360.0,1864.0,963.0,1569.0,532.0,301.0,244.0,1496.0,793.0,1806.0,203.0,264.0,624.0,1575.0,485.0,412.0,757.0,340.0,1501.0,660.0,00000000000000000bec,31.4936394382642,C1004F15
472.0,1659.0,1395.0,252.0,275.0,901.0,891.0,275.0,146.0,1842.0,1465.0,488.0,580.0,1231.0,179.0,1554.0,1134.0,640.0,882.0,426.0,1952.0,160.0,317.0,760.0,891.0,332.0,656.0,311.0,1909.0,941.0,215.0,1657.0,732.0,222.0,337.0,467.0,1386.0,496.0,116.0,1063.0,1805.0,330.0,1698.0,887.0,1433.0,498.0,271.0,235.0,1350.0,740.0,1662.0,167.0,226.0,566.0,1477.0,467.0,384.0,704.0,308.0,1397.0,587.0,00000000000000000bed,104.471079894202,C1004F17
445.0,1688.0,1392.0,229.0,263.0,919.0,909.0,271.0,132.0,1834.0,1459.0,456.0,589.0,1245.0,156.0,1585.0,1111.0,638.0,885.0,402.0,1982.0,144.0,313.0,768.0,870.0,304.0,590.0,289.0,1941.0,932.0,175.0,1686.0,738.0,205.0,296.0,467.0,1397.0,505.0,104.0,1068.0,1812.0,266.0,1734.0,901.0,1466.0,492.0,253.0,217.0,1405.0,730.0,1693.0,132.0,200.0,579.0,1486.0,423.0,340.0,689.0,282.0,1416.0,598.0,00000000000000000bee,53.431606827483,C1004F20
478.0,1750.0,1432.0,251.0,294.0,973.0,954.0,297.0,148.0,1940.0,1536.0,490.0,625.0,1284.0,172.0,1636.0,1140.0,654.0,943.0,432.0,2083.0,159.0,342.0,779.0,890.0,329.0,672.0,316.0,2008.0,989.0,198.0,1764.0,767.0,224.0,324.0,497.0,1466.0,539.0,118.0,1120.0,1904.0,304.0,1809.0,941.0,1519.0,530.0,286.0,232.0,1455.0,758.0,1759.0,153.0,225.0,609.0,1539.0,454.0,371.0,722.0,310.0,1462.0,628.0,00000000000000000bef,45.9577318490938,C1004P01
486.0,1739.0,1449.0,266.0,296.0,957.0,941.0,308.0,159.0,1935.0,1549.0,508.0,626.0,1285.0,193.0,1620.0,1174.0,672.0,932.0,442.0,2061.0,171.0,345.0,789.0,922.0,353.0,716.0,322.0,1988.0,990.0,227.0,1742.0,774.0,242.0,351.0,505.0,1475.0,534.0,130.0,1129.0,1898.0,344.0,1789.0,926.0,1509.0,523.0,285.0,242.0,1428.0,775.0,1742.0,186.0,246.0,601.0,1539.0,480.0,398.0,744.0,320.0,1462.0,629.0,00000000000000000bf0,134.390273902086,C1004P03
513.0,1796.0,1486.0,281.0,324.0,1029.0,1006.0,336.0,177.0,2045.0,1661.0,534.0,689.0,1317.0,227.0,1676.0,1204.0,698.0,1005.0,470.0,2179.0,200.0,380.0,795.0,958.0,373.0,768.0,340.0,2047.0,1061.0,249.0,1802.0,795.0,276.0,377.0,560.0,1574.0,591.0,162.0,1201.0,2012.0,384.0,1882.0,975.0,1606.0,530.0,299.0,244.0,1534.0,801.0,1808.0,216.0,275.0,639.0,1579.0,508.0,419.0,762.0,348.0,1505.0,678.0,00000000000000000bf2,56.9746992565938,C1004P08
520.0,1786.0,1484.0,279.0,324.0,1023.0,1002.0,334.0,175.0,2020.0,1650.0,539.0,681.0,1309.0,229.0,1666.0,1213.0,708.0,1005.0,474.0,2142.0,200.0,378.0,803.0,975.0,376.0,765.0,336.0,2037.0,1060.0,248.0,1778.0,792.0,270.0,377.0,557.0,1562.0,584.0,159.0,1186.0,1991.0,385.0,1860.0,983.0,1601.0,532.0,291.0,248.0,1520.0,808.0,1789.0,215.0,270.0,634.0,1586.0,523.0,414.0,765.0,344.0,1498.0,663.0,00000000000000000bf3,55.7503968033687,C1004P10
507.0,1807.0,1486.0,286.0,320.0,1022.0,1002.0,332.0,175.0,2039.0,1644.0,529.0,670.0,1317.0,213.0,1683.0,1202.0,694.0,994.0,463.0,2175.0,199.0,375.0,806.0,943.0,364.0,780.0,347.0,2064.0,1052.0,249.0,1813.0,804.0,265.0,379.0,544.0,1563.0,573.0,149.0,1190.0,2003.0,380.0,1876.0,974.0,1594.0,540.0,309.0,249.0,1522.0,805.0,1814.0,213.0,265.0,630.0,1582.0,497.0,426.0,764.0,338.0,1513.0,668.0,00000000000000000bf4,43.0989424544183,C1004P97
462.0,1751.0,1391.0,271.0,335.0,1007.0,976.0,335.0,191.0,1954.0,1555.0,483.0,680.0,1271.0,197.0,1622.0,1067.0,611.0,951.0,421.0,2178.0,180.0,395.0,744.0,806.0,338.0,643.0,318.0,1963.0,985.0,227.0,1826.0,763.0,259.0,347.0,520.0,1489.0,567.0,148.0,1162.0,1913.0,304.0,1846.0,942.0,1518.0,528.0,328.0,237.0,1502.0,716.0,1810.0,183.0,246.0,640.0,1496.0,411.0,380.0,697.0,316.0,1461.0,680.0,00000000000000000bf5,201.703342079531,C1004R01
459.0,1745.0,1382.0,271.0,333.0,1000.0,970.0,335.0,191.0,1949.0,1548.0,479.0,676.0,1266.0,197.0,1616.0,1060.0,606.0,945.0,418.0,2174.0,179.0,394.0,738.0,802.0,336.0,641.0,315.0,1955.0,980.0,225.0,1823.0,757.0,258.0,344.0,518.0,1481.0,562.0,148.0,1159.0,1910.0,302.0,1840.0,934.0,1508.0,525.0,327.0,236.0,1493.0,710.0,1803.0,184.0,245.0,635.0,1490.0,406.0,378.0,692.0,314.0,1453.0,676.0,00000000000000000bf6,200.288398378631,C1004R02
469.0,1764.0,1406.0,274.0,341.0,1018.0,987.0,344.0,191.0,1963.0,1565.0,490.0,685.0,1280.0,200.0,1636.0,1084.0,620.0,963.0,427.0,2181.0,182.0,398.0,755.0,820.0,342.0,646.0,327.0,1986.0,995.0,225.0,1829.0,771.0,263.0,346.0,526.0,1500.0,575.0,148.0,1166.0,1919.0,305.0,1858.0,956.0,1531.0,542.0,333.0,241.0,1516.0,726.0,1821.0,184.0,246.0,646.0,1511.0,419.0,383.0,704.0,321.0,1474.0,685.0,00000000000000000bf7,149.695016736611,C1004R03
517.0,1772.0,1469.0,281.0,319.0,1015.0,995.0,330.0,172.0,2006.0,1643.0,533.0,682.0,1297.0,227.0,1652.0,1209.0,708.0,1000.0,467.0,2127.0,200.0,375.0,799.0,973.0,371.0,756.0,339.0,2021.0,1053.0,249.0,1764.0,787.0,269.0,381.0,560.0,1556.0,583.0,158.0,1175.0,1979.0,387.0,1847.0,977.0,1595.0,525.0,293.0,252.0,1513.0,809.0,1775.0,215.0,269.0,636.0,1581.0,524.0,411.0,763.0,346.0,1490.0,663.0,00000000000000000bf8,108.045246335899,C1004X01
465.0,1731.0,1419.0,202.0,239.0,895.0,904.0,249.0,131.0,1829.0,1458.0,465.0,583.0,1264.0,138.0,1626.0,1168.0,675.0,882.0,411.0,1970.0,127.0,276.0,807.0,920.0,315.0,510.0,255.0,1981.0,925.0,176.0,1706.0,766.0,182.0,296.0,463.0,1401.0,503.0,93.0,1080.0,1814.0,252.0,1762.0,905.0,1469.0,451.0,233.0,202.0,1417.0,746.0,1727.0,132.0,182.0,583.0,1531.0,443.0,329.0,717.0,250.0,1438.0,603.0,00000000000000000bf9,141.851188451196,C1004X03
518.0,1754.0,1450.0,283.0,316.0,1010.0,986.0,323.0,168.0,1980.0,1625.0,530.0,673.0,1275.0,231.0,1623.0,1203.0,705.0,996.0,464.0,2091.0,201.0,375.0,791.0,979.0,364.0,745.0,339.0,1996.0,1048.0,249.0,1738.0,771.0,269.0,383.0,555.0,1541.0,571.0,156.0,1160.0,1955.0,389.0,1818.0,977.0,1580.0,522.0,289.0,255.0,1495.0,808.0,1751.0,216.0,269.0,626.0,1572.0,529.0,404.0,752.0,348.0,1476.0,653.0,00000000000000000bfa,52.2778790815578,C1004X04
593.0,1849.0,1423.0,353.0,377.0,1188.0,1110.0,354.0,205.0,2125.0,1845.0,578.0,831.0,1307.0,302.0,1611.0,1240.0,831.0,1183.0,510.0,2231.0,227.0,471.0,837.0,1147.0,406.0,807.0,382.0,2021.0,1168.0,306.0,1827.0,788.0,332.0,466.0,675.0,1691.0,634.0,173.0,1295.0,2132.0,514.0,1960.0,1192.0,1767.0,573.0,303.0,294.0,1736.0,949.0,1889.0,285.0,332.0,742.0,1640.0,636.0,447.0,831.0,414.0,1506.0,732.0,00000000000000000bfb,206.626914210736,C1005C01
586.0,1922.0,1470.0,357.0,396.0,1283.0,1198.0,390.0,217.0,2262.0,1988.0,590.0,896.0,1370.0,292.0,1744.0,1239.0,842.0,1249.0,509.0,2410.0,239.0,519.0,827.0,1178.0,414.0,862.0,378.0,2090.0,1264.0,324.0,1934.0,788.0,359.0,471.0,738.0,1795.0,703.0,196.0,1370.0,2282.0,513.0,2125.0,1236.0,1895.0,600.0,325.0,275.0,1866.0,948.0,1993.0,303.0,369.0,805.0,1650.0,637.0,460.0,867.0,430.0,1637.0,838.0,00000000000000000bfc,218.035209753507,C1005C02
584.0,2045.0,1540.0,387.0,436.0,1298.0,1248.0,430.0,274.0,2387.0,2021.0,615.0,941.0,1490.0,298.0,1936.0,1232.0,778.0,1229.0,532.0,2675.0,285.0,550.0,845.0,1070.0,456.0,913.0,404.0,2194.0,1308.0,337.0,2150.0,858.0,381.0,466.0,737.0,1854.0,759.0,247.0,1452.0,2458.0,458.0,2227.0,1190.0,1932.0,611.0,411.0,319.0,1914.0,894.0,2142.0,305.0,382.0,830.0,1729.0,567.0,498.0,874.0,440.0,1796.0,931.0,00000000000000000bfd,231.948814006834,C1005C04
595.0,2014.0,1552.0,382.0,437.0,1332.0,1275.0,433.0,261.0,2402.0,2064.0,622.0,949.0,1488.0,298.0,1909.0,1255.0,817.0,1268.0,540.0,2636.0,283.0,557.0,854.0,1130.0,460.0,935.0,404.0,2174.0,1341.0,345.0,2103.0,860.0,383.0,477.0,761.0,1879.0,777.0,245.0,1466.0,2449.0,480.0,2254.0,1220.0,1978.0,619.0,399.0,305.0,1947.0,925.0,2131.0,314.0,394.0,842.0,1717.0,604.0,500.0,905.0,445.0,1791.0,939.0,00000000000000000bfe,208.490347814886,C1005C05
575.0,2020.0,1520.0,379.0,426.0,1279.0,1229.0,421.0,267.0,2359.0,1993.0,606.0,928.0,1469.0,290.0,1913.0,1214.0,763.0,1210.0,523.0,2646.0,278.0,541.0,830.0,1055.0,448.0,888.0,399.0,2171.0,1289.0,328.0,2123.0,845.0,373.0,455.0,725.0,1828.0,747.0,240.0,1431.0,2430.0,447.0,2202.0,1171.0,1904.0,601.0,404.0,312.0,1887.0,878.0,2116.0,296.0,373.0,818.0,1705.0,560.0,487.0,859.0,431.0,1771.0,918.0,00000000000000000bff,254.010641077697,C1005C06
572.0,2009.0,1552.0,384.0,454.0,1304.0,1252.0,445.0,280.0,2340.0,1985.0,592.0,917.0,1513.0,314.0,1905.0,1231.0,773.0,1233.0,523.0,2614.0,291.0,562.0,854.0,1072.0,454.0,933.0,395.0,2137.0,1309.0,348.0,2150.0,867.0,396.0,461.0,715.0,1831.0,735.0,265.0,1466.0,2398.0,451.0,2185.0,1200.0,1903.0,630.0,416.0,322.0,1879.0,896.0,2116.0,307.0,386.0,811.0,1716.0,543.0,498.0,882.0,444.0,1783.0,898.0,00000000000000000c00,146.222800861215,C1005F02
518.0,1905.0,1480.0,324.0,374.0,1092.0,1054.0,383.0,217.0,2217.0,1742.0,539.0,780.0,1382.0,238.0,1783.0,1156.0,676.0,1045.0,474.0,2436.0,229.0,459.0,782.0,929.0,390.0,803.0,365.0,2102.0,1099.0,277.0,2013.0,806.0,310.0,403.0,612.0,1626.0,650.0,187.0,1296.0,2205.0,385.0,2044.0,998.0,1665.0,572.0,372.0,264.0,1633.0,793.0,1978.0,244.0,300.0,710.0,1634.0,480.0,447.0,778.0,372.0,1581.0,780.0,00000000000000000c01,217.985576280638,C1005F03
577.0,1906.0,1459.0,358.0,386.0,1267.0,1183.0,385.0,216.0,2247.0,1970.0,584.0,882.0,1356.0,284.0,1732.0,1227.0,830.0,1235.0,503.0,2395.0,239.0,509.0,819.0,1159.0,406.0,877.0,380.0,2075.0,1248.0,319.0,1919.0,782.0,348.0,468.0,722.0,1782.0,691.0,188.0,1355.0,2264.0,510.0,2104.0,1218.0,1876.0,590.0,327.0,278.0,1846.0,934.0,1978.0,298.0,358.0,789.0,1638.0,626.0,458.0,854.0,419.0,1625.0,825.0,00000000000000000c02,245.014760232068,C1005F04
587.0,1872.0,1474.0,328.0,368.0,1194.0,1124.0,366.0,195.0,2162.0,1846.0,577.0,820.0,1324.0,285.0,1667.0,1251.0,804.0,1181.0,503.0,2280.0,217.0,464.0,832.0,1121.0,399.0,818.0,371.0,2074.0,1183.0,296.0,1864.0,796.0,328.0,462.0,672.0,1717.0,652.0,174.0,1296.0,2156.0,496.0,1987.0,1164.0,1765.0,578.0,300.0,271.0,1726.0,922.0,1903.0,274.0,328.0,732.0,1653.0,615.0,451.0,824.0,402.0,1539.0,747.0,00000000000000000c03,104.435745520969,C1005F06
648.0,2072.0,1614.0,434.0,489.0,1457.0,1370.0,475.0,302.0,2406.0,2203.0,663.0,1014.0,1556.0,348.0,1949.0,1320.0,920.0,1391.0,582.0,2670.0,315.0,618.0,918.0,1272.0,504.0,992.0,440.0,2209.0,1434.0,394.0,2122.0,901.0,427.0,523.0,843.0,1996.0,821.0,286.0,1540.0,2494.0,547.0,2295.0,1372.0,2124.0,677.0,419.0,347.0,2082.0,1034.0,2140.0,364.0,446.0,921.0,1742.0,689.0,526.0,988.0,490.0,1867.0,971.0,00000000000000000c04,181.277039278763,C1005F08
527.0,1826.0,1468.0,297.0,345.0,1088.0,1049.0,361.0,187.0,2132.0,1748.0,548.0,735.0,1311.0,234.0,1702.0,1191.0,708.0,1057.0,475.0,2280.0,209.0,421.0,790.0,963.0,384.0,800.0,353.0,2061.0,1113.0,260.0,1854.0,795.0,293.0,400.0,598.0,1640.0,619.0,170.0,1240.0,2101.0,401.0,1953.0,1009.0,1663.0,541.0,313.0,249.0,1607.0,815.0,1865.0,237.0,292.0,669.0,1590.0,529.0,423.0,779.0,362.0,1539.0,729.0,00000000000000000c05,407.261265427672,C1005P04
473.0,1789.0,1438.0,266.0,309.0,990.0,970.0,320.0,160.0,1999.0,1572.0,486.0,661.0,1297.0,190.0,1667.0,1136.0,645.0,958.0,429.0,2167.0,170.0,365.0,775.0,885.0,336.0,698.0,318.0,2032.0,999.0,225.0,1824.0,778.0,245.0,353.0,527.0,1492.0,565.0,138.0,1162.0,1960.0,330.0,1855.0,947.0,1531.0,534.0,301.0,230.0,1484.0,757.0,1804.0,181.0,242.0,629.0,1551.0,441.0,399.0,728.0,326.0,1471.0,661.0,00000000000000000c06,114.41552884426,C1005P06
572.0,2010.0,1513.0,379.0,422.0,1271.0,1222.0,420.0,267.0,2349.0,1986.0,603.0,923.0,1460.0,289.0,1902.0,1208.0,760.0,1203.0,521.0,2634.0,278.0,540.0,827.0,1052.0,446.0,872.0,401.0,2161.0,1281.0,328.0,2110.0,842.0,371.0,456.0,721.0,1820.0,742.0,239.0,1421.0,2419.0,449.0,2194.0,1164.0,1898.0,601.0,403.0,312.0,1879.0,874.0,2106.0,296.0,373.0,812.0,1696.0,560.0,488.0,855.0,431.0,1762.0,913.0,00000000000000000c07,264.351799048784,C1005P09
595.0,1929.0,1472.0,368.0,399.0,1290.0,1204.0,389.0,226.0,2257.0,1991.0,595.0,897.0,1371.0,298.0,1741.0,1247.0,851.0,1254.0,513.0,2398.0,248.0,521.0,841.0,1194.0,422.0,843.0,390.0,2089.0,1264.0,328.0,1938.0,796.0,359.0,474.0,733.0,1796.0,697.0,197.0,1371.0,2272.0,515.0,2123.0,1251.0,1893.0,602.0,335.0,283.0,1863.0,957.0,1996.0,307.0,369.0,801.0,1662.0,645.0,456.0,871.0,430.0,1628.0,830.0,00000000000000000c08,50.7091355734067,C1005P10
601.0,2040.0,1563.0,403.0,448.0,1371.0,1303.0,438.0,278.0,2390.0,2111.0,622.0,964.0,1515.0,308.0,1939.0,1250.0,823.0,1296.0,543.0,2678.0,299.0,574.0,861.0,1150.0,468.0,924.0,414.0,2179.0,1364.0,356.0,2125.0,862.0,394.0,489.0,780.0,1922.0,783.0,256.0,1476.0,2476.0,496.0,2269.0,1264.0,2028.0,633.0,407.0,321.0,1989.0,938.0,2129.0,322.0,404.0,864.0,1711.0,618.0,503.0,919.0,453.0,1826.0,944.0,00000000000000000c09,74.7920962110358,C1005P95
551.0,1983.0,1495.0,360.0,410.0,1200.0,1153.0,409.0,248.0,2312.0,1891.0,573.0,869.0,1433.0,277.0,1868.0,1182.0,720.0,1134.0,500.0,2575.0,260.0,511.0,813.0,998.0,423.0,853.0,382.0,2134.0,1207.0,312.0,2100.0,826.0,356.0,435.0,672.0,1740.0,702.0,227.0,1387.0,2356.0,421.0,2144.0,1094.0,1804.0,589.0,394.0,293.0,1785.0,843.0,2076.0,276.0,349.0,765.0,1683.0,518.0,470.0,824.0,410.0,1692.0,859.0,00000000000000000c0a,437.673018567794,C1005P96
638.0,2084.0,1614.0,423.0,479.0,1434.0,1363.0,466.0,299.0,2415.0,2171.0,658.0,1001.0,1562.0,346.0,1966.0,1304.0,880.0,1367.0,577.0,2694.0,311.0,605.0,903.0,1223.0,503.0,959.0,423.0,2206.0,1422.0,387.0,2153.0,899.0,425.0,507.0,816.0,1973.0,814.0,281.0,1535.0,2507.0,516.0,2297.0,1343.0,2097.0,663.0,420.0,340.0,2054.0,995.0,2151.0,347.0,435.0,903.0,1743.0,660.0,518.0,968.0,483.0,1872.0,965.0,00000000000000000c0b,97.8661962832978,C1005P97
563.0,1884.0,1448.0,342.0,379.0,1230.0,1158.0,385.0,206.0,2225.0,1930.0,569.0,851.0,1339.0,271.0,1727.0,1216.0,806.0,1197.0,493.0,2368.0,237.0,493.0,809.0,1112.0,399.0,886.0,372.0,2068.0,1218.0,298.0,1895.0,783.0,337.0,447.0,702.0,1762.0,682.0,188.0,1326.0,2230.0,474.0,2070.0,1170.0,1838.0,578.0,323.0,271.0,1804.0,902.0,1954.0,281.0,348.0,765.0,1630.0,600.0,436.0,839.0,408.0,1609.0,806.0,00000000000000000c0c,365.275297022546,C1005P98
586.0,2052.0,1559.0,388.0,452.0,1324.0,1268.0,442.0,278.0,2389.0,2035.0,614.0,940.0,1517.0,309.0,1945.0,1248.0,787.0,1250.0,535.0,2674.0,290.0,561.0,856.0,1093.0,464.0,935.0,398.0,2190.0,1326.0,352.0,2169.0,869.0,394.0,471.0,737.0,1869.0,761.0,259.0,1475.0,2458.0,461.0,2238.0,1219.0,1952.0,620.0,412.0,323.0,1931.0,906.0,2154.0,313.0,390.0,832.0,1744.0,568.0,501.0,887.0,448.0,1813.0,923.0,00000000000000000c0d,260.410491448684,C1005P99
525.0,1928.0,1487.0,334.0,385.0,1143.0,1095.0,385.0,227.0,2253.0,1793.0,546.0,818.0,1398.0,255.0,1805.0,1158.0,697.0,1085.0,473.0,2499.0,239.0,479.0,795.0,939.0,399.0,811.0,369.0,2111.0,1134.0,286.0,2050.0,815.0,330.0,423.0,631.0,1667.0,661.0,203.0,1338.0,2255.0,401.0,2081.0,1039.0,1716.0,571.0,381.0,274.0,1688.0,815.0,2019.0,252.0,319.0,730.0,1644.0,483.0,458.0,795.0,393.0,1610.0,809.0,00000000000000000c0e,328.938530491873,C1005W01
498.0,1882.0,1469.0,316.0,380.0,1106.0,1057.0,385.0,223.0,2138.0,1695.0,518.0,761.0,1384.0,240.0,1731.0,1128.0,642.0,1045.0,458.0,2387.0,214.0,453.0,783.0,876.0,379.0,739.0,357.0,2054.0,1079.0,269.0,2017.0,822.0,311.0,387.0,570.0,1593.0,615.0,190.0,1297.0,2104.0,356.0,1997.0,1016.0,1626.0,558.0,372.0,268.0,1622.0,778.0,1955.0,234.0,291.0,681.0,1599.0,429.0,433.0,753.0,367.0,1564.0,759.0,00000000000000000c0f,277.176307293445,C1005W02
475.0,1773.0,1428.0,254.0,307.0,992.0,971.0,317.0,159.0,1975.0,1554.0,486.0,656.0,1284.0,184.0,1653.0,1125.0,640.0,956.0,431.0,2141.0,165.0,357.0,770.0,867.0,333.0,665.0,316.0,2023.0,995.0,213.0,1804.0,773.0,238.0,340.0,520.0,1486.0,564.0,131.0,1145.0,1932.0,312.0,1846.0,948.0,1525.0,530.0,296.0,226.0,1483.0,748.0,1794.0,172.0,234.0,630.0,1541.0,439.0,385.0,718.0,313.0,1465.0,659.0,00000000000000000c10,1098.6930458519,C1005W03
480.0,1793.0,1445.0,267.0,318.0,1001.0,980.0,329.0,163.0,2025.0,1596.0,497.0,671.0,1305.0,197.0,1671.0,1140.0,655.0,969.0,434.0,2187.0,172.0,379.0,778.0,887.0,345.0,729.0,324.0,2036.0,1015.0,226.0,1837.0,783.0,257.0,352.0,533.0,1512.0,571.0,143.0,1171.0,1979.0,333.0,1876.0,951.0,1548.0,543.0,299.0,232.0,1504.0,763.0,1825.0,186.0,251.0,636.0,1560.0,451.0,398.0,735.0,337.0,1487.0,674.0,00000000000000000c11,605.469406967783,C1005W95
570.0,1881.0,1449.0,340.0,379.0,1223.0,1151.0,381.0,204.0,2216.0,1920.0,574.0,849.0,1335.0,274.0,1716.0,1220.0,807.0,1196.0,496.0,2354.0,231.0,490.0,810.0,1118.0,400.0,881.0,370.0,2067.0,1212.0,300.0,1891.0,782.0,338.0,456.0,699.0,1752.0,677.0,184.0,1325.0,2222.0,485.0,2057.0,1170.0,1824.0,577.0,318.0,269.0,1793.0,908.0,1950.0,285.0,348.0,761.0,1630.0,607.0,445.0,836.0,410.0,1598.0,801.0,00000000000000000c12,213.203556074633,C1005W97
535.0,1948.0,1491.0,334.0,394.0,1154.0,1107.0,394.0,229.0,2270.0,1813.0,556.0,829.0,1413.0,260.0,1825.0,1163.0,700.0,1091.0,482.0,2525.0,240.0,492.0,798.0,949.0,408.0,826.0,367.0,2123.0,1149.0,293.0,2071.0,819.0,332.0,426.0,638.0,1683.0,672.0,208.0,1350.0,2285.0,406.0,2100.0,1049.0,1732.0,581.0,378.0,275.0,1712.0,820.0,2035.0,259.0,327.0,741.0,1654.0,493.0,465.0,801.0,395.0,1631.0,824.0,00000000000000000c13,183.698439131121,C1005X02
525.0,1917.0,1483.0,323.0,383.0,1115.0,1073.0,389.0,217.0,2236.0,1766.0,546.0,797.0,1388.0,247.0,1797.0,1162.0,689.0,1064.0,478.0,2463.0,229.0,472.0,786.0,941.0,398.0,818.0,363.0,2113.0,1118.0,279.0,2024.0,813.0,320.0,406.0,622.0,1646.0,660.0,195.0,1312.0,2230.0,388.0,2063.0,1017.0,1689.0,579.0,370.0,264.0,1656.0,804.0,1995.0,245.0,313.0,720.0,1642.0,490.0,445.0,788.0,382.0,1592.0,796.0,00000000000000000c14,332.153955856745,C1005X03
558.0,1894.0,1471.0,332.0,382.0,1208.0,1150.0,392.0,213.0,2256.0,1913.0,569.0,853.0,1366.0,265.0,1766.0,1215.0,769.0,1173.0,495.0,2428.0,238.0,493.0,809.0,1062.0,403.0,885.0,368.0,2091.0,1215.0,288.0,1947.0,799.0,332.0,437.0,686.0,1752.0,692.0,194.0,1347.0,2265.0,442.0,2093.0,1128.0,1823.0,576.0,339.0,262.0,1787.0,873.0,1985.0,269.0,341.0,758.0,1639.0,571.0,445.0,828.0,402.0,1633.0,825.0,00000000000000000c15,61.5654142645039,C1005X06
517.0,1864.0,1469.0,371.0,428.0,1192.0,1145.0,411.0,273.0,2170.0,1797.0,539.0,827.0,1415.0,300.0,1761.0,1110.0,672.0,1116.0,474.0,2437.0,275.0,517.0,791.0,896.0,408.0,741.0,381.0,1991.0,1184.0,324.0,2052.0,818.0,378.0,430.0,619.0,1668.0,661.0,251.0,1340.0,2188.0,401.0,2028.0,1092.0,1724.0,600.0,412.0,317.0,1709.0,807.0,1988.0,282.0,360.0,728.0,1593.0,461.0,482.0,797.0,420.0,1648.0,814.0,00000000000000000c16,140.424692598434,C1006C01
608.0,2007.0,1539.0,401.0,441.0,1370.0,1299.0,436.0,270.0,2367.0,2119.0,627.0,966.0,1489.0,305.0,1894.0,1247.0,851.0,1303.0,546.0,2621.0,287.0,571.0,862.0,1178.0,466.0,930.0,414.0,2148.0,1362.0,356.0,2078.0,854.0,395.0,488.0,783.0,1908.0,779.0,247.0,1471.0,2436.0,503.0,2246.0,1276.0,2038.0,630.0,398.0,318.0,1999.0,961.0,2095.0,325.0,405.0,867.0,1687.0,641.0,499.0,928.0,455.0,1804.0,937.0,00000000000000000c17,125.196491608436,C1006C02
534.0,1969.0,1509.0,357.0,415.0,1192.0,1142.0,405.0,245.0,2292.0,1857.0,558.0,849.0,1453.0,279.0,1858.0,1172.0,703.0,1123.0,487.0,2557.0,256.0,508.0,811.0,972.0,416.0,828.0,372.0,2118.0,1189.0,315.0,2120.0,830.0,349.0,434.0,652.0,1721.0,690.0,228.0,1386.0,2320.0,412.0,2130.0,1083.0,1774.0,587.0,391.0,298.0,1754.0,834.0,2070.0,273.0,345.0,751.0,1678.0,490.0,482.0,822.0,410.0,1680.0,841.0,00000000000000000c18,27.3370432805497,C1006C03
579.0,1945.0,1498.0,355.0,407.0,1277.0,1220.0,415.0,232.0,2326.0,2008.0,599.0,900.0,1415.0,283.0,1827.0,1232.0,803.0,1226.0,518.0,2518.0,253.0,526.0,826.0,1114.0,431.0,916.0,382.0,2128.0,1282.0,313.0,2003.0,824.0,364.0,459.0,730.0,1823.0,734.0,216.0,1398.0,2346.0,470.0,2178.0,1183.0,1916.0,600.0,360.0,280.0,1884.0,906.0,2045.0,292.0,374.0,802.0,1671.0,599.0,467.0,867.0,424.0,1708.0,883.0,00000000000000000c19,66.2176217071558,C1006C04
594.0,1910.0,1462.0,367.0,399.0,1279.0,1189.0,384.0,222.0,2232.0,1970.0,594.0,889.0,1363.0,299.0,1709.0,1241.0,844.0,1248.0,514.0,2361.0,244.0,521.0,835.0,1189.0,418.0,843.0,388.0,2067.0,1246.0,332.0,1923.0,783.0,352.0,482.0,726.0,1781.0,689.0,197.0,1356.0,2242.0,529.0,2093.0,1247.0,1877.0,602.0,327.0,284.0,1847.0,956.0,1974.0,313.0,370.0,793.0,1649.0,644.0,461.0,863.0,424.0,1607.0,815.0,00000000000000000c1a,68.045756046946,C1006C05
507.0,1889.0,1481.0,345.0,411.0,1164.0,1116.0,395.0,247.0,2193.0,1791.0,530.0,812.0,1429.0,272.0,1779.0,1127.0,666.0,1092.0,464.0,2459.0,249.0,499.0,789.0,912.0,397.0,797.0,354.0,2016.0,1156.0,307.0,2071.0,814.0,349.0,412.0,610.0,1661.0,650.0,223.0,1352.0,2215.0,387.0,2041.0,1065.0,1716.0,583.0,387.0,292.0,1695.0,804.0,1997.0,264.0,331.0,715.0,1608.0,455.0,465.0,794.0,392.0,1636.0,800.0,00000000000000000c1b,28.6960927024771,C1006C06
524.0,1834.0,1468.0,297.0,353.0,1084.0,1041.0,366.0,187.0,2137.0,1745.0,545.0,734.0,1315.0,232.0,1705.0,1185.0,703.0,1050.0,473.0,2295.0,209.0,424.0,788.0,952.0,386.0,806.0,353.0,2060.0,1104.0,260.0,1873.0,799.0,293.0,399.0,594.0,1634.0,615.0,174.0,1249.0,2106.0,399.0,1958.0,999.0,1659.0,541.0,318.0,243.0,1609.0,809.0,1873.0,237.0,291.0,667.0,1587.0,516.0,423.0,778.0,360.0,1541.0,733.0,00000000000000000c1c,125.214017337203,C1006C07
541.0,1957.0,1516.0,367.0,429.0,1230.0,1178.0,416.0,260.0,2289.0,1900.0,569.0,868.0,1470.0,300.0,1858.0,1182.0,724.0,1160.0,494.0,2561.0,271.0,532.0,820.0,1008.0,425.0,872.0,377.0,2084.0,1231.0,331.0,2118.0,837.0,378.0,445.0,668.0,1753.0,698.0,250.0,1415.0,2337.0,423.0,2133.0,1128.0,1820.0,600.0,399.0,306.0,1798.0,854.0,2076.0,290.0,369.0,763.0,1677.0,508.0,487.0,845.0,428.0,1709.0,854.0,00000000000000000c1d,107.935642339753,C1006C08
551.0,1977.0,1495.0,355.0,405.0,1186.0,1140.0,405.0,245.0,2306.0,1875.0,572.0,863.0,1423.0,275.0,1856.0,1181.0,720.0,1122.0,499.0,2561.0,257.0,506.0,810.0,988.0,420.0,846.0,382.0,2139.0,1192.0,308.0,2086.0,824.0,354.0,439.0,669.0,1727.0,698.0,224.0,1376.0,2340.0,424.0,2135.0,1082.0,1787.0,586.0,391.0,291.0,1771.0,840.0,2065.0,275.0,348.0,763.0,1677.0,517.0,472.0,821.0,410.0,1676.0,858.0,00000000000000000c1e,177.470795994741,C1006C09
512.0,1917.0,1492.0,345.0,412.0,1183.0,1136.0,393.0,241.0,2231.0,1827.0,541.0,833.0,1443.0,281.0,1811.0,1143.0,685.0,1109.0,472.0,2495.0,251.0,506.0,796.0,940.0,404.0,805.0,356.0,2038.0,1182.0,313.0,2092.0,815.0,358.0,422.0,634.0,1694.0,664.0,233.0,1375.0,2268.0,401.0,2076.0,1080.0,1751.0,575.0,377.0,293.0,1724.0,816.0,2026.0,270.0,349.0,729.0,1637.0,472.0,475.0,807.0,408.0,1656.0,815.0,00000000000000000c1f,80.7715225632204,C1006C10
501.0,1871.0,1473.0,348.0,409.0,1174.0,1121.0,389.0,248.0,2191.0,1802.0,530.0,823.0,1426.0,281.0,1772.0,1115.0,665.0,1100.0,461.0,2457.0,252.0,507.0,782.0,905.0,399.0,808.0,352.0,1989.0,1168.0,307.0,2063.0,801.0,359.0,414.0,618.0,1666.0,655.0,232.0,1352.0,2227.0,391.0,2035.0,1071.0,1732.0,581.0,387.0,295.0,1703.0,803.0,1987.0,265.0,343.0,719.0,1595.0,455.0,464.0,794.0,402.0,1642.0,804.0,00000000000000000c20,125.940870443694,C1006C11
527.0,1955.0,1516.0,357.0,424.0,1209.0,1157.0,405.0,249.0,2280.0,1864.0,557.0,854.0,1467.0,289.0,1853.0,1170.0,705.0,1134.0,487.0,2545.0,260.0,518.0,813.0,973.0,417.0,833.0,368.0,2084.0,1204.0,322.0,2124.0,832.0,364.0,436.0,653.0,1729.0,687.0,239.0,1400.0,2314.0,414.0,2122.0,1101.0,1787.0,590.0,390.0,303.0,1764.0,838.0,2068.0,279.0,359.0,748.0,1674.0,488.0,484.0,829.0,418.0,1690.0,840.0,00000000000000000c21,114.812250146723,C1006C12
575.0,2027.0,1526.0,378.0,429.0,1283.0,1232.0,422.0,267.0,2367.0,1999.0,606.0,931.0,1476.0,291.0,1920.0,1219.0,766.0,1213.0,523.0,2654.0,278.0,542.0,833.0,1058.0,449.0,899.0,397.0,2177.0,1293.0,330.0,2134.0,847.0,374.0,458.0,727.0,1834.0,750.0,241.0,1437.0,2437.0,449.0,2208.0,1175.0,1910.0,602.0,404.0,312.0,1893.0,881.0,2124.0,298.0,373.0,821.0,1713.0,558.0,490.0,862.0,431.0,1778.0,921.0,00000000000000000c22,126.089942050984,C1006C13
549.0,1839.0,1448.0,307.0,357.0,1139.0,1089.0,361.0,188.0,2144.0,1798.0,555.0,779.0,1300.0,262.0,1682.0,1216.0,755.0,1117.0,475.0,2272.0,217.0,442.0,795.0,1047.0,384.0,826.0,351.0,2059.0,1154.0,275.0,1836.0,780.0,306.0,423.0,635.0,1679.0,640.0,175.0,1259.0,2130.0,445.0,1963.0,1086.0,1720.0,550.0,307.0,253.0,1676.0,854.0,1875.0,247.0,309.0,700.0,1621.0,563.0,430.0,793.0,386.0,1551.0,741.0,00000000000000000c23,115.596972261799,C1006C14
617.0,2081.0,1603.0,417.0,471.0,1405.0,1338.0,458.0,292.0,2413.0,2142.0,641.0,981.0,1558.0,335.0,1971.0,1285.0,851.0,1335.0,561.0,2705.0,313.0,594.0,892.0,1186.0,492.0,944.0,417.0,2211.0,1401.0,379.0,2174.0,892.0,413.0,500.0,795.0,1953.0,801.0,277.0,1520.0,2498.0,501.0,2291.0,1310.0,2061.0,652.0,421.0,334.0,2025.0,965.0,2164.0,338.0,422.0,883.0,1747.0,624.0,520.0,946.0,471.0,1866.0,961.0,00000000000000000c24,176.412176154734,C1006C15
496.0,1862.0,1462.0,309.0,363.0,1054.0,1016.0,370.0,202.0,2122.0,1664.0,523.0,740.0,1356.0,219.0,1731.0,1131.0,643.0,1002.0,453.0,2351.0,207.0,439.0,770.0,877.0,370.0,756.0,346.0,2068.0,1044.0,265.0,1958.0,791.0,286.0,396.0,570.0,1570.0,615.0,168.0,1252.0,2099.0,369.0,1971.0,969.0,1603.0,566.0,353.0,261.0,1575.0,765.0,1917.0,225.0,274.0,679.0,1592.0,449.0,443.0,745.0,352.0,1531.0,740.0,00000000000000000c25,96.4553299898449,C1006C16
570.0,1852.0,1443.0,327.0,366.0,1187.0,1117.0,361.0,197.0,2150.0,1850.0,567.0,819.0,1313.0,278.0,1665.0,1227.0,795.0,1167.0,489.0,2278.0,219.0,463.0,812.0,1109.0,394.0,804.0,363.0,2046.0,1173.0,288.0,1847.0,779.0,326.0,447.0,671.0,1709.0,652.0,175.0,1291.0,2156.0,478.0,1983.0,1152.0,1765.0,561.0,305.0,266.0,1732.0,904.0,1896.0,268.0,327.0,733.0,1630.0,602.0,437.0,815.0,398.0,1546.0,755.0,00000000000000000c26,132.704057337237,C1006C17
582.0,2037.0,1552.0,387.0,452.0,1316.0,1260.0,442.0,280.0,2369.0,2015.0,609.0,929.0,1511.0,305.0,1933.0,1244.0,778.0,1241.0,532.0,2653.0,291.0,559.0,852.0,1086.0,462.0,933.0,397.0,2174.0,1317.0,351.0,2157.0,867.0,391.0,465.0,726.0,1856.0,753.0,256.0,1467.0,2437.0,455.0,2221.0,1211.0,1934.0,618.0,414.0,323.0,1915.0,899.0,2141.0,311.0,383.0,822.0,1735.0,562.0,495.0,880.0,441.0,1803.0,910.0,00000000000000000c27,73.5189270886233,C1006C19
528.0,1850.0,1467.0,304.0,359.0,1112.0,1073.0,370.0,195.0,2187.0,1794.0,549.0,774.0,1335.0,235.0,1736.0,1179.0,711.0,1082.0,475.0,2350.0,217.0,449.0,791.0,966.0,391.0,827.0,350.0,2063.0,1138.0,268.0,1917.0,793.0,304.0,413.0,621.0,1660.0,649.0,174.0,1275.0,2174.0,413.0,2006.0,1027.0,1705.0,553.0,327.0,250.0,1657.0,819.0,1917.0,246.0,304.0,698.0,1598.0,517.0,445.0,790.0,375.0,1572.0,766.0,00000000000000000c28,120.769034122597,C1006C20
521.0,1867.0,1468.0,379.0,432.0,1195.0,1147.0,418.0,283.0,2164.0,1795.0,540.0,825.0,1416.0,302.0,1767.0,1113.0,675.0,1119.0,475.0,2437.0,283.0,518.0,792.0,898.0,413.0,753.0,390.0,1993.0,1185.0,324.0,2051.0,821.0,379.0,427.0,622.0,1670.0,663.0,254.0,1338.0,2184.0,396.0,2029.0,1094.0,1725.0,601.0,422.0,325.0,1708.0,808.0,1990.0,283.0,360.0,730.0,1595.0,462.0,479.0,799.0,418.0,1651.0,815.0,00000000000000000c29,46.0827485462843,C1006C21
572.0,2025.0,1536.0,376.0,441.0,1289.0,1236.0,431.0,270.0,2359.0,1989.0,602.0,919.0,1494.0,299.0,1921.0,1228.0,766.0,1217.0,521.0,2644.0,280.0,548.0,840.0,1066.0,451.0,919.0,388.0,2166.0,1293.0,343.0,2147.0,855.0,385.0,461.0,716.0,1831.0,743.0,251.0,1448.0,2425.0,451.0,2207.0,1184.0,1907.0,609.0,406.0,312.0,1888.0,886.0,2128.0,305.0,378.0,811.0,1724.0,550.0,494.0,867.0,437.0,1780.0,902.0,00000000000000000c2a,40.857582222498,C1006C22
568.0,1892.0,1456.0,343.0,379.0,1242.0,1169.0,386.0,207.0,2236.0,1947.0,576.0,861.0,1347.0,270.0,1737.0,1220.0,810.0,1208.0,497.0,2383.0,238.0,495.0,811.0,1121.0,404.0,886.0,369.0,2072.0,1227.0,308.0,1904.0,783.0,337.0,457.0,709.0,1774.0,689.0,188.0,1337.0,2241.0,487.0,2084.0,1181.0,1856.0,578.0,323.0,271.0,1820.0,906.0,1963.0,289.0,347.0,774.0,1634.0,607.0,447.0,844.0,408.0,1620.0,814.0,00000000000000000c2b,110.087032958061,C1006C23
590.0,1885.0,1450.0,359.0,388.0,1247.0,1159.0,376.0,216.0,2197.0,1935.0,586.0,871.0,1343.0,291.0,1671.0,1231.0,839.0,1222.0,509.0,2316.0,238.0,509.0,828.0,1175.0,415.0,828.0,379.0,2039.0,1216.0,318.0,1893.0,778.0,340.0,475.0,708.0,1752.0,667.0,185.0,1331.0,2199.0,521.0,2051.0,1224.0,1842.0,594.0,312.0,284.0,1810.0,956.0,1943.0,305.0,358.0,776.0,1636.0,643.0,454.0,854.0,413.0,1567.0,789.0,00000000000000000c2c,79.9075075900506,C1006C24
516.0,1921.0,1500.0,336.0,402.0,1150.0,1099.0,396.0,233.0,2229.0,1786.0,536.0,808.0,1427.0,262.0,1801.0,1146.0,671.0,1080.0,473.0,2486.0,239.0,488.0,796.0,919.0,401.0,794.0,362.0,2076.0,1138.0,300.0,2082.0,829.0,338.0,411.0,615.0,1659.0,654.0,211.0,1348.0,2236.0,389.0,2068.0,1046.0,1708.0,583.0,380.0,285.0,1684.0,807.0,2017.0,256.0,323.0,716.0,1636.0,460.0,466.0,793.0,394.0,1630.0,803.0,00000000000000000c2d,82.3355747034919,C1006C25
536.0,1815.0,1454.0,297.0,349.0,1104.0,1066.0,358.0,182.0,2124.0,1769.0,547.0,753.0,1302.0,252.0,1681.0,1206.0,733.0,1079.0,473.0,2257.0,211.0,430.0,792.0,1008.0,380.0,808.0,349.0,2045.0,1127.0,269.0,1828.0,783.0,303.0,414.0,611.0,1647.0,627.0,174.0,1245.0,2096.0,424.0,1939.0,1045.0,1689.0,545.0,305.0,248.0,1636.0,829.0,1856.0,237.0,303.0,679.0,1606.0,543.0,429.0,785.0,376.0,1542.0,724.0,00000000000000000c2e,242.49715717689,C1006C26
530.0,1806.0,1474.0,295.0,341.0,1082.0,1049.0,354.0,187.0,2107.0,1738.0,549.0,727.0,1314.0,240.0,1684.0,1207.0,718.0,1056.0,477.0,2244.0,209.0,416.0,795.0,979.0,382.0,794.0,353.0,2048.0,1112.0,259.0,1828.0,795.0,292.0,399.0,591.0,1632.0,615.0,170.0,1234.0,2074.0,407.0,1930.0,1013.0,1663.0,543.0,309.0,254.0,1600.0,822.0,1845.0,229.0,292.0,660.0,1595.0,535.0,424.0,780.0,365.0,1533.0,711.0,00000000000000000c2f,69.1267520513189,C1006C27
577.0,1874.0,1453.0,337.0,378.0,1220.0,1144.0,369.0,205.0,2193.0,1897.0,577.0,844.0,1335.0,280.0,1689.0,1234.0,814.0,1193.0,495.0,2321.0,227.0,484.0,819.0,1134.0,402.0,815.0,368.0,2058.0,1203.0,301.0,1877.0,782.0,335.0,459.0,690.0,1734.0,669.0,178.0,1321.0,2201.0,491.0,2029.0,1181.0,1805.0,574.0,314.0,270.0,1776.0,920.0,1935.0,281.0,339.0,756.0,1645.0,618.0,448.0,835.0,408.0,1576.0,781.0,00000000000000000c30,71.5921043205084,C1006C28
575.0,2020.0,1520.0,379.0,427.0,1279.0,1227.0,421.0,267.0,2359.0,1990.0,606.0,925.0,1470.0,290.0,1913.0,1213.0,763.0,1208.0,523.0,2646.0,278.0,541.0,830.0,1053.0,449.0,897.0,398.0,2170.0,1288.0,328.0,2127.0,845.0,374.0,455.0,722.0,1826.0,745.0,240.0,1431.0,2429.0,446.0,2201.0,1170.0,1901.0,601.0,405.0,312.0,1885.0,878.0,2117.0,296.0,372.0,815.0,1707.0,558.0,487.0,859.0,431.0,1770.0,915.0,00000000000000000c31,149.535381875517,C1006C30
543.0,1972.0,1496.0,362.0,404.0,1191.0,1144.0,404.0,248.0,2299.0,1867.0,564.0,855.0,1437.0,279.0,1861.0,1176.0,711.0,1125.0,493.0,2559.0,260.0,504.0,808.0,981.0,421.0,837.0,385.0,2124.0,1191.0,315.0,2102.0,827.0,350.0,436.0,662.0,1725.0,693.0,228.0,1377.0,2330.0,415.0,2130.0,1079.0,1781.0,583.0,396.0,294.0,1762.0,835.0,2070.0,275.0,350.0,760.0,1676.0,503.0,479.0,816.0,410.0,1677.0,848.0,00000000000000000c32,112.927996140021,C1006C31
580.0,1872.0,1449.0,342.0,380.0,1229.0,1148.0,369.0,207.0,2188.0,1909.0,580.0,853.0,1333.0,283.0,1671.0,1229.0,824.0,1201.0,499.0,2310.0,229.0,493.0,823.0,1149.0,407.0,811.0,369.0,2042.0,1207.0,309.0,1878.0,781.0,336.0,466.0,693.0,1735.0,663.0,180.0,1324.0,2192.0,504.0,2031.0,1197.0,1815.0,580.0,308.0,272.0,1785.0,933.0,1932.0,291.0,345.0,761.0,1634.0,626.0,452.0,840.0,408.0,1565.0,782.0,00000000000000000c33,90.7119290218541,C1006C32
522.0,1889.0,1487.0,376.0,435.0,1220.0,1172.0,415.0,274.0,2215.0,1840.0,551.0,851.0,1437.0,302.0,1787.0,1136.0,692.0,1144.0,482.0,2474.0,279.0,534.0,803.0,934.0,413.0,765.0,386.0,2016.0,1215.0,329.0,2079.0,827.0,380.0,441.0,644.0,1700.0,678.0,254.0,1373.0,2235.0,414.0,2060.0,1116.0,1767.0,609.0,413.0,322.0,1748.0,827.0,2016.0,287.0,366.0,745.0,1616.0,477.0,489.0,817.0,428.0,1681.0,832.0,00000000000000000c34,206.22103878506,C1006C33
608.0,1977.0,1504.0,383.0,429.0,1351.0,1262.0,419.0,245.0,2334.0,2073.0,609.0,939.0,1424.0,317.0,1814.0,1265.0,881.0,1304.0,530.0,2500.0,266.0,559.0,852.0,1228.0,442.0,924.0,404.0,2139.0,1323.0,349.0,2001.0,823.0,388.0,497.0,785.0,1866.0,746.0,225.0,1419.0,2362.0,533.0,2210.0,1290.0,1985.0,629.0,357.0,298.0,1955.0,981.0,2056.0,328.0,399.0,852.0,1693.0,658.0,482.0,909.0,460.0,1714.0,887.0,00000000000000000c35,128.395827667003,C1006C34
596.0,1937.0,1474.0,368.0,407.0,1302.0,1215.0,396.0,227.0,2265.0,2008.0,596.0,907.0,1382.0,306.0,1752.0,1249.0,852.0,1265.0,515.0,2413.0,249.0,531.0,838.0,1208.0,425.0,863.0,387.0,2094.0,1271.0,338.0,1949.0,792.0,367.0,485.0,746.0,1812.0,705.0,207.0,1380.0,2284.0,528.0,2140.0,1265.0,1914.0,610.0,334.0,281.0,1883.0,959.0,2006.0,317.0,379.0,813.0,1666.0,648.0,463.0,873.0,438.0,1642.0,839.0,00000000000000000c36,65.6451205048717,C1006C35
637.0,2101.0,1636.0,434.0,504.0,1455.0,1379.0,486.0,311.0,2419.0,2178.0,657.0,1009.0,1598.0,357.0,1983.0,1320.0,884.0,1379.0,586.0,2723.0,321.0,622.0,921.0,1225.0,517.0,979.0,434.0,2228.0,1436.0,392.0,2194.0,929.0,434.0,509.0,817.0,1987.0,817.0,299.0,1567.0,2507.0,510.0,2293.0,1352.0,2101.0,680.0,434.0,352.0,2062.0,1007.0,2175.0,353.0,443.0,904.0,1767.0,647.0,519.0,978.0,491.0,1907.0,980.0,00000000000000000c37,111.465600284211,C1006C36
558.0,2002.0,1508.0,371.0,423.0,1255.0,1200.0,413.0,259.0,2344.0,1951.0,589.0,907.0,1460.0,284.0,1899.0,1198.0,749.0,1180.0,507.0,2627.0,270.0,532.0,820.0,1034.0,435.0,900.0,390.0,2152.0,1264.0,326.0,2126.0,837.0,374.0,453.0,699.0,1795.0,728.0,235.0,1419.0,2405.0,442.0,2185.0,1142.0,1863.0,594.0,404.0,304.0,1851.0,866.0,2105.0,292.0,364.0,798.0,1697.0,536.0,487.0,847.0,424.0,1746.0,895.0,00000000000000000c38,64.5571979217995,C1006C37
594.0,2050.0,1557.0,391.0,442.0,1329.0,1275.0,439.0,278.0,2400.0,2065.0,622.0,957.0,1508.0,306.0,1947.0,1249.0,798.0,1261.0,542.0,2689.0,292.0,562.0,857.0,1107.0,460.0,899.0,409.0,2198.0,1336.0,349.0,2149.0,864.0,387.0,476.0,757.0,1890.0,775.0,253.0,1469.0,2476.0,476.0,2250.0,1222.0,1975.0,622.0,410.0,322.0,1950.0,913.0,2145.0,314.0,396.0,849.0,1731.0,589.0,505.0,894.0,447.0,1822.0,944.0,00000000000000000c39,124.695135553307,C1006C38
557.0,1846.0,1453.0,317.0,363.0,1155.0,1101.0,368.0,194.0,2158.0,1818.0,560.0,792.0,1309.0,261.0,1685.0,1222.0,762.0,1131.0,481.0,2286.0,221.0,451.0,797.0,1062.0,387.0,836.0,361.0,2063.0,1165.0,272.0,1845.0,782.0,306.0,426.0,646.0,1696.0,647.0,174.0,1273.0,2146.0,448.0,1977.0,1099.0,1739.0,556.0,313.0,262.0,1699.0,863.0,1885.0,248.0,311.0,710.0,1625.0,574.0,430.0,797.0,383.0,1557.0,752.0,00000000000000000c3a,73.6848751867884,C1006F02
617.0,2028.0,1562.0,411.0,454.0,1394.0,1318.0,447.0,279.0,2380.0,2143.0,638.0,983.0,1514.0,317.0,1911.0,1267.0,872.0,1327.0,557.0,2639.0,295.0,583.0,879.0,1208.0,476.0,948.0,422.0,2167.0,1380.0,365.0,2091.0,869.0,403.0,496.0,801.0,1933.0,793.0,258.0,1493.0,2455.0,513.0,2262.0,1306.0,2064.0,642.0,403.0,327.0,2022.0,984.0,2108.0,334.0,415.0,884.0,1701.0,653.0,503.0,948.0,464.0,1820.0,949.0,00000000000000000c3b,115.349896209982,C1006F03
548.0,1849.0,1442.0,315.0,362.0,1176.0,1118.0,372.0,194.0,2188.0,1847.0,556.0,814.0,1314.0,264.0,1698.0,1209.0,765.0,1148.0,481.0,2329.0,218.0,456.0,791.0,1059.0,383.0,837.0,358.0,2070.0,1183.0,270.0,1860.0,779.0,316.0,429.0,664.0,1714.0,668.0,183.0,1289.0,2185.0,443.0,2019.0,1106.0,1765.0,552.0,313.0,259.0,1730.0,864.0,1912.0,251.0,326.0,729.0,1621.0,568.0,429.0,803.0,394.0,1568.0,784.0,00000000000000000c3c,62.6230833999645,C1006F04
580.0,1990.0,1526.0,368.0,423.0,1270.0,1222.0,425.0,249.0,2365.0,1993.0,607.0,913.0,1451.0,285.0,1886.0,1235.0,783.0,1211.0,528.0,2596.0,269.0,535.0,836.0,1078.0,445.0,926.0,390.0,2160.0,1282.0,327.0,2076.0,846.0,364.0,460.0,724.0,1821.0,748.0,231.0,1422.0,2406.0,460.0,2201.0,1162.0,1902.0,603.0,385.0,293.0,1876.0,889.0,2098.0,295.0,371.0,806.0,1707.0,575.0,487.0,870.0,425.0,1742.0,904.0,00000000000000000c3d,81.9554275844677,C1006F05
595.0,1952.0,1486.0,364.0,409.0,1317.0,1232.0,405.0,229.0,2306.0,2032.0,601.0,918.0,1399.0,297.0,1789.0,1248.0,860.0,1272.0,515.0,2469.0,249.0,536.0,839.0,1195.0,431.0,862.0,385.0,2119.0,1296.0,330.0,1976.0,808.0,368.0,473.0,764.0,1833.0,725.0,212.0,1392.0,2328.0,508.0,2172.0,1261.0,1944.0,608.0,340.0,281.0,1914.0,958.0,2035.0,310.0,378.0,831.0,1677.0,645.0,462.0,889.0,439.0,1683.0,867.0,00000000000000000c3e,107.396830416606,C1006F06
539.0,1792.0,1446.0,297.0,341.0,1093.0,1050.0,343.0,180.0,2064.0,1726.0,550.0,734.0,1281.0,256.0,1642.0,1213.0,741.0,1067.0,478.0,2186.0,204.0,419.0,798.0,1026.0,376.0,794.0,341.0,2016.0,1114.0,268.0,1778.0,779.0,287.0,408.0,603.0,1622.0,612.0,168.0,1220.0,2043.0,430.0,1885.0,1048.0,1660.0,533.0,288.0,254.0,1601.0,844.0,1807.0,236.0,287.0,666.0,1596.0,557.0,419.0,779.0,367.0,1510.0,698.0,00000000000000000c3f,51.397942357348,C1006F08
565.0,1852.0,1453.0,316.0,363.0,1162.0,1105.0,363.0,189.0,2155.0,1823.0,565.0,796.0,1307.0,272.0,1678.0,1230.0,779.0,1141.0,494.0,2277.0,221.0,454.0,808.0,1074.0,393.0,829.0,359.0,2065.0,1163.0,279.0,1847.0,789.0,313.0,441.0,656.0,1700.0,647.0,172.0,1276.0,2141.0,462.0,1971.0,1113.0,1737.0,555.0,298.0,263.0,1707.0,875.0,1893.0,257.0,313.0,713.0,1636.0,585.0,441.0,799.0,384.0,1547.0,749.0,00000000000000000c40,103.456443481778,C1006F09
658.0,2104.0,1660.0,440.0,509.0,1479.0,1404.0,492.0,319.0,2422.0,2208.0,678.0,1028.0,1612.0,367.0,1988.0,1344.0,922.0,1413.0,599.0,2713.0,329.0,633.0,944.0,1272.0,530.0,993.0,440.0,2224.0,1469.0,405.0,2173.0,944.0,444.0,522.0,847.0,2018.0,840.0,306.0,1581.0,2516.0,531.0,2306.0,1392.0,2141.0,690.0,440.0,359.0,2093.0,1039.0,2163.0,366.0,454.0,932.0,1760.0,677.0,532.0,1010.0,501.0,1915.0,992.0,00000000000000000c41,126.49869774669,C1006F10
532.0,1811.0,1476.0,296.0,343.0,1086.0,1052.0,355.0,187.0,2111.0,1743.0,550.0,732.0,1317.0,242.0,1686.0,1211.0,723.0,1060.0,478.0,2249.0,210.0,419.0,799.0,984.0,382.0,796.0,353.0,2053.0,1117.0,263.0,1831.0,797.0,294.0,406.0,595.0,1635.0,618.0,170.0,1237.0,2080.0,414.0,1933.0,1018.0,1669.0,545.0,309.0,254.0,1605.0,827.0,1849.0,231.0,294.0,664.0,1601.0,538.0,430.0,784.0,366.0,1537.0,714.0,00000000000000000c42,97.4877195555296,C1006F11
555.0,1827.0,1462.0,308.0,347.0,1131.0,1074.0,346.0,182.0,2106.0,1769.0,560.0,758.0,1302.0,263.0,1659.0,1230.0,767.0,1106.0,487.0,2226.0,210.0,431.0,812.0,1057.0,384.0,807.0,351.0,2044.0,1140.0,274.0,1816.0,791.0,297.0,425.0,625.0,1659.0,625.0,167.0,1252.0,2088.0,449.0,1923.0,1083.0,1693.0,539.0,295.0,259.0,1648.0,870.0,1849.0,246.0,296.0,687.0,1625.0,576.0,430.0,795.0,371.0,1524.0,713.0,00000000000000000c43,67.5404278763229,C1006F12
643.0,2101.0,1644.0,431.0,501.0,1460.0,1384.0,487.0,309.0,2426.0,2184.0,662.0,1013.0,1600.0,353.0,1988.0,1327.0,895.0,1390.0,586.0,2717.0,319.0,624.0,925.0,1241.0,517.0,982.0,431.0,2228.0,1447.0,398.0,2184.0,928.0,434.0,516.0,831.0,1997.0,830.0,299.0,1566.0,2513.0,522.0,2306.0,1364.0,2113.0,682.0,431.0,349.0,2068.0,1017.0,2171.0,358.0,444.0,913.0,1763.0,659.0,526.0,988.0,491.0,1905.0,983.0,00000000000000000c44,97.1158659469446,C1006F95
535.0,1814.0,1458.0,297.0,344.0,1099.0,1062.0,356.0,186.0,2131.0,1765.0,547.0,748.0,1307.0,249.0,1688.0,1201.0,724.0,1071.0,475.0,2269.0,210.0,426.0,791.0,990.0,381.0,798.0,352.0,2048.0,1123.0,262.0,1838.0,787.0,304.0,406.0,605.0,1643.0,624.0,174.0,1245.0,2101.0,412.0,1946.0,1031.0,1682.0,543.0,308.0,250.0,1627.0,823.0,1861.0,232.0,304.0,673.0,1601.0,540.0,425.0,785.0,375.0,1542.0,724.0,00000000000000000c45,106.859312707893,C1006P02
564.0,1808.0,1420.0,317.0,344.0,1131.0,1069.0,340.0,188.0,2074.0,1773.0,554.0,777.0,1274.0,273.0,1605.0,1210.0,772.0,1121.0,487.0,2190.0,210.0,431.0,806.0,1068.0,385.0,787.0,361.0,2009.0,1127.0,278.0,1788.0,778.0,308.0,433.0,635.0,1656.0,616.0,163.0,1240.0,2072.0,466.0,1895.0,1106.0,1694.0,544.0,286.0,263.0,1656.0,887.0,1822.0,256.0,303.0,691.0,1596.0,588.0,429.0,791.0,379.0,1486.0,703.0,00000000000000000c46,55.9142705763076,C1006P03
571.0,1998.0,1508.0,378.0,417.0,1271.0,1222.0,417.0,264.0,2342.0,1989.0,601.0,921.0,1453.0,287.0,1893.0,1205.0,763.0,1204.0,520.0,2617.0,278.0,536.0,824.0,1058.0,443.0,865.0,400.0,2148.0,1279.0,329.0,2092.0,837.0,367.0,456.0,724.0,1820.0,743.0,237.0,1416.0,2410.0,452.0,2190.0,1166.0,1901.0,597.0,399.0,309.0,1878.0,875.0,2095.0,297.0,372.0,812.0,1687.0,564.0,487.0,856.0,426.0,1756.0,910.0,00000000000000000c47,115.802181634705,C1006P06
569.0,1831.0,1439.0,317.0,352.0,1153.0,1088.0,351.0,187.0,2105.0,1801.0,560.0,791.0,1289.0,278.0,1631.0,1221.0,782.0,1143.0,489.0,2225.0,210.0,443.0,813.0,1085.0,387.0,798.0,360.0,2032.0,1146.0,281.0,1816.0,781.0,318.0,440.0,648.0,1680.0,630.0,169.0,1258.0,2103.0,472.0,1930.0,1124.0,1721.0,556.0,289.0,263.0,1683.0,897.0,1850.0,260.0,317.0,705.0,1613.0,594.0,432.0,801.0,390.0,1506.0,720.0,00000000000000000c48,60.2875361160844,C1006P07
593.0,1951.0,1496.0,364.0,412.0,1321.0,1247.0,414.0,232.0,2323.0,2050.0,605.0,922.0,1414.0,293.0,1817.0,1241.0,843.0,1269.0,523.0,2507.0,257.0,537.0,832.0,1170.0,435.0,886.0,386.0,2123.0,1310.0,331.0,1987.0,819.0,369.0,474.0,761.0,1851.0,745.0,221.0,1407.0,2346.0,503.0,2190.0,1237.0,1959.0,603.0,354.0,284.0,1925.0,938.0,2045.0,309.0,387.0,833.0,1674.0,631.0,471.0,886.0,436.0,1713.0,893.0,00000000000000000c49,140.522621434664,C1006P08
627.0,2024.0,1561.0,413.0,455.0,1405.0,1324.0,447.0,278.0,2373.0,2151.0,644.0,981.0,1510.0,327.0,1900.0,1273.0,887.0,1339.0,564.0,2621.0,297.0,587.0,883.0,1225.0,483.0,951.0,423.0,2162.0,1386.0,370.0,2074.0,869.0,409.0,500.0,809.0,1940.0,788.0,265.0,1494.0,2446.0,523.0,2257.0,1322.0,2070.0,646.0,401.0,327.0,2031.0,998.0,2101.0,340.0,426.0,886.0,1700.0,670.0,502.0,955.0,474.0,1811.0,942.0,00000000000000000c4a,108.409078787903,C1006P09
617.0,2005.0,1530.0,395.0,447.0,1385.0,1302.0,437.0,264.0,2355.0,2127.0,626.0,970.0,1461.0,319.0,1858.0,1274.0,899.0,1328.0,547.0,2564.0,284.0,582.0,873.0,1234.0,462.0,957.0,414.0,2155.0,1364.0,361.0,2028.0,847.0,398.0,497.0,810.0,1919.0,775.0,244.0,1457.0,2408.0,534.0,2238.0,1315.0,2041.0,642.0,377.0,311.0,2007.0,995.0,2082.0,336.0,418.0,879.0,1699.0,672.0,491.0,935.0,467.0,1768.0,924.0,00000000000000000c4b,196.560168184602,C1006P10
587.0,2010.0,1541.0,388.0,432.0,1338.0,1275.0,428.0,267.0,2379.0,2077.0,613.0,948.0,1484.0,297.0,1905.0,1231.0,813.0,1270.0,531.0,2635.0,289.0,563.0,843.0,1129.0,453.0,906.0,409.0,2156.0,1337.0,347.0,2099.0,842.0,384.0,484.0,762.0,1888.0,768.0,241.0,1459.0,2443.0,489.0,2249.0,1232.0,1993.0,623.0,398.0,311.0,1953.0,924.0,2113.0,316.0,394.0,848.0,1692.0,603.0,500.0,905.0,446.0,1794.0,928.0,00000000000000000c4c,185.074004687886,C1006P12
588.0,1834.0,1417.0,339.0,372.0,1178.0,1101.0,353.0,197.0,2115.0,1829.0,577.0,821.0,1298.0,294.0,1607.0,1230.0,821.0,1168.0,505.0,2221.0,220.0,467.0,831.0,1129.0,402.0,798.0,372.0,2014.0,1159.0,301.0,1817.0,784.0,325.0,464.0,666.0,1680.0,629.0,169.0,1286.0,2121.0,505.0,1945.0,1176.0,1748.0,571.0,296.0,284.0,1718.0,938.0,1875.0,280.0,325.0,734.0,1627.0,628.0,442.0,822.0,409.0,1501.0,725.0,00000000000000000c4d,148.529251525787,C1006P13
633.0,2064.0,1597.0,425.0,476.0,1425.0,1351.0,466.0,298.0,2411.0,2176.0,653.0,1002.0,1549.0,331.0,1945.0,1297.0,889.0,1358.0,572.0,2680.0,308.0,604.0,900.0,1228.0,494.0,977.0,433.0,2199.0,1408.0,376.0,2129.0,892.0,415.0,505.0,816.0,1969.0,815.0,271.0,1520.0,2492.0,523.0,2292.0,1339.0,2097.0,664.0,416.0,340.0,2050.0,1003.0,2144.0,344.0,425.0,904.0,1732.0,661.0,515.0,967.0,473.0,1855.0,963.0,00000000000000000c4e,110.654238595553,C1006P14
605.0,1971.0,1503.0,374.0,421.0,1347.0,1263.0,419.0,238.0,2340.0,2071.0,613.0,938.0,1423.0,302.0,1822.0,1260.0,870.0,1295.0,527.0,2513.0,261.0,550.0,846.0,1207.0,438.0,903.0,395.0,2142.0,1326.0,339.0,1997.0,824.0,378.0,483.0,782.0,1866.0,752.0,224.0,1418.0,2364.0,522.0,2208.0,1273.0,1980.0,615.0,355.0,290.0,1950.0,966.0,2062.0,318.0,395.0,850.0,1691.0,653.0,475.0,901.0,448.0,1723.0,898.0,00000000000000000c4f,80.1489671297067,C1006P96
661.0,2095.0,1647.0,440.0,500.0,1478.0,1402.0,490.0,316.0,2420.0,2225.0,678.0,1028.0,1592.0,358.0,1977.0,1343.0,931.0,1412.0,592.0,2706.0,328.0,626.0,938.0,1288.0,523.0,1004.0,449.0,2223.0,1459.0,405.0,2149.0,929.0,434.0,530.0,854.0,2021.0,835.0,300.0,1573.0,2518.0,550.0,2313.0,1395.0,2150.0,686.0,429.0,359.0,2099.0,1045.0,2156.0,372.0,453.0,932.0,1759.0,691.0,538.0,1007.0,500.0,1902.0,989.0,00000000000000000c50,122.019437909987,C1006P97
530.0,1917.0,1480.0,323.0,384.0,1132.0,1086.0,386.0,219.0,2247.0,1789.0,551.0,815.0,1390.0,249.0,1803.0,1163.0,698.0,1077.0,479.0,2482.0,230.0,477.0,788.0,952.0,405.0,813.0,359.0,2111.0,1132.0,286.0,2027.0,816.0,320.0,418.0,631.0,1665.0,669.0,199.0,1327.0,2248.0,397.0,2074.0,1030.0,1712.0,573.0,369.0,265.0,1682.0,814.0,2004.0,253.0,318.0,729.0,1642.0,498.0,453.0,795.0,381.0,1601.0,814.0,00000000000000000c51,200.224178345502,C1006P98
512.0,1896.0,1498.0,350.0,422.0,1173.0,1125.0,402.0,252.0,2188.0,1795.0,533.0,816.0,1447.0,274.0,1778.0,1136.0,667.0,1097.0,472.0,2458.0,252.0,503.0,801.0,906.0,402.0,803.0,361.0,2023.0,1162.0,309.0,2081.0,831.0,352.0,416.0,607.0,1669.0,653.0,225.0,1358.0,2202.0,384.0,2042.0,1077.0,1719.0,593.0,394.0,295.0,1699.0,811.0,2003.0,266.0,333.0,721.0,1612.0,452.0,469.0,802.0,391.0,1650.0,805.0,00000000000000000c52,95.9571944946148,C1006R01
500.0,1833.0,1446.0,359.0,415.0,1162.0,1115.0,395.0,262.0,2134.0,1765.0,523.0,805.0,1394.0,283.0,1725.0,1086.0,650.0,1087.0,458.0,2401.0,262.0,501.0,774.0,869.0,391.0,737.0,370.0,1956.0,1151.0,310.0,2025.0,800.0,360.0,415.0,597.0,1638.0,639.0,236.0,1318.0,2149.0,387.0,1989.0,1063.0,1694.0,586.0,402.0,305.0,1676.0,787.0,1955.0,268.0,340.0,707.0,1563.0,444.0,467.0,777.0,401.0,1618.0,789.0,00000000000000000c53,93.0654728248533,C1006R02
507.0,1845.0,1456.0,367.0,422.0,1175.0,1128.0,401.0,270.0,2151.0,1780.0,531.0,815.0,1401.0,291.0,1738.0,1093.0,659.0,1099.0,467.0,2416.0,270.0,509.0,781.0,877.0,398.0,720.0,378.0,1971.0,1166.0,316.0,2037.0,806.0,369.0,422.0,604.0,1651.0,648.0,243.0,1325.0,2166.0,394.0,2007.0,1077.0,1706.0,596.0,411.0,313.0,1692.0,794.0,1969.0,274.0,349.0,716.0,1575.0,451.0,475.0,784.0,411.0,1631.0,801.0,00000000000000000c54,73.3512711078733,C1006R03
505.0,1845.0,1466.0,350.0,417.0,1158.0,1110.0,398.0,252.0,2131.0,1765.0,525.0,804.0,1411.0,280.0,1732.0,1100.0,651.0,1082.0,461.0,2407.0,252.0,497.0,783.0,869.0,394.0,788.0,361.0,1968.0,1142.0,305.0,2034.0,816.0,359.0,412.0,593.0,1645.0,635.0,232.0,1330.0,2144.0,380.0,1991.0,1059.0,1696.0,586.0,394.0,296.0,1674.0,791.0,1962.0,263.0,339.0,709.0,1572.0,444.0,466.0,782.0,398.0,1625.0,785.0,00000000000000000c55,66.8270101681558,C1006R04
507.0,1851.0,1473.0,354.0,419.0,1162.0,1114.0,399.0,254.0,2139.0,1770.0,527.0,806.0,1417.0,277.0,1737.0,1105.0,656.0,1085.0,463.0,2414.0,254.0,499.0,787.0,874.0,395.0,791.0,365.0,1974.0,1146.0,308.0,2041.0,821.0,355.0,417.0,595.0,1650.0,636.0,229.0,1336.0,2150.0,384.0,1999.0,1063.0,1701.0,589.0,398.0,299.0,1679.0,796.0,1970.0,265.0,336.0,710.0,1579.0,446.0,471.0,786.0,395.0,1630.0,787.0,00000000000000000c56,84.1121357622717,C1006R05
507.0,1851.0,1464.0,362.0,417.0,1168.0,1121.0,397.0,262.0,2154.0,1778.0,530.0,810.0,1414.0,281.0,1743.0,1099.0,653.0,1093.0,459.0,2429.0,262.0,502.0,782.0,876.0,396.0,770.0,373.0,1971.0,1159.0,313.0,2048.0,808.0,360.0,419.0,600.0,1649.0,644.0,232.0,1337.0,2171.0,390.0,2005.0,1064.0,1710.0,588.0,407.0,307.0,1684.0,794.0,1973.0,270.0,340.0,712.0,1581.0,449.0,473.0,785.0,402.0,1630.0,791.0,00000000000000000c57,53.4037399209358,C1006R07
512.0,1873.0,1492.0,350.0,421.0,1171.0,1123.0,401.0,251.0,2161.0,1783.0,534.0,813.0,1432.0,275.0,1754.0,1123.0,667.0,1094.0,471.0,2431.0,251.0,502.0,797.0,890.0,400.0,793.0,361.0,2003.0,1153.0,309.0,2059.0,835.0,353.0,419.0,601.0,1663.0,642.0,226.0,1350.0,2167.0,386.0,2020.0,1075.0,1711.0,592.0,394.0,295.0,1692.0,806.0,1989.0,265.0,334.0,717.0,1598.0,451.0,474.0,796.0,393.0,1643.0,797.0,00000000000000000c58,155.402570819453,C1006R08
525.0,1945.0,1513.0,353.0,421.0,1195.0,1146.0,406.0,248.0,2264.0,1844.0,550.0,842.0,1459.0,282.0,1836.0,1161.0,695.0,1124.0,480.0,2530.0,255.0,514.0,808.0,956.0,409.0,824.0,364.0,2077.0,1190.0,317.0,2119.0,831.0,358.0,428.0,641.0,1709.0,676.0,232.0,1390.0,2292.0,406.0,2106.0,1089.0,1766.0,593.0,390.0,299.0,1743.0,829.0,2054.0,273.0,347.0,740.0,1661.0,480.0,481.0,819.0,411.0,1674.0,828.0,00000000000000000c59,72.076698993425,C1006X01
542.0,1821.0,1465.0,302.0,350.0,1109.0,1070.0,359.0,186.0,2129.0,1769.0,552.0,753.0,1310.0,253.0,1687.0,1217.0,740.0,1084.0,478.0,2260.0,214.0,432.0,801.0,1014.0,382.0,812.0,355.0,2054.0,1133.0,269.0,1834.0,790.0,302.0,413.0,612.0,1650.0,627.0,174.0,1250.0,2100.0,426.0,1944.0,1050.0,1691.0,548.0,309.0,254.0,1637.0,837.0,1861.0,237.0,302.0,678.0,1615.0,548.0,429.0,791.0,377.0,1546.0,723.0,00000000000000000c5a,62.5415135733908,C1006X02
561.0,2008.0,1538.0,377.0,439.0,1274.0,1222.0,429.0,270.0,2341.0,1964.0,587.0,904.0,1496.0,302.0,1903.0,1219.0,756.0,1204.0,511.0,2619.0,281.0,546.0,841.0,1053.0,442.0,903.0,388.0,2141.0,1279.0,342.0,2147.0,855.0,385.0,456.0,700.0,1809.0,726.0,255.0,1448.0,2398.0,444.0,2186.0,1170.0,1879.0,611.0,409.0,313.0,1860.0,881.0,2115.0,300.0,376.0,797.0,1714.0,534.0,495.0,868.0,434.0,1761.0,887.0,00000000000000000c5b,115.330944130727,C1006X08
546.0,1907.0,1476.0,324.0,377.0,1159.0,1114.0,387.0,207.0,2249.0,1855.0,567.0,826.0,1373.0,252.0,1785.0,1184.0,725.0,1114.0,494.0,2454.0,229.0,480.0,797.0,992.0,408.0,844.0,359.0,2100.0,1171.0,288.0,1986.0,806.0,322.0,420.0,653.0,1711.0,678.0,191.0,1327.0,2260.0,420.0,2070.0,1067.0,1759.0,572.0,345.0,261.0,1727.0,831.0,1983.0,259.0,322.0,736.0,1633.0,539.0,451.0,802.0,390.0,1624.0,816.0,00000000000000000c5c,1784.90998257123,C1007C01
526.0,1877.0,1498.0,300.0,363.0,1096.0,1060.0,373.0,199.0,2185.0,1732.0,548.0,758.0,1374.0,230.0,1763.0,1185.0,690.0,1051.0,483.0,2371.0,210.0,437.0,799.0,935.0,396.0,824.0,345.0,2102.0,1108.0,266.0,1968.0,819.0,299.0,390.0,602.0,1636.0,641.0,179.0,1273.0,2146.0,376.0,2021.0,1005.0,1658.0,564.0,333.0,246.0,1616.0,802.0,1948.0,236.0,291.0,699.0,1635.0,494.0,433.0,787.0,362.0,1569.0,765.0,00000000000000000c5d,1137.06491376902,C1007C02
529.0,1853.0,1466.0,305.0,358.0,1116.0,1078.0,369.0,197.0,2194.0,1806.0,548.0,779.0,1338.0,243.0,1740.0,1181.0,717.0,1086.0,475.0,2360.0,219.0,452.0,791.0,977.0,388.0,822.0,350.0,2063.0,1140.0,269.0,1916.0,793.0,314.0,412.0,625.0,1667.0,650.0,180.0,1282.0,2189.0,413.0,2013.0,1033.0,1718.0,551.0,326.0,251.0,1669.0,824.0,1922.0,245.0,314.0,700.0,1601.0,522.0,443.0,793.0,387.0,1578.0,769.0,00000000000000000c5e,530.396447618542,C1007C03
529.0,1831.0,1453.0,295.0,352.0,1096.0,1055.0,364.0,188.0,2152.0,1767.0,549.0,752.0,1309.0,240.0,1711.0,1177.0,708.0,1065.0,475.0,2307.0,209.0,435.0,787.0,959.0,386.0,809.0,346.0,2055.0,1119.0,259.0,1876.0,790.0,304.0,400.0,607.0,1643.0,629.0,176.0,1249.0,2130.0,402.0,1972.0,1015.0,1679.0,545.0,313.0,244.0,1628.0,814.0,1885.0,236.0,304.0,680.0,1590.0,525.0,425.0,782.0,375.0,1550.0,744.0,00000000000000000c5f,1036.24534358411,C1007C04
516.0,1842.0,1481.0,289.0,342.0,1063.0,1029.0,358.0,183.0,2129.0,1693.0,538.0,727.0,1337.0,219.0,1719.0,1170.0,685.0,1025.0,473.0,2295.0,200.0,411.0,791.0,925.0,380.0,797.0,335.0,2074.0,1077.0,257.0,1902.0,805.0,282.0,394.0,578.0,1599.0,617.0,167.0,1239.0,2082.0,377.0,1964.0,982.0,1629.0,546.0,317.0,245.0,1579.0,800.0,1887.0,234.0,282.0,669.0,1601.0,490.0,434.0,770.0,355.0,1536.0,727.0,00000000000000000c60,716.278674318842,C1007C06
536.0,1913.0,1490.0,318.0,383.0,1136.0,1089.0,393.0,210.0,2240.0,1810.0,557.0,802.0,1375.0,252.0,1790.0,1189.0,712.0,1089.0,487.0,2444.0,226.0,475.0,804.0,965.0,407.0,836.0,360.0,2110.0,1145.0,282.0,2003.0,818.0,320.0,411.0,634.0,1680.0,658.0,196.0,1313.0,2226.0,401.0,2060.0,1037.0,1713.0,579.0,349.0,260.0,1680.0,829.0,1988.0,249.0,320.0,718.0,1645.0,516.0,443.0,805.0,387.0,1613.0,796.0,00000000000000000c61,728.296987016901,C1007C07
540.0,1579.0,1292.0,335.0,294.0,913.0,910.0,286.0,213.0,1770.0,1379.0,518.0,638.0,1194.0,273.0,1386.0,1147.0,737.0,900.0,510.0,1780.0,213.0,345.0,798.0,1002.0,410.0,656.0,360.0,1758.0,922.0,283.0,1540.0,745.0,276.0,414.0,519.0,1296.0,537.0,179.0,1083.0,1716.0,439.0,1659.0,940.0,1394.0,479.0,280.0,302.0,1282.0,831.0,1577.0,256.0,270.0,580.0,1468.0,566.0,446.0,799.0,361.0,1268.0,551.0,00000000000000000c63,3632.39368502897,C1007F02
579.0,1617.0,1263.0,342.0,331.0,887.0,971.0,326.0,272.0,1754.0,1303.0,545.0,630.0,1246.0,279.0,1431.0,1230.0,797.0,905.0,615.0,1706.0,240.0,342.0,834.0,1096.0,545.0,601.0,361.0,1739.0,901.0,337.0,1527.0,761.0,286.0,430.0,531.0,1238.0,573.0,236.0,1160.0,1692.0,444.0,1735.0,968.0,1388.0,451.0,293.0,311.0,1230.0,867.0,1566.0,325.0,279.0,569.0,1459.0,619.0,480.0,934.0,358.0,1240.0,521.0,00000000000000000c64,1407.03353247383,C1007F03
477.0,1734.0,1424.0,256.0,286.0,957.0,939.0,292.0,149.0,1930.0,1531.0,488.0,615.0,1265.0,191.0,1617.0,1144.0,651.0,929.0,428.0,2066.0,161.0,335.0,768.0,899.0,335.0,696.0,310.0,1982.0,985.0,217.0,1743.0,754.0,235.0,338.0,497.0,1462.0,526.0,128.0,1115.0,1896.0,326.0,1784.0,924.0,1496.0,513.0,280.0,232.0,1428.0,753.0,1737.0,172.0,235.0,591.0,1524.0,455.0,384.0,723.0,320.0,1450.0,619.0,00000000000000000c65,691.630068419023,C1007F04
454.0,1722.0,1405.0,202.0,247.0,897.0,904.0,256.0,133.0,1825.0,1453.0,454.0,585.0,1248.0,141.0,1618.0,1147.0,665.0,878.0,400.0,1973.0,131.0,287.0,797.0,902.0,308.0,525.0,258.0,1973.0,924.0,176.0,1695.0,758.0,184.0,297.0,465.0,1397.0,504.0,97.0,1067.0,1815.0,256.0,1752.0,904.0,1466.0,462.0,234.0,202.0,1412.0,739.0,1716.0,132.0,182.0,583.0,1517.0,430.0,332.0,709.0,248.0,1430.0,602.0,00000000000000000c66,2799.83308366394,C1007F05
441.0,1720.0,1370.0,196.0,249.0,899.0,904.0,258.0,134.0,1805.0,1451.0,441.0,582.0,1216.0,142.0,1618.0,1116.0,650.0,875.0,389.0,1973.0,128.0,283.0,780.0,874.0,305.0,492.0,251.0,1967.0,918.0,169.0,1683.0,745.0,185.0,281.0,462.0,1398.0,507.0,100.0,1046.0,1809.0,242.0,1743.0,901.0,1463.0,454.0,226.0,196.0,1416.0,720.0,1705.0,128.0,178.0,580.0,1499.0,415.0,314.0,699.0,244.0,1423.0,599.0,00000000000000000c67,734.907047970266,C1007F06
516.0,1843.0,1483.0,289.0,345.0,1064.0,1029.0,362.0,182.0,2130.0,1695.0,538.0,727.0,1337.0,219.0,1718.0,1173.0,686.0,1026.0,473.0,2296.0,200.0,414.0,790.0,927.0,380.0,803.0,334.0,2075.0,1077.0,257.0,1901.0,804.0,282.0,394.0,579.0,1600.0,618.0,167.0,1242.0,2083.0,378.0,1965.0,981.0,1629.0,549.0,316.0,244.0,1580.0,800.0,1887.0,235.0,282.0,669.0,1601.0,491.0,432.0,770.0,355.0,1534.0,728.0,00000000000000000c68,1521.63037422534,C1007P01
457.0,1716.0,1413.0,241.0,270.0,950.0,940.0,281.0,140.0,1890.0,1489.0,468.0,617.0,1265.0,164.0,1605.0,1118.0,641.0,920.0,413.0,2029.0,142.0,324.0,765.0,873.0,312.0,633.0,305.0,1970.0,961.0,184.0,1721.0,752.0,208.0,310.0,485.0,1429.0,532.0,113.0,1093.0,1856.0,286.0,1763.0,922.0,1490.0,507.0,277.0,228.0,1430.0,742.0,1722.0,138.0,215.0,600.0,1501.0,435.0,356.0,701.0,289.0,1432.0,619.0,00000000000000000c69,425.773479973353,C1007P02
476.0,1672.0,1413.0,252.0,273.0,907.0,897.0,273.0,146.0,1850.0,1473.0,488.0,580.0,1246.0,174.0,1568.0,1144.0,649.0,887.0,431.0,1963.0,159.0,316.0,773.0,898.0,330.0,653.0,316.0,1926.0,946.0,214.0,1668.0,745.0,218.0,339.0,465.0,1394.0,493.0,109.0,1075.0,1816.0,327.0,1708.0,896.0,1442.0,501.0,277.0,237.0,1364.0,752.0,1675.0,164.0,219.0,569.0,1484.0,465.0,389.0,712.0,304.0,1411.0,589.0,00000000000000000c6b,2578.99530598365,C1007P04
446.0,1717.0,1401.0,238.0,280.0,954.0,944.0,290.0,151.0,1860.0,1477.0,457.0,607.0,1256.0,166.0,1600.0,1110.0,633.0,915.0,403.0,2024.0,149.0,333.0,763.0,853.0,307.0,593.0,299.0,1962.0,953.0,191.0,1710.0,750.0,214.0,309.0,484.0,1421.0,532.0,113.0,1088.0,1828.0,275.0,1771.0,934.0,1490.0,514.0,274.0,226.0,1438.0,723.0,1723.0,146.0,207.0,598.0,1495.0,416.0,355.0,690.0,289.0,1430.0,617.0,00000000000000000c6c,1034.01854357636,C1007P05
445.0,1701.0,1395.0,237.0,270.0,939.0,930.0,281.0,142.0,1856.0,1471.0,456.0,602.0,1248.0,165.0,1589.0,1105.0,632.0,905.0,402.0,2006.0,144.0,324.0,758.0,857.0,304.0,609.0,299.0,1949.0,945.0,187.0,1699.0,743.0,211.0,310.0,476.0,1413.0,521.0,113.0,1079.0,1826.0,281.0,1749.0,916.0,1478.0,505.0,272.0,225.0,1421.0,727.0,1706.0,141.0,211.0,588.0,1485.0,421.0,356.0,689.0,289.0,1421.0,607.0,00000000000000000c6d,1913.43824978866,C1007P06
560.0,1770.0,1412.0,322.0,337.0,1097.0,1039.0,317.0,185.0,2024.0,1706.0,549.0,757.0,1260.0,279.0,1551.0,1202.0,768.0,1087.0,486.0,2137.0,208.0,409.0,811.0,1040.0,380.0,791.0,368.0,1983.0,1100.0,270.0,1742.0,787.0,291.0,420.0,612.0,1611.0,595.0,156.0,1207.0,2017.0,456.0,1830.0,1081.0,1641.0,528.0,285.0,276.0,1597.0,885.0,1782.0,247.0,289.0,672.0,1580.0,590.0,420.0,786.0,372.0,1444.0,672.0,00000000000000000c6e,1286.56650923113,C1007W02
549.0,1734.0,1404.0,312.0,322.0,1047.0,997.0,306.0,176.0,1960.0,1647.0,538.0,719.0,1240.0,269.0,1527.0,1189.0,747.0,1037.0,474.0,2069.0,199.0,383.0,804.0,1015.0,368.0,761.0,357.0,1953.0,1064.0,267.0,1697.0,775.0,288.0,410.0,588.0,1564.0,582.0,154.0,1164.0,1949.0,444.0,1777.0,1037.0,1594.0,513.0,273.0,267.0,1531.0,861.0,1736.0,236.0,275.0,652.0,1556.0,571.0,410.0,767.0,362.0,1428.0,648.0,00000000000000000c6f,3055.69187991252,C1007W03
582.0,1606.0,1275.0,356.0,327.0,890.0,965.0,318.0,274.0,1762.0,1309.0,545.0,640.0,1254.0,288.0,1415.0,1233.0,796.0,907.0,609.0,1709.0,249.0,343.0,834.0,1098.0,538.0,607.0,377.0,1736.0,903.0,343.0,1532.0,765.0,291.0,441.0,539.0,1242.0,574.0,237.0,1164.0,1691.0,458.0,1732.0,967.0,1388.0,453.0,302.0,324.0,1236.0,869.0,1573.0,325.0,288.0,578.0,1466.0,620.0,491.0,927.0,371.0,1238.0,530.0,00000000000000000c70,3653.87982333073,C1007W04
476.0,1705.0,1431.0,264.0,291.0,935.0,922.0,296.0,159.0,1902.0,1520.0,498.0,613.0,1267.0,194.0,1592.0,1165.0,665.0,914.0,432.0,2019.0,172.0,337.0,781.0,918.0,344.0,694.0,322.0,1956.0,974.0,227.0,1707.0,760.0,239.0,350.0,497.0,1443.0,525.0,130.0,1106.0,1863.0,345.0,1754.0,911.0,1484.0,516.0,281.0,243.0,1400.0,764.0,1708.0,182.0,244.0,589.0,1520.0,474.0,394.0,732.0,325.0,1438.0,615.0,00000000000000000c72,1138.63683756973,C1007W10
437.0,1701.0,1367.0,205.0,266.0,925.0,921.0,276.0,136.0,1821.0,1457.0,442.0,604.0,1219.0,161.0,1592.0,1090.0,630.0,892.0,390.0,1988.0,130.0,313.0,757.0,849.0,303.0,529.0,266.0,1945.0,931.0,176.0,1679.0,737.0,203.0,293.0,482.0,1406.0,524.0,107.0,1052.0,1808.0,261.0,1741.0,917.0,1476.0,484.0,243.0,203.0,1424.0,718.0,1702.0,134.0,200.0,597.0,1479.0,408.0,336.0,687.0,277.0,1420.0,614.0,00000000000000000c73,98.5296262008482,C1008C01
485.0,1820.0,1449.0,284.0,350.0,1029.0,1001.0,354.0,200.0,2030.0,1603.0,506.0,704.0,1322.0,202.0,1691.0,1123.0,639.0,979.0,442.0,2242.0,191.0,409.0,775.0,858.0,357.0,678.0,340.0,2044.0,1010.0,237.0,1887.0,793.0,262.0,360.0,549.0,1535.0,593.0,152.0,1205.0,1987.0,323.0,1915.0,966.0,1563.0,554.0,340.0,252.0,1542.0,751.0,1873.0,195.0,249.0,663.0,1565.0,435.0,397.0,728.0,321.0,1505.0,704.0,00000000000000000c75,173.428135820516,C1008C03
462.0,1739.0,1387.0,259.0,330.0,1005.0,979.0,337.0,179.0,1927.0,1539.0,482.0,671.0,1256.0,192.0,1617.0,1078.0,617.0,955.0,419.0,2128.0,174.0,381.0,749.0,819.0,336.0,619.0,320.0,1972.0,982.0,218.0,1787.0,762.0,250.0,338.0,521.0,1479.0,570.0,138.0,1136.0,1880.0,299.0,1830.0,951.0,1514.0,534.0,316.0,233.0,1498.0,720.0,1789.0,179.0,232.0,637.0,1499.0,416.0,376.0,694.0,310.0,1455.0,673.0,00000000000000000c76,76.6857503240408,C1008C04
475.0,1796.0,1445.0,258.0,327.0,1008.0,983.0,337.0,171.0,1999.0,1568.0,487.0,667.0,1301.0,192.0,1674.0,1136.0,648.0,962.0,431.0,2178.0,171.0,372.0,778.0,866.0,335.0,660.0,331.0,2050.0,999.0,215.0,1829.0,788.0,251.0,340.0,526.0,1508.0,573.0,138.0,1164.0,1955.0,306.0,1882.0,955.0,1541.0,545.0,308.0,233.0,1511.0,756.0,1829.0,179.0,240.0,640.0,1554.0,433.0,384.0,726.0,315.0,1480.0,673.0,00000000000000000c77,126.291920368911,C1008C05
506.0,1625.0,1349.0,306.0,294.0,946.0,914.0,282.0,172.0,1833.0,1515.0,510.0,646.0,1184.0,243.0,1455.0,1133.0,695.0,935.0,444.0,1925.0,198.0,348.0,773.0,947.0,345.0,698.0,348.0,1844.0,988.0,246.0,1598.0,743.0,266.0,386.0,525.0,1434.0,526.0,148.0,1082.0,1807.0,407.0,1666.0,942.0,1474.0,490.0,274.0,270.0,1394.0,805.0,1626.0,209.0,255.0,595.0,1477.0,529.0,405.0,725.0,349.0,1367.0,597.0,00000000000000000c78,104.229203782091,C1008F01
467.0,1747.0,1427.0,250.0,291.0,972.0,954.0,298.0,149.0,1943.0,1534.0,478.0,634.0,1284.0,174.0,1634.0,1132.0,649.0,942.0,422.0,2087.0,160.0,343.0,774.0,881.0,322.0,674.0,313.0,2004.0,985.0,197.0,1768.0,768.0,227.0,324.0,501.0,1465.0,545.0,120.0,1122.0,1902.0,304.0,1810.0,938.0,1519.0,526.0,287.0,227.0,1458.0,753.0,1760.0,155.0,229.0,615.0,1535.0,439.0,371.0,720.0,315.0,1462.0,635.0,00000000000000000c7a,348.030271443186,C1008F04
547.0,1548.0,1330.0,324.0,300.0,877.0,883.0,279.0,216.0,1787.0,1318.0,529.0,629.0,1216.0,259.0,1384.0,1180.0,748.0,877.0,510.0,1741.0,218.0,334.0,836.0,1027.0,400.0,661.0,361.0,1732.0,913.0,301.0,1580.0,760.0,274.0,425.0,499.0,1240.0,514.0,177.0,1092.0,1689.0,438.0,1654.0,929.0,1324.0,502.0,286.0,312.0,1218.0,835.0,1593.0,246.0,274.0,568.0,1498.0,569.0,457.0,795.0,365.0,1269.0,551.0,00000000000000000c7b,95.1319623808464,C1008F05
518.0,1589.0,1316.0,312.0,291.0,949.0,909.0,277.0,177.0,1816.0,1485.0,511.0,653.0,1169.0,256.0,1405.0,1116.0,696.0,938.0,453.0,1902.0,203.0,349.0,763.0,935.0,352.0,700.0,356.0,1813.0,974.0,255.0,1561.0,739.0,270.0,400.0,525.0,1408.0,525.0,147.0,1076.0,1786.0,429.0,1648.0,943.0,1458.0,485.0,270.0,273.0,1376.0,806.0,1594.0,221.0,260.0,593.0,1454.0,539.0,410.0,728.0,353.0,1328.0,587.0,00000000000000000c7c,109.175040140096,C1008F06
545.0,1784.0,1437.0,310.0,333.0,1085.0,1030.0,323.0,176.0,2021.0,1704.0,545.0,729.0,1268.0,271.0,1592.0,1218.0,765.0,1076.0,475.0,2132.0,209.0,403.0,818.0,1037.0,373.0,790.0,355.0,2001.0,1098.0,277.0,1757.0,788.0,299.0,420.0,597.0,1610.0,596.0,162.0,1203.0,2006.0,450.0,1842.0,1066.0,1637.0,530.0,284.0,265.0,1585.0,875.0,1789.0,245.0,288.0,664.0,1590.0,569.0,420.0,788.0,373.0,1473.0,670.0,00000000000000000c7d,61.4519089963224,C1008P01
494.0,1832.0,1452.0,285.0,351.0,1034.0,1006.0,353.0,201.0,2043.0,1608.0,515.0,705.0,1328.0,209.0,1702.0,1125.0,641.0,985.0,450.0,2262.0,191.0,412.0,778.0,860.0,364.0,682.0,337.0,2050.0,1015.0,244.0,1901.0,797.0,270.0,369.0,551.0,1541.0,593.0,159.0,1214.0,2006.0,332.0,1925.0,969.0,1565.0,552.0,338.0,251.0,1545.0,755.0,1884.0,200.0,259.0,662.0,1571.0,441.0,404.0,734.0,331.0,1507.0,705.0,00000000000000000c7e,242.203609806429,C1008P02
499.0,1774.0,1452.0,267.0,298.0,982.0,962.0,310.0,158.0,1979.0,1572.0,511.0,643.0,1295.0,201.0,1652.0,1169.0,670.0,952.0,443.0,2115.0,170.0,354.0,784.0,919.0,352.0,739.0,327.0,2021.0,1010.0,228.0,1783.0,774.0,245.0,353.0,520.0,1501.0,549.0,138.0,1149.0,1940.0,342.0,1825.0,942.0,1531.0,529.0,291.0,242.0,1461.0,773.0,1773.0,183.0,245.0,614.0,1557.0,476.0,399.0,743.0,328.0,1481.0,643.0,00000000000000000c7f,113.696967432646,C1008P03
498.0,1861.0,1473.0,287.0,361.0,1047.0,1018.0,361.0,200.0,2077.0,1638.0,519.0,717.0,1350.0,211.0,1728.0,1143.0,647.0,999.0,454.0,2298.0,191.0,422.0,784.0,877.0,367.0,703.0,334.0,2077.0,1030.0,247.0,1929.0,802.0,272.0,372.0,563.0,1566.0,604.0,160.0,1232.0,2047.0,340.0,1947.0,980.0,1590.0,563.0,334.0,250.0,1566.0,766.0,1906.0,204.0,262.0,671.0,1593.0,446.0,408.0,745.0,335.0,1529.0,717.0,00000000000000000c80,186.13970174651,C1008P07
476.0,1770.0,1432.0,257.0,300.0,981.0,961.0,309.0,152.0,1975.0,1555.0,487.0,645.0,1287.0,181.0,1651.0,1133.0,642.0,952.0,428.0,2127.0,164.0,353.0,771.0,885.0,333.0,684.0,313.0,2019.0,996.0,214.0,1797.0,765.0,234.0,340.0,513.0,1479.0,552.0,128.0,1142.0,1932.0,318.0,1835.0,944.0,1521.0,529.0,288.0,224.0,1469.0,751.0,1784.0,169.0,234.0,620.0,1545.0,445.0,386.0,720.0,319.0,1468.0,645.0,00000000000000000c81,225.185365128228,C1008P10
534.0,1545.0,1332.0,311.0,301.0,853.0,871.0,287.0,218.0,1766.0,1301.0,522.0,607.0,1205.0,245.0,1399.0,1171.0,731.0,850.0,513.0,1724.0,216.0,329.0,827.0,1011.0,406.0,644.0,346.0,1729.0,894.0,294.0,1568.0,749.0,264.0,405.0,480.0,1225.0,511.0,179.0,1079.0,1665.0,415.0,1648.0,903.0,1310.0,502.0,282.0,299.0,1196.0,812.0,1573.0,241.0,264.0,548.0,1481.0,555.0,451.0,790.0,351.0,1259.0,538.0,00000000000000000c82,784.055395435235,C1008W03
587.0,1603.0,1289.0,367.0,333.0,890.0,950.0,314.0,268.0,1782.0,1332.0,549.0,645.0,1260.0,297.0,1396.0,1224.0,798.0,909.0,601.0,1728.0,248.0,346.0,833.0,1086.0,528.0,631.0,390.0,1742.0,901.0,334.0,1540.0,776.0,298.0,442.0,540.0,1261.0,569.0,228.0,1165.0,1697.0,468.0,1740.0,952.0,1390.0,462.0,305.0,335.0,1255.0,881.0,1584.0,323.0,291.0,585.0,1474.0,621.0,494.0,916.0,375.0,1229.0,539.0,00000000000000000c83,260.547092473786,C1008W04
443.0,1712.0,1388.0,224.0,272.0,946.0,937.0,282.0,138.0,1849.0,1471.0,454.0,607.0,1243.0,167.0,1601.0,1105.0,640.0,907.0,401.0,2008.0,134.0,320.0,769.0,856.0,307.0,556.0,285.0,1964.0,946.0,177.0,1699.0,749.0,208.0,295.0,483.0,1421.0,531.0,113.0,1074.0,1823.0,263.0,1762.0,927.0,1490.0,497.0,262.0,215.0,1434.0,729.0,1719.0,133.0,208.0,600.0,1496.0,419.0,339.0,692.0,290.0,1430.0,616.0,00000000000000000c84,1027.10009745226,C1008W05
477.0,1755.0,1424.0,250.0,293.0,974.0,955.0,300.0,149.0,1954.0,1541.0,488.0,636.0,1281.0,179.0,1639.0,1128.0,645.0,945.0,431.0,2103.0,162.0,343.0,772.0,881.0,331.0,672.0,309.0,2008.0,989.0,211.0,1778.0,766.0,234.0,338.0,503.0,1468.0,544.0,125.0,1128.0,1915.0,319.0,1818.0,939.0,1514.0,522.0,285.0,222.0,1458.0,751.0,1767.0,167.0,234.0,614.0,1536.0,448.0,386.0,720.0,321.0,1460.0,636.0,00000000000000000c85,538.557897242676,C1008W06
566.0,1603.0,1312.0,349.0,327.0,902.0,948.0,308.0,258.0,1799.0,1363.0,544.0,646.0,1242.0,295.0,1393.0,1190.0,783.0,903.0,576.0,1756.0,236.0,350.0,831.0,1058.0,492.0,658.0,382.0,1756.0,911.0,327.0,1553.0,782.0,295.0,438.0,530.0,1269.0,568.0,218.0,1140.0,1717.0,471.0,1740.0,948.0,1401.0,482.0,304.0,314.0,1269.0,873.0,1594.0,306.0,284.0,588.0,1476.0,598.0,492.0,901.0,383.0,1245.0,549.0,00000000000000000c86,374.655208557089,C1008W08
467.0,1744.0,1428.0,249.0,286.0,972.0,960.0,297.0,153.0,1917.0,1516.0,479.0,631.0,1280.0,172.0,1626.0,1128.0,645.0,938.0,422.0,2073.0,155.0,342.0,773.0,869.0,320.0,648.0,314.0,1997.0,977.0,198.0,1751.0,766.0,221.0,325.0,499.0,1454.0,547.0,117.0,1114.0,1880.0,296.0,1801.0,942.0,1515.0,528.0,288.0,232.0,1462.0,745.0,1753.0,152.0,221.0,614.0,1519.0,438.0,371.0,710.0,302.0,1454.0,634.0,00000000000000000c87,56.7871565749925,C1008X01
440.0,1721.0,1369.0,189.0,251.0,899.0,904.0,260.0,131.0,1800.0,1450.0,440.0,590.0,1215.0,145.0,1619.0,1116.0,644.0,875.0,389.0,1972.0,123.0,280.0,774.0,871.0,307.0,473.0,242.0,1966.0,914.0,169.0,1683.0,741.0,188.0,279.0,468.0,1399.0,518.0,102.0,1049.0,1805.0,240.0,1747.0,899.0,1460.0,450.0,217.0,189.0,1419.0,713.0,1708.0,129.0,180.0,590.0,1499.0,414.0,310.0,696.0,247.0,1420.0,609.0,00000000000000000c88,261.423589715919,C1008X02
440.0,1725.0,1369.0,199.0,250.0,899.0,904.0,259.0,138.0,1810.0,1450.0,440.0,591.0,1215.0,142.0,1622.0,1117.0,650.0,875.0,389.0,1976.0,130.0,280.0,781.0,872.0,306.0,478.0,254.0,1971.0,915.0,169.0,1691.0,747.0,184.0,280.0,468.0,1399.0,517.0,100.0,1048.0,1810.0,240.0,1754.0,900.0,1461.0,451.0,229.0,199.0,1418.0,719.0,1715.0,129.0,177.0,590.0,1506.0,415.0,311.0,702.0,243.0,1421.0,609.0,00000000000000000c89,131.201524729708,C1008X03
448.0,1722.0,1392.0,237.0,291.0,967.0,957.0,302.0,155.0,1870.0,1483.0,458.0,623.0,1259.0,175.0,1612.0,1095.0,635.0,928.0,405.0,2038.0,143.0,342.0,762.0,849.0,320.0,601.0,296.0,1969.0,957.0,185.0,1731.0,752.0,226.0,304.0,493.0,1434.0,548.0,113.0,1095.0,1840.0,271.0,1791.0,938.0,1502.0,520.0,273.0,225.0,1454.0,723.0,1741.0,152.0,216.0,614.0,1504.0,415.0,347.0,694.0,298.0,1434.0,632.0,00000000000000000c8a,39.8657182667891,C1009C01
549.0,1715.0,1386.0,325.0,323.0,1034.0,986.0,301.0,184.0,1948.0,1622.0,536.0,719.0,1239.0,284.0,1500.0,1187.0,754.0,1032.0,476.0,2050.0,211.0,380.0,804.0,1019.0,370.0,755.0,372.0,1933.0,1049.0,274.0,1680.0,778.0,298.0,421.0,591.0,1538.0,577.0,160.0,1162.0,1934.0,454.0,1772.0,1030.0,1576.0,504.0,277.0,279.0,1516.0,870.0,1725.0,243.0,281.0,651.0,1553.0,573.0,422.0,773.0,377.0,1407.0,636.0,00000000000000000c8b,60.6594454084635,C1009C02
495.0,1839.0,1468.0,291.0,343.0,1041.0,1010.0,352.0,190.0,2092.0,1642.0,518.0,721.0,1346.0,208.0,1715.0,1149.0,654.0,993.0,452.0,2287.0,193.0,409.0,775.0,893.0,365.0,750.0,343.0,2064.0,1039.0,249.0,1917.0,793.0,271.0,376.0,570.0,1554.0,611.0,156.0,1224.0,2056.0,353.0,1938.0,968.0,1590.0,551.0,329.0,250.0,1552.0,769.0,1886.0,210.0,263.0,671.0,1586.0,457.0,422.0,747.0,345.0,1518.0,721.0,00000000000000000c8c,112.351423039387,C1009C03
495.0,1847.0,1463.0,292.0,351.0,1054.0,1019.0,361.0,190.0,2103.0,1657.0,519.0,723.0,1343.0,213.0,1723.0,1143.0,658.0,1004.0,452.0,2311.0,195.0,421.0,779.0,888.0,366.0,769.0,339.0,2068.0,1050.0,252.0,1927.0,797.0,276.0,378.0,570.0,1567.0,612.0,161.0,1230.0,2075.0,355.0,1950.0,976.0,1602.0,559.0,329.0,249.0,1565.0,775.0,1897.0,210.0,270.0,671.0,1588.0,455.0,424.0,753.0,350.0,1528.0,723.0,00000000000000000c8d,115.018491881534,C1009C04
491.0,1834.0,1450.0,285.0,352.0,1028.0,999.0,354.0,200.0,2043.0,1609.0,512.0,706.0,1325.0,203.0,1705.0,1128.0,640.0,980.0,448.0,2258.0,191.0,410.0,775.0,864.0,362.0,682.0,338.0,2054.0,1009.0,243.0,1897.0,795.0,262.0,367.0,554.0,1542.0,594.0,154.0,1209.0,2008.0,333.0,1924.0,964.0,1565.0,553.0,336.0,251.0,1544.0,755.0,1881.0,200.0,250.0,661.0,1574.0,439.0,403.0,734.0,320.0,1507.0,706.0,00000000000000000c90,93.6008941159305,C1009C07
516.0,1512.0,1316.0,293.0,282.0,863.0,845.0,272.0,188.0,1744.0,1328.0,509.0,599.0,1180.0,239.0,1379.0,1145.0,711.0,850.0,465.0,1745.0,207.0,324.0,801.0,977.0,357.0,625.0,327.0,1704.0,894.0,273.0,1549.0,735.0,254.0,381.0,477.0,1253.0,486.0,163.0,1054.0,1664.0,395.0,1591.0,889.0,1316.0,485.0,265.0,283.0,1215.0,786.0,1556.0,216.0,254.0,545.0,1456.0,536.0,414.0,734.0,335.0,1275.0,540.0,00000000000000000c91,87.0034989471178,C1009F01
496.0,1649.0,1405.0,273.0,288.0,911.0,898.0,288.0,156.0,1849.0,1477.0,507.0,607.0,1230.0,207.0,1537.0,1159.0,674.0,898.0,442.0,1926.0,179.0,329.0,779.0,937.0,345.0,660.0,327.0,1886.0,965.0,234.0,1644.0,740.0,237.0,356.0,495.0,1399.0,520.0,138.0,1078.0,1801.0,357.0,1703.0,901.0,1451.0,500.0,273.0,249.0,1359.0,769.0,1664.0,189.0,247.0,578.0,1502.0,507.0,390.0,720.0,326.0,1388.0,597.0,00000000000000000c92,105.485307776423,C1009F02
522.0,1528.0,1297.0,325.0,286.0,897.0,867.0,264.0,187.0,1757.0,1376.0,510.0,628.0,1161.0,258.0,1351.0,1121.0,711.0,891.0,462.0,1788.0,206.0,338.0,780.0,964.0,354.0,626.0,357.0,1728.0,920.0,271.0,1531.0,726.0,268.0,406.0,502.0,1301.0,497.0,151.0,1055.0,1702.0,430.0,1596.0,917.0,1361.0,481.0,274.0,294.0,1268.0,806.0,1557.0,224.0,263.0,572.0,1453.0,549.0,423.0,730.0,358.0,1276.0,551.0,00000000000000000c93,99.1367121281149,C1009F03
497.0,1631.0,1384.0,272.0,280.0,917.0,893.0,282.0,159.0,1830.0,1485.0,508.0,623.0,1208.0,216.0,1494.0,1156.0,684.0,906.0,445.0,1909.0,181.0,338.0,776.0,949.0,341.0,670.0,322.0,1856.0,963.0,238.0,1617.0,735.0,246.0,371.0,507.0,1402.0,519.0,139.0,1075.0,1791.0,383.0,1673.0,909.0,1452.0,486.0,263.0,249.0,1356.0,782.0,1635.0,193.0,246.0,583.0,1486.0,516.0,397.0,723.0,329.0,1371.0,597.0,00000000000000000c94,90.1675235844572,C1009F04
517.0,1552.0,1303.0,323.0,295.0,924.0,888.0,273.0,185.0,1796.0,1439.0,507.0,644.0,1171.0,259.0,1369.0,1114.0,702.0,917.0,455.0,1856.0,210.0,341.0,762.0,939.0,354.0,671.0,367.0,1772.0,945.0,263.0,1539.0,731.0,272.0,412.0,518.0,1359.0,516.0,145.0,1067.0,1750.0,435.0,1632.0,923.0,1414.0,481.0,273.0,286.0,1327.0,807.0,1578.0,227.0,260.0,588.0,1448.0,543.0,418.0,729.0,360.0,1292.0,574.0,00000000000000000c95,104.618619209431,C1009F05
511.0,1569.0,1325.0,306.0,279.0,920.0,885.0,267.0,175.0,1791.0,1443.0,510.0,632.0,1165.0,247.0,1397.0,1113.0,688.0,911.0,447.0,1860.0,199.0,336.0,767.0,931.0,345.0,657.0,349.0,1790.0,959.0,254.0,1559.0,731.0,271.0,397.0,504.0,1369.0,507.0,148.0,1057.0,1743.0,422.0,1625.0,919.0,1422.0,481.0,275.0,277.0,1332.0,793.0,1578.0,216.0,260.0,576.0,1446.0,530.0,417.0,718.0,359.0,1308.0,577.0,00000000000000000c96,57.728640427467,C1009F06
514.0,1498.0,1277.0,293.0,298.0,802.0,838.0,286.0,221.0,1690.0,1225.0,503.0,577.0,1161.0,237.0,1369.0,1140.0,714.0,800.0,512.0,1635.0,211.0,316.0,804.0,990.0,418.0,588.0,323.0,1664.0,845.0,293.0,1513.0,725.0,255.0,383.0,464.0,1154.0,501.0,192.0,1045.0,1587.0,390.0,1595.0,859.0,1247.0,469.0,272.0,286.0,1126.0,781.0,1513.0,248.0,257.0,523.0,1433.0,533.0,434.0,785.0,332.0,1209.0,511.0,00000000000000000c97,113.179076056212,C1009F07
506.0,1692.0,1433.0,271.0,296.0,951.0,932.0,306.0,158.0,1900.0,1539.0,517.0,634.0,1249.0,216.0,1573.0,1181.0,685.0,936.0,453.0,1996.0,181.0,348.0,785.0,956.0,355.0,717.0,327.0,1938.0,999.0,239.0,1676.0,755.0,252.0,364.0,519.0,1460.0,543.0,144.0,1115.0,1859.0,369.0,1749.0,932.0,1510.0,517.0,271.0,248.0,1411.0,785.0,1696.0,193.0,257.0,601.0,1534.0,517.0,398.0,735.0,340.0,1422.0,620.0,00000000000000000c98,171.691286884093,C1009F08
508.0,1673.0,1404.0,283.0,296.0,959.0,929.0,296.0,166.0,1874.0,1536.0,519.0,644.0,1227.0,229.0,1525.0,1176.0,696.0,943.0,455.0,1964.0,190.0,358.0,782.0,970.0,348.0,711.0,337.0,1900.0,999.0,248.0,1649.0,745.0,259.0,386.0,522.0,1454.0,532.0,147.0,1101.0,1845.0,400.0,1710.0,947.0,1496.0,503.0,271.0,260.0,1406.0,794.0,1666.0,205.0,252.0,599.0,1517.0,528.0,409.0,733.0,341.0,1404.0,613.0,00000000000000000c99,128.459804932352,C1009F09
576.0,1667.0,1248.0,336.0,333.0,898.0,999.0,335.0,263.0,1754.0,1329.0,535.0,624.0,1241.0,270.0,1474.0,1227.0,798.0,920.0,628.0,1736.0,231.0,339.0,829.0,1093.0,563.0,599.0,349.0,1790.0,911.0,334.0,1525.0,754.0,277.0,425.0,532.0,1261.0,591.0,234.0,1155.0,1715.0,444.0,1762.0,978.0,1438.0,447.0,288.0,298.0,1252.0,866.0,1566.0,333.0,270.0,570.0,1460.0,615.0,484.0,956.0,347.0,1259.0,520.0,00000000000000000c9a,222.154050269726,C1009F11
444.0,1715.0,1391.0,237.0,284.0,961.0,951.0,294.0,154.0,1862.0,1478.0,454.0,616.0,1254.0,174.0,1603.0,1097.0,631.0,922.0,401.0,2029.0,146.0,336.0,758.0,847.0,313.0,594.0,297.0,1960.0,954.0,187.0,1721.0,748.0,225.0,306.0,489.0,1427.0,542.0,114.0,1090.0,1831.0,273.0,1780.0,935.0,1495.0,512.0,273.0,225.0,1446.0,719.0,1731.0,151.0,215.0,607.0,1497.0,412.0,350.0,689.0,299.0,1430.0,625.0,00000000000000000c9b,101.99730179082,C1009P01
480.0,1800.0,1437.0,273.0,345.0,1033.0,1004.0,350.0,191.0,2001.0,1586.0,501.0,699.0,1304.0,202.0,1670.0,1112.0,638.0,980.0,437.0,2211.0,186.0,402.0,774.0,848.0,352.0,662.0,332.0,2029.0,1013.0,229.0,1860.0,789.0,263.0,352.0,542.0,1519.0,589.0,151.0,1187.0,1953.0,313.0,1891.0,971.0,1553.0,549.0,331.0,244.0,1534.0,745.0,1851.0,190.0,247.0,660.0,1547.0,432.0,391.0,720.0,323.0,1495.0,699.0,00000000000000000c9c,106.684903296539,C1009P06
518.0,1796.0,1498.0,280.0,321.0,1020.0,1001.0,332.0,176.0,2023.0,1642.0,538.0,680.0,1320.0,228.0,1676.0,1221.0,712.0,1002.0,473.0,2144.0,200.0,374.0,814.0,981.0,375.0,760.0,336.0,2049.0,1060.0,249.0,1786.0,800.0,270.0,375.0,556.0,1557.0,585.0,159.0,1189.0,1991.0,383.0,1865.0,985.0,1598.0,534.0,291.0,249.0,1514.0,813.0,1797.0,213.0,270.0,636.0,1595.0,519.0,418.0,771.0,344.0,1505.0,664.0,00000000000000000c9d,59.1258428796293,C1009P07
584.0,1664.0,1305.0,369.0,323.0,942.0,982.0,332.0,267.0,1822.0,1417.0,544.0,662.0,1258.0,305.0,1438.0,1208.0,808.0,962.0,600.0,1814.0,239.0,363.0,822.0,1076.0,529.0,657.0,390.0,1814.0,931.0,324.0,1550.0,789.0,305.0,453.0,559.0,1341.0,593.0,233.0,1181.0,1754.0,491.0,1789.0,969.0,1469.0,458.0,308.0,309.0,1343.0,910.0,1627.0,331.0,288.0,613.0,1496.0,622.0,496.0,930.0,384.0,1228.0,560.0,00000000000000000c9e,62.8715765725494,C1009P08
519.0,1532.0,1290.0,325.0,287.0,904.0,871.0,266.0,186.0,1765.0,1400.0,509.0,633.0,1158.0,258.0,1354.0,1109.0,701.0,898.0,459.0,1813.0,209.0,335.0,764.0,943.0,353.0,639.0,362.0,1741.0,926.0,261.0,1525.0,722.0,271.0,400.0,509.0,1322.0,505.0,148.0,1053.0,1716.0,423.0,1605.0,912.0,1380.0,473.0,274.0,289.0,1290.0,800.0,1557.0,221.0,261.0,578.0,1441.0,546.0,412.0,725.0,359.0,1275.0,561.0,00000000000000000c9f,123.249976664011,C1009P10
483.0,1839.0,1434.0,313.0,365.0,1054.0,1018.0,366.0,207.0,2124.0,1671.0,507.0,739.0,1344.0,228.0,1709.0,1102.0,631.0,1001.0,441.0,2348.0,218.0,443.0,751.0,860.0,367.0,733.0,349.0,2022.0,1051.0,258.0,1962.0,779.0,299.0,379.0,566.0,1565.0,603.0,178.0,1250.0,2099.0,357.0,1959.0,966.0,1599.0,549.0,360.0,266.0,1574.0,756.0,1907.0,225.0,289.0,663.0,1569.0,432.0,423.0,737.0,360.0,1527.0,734.0,00000000000000000ca0,187.892756923631,C1009P85
452.0,1705.0,1361.0,260.0,321.0,987.0,964.0,328.0,181.0,1886.0,1509.0,470.0,654.0,1234.0,190.0,1585.0,1058.0,604.0,936.0,409.0,2085.0,174.0,369.0,732.0,801.0,328.0,596.0,323.0,1936.0,961.0,209.0,1750.0,745.0,246.0,325.0,509.0,1455.0,557.0,134.0,1112.0,1842.0,285.0,1797.0,936.0,1490.0,522.0,318.0,236.0,1474.0,702.0,1754.0,169.0,229.0,626.0,1469.0,406.0,359.0,677.0,307.0,1429.0,658.0,00000000000000000ca1,156.139004121973,C1009R01
443.0,1691.0,1345.0,260.0,321.0,984.0,960.0,327.0,182.0,1868.0,1503.0,459.0,646.0,1222.0,188.0,1572.0,1043.0,599.0,930.0,399.0,2074.0,172.0,368.0,729.0,786.0,319.0,586.0,320.0,1919.0,957.0,210.0,1736.0,742.0,245.0,326.0,501.0,1450.0,551.0,131.0,1104.0,1829.0,285.0,1783.0,932.0,1483.0,521.0,318.0,235.0,1469.0,698.0,1740.0,169.0,226.0,618.0,1452.0,395.0,359.0,674.0,303.0,1423.0,650.0,00000000000000000ca2,207.475026242597,C1009R03
480.0,1800.0,1437.0,273.0,345.0,1033.0,1004.0,350.0,191.0,2001.0,1586.0,501.0,699.0,1304.0,202.0,1670.0,1112.0,638.0,980.0,437.0,2211.0,186.0,402.0,774.0,848.0,352.0,662.0,332.0,2029.0,1013.0,229.0,1860.0,789.0,263.0,352.0,542.0,1519.0,589.0,151.0,1187.0,1953.0,313.0,1891.0,971.0,1553.0,549.0,331.0,244.0,1534.0,745.0,1851.0,190.0,247.0,660.0,1547.0,432.0,391.0,720.0,323.0,1495.0,699.0,00000000000000000ca3,159.3631458215,C1009R04
444.0,1699.0,1351.0,263.0,322.0,984.0,955.0,324.0,181.0,1889.0,1515.0,465.0,658.0,1229.0,190.0,1579.0,1039.0,593.0,930.0,404.0,2104.0,172.0,374.0,724.0,783.0,322.0,595.0,314.0,1918.0,959.0,213.0,1759.0,741.0,249.0,329.0,503.0,1455.0,554.0,135.0,1119.0,1849.0,289.0,1794.0,926.0,1485.0,516.0,321.0,230.0,1473.0,696.0,1757.0,173.0,231.0,620.0,1454.0,396.0,364.0,675.0,307.0,1429.0,658.0,00000000000000000ca4,177.453713525669,C1009R05
446.0,1713.0,1356.0,261.0,324.0,985.0,954.0,325.0,182.0,1905.0,1521.0,466.0,662.0,1236.0,190.0,1587.0,1043.0,595.0,931.0,406.0,2124.0,172.0,380.0,726.0,786.0,325.0,611.0,310.0,1926.0,961.0,216.0,1777.0,743.0,251.0,333.0,506.0,1458.0,553.0,140.0,1127.0,1866.0,292.0,1803.0,924.0,1487.0,514.0,318.0,229.0,1474.0,698.0,1768.0,175.0,235.0,623.0,1463.0,397.0,367.0,678.0,306.0,1431.0,662.0,00000000000000000ca5,213.497968036711,C1009R06
449.0,1704.0,1359.0,267.0,324.0,993.0,965.0,326.0,183.0,1895.0,1524.0,470.0,663.0,1236.0,191.0,1585.0,1044.0,597.0,939.0,408.0,2111.0,173.0,376.0,730.0,786.0,325.0,593.0,319.0,1927.0,967.0,214.0,1765.0,747.0,251.0,331.0,507.0,1465.0,560.0,134.0,1126.0,1854.0,290.0,1803.0,937.0,1496.0,522.0,327.0,233.0,1484.0,701.0,1765.0,173.0,231.0,625.0,1460.0,400.0,365.0,680.0,311.0,1439.0,663.0,00000000000000000ca6,337.815245642728,C1009R07
462.0,1743.0,1391.0,257.0,330.0,1005.0,980.0,338.0,178.0,1930.0,1538.0,482.0,670.0,1259.0,193.0,1621.0,1083.0,619.0,955.0,420.0,2128.0,175.0,380.0,751.0,824.0,336.0,622.0,321.0,1977.0,981.0,217.0,1788.0,762.0,250.0,337.0,522.0,1479.0,570.0,138.0,1137.0,1883.0,299.0,1833.0,951.0,1515.0,535.0,315.0,233.0,1498.0,721.0,1791.0,178.0,232.0,638.0,1504.0,417.0,375.0,695.0,311.0,1455.0,673.0,00000000000000000ca7,110.27884795224,C1009X01
483.0,1830.0,1431.0,307.0,356.0,1037.0,1001.0,363.0,201.0,2100.0,1646.0,509.0,728.0,1333.0,219.0,1701.0,1106.0,628.0,988.0,442.0,2319.0,210.0,434.0,752.0,862.0,362.0,731.0,342.0,2027.0,1032.0,257.0,1935.0,774.0,288.0,381.0,560.0,1549.0,600.0,169.0,1233.0,2074.0,358.0,1944.0,951.0,1578.0,552.0,353.0,259.0,1553.0,750.0,1889.0,222.0,278.0,664.0,1567.0,438.0,426.0,731.0,350.0,1511.0,728.0,00000000000000000ca9,74.5633990167729,C1009X06
528.0,1722.0,1419.0,282.0,309.0,1018.0,978.0,309.0,165.0,1941.0,1611.0,535.0,673.0,1244.0,238.0,1564.0,1190.0,718.0,1000.0,468.0,2050.0,191.0,373.0,792.0,993.0,365.0,743.0,333.0,1953.0,1045.0,255.0,1697.0,760.0,268.0,390.0,549.0,1528.0,556.0,152.0,1146.0,1923.0,410.0,1773.0,997.0,1565.0,508.0,268.0,252.0,1489.0,822.0,1714.0,222.0,259.0,618.0,1550.0,547.0,407.0,748.0,345.0,1444.0,633.0,00000000000000000caa,98.3098413568547,C1010C01
551.0,1770.0,1424.0,311.0,327.0,1080.0,1025.0,312.0,176.0,2011.0,1697.0,544.0,735.0,1262.0,277.0,1563.0,1208.0,764.0,1070.0,478.0,2123.0,202.0,396.0,813.0,1036.0,374.0,776.0,356.0,1986.0,1089.0,274.0,1737.0,788.0,295.0,422.0,598.0,1604.0,589.0,159.0,1199.0,2001.0,454.0,1821.0,1063.0,1633.0,521.0,279.0,266.0,1581.0,878.0,1774.0,245.0,289.0,662.0,1578.0,578.0,422.0,785.0,374.0,1454.0,664.0,00000000000000000cac,52.404383349729,C1010C03
528.0,1655.0,1356.0,318.0,304.0,993.0,952.0,291.0,183.0,1888.0,1557.0,518.0,684.0,1193.0,267.0,1461.0,1151.0,714.0,983.0,461.0,1988.0,208.0,367.0,774.0,970.0,353.0,733.0,367.0,1885.0,1013.0,261.0,1614.0,753.0,280.0,413.0,555.0,1475.0,553.0,151.0,1121.0,1867.0,448.0,1701.0,983.0,1523.0,495.0,281.0,270.0,1444.0,825.0,1654.0,226.0,268.0,623.0,1501.0,550.0,423.0,743.0,363.0,1378.0,614.0,00000000000000000cad,78.9638846439043,C1010C04
522.0,1727.0,1397.0,301.0,309.0,1031.0,984.0,299.0,167.0,1946.0,1632.0,522.0,690.0,1229.0,259.0,1533.0,1179.0,731.0,1021.0,459.0,2051.0,199.0,370.0,792.0,990.0,364.0,758.0,345.0,1945.0,1053.0,257.0,1685.0,762.0,280.0,398.0,565.0,1552.0,565.0,146.0,1147.0,1933.0,419.0,1762.0,1012.0,1575.0,505.0,268.0,257.0,1512.0,841.0,1722.0,225.0,269.0,632.0,1541.0,552.0,400.0,761.0,354.0,1429.0,634.0,00000000000000000cae,78.4548828489593,C1010C05
476.0,1653.0,1401.0,250.0,268.0,893.0,883.0,268.0,144.0,1835.0,1453.0,488.0,580.0,1232.0,175.0,1552.0,1137.0,643.0,874.0,429.0,1934.0,159.0,311.0,765.0,896.0,330.0,641.0,313.0,1902.0,934.0,214.0,1653.0,732.0,218.0,337.0,466.0,1373.0,495.0,111.0,1061.0,1794.0,328.0,1695.0,883.0,1425.0,491.0,272.0,236.0,1341.0,744.0,1663.0,165.0,218.0,570.0,1477.0,467.0,386.0,704.0,303.0,1392.0,588.0,00000000000000000caf,265.628981382063,C1010F01
458.0,1568.0,1350.0,239.0,237.0,833.0,833.0,236.0,127.0,1732.0,1359.0,465.0,545.0,1187.0,160.0,1470.0,1133.0,654.0,828.0,410.0,1777.0,152.0,279.0,774.0,919.0,310.0,568.0,289.0,1798.0,900.0,196.0,1568.0,710.0,191.0,312.0,438.0,1280.0,457.0,110.0,999.0,1691.0,299.0,1602.0,863.0,1349.0,476.0,239.0,239.0,1258.0,733.0,1576.0,137.0,201.0,535.0,1454.0,466.0,358.0,693.0,281.0,1343.0,545.0,00000000000000000cb0,238.00857225816,C1010F03
519.0,1674.0,1396.0,285.0,299.0,973.0,939.0,297.0,166.0,1882.0,1544.0,527.0,654.0,1223.0,233.0,1517.0,1173.0,703.0,956.0,462.0,1975.0,190.0,359.0,785.0,973.0,356.0,723.0,335.0,1903.0,1009.0,248.0,1651.0,751.0,262.0,386.0,528.0,1466.0,536.0,147.0,1106.0,1853.0,401.0,1714.0,959.0,1506.0,502.0,271.0,259.0,1422.0,807.0,1667.0,208.0,251.0,604.0,1519.0,540.0,407.0,736.0,344.0,1404.0,614.0,00000000000000000cb1,136.412695465525,C1010F04
466.0,1645.0,1398.0,251.0,263.0,892.0,882.0,263.0,146.0,1818.0,1445.0,477.0,570.0,1232.0,174.0,1544.0,1135.0,642.0,873.0,421.0,1920.0,159.0,306.0,764.0,894.0,321.0,634.0,317.0,1897.0,935.0,205.0,1646.0,730.0,218.0,326.0,455.0,1365.0,484.0,109.0,1057.0,1782.0,313.0,1682.0,886.0,1419.0,495.0,273.0,238.0,1340.0,740.0,1652.0,152.0,218.0,561.0,1469.0,455.0,374.0,699.0,306.0,1393.0,580.0,00000000000000000cb2,90.7985685527926,C1010F07
509.0,1661.0,1395.0,283.0,289.0,952.0,922.0,289.0,166.0,1861.0,1525.0,519.0,640.0,1220.0,229.0,1513.0,1170.0,695.0,934.0,455.0,1950.0,190.0,349.0,782.0,967.0,348.0,699.0,334.0,1888.0,990.0,248.0,1637.0,744.0,259.0,388.0,516.0,1446.0,526.0,146.0,1093.0,1831.0,401.0,1697.0,941.0,1486.0,492.0,272.0,260.0,1398.0,794.0,1654.0,204.0,250.0,593.0,1508.0,530.0,411.0,732.0,342.0,1393.0,604.0,00000000000000000cb3,108.783835687859,C1010F08
537.0,1715.0,1391.0,313.0,321.0,1031.0,983.0,305.0,176.0,1938.0,1624.0,528.0,707.0,1226.0,269.0,1512.0,1177.0,739.0,1021.0,465.0,2045.0,200.0,380.0,798.0,1002.0,361.0,760.0,359.0,1936.0,1050.0,267.0,1677.0,770.0,290.0,410.0,579.0,1543.0,575.0,155.0,1147.0,1925.0,443.0,1756.0,1021.0,1575.0,512.0,273.0,267.0,1509.0,853.0,1716.0,234.0,274.0,643.0,1542.0,559.0,411.0,760.0,363.0,1416.0,638.0,00000000000000000cb4,160.780487063263,C1010P01
537.0,1758.0,1418.0,309.0,321.0,1063.0,1011.0,311.0,173.0,1989.0,1673.0,537.0,714.0,1250.0,265.0,1564.0,1200.0,747.0,1053.0,470.0,2095.0,207.0,387.0,802.0,1015.0,371.0,776.0,354.0,1975.0,1079.0,268.0,1725.0,773.0,290.0,409.0,584.0,1586.0,584.0,154.0,1178.0,1973.0,434.0,1806.0,1044.0,1610.0,518.0,279.0,264.0,1554.0,855.0,1760.0,235.0,279.0,652.0,1568.0,565.0,409.0,772.0,363.0,1453.0,655.0,00000000000000000cb5,199.40594885501,C1010P02
525.0,1708.0,1397.0,301.0,304.0,1013.0,970.0,301.0,170.0,1926.0,1604.0,527.0,678.0,1229.0,247.0,1534.0,1177.0,719.0,1001.0,462.0,2032.0,199.0,366.0,788.0,986.0,363.0,739.0,350.0,1934.0,1041.0,257.0,1677.0,756.0,271.0,399.0,553.0,1523.0,555.0,147.0,1136.0,1911.0,417.0,1751.0,994.0,1555.0,499.0,277.0,263.0,1483.0,828.0,1702.0,223.0,261.0,621.0,1534.0,549.0,409.0,749.0,348.0,1425.0,629.0,00000000000000000cb6,114.872803954651,C1010P05
545.0,1768.0,1426.0,311.0,327.0,1077.0,1023.0,315.0,175.0,2007.0,1691.0,541.0,729.0,1260.0,266.0,1568.0,1208.0,756.0,1067.0,475.0,2114.0,205.0,395.0,808.0,1030.0,372.0,780.0,356.0,1985.0,1089.0,267.0,1738.0,780.0,288.0,409.0,596.0,1600.0,592.0,154.0,1193.0,1991.0,438.0,1822.0,1059.0,1627.0,523.0,281.0,266.0,1573.0,867.0,1774.0,237.0,279.0,662.0,1579.0,572.0,409.0,778.0,361.0,1459.0,665.0,00000000000000000cb7,72.3459795723872,C1010P07
458.0,1696.0,1407.0,243.0,266.0,912.0,903.0,266.0,141.0,1857.0,1471.0,468.0,591.0,1254.0,157.0,1585.0,1132.0,653.0,893.0,412.0,1987.0,153.0,308.0,776.0,888.0,312.0,594.0,307.0,1952.0,942.0,184.0,1687.0,746.0,200.0,311.0,475.0,1400.0,511.0,104.0,1073.0,1827.0,287.0,1729.0,904.0,1470.0,493.0,268.0,230.0,1400.0,744.0,1690.0,138.0,209.0,583.0,1498.0,437.0,356.0,704.0,292.0,1423.0,601.0,00000000000000000cb9,108.321865952208,C1010P09
470.0,1689.0,1414.0,259.0,283.0,925.0,912.0,283.0,148.0,1885.0,1496.0,488.0,594.0,1253.0,183.0,1578.0,1144.0,643.0,902.0,426.0,2005.0,161.0,327.0,765.0,896.0,332.0,682.0,309.0,1942.0,960.0,216.0,1697.0,744.0,226.0,336.0,481.0,1420.0,509.0,118.0,1088.0,1844.0,331.0,1738.0,903.0,1460.0,512.0,277.0,235.0,1385.0,745.0,1698.0,168.0,233.0,576.0,1499.0,462.0,384.0,714.0,313.0,1421.0,604.0,00000000000000000cba,194.853796648238,C1010P90
524.0,1704.0,1389.0,304.0,303.0,1011.0,968.0,298.0,170.0,1921.0,1599.0,524.0,681.0,1224.0,257.0,1522.0,1173.0,721.0,1002.0,459.0,2025.0,198.0,364.0,786.0,983.0,363.0,737.0,351.0,1927.0,1041.0,256.0,1669.0,756.0,278.0,402.0,556.0,1519.0,556.0,147.0,1132.0,1906.0,418.0,1742.0,992.0,1550.0,498.0,275.0,264.0,1479.0,831.0,1697.0,223.0,267.0,623.0,1528.0,550.0,408.0,751.0,357.0,1416.0,629.0,00000000000000000cbb,278.906751270042,C1010P93
522.0,1716.0,1424.0,279.0,308.0,1008.0,972.0,308.0,167.0,1931.0,1584.0,532.0,672.0,1245.0,238.0,1561.0,1194.0,715.0,989.0,468.0,2031.0,190.0,370.0,794.0,992.0,362.0,737.0,335.0,1951.0,1040.0,249.0,1697.0,764.0,269.0,380.0,546.0,1505.0,555.0,156.0,1136.0,1904.0,398.0,1766.0,989.0,1544.0,511.0,268.0,256.0,1463.0,815.0,1708.0,217.0,258.0,622.0,1558.0,540.0,401.0,745.0,350.0,1437.0,635.0,00000000000000000cbc,65.9162585126121,C1010P94
488.0,1744.0,1431.0,268.0,293.0,963.0,944.0,300.0,157.0,1944.0,1541.0,500.0,624.0,1274.0,191.0,1625.0,1151.0,657.0,935.0,436.0,2078.0,170.0,344.0,773.0,904.0,343.0,716.0,327.0,1991.0,991.0,220.0,1755.0,761.0,235.0,341.0,504.0,1472.0,533.0,129.0,1126.0,1907.0,329.0,1795.0,928.0,1505.0,523.0,294.0,243.0,1437.0,759.0,1747.0,174.0,235.0,599.0,1533.0,466.0,387.0,729.0,319.0,1458.0,627.0,00000000000000000cbd,84.8835895343263,C1010P96
443.0,1716.0,1389.0,221.0,280.0,951.0,941.0,291.0,142.0,1854.0,1470.0,453.0,613.0,1246.0,168.0,1605.0,1103.0,638.0,912.0,400.0,2015.0,136.0,328.0,766.0,855.0,310.0,571.0,282.0,1965.0,950.0,182.0,1706.0,748.0,210.0,302.0,489.0,1420.0,538.0,112.0,1077.0,1827.0,269.0,1769.0,931.0,1489.0,509.0,259.0,214.0,1436.0,727.0,1723.0,140.0,208.0,608.0,1497.0,415.0,346.0,693.0,289.0,1429.0,623.0,00000000000000000cbe,217.446015470753,C1010W02
544.0,1776.0,1431.0,310.0,328.0,1082.0,1027.0,317.0,175.0,2016.0,1699.0,544.0,726.0,1263.0,263.0,1584.0,1213.0,759.0,1072.0,475.0,2121.0,209.0,396.0,812.0,1031.0,374.0,781.0,355.0,1994.0,1095.0,269.0,1751.0,782.0,290.0,409.0,594.0,1607.0,593.0,156.0,1196.0,1997.0,437.0,1835.0,1062.0,1633.0,524.0,283.0,265.0,1580.0,868.0,1784.0,238.0,280.0,661.0,1586.0,569.0,409.0,782.0,362.0,1470.0,667.0,00000000000000000cbf,76.262883227614,C1010W04
457.0,1607.0,1365.0,240.0,237.0,848.0,848.0,235.0,122.0,1760.0,1391.0,466.0,547.0,1204.0,158.0,1508.0,1138.0,655.0,839.0,410.0,1827.0,148.0,279.0,774.0,919.0,308.0,560.0,292.0,1844.0,910.0,193.0,1596.0,714.0,190.0,312.0,440.0,1309.0,459.0,107.0,1013.0,1734.0,293.0,1626.0,873.0,1381.0,472.0,240.0,240.0,1293.0,728.0,1604.0,132.0,200.0,537.0,1466.0,459.0,358.0,693.0,284.0,1372.0,547.0,00000000000000000cc0,182.13007962984,C1010W06
574.0,1699.0,1243.0,337.0,334.0,897.0,1010.0,342.0,269.0,1752.0,1339.0,527.0,618.0,1242.0,270.0,1504.0,1242.0,795.0,924.0,631.0,1749.0,231.0,334.0,832.0,1095.0,573.0,600.0,356.0,1817.0,915.0,339.0,1528.0,757.0,271.0,424.0,533.0,1271.0,598.0,241.0,1163.0,1721.0,443.0,1779.0,982.0,1456.0,448.0,289.0,299.0,1261.0,869.0,1575.0,338.0,270.0,570.0,1469.0,613.0,490.0,971.0,348.0,1263.0,515.0,00000000000000000cc1,102.268700672081,C1010W07
515.0,1742.0,1448.0,283.0,309.0,990.0,971.0,319.0,166.0,1962.0,1601.0,526.0,660.0,1274.0,226.0,1623.0,1201.0,700.0,979.0,462.0,2069.0,200.0,361.0,790.0,967.0,365.0,742.0,342.0,1990.0,1028.0,245.0,1728.0,770.0,266.0,378.0,545.0,1522.0,565.0,154.0,1142.0,1930.0,379.0,1807.0,961.0,1562.0,516.0,294.0,259.0,1473.0,799.0,1739.0,211.0,267.0,622.0,1571.0,525.0,402.0,750.0,349.0,1464.0,641.0,00000000000000000cc2,195.371915727362,C1010W08
443.0,1712.0,1388.0,224.0,272.0,946.0,937.0,282.0,138.0,1849.0,1471.0,454.0,607.0,1243.0,167.0,1601.0,1105.0,640.0,907.0,401.0,2008.0,134.0,320.0,769.0,856.0,307.0,556.0,285.0,1964.0,946.0,177.0,1699.0,749.0,208.0,295.0,483.0,1421.0,531.0,113.0,1074.0,1823.0,263.0,1762.0,927.0,1490.0,497.0,262.0,215.0,1434.0,729.0,1719.0,133.0,208.0,600.0,1496.0,419.0,339.0,692.0,290.0,1430.0,616.0,00000000000000000cc3,459.142805441056,C1010X02
465.0,1731.0,1419.0,202.0,239.0,895.0,904.0,249.0,131.0,1829.0,1458.0,465.0,583.0,1264.0,138.0,1626.0,1168.0,675.0,882.0,411.0,1970.0,127.0,276.0,807.0,920.0,315.0,510.0,255.0,1981.0,925.0,176.0,1706.0,766.0,182.0,296.0,463.0,1401.0,503.0,93.0,1080.0,1814.0,252.0,1762.0,905.0,1469.0,451.0,233.0,202.0,1417.0,746.0,1727.0,132.0,182.0,583.0,1531.0,443.0,329.0,717.0,250.0,1438.0,603.0,00000000000000000cc4,132.860999518407,C1010X97
593.0,1932.0,1470.0,368.0,407.0,1302.0,1214.0,395.0,227.0,2257.0,2002.0,593.0,907.0,1378.0,306.0,1745.0,1246.0,851.0,1265.0,513.0,2404.0,248.0,531.0,838.0,1205.0,423.0,863.0,387.0,2088.0,1271.0,338.0,1942.0,791.0,366.0,485.0,746.0,1806.0,705.0,206.0,1375.0,2276.0,528.0,2132.0,1266.0,1909.0,610.0,333.0,281.0,1877.0,959.0,1999.0,317.0,379.0,813.0,1660.0,645.0,463.0,872.0,437.0,1636.0,838.0,00000000000000000cc5,298.693414357672,C1011C01
557.0,1902.0,1474.0,336.0,380.0,1195.0,1142.0,391.0,217.0,2268.0,1900.0,578.0,847.0,1374.0,262.0,1791.0,1197.0,753.0,1149.0,497.0,2461.0,239.0,492.0,804.0,1027.0,412.0,886.0,370.0,2093.0,1206.0,290.0,1971.0,806.0,333.0,438.0,680.0,1735.0,691.0,193.0,1342.0,2288.0,438.0,2096.0,1102.0,1802.0,575.0,349.0,263.0,1771.0,859.0,1989.0,268.0,333.0,750.0,1630.0,557.0,452.0,822.0,395.0,1639.0,837.0,00000000000000000cc6,360.95946949885,C1011C02
586.0,1922.0,1470.0,357.0,396.0,1281.0,1196.0,390.0,217.0,2263.0,1986.0,590.0,897.0,1370.0,292.0,1743.0,1239.0,842.0,1246.0,509.0,2408.0,239.0,519.0,828.0,1179.0,414.0,860.0,378.0,2089.0,1261.0,324.0,1935.0,788.0,359.0,471.0,738.0,1793.0,703.0,196.0,1370.0,2280.0,513.0,2126.0,1235.0,1893.0,600.0,325.0,275.0,1863.0,948.0,1995.0,303.0,369.0,805.0,1652.0,637.0,460.0,867.0,430.0,1634.0,838.0,00000000000000000cc7,214.685182370863,C1011C03
604.0,1959.0,1490.0,378.0,417.0,1326.0,1236.0,407.0,237.0,2304.0,2038.0,604.0,922.0,1400.0,309.0,1783.0,1257.0,864.0,1285.0,524.0,2457.0,258.0,544.0,842.0,1212.0,434.0,883.0,399.0,2121.0,1300.0,339.0,1978.0,805.0,378.0,487.0,766.0,1837.0,726.0,215.0,1398.0,2324.0,525.0,2180.0,1278.0,1949.0,620.0,345.0,291.0,1918.0,970.0,2033.0,318.0,389.0,834.0,1681.0,656.0,470.0,891.0,449.0,1675.0,861.0,00000000000000000cc8,358.658879033667,C1011C04
524.0,1950.0,1490.0,338.0,400.0,1153.0,1106.0,398.0,230.0,2266.0,1815.0,544.0,826.0,1423.0,267.0,1827.0,1156.0,686.0,1087.0,474.0,2526.0,241.0,493.0,799.0,940.0,402.0,818.0,366.0,2114.0,1148.0,300.0,2089.0,823.0,339.0,423.0,632.0,1684.0,671.0,215.0,1352.0,2285.0,404.0,2100.0,1047.0,1733.0,583.0,379.0,280.0,1711.0,816.0,2038.0,261.0,332.0,736.0,1656.0,478.0,473.0,798.0,402.0,1642.0,821.0,00000000000000000cc9,291.444592779075,C1011C06
612.0,2088.0,1591.0,415.0,463.0,1388.0,1320.0,453.0,288.0,2435.0,2127.0,633.0,979.0,1552.0,323.0,1979.0,1269.0,831.0,1314.0,555.0,2732.0,310.0,583.0,874.0,1157.0,479.0,922.0,419.0,2221.0,1382.0,373.0,2193.0,879.0,402.0,499.0,783.0,1937.0,792.0,264.0,1513.0,2521.0,494.0,2303.0,1282.0,2043.0,642.0,425.0,337.0,2008.0,946.0,2178.0,330.0,412.0,878.0,1758.0,612.0,520.0,927.0,461.0,1858.0,959.0,00000000000000000cca,425.28612900765,C1011C07
521.0,1906.0,1489.0,314.0,372.0,1087.0,1050.0,382.0,209.0,2201.0,1725.0,546.0,778.0,1384.0,238.0,1784.0,1167.0,682.0,1041.0,478.0,2414.0,221.0,456.0,790.0,929.0,393.0,823.0,359.0,2115.0,1089.0,277.0,2000.0,815.0,310.0,401.0,611.0,1617.0,650.0,186.0,1286.0,2179.0,380.0,2035.0,994.0,1648.0,573.0,355.0,265.0,1614.0,800.0,1968.0,243.0,300.0,709.0,1643.0,484.0,447.0,782.0,372.0,1570.0,778.0,00000000000000000ccb,316.154839494421,C1011C08
599.0,2058.0,1570.0,399.0,454.0,1364.0,1297.0,445.0,279.0,2400.0,2102.0,620.0,964.0,1526.0,315.0,1954.0,1251.0,816.0,1295.0,546.0,2698.0,300.0,573.0,857.0,1141.0,466.0,908.0,408.0,2191.0,1363.0,363.0,2153.0,860.0,394.0,489.0,771.0,1915.0,781.0,257.0,1487.0,2492.0,486.0,2274.0,1258.0,2015.0,632.0,410.0,324.0,1978.0,930.0,2142.0,322.0,403.0,863.0,1729.0,605.0,510.0,911.0,452.0,1831.0,944.0,00000000000000000ccc,206.754445693583,C1011C09
559.0,1813.0,1447.0,318.0,344.0,1121.0,1063.0,333.0,184.0,2063.0,1748.0,554.0,757.0,1287.0,272.0,1614.0,1232.0,775.0,1111.0,486.0,2179.0,212.0,421.0,819.0,1063.0,381.0,807.0,362.0,2026.0,1126.0,278.0,1789.0,794.0,303.0,424.0,618.0,1644.0,609.0,164.0,1237.0,2055.0,457.0,1882.0,1101.0,1674.0,542.0,290.0,268.0,1629.0,888.0,1819.0,250.0,293.0,680.0,1608.0,581.0,424.0,794.0,375.0,1491.0,690.0,00000000000000000ccd,385.93802483155,C1011F01
489.0,1776.0,1448.0,265.0,301.0,989.0,972.0,309.0,157.0,1985.0,1569.0,500.0,648.0,1298.0,188.0,1655.0,1162.0,667.0,962.0,436.0,2127.0,170.0,354.0,788.0,903.0,342.0,715.0,327.0,2029.0,1011.0,225.0,1799.0,784.0,244.0,354.0,516.0,1498.0,552.0,132.0,1147.0,1942.0,333.0,1841.0,955.0,1532.0,536.0,294.0,235.0,1472.0,773.0,1789.0,177.0,244.0,619.0,1561.0,465.0,402.0,742.0,334.0,1482.0,648.0,00000000000000000cce,226.972081939826,C1011F02
569.0,1814.0,1444.0,321.0,343.0,1122.0,1063.0,333.0,186.0,2073.0,1759.0,563.0,760.0,1286.0,278.0,1614.0,1231.0,776.0,1112.0,494.0,2181.0,213.0,422.0,820.0,1064.0,388.0,807.0,366.0,2026.0,1126.0,282.0,1796.0,795.0,309.0,432.0,621.0,1654.0,610.0,167.0,1238.0,2058.0,465.0,1890.0,1102.0,1684.0,541.0,292.0,270.0,1640.0,890.0,1826.0,255.0,299.0,682.0,1614.0,590.0,432.0,795.0,383.0,1498.0,692.0,00000000000000000ccf,246.234570024592,C1011F03
566.0,1684.0,1363.0,354.0,340.0,1034.0,987.0,302.0,201.0,1926.0,1551.0,540.0,707.0,1281.0,303.0,1451.0,1222.0,808.0,1034.0,509.0,1978.0,227.0,391.0,829.0,1089.0,412.0,728.0,376.0,1868.0,1018.0,307.0,1646.0,799.0,303.0,445.0,592.0,1457.0,568.0,175.0,1200.0,1901.0,482.0,1782.0,1045.0,1535.0,499.0,273.0,297.0,1467.0,918.0,1726.0,273.0,288.0,650.0,1587.0,607.0,443.0,830.0,388.0,1343.0,606.0,00000000000000000cd0,264.382776336768,C1011F04
673.0,2093.0,1655.0,451.0,514.0,1505.0,1421.0,503.0,322.0,2402.0,2245.0,686.0,1038.0,1604.0,371.0,1970.0,1364.0,957.0,1442.0,608.0,2684.0,338.0,642.0,952.0,1325.0,535.0,1023.0,455.0,2218.0,1480.0,418.0,2131.0,935.0,446.0,540.0,871.0,2039.0,846.0,310.0,1586.0,2506.0,562.0,2298.0,1430.0,2172.0,703.0,434.0,366.0,2119.0,1069.0,2141.0,385.0,463.0,947.0,1753.0,712.0,540.0,1025.0,506.0,1906.0,994.0,00000000000000000cd1,202.077546842626,C1011F10
534.0,1922.0,1485.0,322.0,384.0,1128.0,1084.0,387.0,217.0,2249.0,1787.0,556.0,811.0,1393.0,248.0,1805.0,1166.0,699.0,1075.0,484.0,2480.0,229.0,475.0,791.0,951.0,407.0,816.0,359.0,2118.0,1130.0,287.0,2030.0,820.0,320.0,419.0,631.0,1664.0,669.0,197.0,1325.0,2247.0,399.0,2075.0,1028.0,1710.0,575.0,368.0,263.0,1678.0,814.0,2005.0,253.0,316.0,729.0,1647.0,501.0,456.0,797.0,381.0,1603.0,811.0,00000000000000000cd2,479.958388049342,C1011P01
512.0,1916.0,1487.0,324.0,394.0,1121.0,1078.0,394.0,219.0,2221.0,1758.0,533.0,794.0,1403.0,247.0,1789.0,1142.0,664.0,1059.0,469.0,2462.0,231.0,477.0,786.0,907.0,394.0,791.0,358.0,2085.0,1116.0,287.0,2056.0,815.0,319.0,407.0,609.0,1637.0,648.0,196.0,1318.0,2214.0,385.0,2049.0,1021.0,1681.0,581.0,370.0,277.0,1652.0,796.0,1996.0,248.0,309.0,707.0,1631.0,460.0,457.0,777.0,381.0,1602.0,789.0,00000000000000000cd3,369.34283060514,C1011P02
472.0,1811.0,1410.0,304.0,355.0,1032.0,996.0,356.0,200.0,2087.0,1640.0,498.0,723.0,1321.0,220.0,1683.0,1085.0,618.0,980.0,431.0,2309.0,211.0,429.0,738.0,845.0,358.0,713.0,339.0,1999.0,1027.0,254.0,1927.0,765.0,289.0,374.0,555.0,1540.0,591.0,171.0,1226.0,2064.0,352.0,1927.0,947.0,1570.0,537.0,350.0,258.0,1548.0,741.0,1875.0,221.0,279.0,653.0,1546.0,423.0,418.0,722.0,348.0,1502.0,720.0,00000000000000000cd4,461.698252982142,C1011P03
591.0,1838.0,1422.0,345.0,370.0,1175.0,1097.0,350.0,199.0,2111.0,1821.0,573.0,822.0,1300.0,301.0,1600.0,1236.0,824.0,1169.0,508.0,2214.0,224.0,463.0,833.0,1134.0,404.0,801.0,375.0,2016.0,1156.0,303.0,1814.0,787.0,325.0,465.0,665.0,1673.0,628.0,171.0,1284.0,2116.0,508.0,1941.0,1175.0,1744.0,565.0,296.0,288.0,1713.0,939.0,1872.0,282.0,325.0,732.0,1630.0,629.0,445.0,824.0,408.0,1494.0,721.0,00000000000000000cd5,152.725256243184,C1011P04
494.0,1862.0,1449.0,316.0,370.0,1062.0,1025.0,374.0,207.0,2156.0,1691.0,515.0,756.0,1356.0,229.0,1737.0,1121.0,639.0,1016.0,452.0,2374.0,219.0,454.0,759.0,882.0,368.0,756.0,353.0,2047.0,1062.0,267.0,1978.0,784.0,300.0,394.0,579.0,1580.0,617.0,178.0,1262.0,2133.0,371.0,1988.0,969.0,1614.0,563.0,365.0,267.0,1586.0,765.0,1928.0,232.0,289.0,678.0,1593.0,452.0,440.0,746.0,360.0,1542.0,751.0,00000000000000000cd6,255.057696897984,C1011P06
460.0,1730.0,1384.0,262.0,331.0,1000.0,973.0,335.0,180.0,1921.0,1539.0,481.0,673.0,1255.0,192.0,1609.0,1070.0,613.0,948.0,418.0,2129.0,174.0,382.0,747.0,810.0,334.0,613.0,319.0,1959.0,976.0,220.0,1785.0,761.0,251.0,341.0,518.0,1478.0,570.0,137.0,1140.0,1876.0,301.0,1825.0,944.0,1511.0,533.0,320.0,233.0,1497.0,718.0,1785.0,180.0,231.0,636.0,1487.0,413.0,378.0,694.0,310.0,1454.0,673.0,00000000000000000cd7,254.888066963088,C1011R01
490.0,1842.0,1440.0,307.0,366.0,1071.0,1030.0,369.0,213.0,2097.0,1662.0,511.0,739.0,1351.0,230.0,1696.0,1105.0,629.0,1015.0,449.0,2340.0,210.0,436.0,767.0,854.0,368.0,719.0,346.0,2026.0,1050.0,256.0,1968.0,800.0,298.0,376.0,558.0,1566.0,599.0,180.0,1261.0,2067.0,345.0,1960.0,982.0,1595.0,545.0,364.0,261.0,1588.0,759.0,1914.0,223.0,280.0,669.0,1568.0,425.0,420.0,736.0,357.0,1532.0,739.0,00000000000000000cd8,321.239951397241,C1011R03
449.0,1704.0,1359.0,267.0,324.0,993.0,965.0,326.0,183.0,1895.0,1524.0,470.0,663.0,1236.0,191.0,1585.0,1044.0,597.0,939.0,408.0,2111.0,173.0,376.0,730.0,786.0,325.0,593.0,319.0,1927.0,967.0,214.0,1765.0,747.0,251.0,331.0,507.0,1465.0,560.0,134.0,1126.0,1854.0,290.0,1803.0,937.0,1496.0,522.0,327.0,233.0,1484.0,701.0,1765.0,173.0,231.0,625.0,1460.0,400.0,365.0,680.0,311.0,1439.0,663.0,00000000000000000cdb,292.883567425795,C1011R87
500.0,1885.0,1463.0,323.0,380.0,1084.0,1047.0,380.0,214.0,2181.0,1718.0,522.0,772.0,1374.0,238.0,1757.0,1126.0,651.0,1031.0,458.0,2414.0,226.0,463.0,769.0,885.0,380.0,764.0,360.0,2061.0,1084.0,272.0,2011.0,798.0,310.0,398.0,589.0,1602.0,627.0,186.0,1284.0,2164.0,376.0,2009.0,990.0,1641.0,566.0,372.0,275.0,1612.0,779.0,1954.0,238.0,299.0,685.0,1602.0,451.0,445.0,759.0,371.0,1564.0,762.0,00000000000000000cdc,634.287305995756,C1011W06
559.0,1809.0,1440.0,309.0,344.0,1114.0,1054.0,336.0,177.0,2064.0,1747.0,557.0,756.0,1280.0,266.0,1619.0,1219.0,769.0,1102.0,486.0,2180.0,208.0,420.0,813.0,1052.0,381.0,805.0,352.0,2023.0,1119.0,274.0,1787.0,786.0,299.0,419.0,618.0,1642.0,611.0,162.0,1230.0,2052.0,451.0,1882.0,1085.0,1671.0,538.0,284.0,260.0,1626.0,879.0,1819.0,247.0,291.0,680.0,1603.0,580.0,422.0,788.0,370.0,1494.0,694.0,00000000000000000cdd,74.8939789894362,C1011W07
627.0,2111.0,1637.0,426.0,494.0,1436.0,1366.0,474.0,300.0,2438.0,2168.0,654.0,1004.0,1598.0,344.0,1997.0,1315.0,872.0,1360.0,577.0,2744.0,318.0,613.0,917.0,1210.0,507.0,972.0,426.0,2241.0,1424.0,393.0,2211.0,920.0,422.0,516.0,813.0,1972.0,814.0,286.0,1562.0,2523.0,515.0,2309.0,1337.0,2083.0,673.0,434.0,342.0,2050.0,990.0,2198.0,352.0,431.0,902.0,1776.0,630.0,533.0,968.0,480.0,1901.0,981.0,00000000000000000cde,315.629953826513,C1011W10
566.0,1674.0,1318.0,356.0,317.0,961.0,982.0,327.0,245.0,1846.0,1439.0,533.0,665.0,1249.0,293.0,1455.0,1206.0,785.0,974.0,568.0,1858.0,233.0,369.0,811.0,1049.0,484.0,694.0,388.0,1847.0,968.0,306.0,1570.0,782.0,302.0,447.0,558.0,1361.0,587.0,209.0,1160.0,1790.0,481.0,1780.0,982.0,1487.0,483.0,301.0,301.0,1363.0,894.0,1649.0,307.0,281.0,625.0,1519.0,609.0,480.0,894.0,377.0,1266.0,575.0,00000000000000000cdf,751.492123552177,C1011W93
496.0,1848.0,1465.0,286.0,356.0,1042.0,1013.0,357.0,202.0,2061.0,1626.0,517.0,715.0,1341.0,211.0,1717.0,1136.0,643.0,993.0,453.0,2283.0,191.0,419.0,781.0,869.0,366.0,692.0,335.0,2064.0,1023.0,245.0,1919.0,800.0,272.0,369.0,561.0,1558.0,601.0,160.0,1228.0,2028.0,334.0,1941.0,976.0,1580.0,557.0,336.0,251.0,1560.0,760.0,1900.0,201.0,261.0,669.0,1584.0,442.0,403.0,739.0,333.0,1521.0,715.0,00000000000000000ce0,3056.47430169756,C1011W95
538.0,1877.0,1468.0,305.0,370.0,1144.0,1105.0,380.0,198.0,2219.0,1836.0,557.0,806.0,1347.0,248.0,1762.0,1186.0,727.0,1109.0,485.0,2395.0,220.0,469.0,794.0,997.0,393.0,830.0,347.0,2075.0,1162.0,274.0,1936.0,800.0,318.0,414.0,644.0,1692.0,664.0,186.0,1298.0,2225.0,416.0,2039.0,1060.0,1748.0,562.0,324.0,251.0,1700.0,834.0,1947.0,252.0,318.0,720.0,1619.0,537.0,444.0,802.0,389.0,1600.0,796.0,00000000000000000ce1,326.889019417156,C1011X02
487.0,1849.0,1475.0,285.0,350.0,1039.0,1010.0,353.0,190.0,2076.0,1632.0,506.0,705.0,1346.0,207.0,1718.0,1149.0,658.0,991.0,443.0,2271.0,190.0,402.0,788.0,887.0,354.0,695.0,340.0,2082.0,1030.0,235.0,1909.0,798.0,269.0,361.0,554.0,1549.0,601.0,154.0,1211.0,2038.0,336.0,1928.0,974.0,1587.0,558.0,334.0,251.0,1549.0,776.0,1884.0,201.0,259.0,668.0,1591.0,444.0,407.0,746.0,340.0,1520.0,707.0,00000000000000000ce2,207.026729434858,C1011X03
638.0,2086.0,1618.0,423.0,482.0,1434.0,1363.0,469.0,299.0,2417.0,2172.0,658.0,1002.0,1567.0,345.0,1971.0,1306.0,880.0,1368.0,577.0,2698.0,312.0,608.0,904.0,1224.0,504.0,963.0,423.0,2210.0,1423.0,391.0,2158.0,901.0,425.0,511.0,818.0,1978.0,816.0,283.0,1537.0,2508.0,519.0,2300.0,1342.0,2099.0,666.0,420.0,341.0,2055.0,995.0,2154.0,350.0,434.0,904.0,1745.0,659.0,523.0,969.0,483.0,1877.0,968.0,00000000000000000ce3,257.228827252305,C1011X04
526.0,1868.0,1491.0,299.0,357.0,1088.0,1050.0,370.0,187.0,2162.0,1728.0,556.0,742.0,1347.0,231.0,1736.0,1196.0,702.0,1058.0,483.0,2329.0,210.0,429.0,793.0,953.0,386.0,822.0,344.0,2102.0,1105.0,260.0,1919.0,810.0,293.0,391.0,598.0,1629.0,636.0,180.0,1265.0,2119.0,381.0,1999.0,1003.0,1651.0,558.0,322.0,246.0,1610.0,810.0,1917.0,238.0,293.0,684.0,1626.0,513.0,424.0,781.0,364.0,1553.0,749.0,00000000000000000ce4,2127.67386998274,C1012C04
538.0,1869.0,1472.0,305.0,368.0,1127.0,1089.0,378.0,198.0,2211.0,1819.0,559.0,791.0,1348.0,243.0,1756.0,1183.0,714.0,1093.0,486.0,2385.0,219.0,464.0,789.0,982.0,397.0,833.0,348.0,2071.0,1149.0,271.0,1938.0,794.0,313.0,410.0,632.0,1679.0,657.0,182.0,1293.0,2209.0,409.0,2030.0,1042.0,1730.0,562.0,328.0,251.0,1683.0,821.0,1941.0,248.0,313.0,709.0,1613.0,531.0,442.0,792.0,384.0,1593.0,781.0,00000000000000000ce5,1184.35020260107,C1012C06
443.0,1715.0,1387.0,236.0,282.0,959.0,950.0,292.0,154.0,1855.0,1472.0,454.0,616.0,1250.0,167.0,1604.0,1095.0,633.0,920.0,401.0,2026.0,146.0,332.0,760.0,847.0,313.0,585.0,297.0,1961.0,954.0,187.0,1712.0,748.0,215.0,306.0,490.0,1421.0,541.0,110.0,1084.0,1830.0,273.0,1773.0,934.0,1489.0,509.0,273.0,226.0,1440.0,721.0,1724.0,149.0,208.0,608.0,1492.0,412.0,350.0,691.0,288.0,1426.0,625.0,00000000000000000ce6,692.632887494975,C1012C07
528.0,1878.0,1480.0,306.0,371.0,1116.0,1072.0,382.0,197.0,2208.0,1796.0,548.0,787.0,1354.0,248.0,1759.0,1184.0,707.0,1075.0,482.0,2393.0,219.0,460.0,791.0,964.0,399.0,828.0,349.0,2081.0,1131.0,277.0,1956.0,804.0,312.0,410.0,624.0,1666.0,653.0,187.0,1295.0,2194.0,404.0,2027.0,1020.0,1702.0,562.0,335.0,251.0,1661.0,821.0,1949.0,248.0,312.0,702.0,1623.0,511.0,443.0,791.0,377.0,1590.0,777.0,00000000000000000ce7,877.152461974585,C1012C08
521.0,1859.0,1488.0,300.0,353.0,1088.0,1049.0,368.0,187.0,2152.0,1726.0,549.0,738.0,1341.0,224.0,1727.0,1191.0,702.0,1056.0,478.0,2317.0,210.0,424.0,794.0,949.0,382.0,816.0,346.0,2092.0,1104.0,259.0,1909.0,809.0,284.0,392.0,594.0,1627.0,630.0,173.0,1258.0,2109.0,382.0,1987.0,1002.0,1650.0,554.0,322.0,247.0,1606.0,810.0,1905.0,237.0,284.0,679.0,1617.0,507.0,424.0,781.0,354.0,1549.0,743.0,00000000000000000ce8,941.920452359202,C1012C09
473.0,1656.0,1401.0,251.0,274.0,900.0,891.0,274.0,146.0,1840.0,1464.0,488.0,580.0,1235.0,175.0,1553.0,1138.0,641.0,881.0,427.0,1944.0,160.0,317.0,762.0,896.0,331.0,655.0,312.0,1906.0,941.0,215.0,1656.0,732.0,218.0,337.0,467.0,1384.0,496.0,112.0,1066.0,1801.0,329.0,1698.0,888.0,1433.0,499.0,272.0,236.0,1350.0,742.0,1663.0,166.0,220.0,568.0,1478.0,467.0,385.0,704.0,302.0,1399.0,587.0,00000000000000000ce9,3125.20728199588,C1012C10
513.0,1683.0,1412.0,283.0,297.0,959.0,930.0,297.0,166.0,1886.0,1542.0,524.0,646.0,1232.0,229.0,1536.0,1182.0,703.0,945.0,459.0,1975.0,190.0,359.0,790.0,972.0,351.0,708.0,339.0,1911.0,1001.0,248.0,1660.0,753.0,259.0,386.0,526.0,1459.0,536.0,147.0,1107.0,1855.0,398.0,1721.0,947.0,1503.0,504.0,271.0,260.0,1410.0,803.0,1677.0,205.0,254.0,603.0,1525.0,533.0,409.0,740.0,340.0,1411.0,620.0,00000000000000000cea,1685.06759539931,C1012F01
473.0,1652.0,1396.0,249.0,274.0,892.0,883.0,274.0,145.0,1835.0,1456.0,487.0,581.0,1231.0,176.0,1549.0,1135.0,642.0,873.0,426.0,1937.0,160.0,317.0,761.0,896.0,332.0,652.0,310.0,1899.0,934.0,215.0,1650.0,731.0,218.0,336.0,469.0,1377.0,497.0,114.0,1061.0,1796.0,329.0,1694.0,880.0,1427.0,498.0,269.0,235.0,1342.0,741.0,1657.0,167.0,220.0,568.0,1477.0,468.0,383.0,704.0,302.0,1391.0,586.0,00000000000000000ceb,3424.21620305161,C1012F02
486.0,1573.0,1342.0,275.0,275.0,881.0,861.0,269.0,158.0,1772.0,1427.0,496.0,604.0,1164.0,219.0,1428.0,1114.0,670.0,871.0,433.0,1833.0,181.0,330.0,761.0,923.0,329.0,648.0,321.0,1793.0,935.0,237.0,1566.0,714.0,250.0,373.0,488.0,1350.0,497.0,138.0,1035.0,1727.0,384.0,1614.0,885.0,1397.0,481.0,263.0,251.0,1306.0,767.0,1576.0,192.0,239.0,565.0,1442.0,506.0,395.0,703.0,331.0,1318.0,574.0,00000000000000000cec,1394.91757383564,C1012F05
501.0,1799.0,1476.0,275.0,318.0,1017.0,993.0,330.0,167.0,2042.0,1633.0,522.0,669.0,1314.0,206.0,1679.0,1189.0,684.0,983.0,456.0,2181.0,188.0,378.0,798.0,928.0,363.0,773.0,335.0,2055.0,1042.0,238.0,1821.0,795.0,262.0,365.0,543.0,1550.0,576.0,147.0,1184.0,1997.0,357.0,1880.0,962.0,1580.0,541.0,305.0,242.0,1513.0,791.0,1820.0,203.0,262.0,632.0,1578.0,484.0,410.0,756.0,338.0,1510.0,673.0,00000000000000000ced,3084.12754053622,C1012P01
497.0,1779.0,1471.0,276.0,301.0,990.0,970.0,319.0,167.0,1982.0,1586.0,518.0,649.0,1304.0,202.0,1656.0,1187.0,683.0,961.0,452.0,2118.0,182.0,355.0,796.0,933.0,362.0,734.0,336.0,2028.0,1019.0,237.0,1782.0,788.0,254.0,366.0,524.0,1513.0,553.0,139.0,1162.0,1950.0,357.0,1834.0,949.0,1544.0,524.0,300.0,249.0,1467.0,787.0,1781.0,201.0,254.0,618.0,1563.0,485.0,413.0,755.0,329.0,1488.0,649.0,00000000000000000cee,2088.09270322705,C1012P04
511.0,1760.0,1465.0,281.0,312.0,995.0,976.0,322.0,173.0,1979.0,1611.0,528.0,661.0,1290.0,225.0,1642.0,1200.0,699.0,979.0,464.0,2098.0,200.0,363.0,796.0,965.0,367.0,742.0,338.0,2010.0,1034.0,243.0,1746.0,781.0,265.0,369.0,542.0,1529.0,568.0,155.0,1160.0,1950.0,374.0,1823.0,963.0,1569.0,521.0,291.0,252.0,1484.0,798.0,1757.0,208.0,266.0,621.0,1567.0,515.0,406.0,755.0,342.0,1476.0,646.0,00000000000000000cef,2523.46573445289,C1012P05
501.0,1799.0,1476.0,275.0,318.0,1017.0,993.0,330.0,167.0,2042.0,1633.0,522.0,669.0,1314.0,206.0,1679.0,1189.0,684.0,983.0,456.0,2181.0,188.0,378.0,798.0,928.0,363.0,773.0,335.0,2055.0,1042.0,238.0,1821.0,795.0,262.0,365.0,543.0,1550.0,576.0,147.0,1184.0,1997.0,357.0,1880.0,962.0,1580.0,541.0,305.0,242.0,1513.0,791.0,1820.0,203.0,262.0,632.0,1578.0,484.0,410.0,756.0,338.0,1510.0,673.0,00000000000000000cf0,3333.79924213836,C1012P92
454.0,1735.0,1407.0,243.0,292.0,974.0,961.0,302.0,159.0,1903.0,1505.0,465.0,629.0,1266.0,174.0,1619.0,1107.0,635.0,932.0,411.0,2074.0,155.0,344.0,763.0,847.0,318.0,607.0,308.0,1983.0,965.0,195.0,1749.0,760.0,225.0,314.0,498.0,1450.0,550.0,115.0,1110.0,1867.0,278.0,1809.0,940.0,1505.0,517.0,284.0,226.0,1465.0,728.0,1758.0,155.0,215.0,616.0,1508.0,419.0,354.0,698.0,297.0,1438.0,634.0,00000000000000000cf1,1584.18580973723,C1012P95
501.0,1664.0,1419.0,272.0,293.0,932.0,914.0,297.0,158.0,1871.0,1504.0,512.0,624.0,1240.0,208.0,1547.0,1172.0,682.0,917.0,447.0,1953.0,181.0,339.0,782.0,950.0,350.0,685.0,324.0,1904.0,981.0,239.0,1658.0,747.0,241.0,363.0,512.0,1425.0,533.0,138.0,1095.0,1824.0,368.0,1721.0,918.0,1479.0,507.0,272.0,249.0,1381.0,777.0,1677.0,193.0,247.0,591.0,1519.0,512.0,398.0,727.0,326.0,1402.0,611.0,00000000000000000cf2,3061.45485145247,C1012W01
545.0,1598.0,1289.0,342.0,291.0,910.0,927.0,300.0,241.0,1786.0,1370.0,522.0,643.0,1220.0,284.0,1403.0,1165.0,760.0,902.0,541.0,1767.0,223.0,343.0,810.0,1026.0,448.0,660.0,374.0,1770.0,913.0,302.0,1536.0,762.0,286.0,421.0,528.0,1286.0,557.0,197.0,1111.0,1713.0,445.0,1706.0,942.0,1401.0,472.0,293.0,304.0,1277.0,853.0,1580.0,277.0,275.0,588.0,1470.0,576.0,463.0,857.0,370.0,1249.0,549.0,00000000000000000cf3,3377.67515223119,C1012W02
579.0,1678.0,1247.0,336.0,334.0,900.0,1004.0,339.0,264.0,1754.0,1339.0,536.0,628.0,1241.0,270.0,1482.0,1230.0,798.0,924.0,633.0,1741.0,231.0,339.0,830.0,1093.0,569.0,601.0,350.0,1800.0,914.0,338.0,1526.0,755.0,275.0,429.0,537.0,1271.0,599.0,235.0,1157.0,1717.0,448.0,1768.0,980.0,1452.0,448.0,288.0,297.0,1261.0,869.0,1570.0,339.0,270.0,576.0,1463.0,618.0,491.0,962.0,347.0,1264.0,523.0,00000000000000000cf4,3812.82493035924,C1012W03
480.0,1709.0,1423.0,271.0,289.0,936.0,921.0,294.0,157.0,1906.0,1518.0,498.0,605.0,1262.0,191.0,1595.0,1150.0,652.0,912.0,434.0,2030.0,170.0,336.0,772.0,902.0,342.0,700.0,325.0,1960.0,969.0,217.0,1717.0,754.0,236.0,337.0,489.0,1444.0,517.0,126.0,1103.0,1867.0,330.0,1759.0,909.0,1481.0,519.0,290.0,245.0,1405.0,754.0,1716.0,172.0,241.0,583.0,1514.0,470.0,383.0,724.0,322.0,1438.0,612.0,00000000000000000cf5,2634.75055752301,C1012W04
466.0,1637.0,1391.0,250.0,260.0,883.0,874.0,260.0,144.0,1808.0,1436.0,477.0,567.0,1228.0,174.0,1536.0,1133.0,639.0,864.0,421.0,1905.0,158.0,303.0,761.0,895.0,320.0,628.0,315.0,1888.0,929.0,205.0,1640.0,723.0,217.0,325.0,452.0,1356.0,480.0,109.0,1051.0,1771.0,313.0,1674.0,880.0,1412.0,496.0,268.0,237.0,1332.0,734.0,1644.0,149.0,217.0,558.0,1468.0,455.0,373.0,693.0,304.0,1388.0,576.0,00000000000000000cf6,3368.82001540449,C1012W05
569.0,1679.0,1246.0,337.0,328.0,899.0,1005.0,333.0,267.0,1752.0,1328.0,526.0,618.0,1242.0,270.0,1486.0,1235.0,797.0,923.0,623.0,1739.0,231.0,331.0,832.0,1095.0,562.0,590.0,352.0,1799.0,915.0,336.0,1526.0,756.0,275.0,425.0,530.0,1260.0,591.0,238.0,1159.0,1715.0,442.0,1768.0,983.0,1440.0,440.0,289.0,299.0,1250.0,868.0,1570.0,335.0,270.0,567.0,1463.0,608.0,486.0,964.0,348.0,1257.0,514.0,00000000000000000cf7,3220.89002581809,C1012W07
555.0,1570.0,1315.0,321.0,300.0,882.0,904.0,305.0,230.0,1782.0,1303.0,534.0,633.0,1220.0,263.0,1405.0,1184.0,764.0,875.0,545.0,1722.0,219.0,338.0,839.0,1040.0,445.0,654.0,356.0,1743.0,905.0,314.0,1570.0,765.0,274.0,429.0,506.0,1227.0,542.0,200.0,1098.0,1676.0,447.0,1681.0,926.0,1339.0,497.0,297.0,311.0,1208.0,843.0,1587.0,274.0,274.0,573.0,1500.0,577.0,474.0,835.0,359.0,1257.0,544.0,00000000000000000cf8,3732.31966898538,C1012W08
498.0,1563.0,1340.0,288.0,280.0,896.0,867.0,270.0,167.0,1775.0,1431.0,505.0,615.0,1163.0,230.0,1405.0,1113.0,682.0,880.0,441.0,1838.0,190.0,334.0,769.0,931.0,335.0,641.0,333.0,1784.0,943.0,246.0,1559.0,724.0,260.0,386.0,489.0,1352.0,497.0,142.0,1039.0,1722.0,400.0,1611.0,896.0,1408.0,491.0,271.0,271.0,1313.0,783.0,1572.0,201.0,249.0,566.0,1443.0,518.0,409.0,712.0,345.0,1315.0,574.0,00000000000000000cf9,440.537390886053,C1012W10
633.0,2028.0,1533.0,429.0,463.0,1432.0,1313.0,443.0,268.0,2297.0,2133.0,621.0,989.0,1457.0,344.0,1813.0,1278.0,933.0,1399.0,558.0,2507.0,289.0,604.0,876.0,1329.0,477.0,978.0,421.0,2134.0,1374.0,396.0,2011.0,822.0,407.0,544.0,845.0,1912.0,773.0,247.0,1435.0,2362.0,608.0,2239.0,1416.0,2056.0,671.0,364.0,330.0,1986.0,1057.0,2039.0,385.0,432.0,920.0,1694.0,723.0,514.0,963.0,476.0,1677.0,899.0,00000000000000000cfa,60.3858535028476,C1101C01
633.0,1891.0,1388.0,463.0,420.0,1201.0,1148.0,372.0,254.0,2035.0,1828.0,571.0,827.0,1387.0,374.0,1569.0,1354.0,903.0,1279.0,571.0,2101.0,298.0,498.0,883.0,1267.0,508.0,825.0,453.0,1965.0,1168.0,376.0,1780.0,827.0,374.0,532.0,729.0,1668.0,637.0,243.0,1285.0,2062.0,596.0,1941.0,1272.0,1744.0,593.0,331.0,364.0,1692.0,1034.0,1893.0,379.0,363.0,788.0,1688.0,711.0,509.0,935.0,470.0,1409.0,709.0,00000000000000000cfb,33.2669712136832,C1101C02
612.0,1905.0,1439.0,400.0,406.0,1263.0,1166.0,385.0,225.0,2162.0,1945.0,593.0,886.0,1351.0,325.0,1655.0,1242.0,864.0,1260.0,530.0,2295.0,256.0,531.0,835.0,1226.0,439.0,883.0,401.0,2031.0,1215.0,353.0,1877.0,776.0,369.0,503.0,740.0,1755.0,673.0,202.0,1341.0,2194.0,567.0,2048.0,1270.0,1865.0,614.0,325.0,301.0,1824.0,988.0,1935.0,333.0,373.0,808.0,1642.0,675.0,473.0,874.0,443.0,1544.0,790.0,00000000000000000cfc,11.7294339640316,C1101C03
586.0,1833.0,1443.0,332.0,357.0,1152.0,1078.0,341.0,192.0,2097.0,1772.0,571.0,791.0,1305.0,294.0,1596.0,1245.0,816.0,1142.0,507.0,2194.0,219.0,442.0,842.0,1099.0,406.0,825.0,372.0,2031.0,1137.0,287.0,1801.0,816.0,315.0,450.0,647.0,1655.0,622.0,173.0,1261.0,2092.0,483.0,1911.0,1132.0,1705.0,554.0,288.0,287.0,1665.0,932.0,1851.0,266.0,305.0,707.0,1639.0,618.0,439.0,826.0,394.0,1486.0,697.0,00000000000000000cfd,32.890118611322,C1101C04
618.0,1814.0,1348.0,453.0,388.0,1149.0,1110.0,336.0,258.0,1982.0,1749.0,564.0,778.0,1370.0,366.0,1518.0,1331.0,885.0,1226.0,565.0,2039.0,291.0,448.0,866.0,1227.0,492.0,774.0,453.0,1911.0,1129.0,370.0,1714.0,835.0,366.0,523.0,691.0,1619.0,604.0,231.0,1278.0,2010.0,574.0,1884.0,1216.0,1691.0,549.0,322.0,355.0,1639.0,1006.0,1834.0,359.0,355.0,741.0,1655.0,691.0,503.0,926.0,450.0,1410.0,671.0,00000000000000000cfe,28.4468827650677,C1101C05
629.0,1893.0,1370.0,464.0,421.0,1201.0,1156.0,373.0,254.0,2010.0,1834.0,563.0,830.0,1388.0,371.0,1566.0,1362.0,894.0,1293.0,567.0,2088.0,298.0,495.0,872.0,1266.0,508.0,826.0,459.0,1951.0,1170.0,367.0,1763.0,816.0,371.0,526.0,731.0,1672.0,640.0,240.0,1281.0,2044.0,590.0,1926.0,1282.0,1751.0,599.0,331.0,365.0,1690.0,1029.0,1870.0,374.0,360.0,796.0,1675.0,716.0,503.0,935.0,467.0,1402.0,709.0,00000000000000000cff,98.813523976463,C1101C06
635.0,1882.0,1380.0,461.0,416.0,1185.0,1145.0,365.0,252.0,2022.0,1816.0,572.0,818.0,1390.0,364.0,1557.0,1360.0,904.0,1274.0,572.0,2081.0,296.0,488.0,879.0,1256.0,509.0,816.0,455.0,1956.0,1160.0,375.0,1769.0,833.0,364.0,530.0,720.0,1664.0,631.0,238.0,1285.0,2045.0,592.0,1928.0,1264.0,1735.0,586.0,329.0,362.0,1680.0,1034.0,1883.0,376.0,354.0,783.0,1680.0,714.0,509.0,939.0,459.0,1407.0,700.0,00000000000000000d00,53.1058582157244,C1101C07
678.0,2132.0,1624.0,487.0,528.0,1556.0,1443.0,511.0,326.0,2353.0,2282.0,664.0,1059.0,1555.0,402.0,1932.0,1386.0,999.0,1530.0,612.0,2620.0,351.0,671.0,948.0,1437.0,540.0,1053.0,477.0,2211.0,1514.0,441.0,2089.0,888.0,466.0,585.0,936.0,2038.0,865.0,322.0,1525.0,2469.0,642.0,2313.0,1537.0,2185.0,729.0,422.0,390.0,2118.0,1120.0,2115.0,442.0,492.0,1010.0,1772.0,773.0,554.0,1041.0,538.0,1803.0,984.0,00000000000000000d01,136.030849987565,C1101C08
645.0,2010.0,1469.0,489.0,459.0,1333.0,1256.0,425.0,271.0,2087.0,2009.0,587.0,927.0,1436.0,379.0,1683.0,1400.0,941.0,1418.0,593.0,2235.0,316.0,572.0,906.0,1386.0,525.0,895.0,472.0,2029.0,1300.0,376.0,1873.0,808.0,404.0,559.0,843.0,1790.0,740.0,260.0,1314.0,2174.0,638.0,2035.0,1413.0,1879.0,660.0,352.0,377.0,1810.0,1086.0,1933.0,411.0,401.0,911.0,1724.0,777.0,522.0,982.0,499.0,1454.0,801.0,00000000000000000d02,44.6268788733307,C1101C93
637.0,2037.0,1544.0,447.0,479.0,1456.0,1339.0,461.0,285.0,2288.0,2163.0,626.0,1009.0,1477.0,361.0,1833.0,1295.0,941.0,1423.0,568.0,2522.0,305.0,621.0,887.0,1353.0,494.0,995.0,437.0,2132.0,1402.0,407.0,2007.0,832.0,424.0,551.0,871.0,1930.0,796.0,268.0,1452.0,2375.0,611.0,2239.0,1434.0,2080.0,688.0,379.0,346.0,2009.0,1063.0,2038.0,397.0,451.0,943.0,1695.0,734.0,521.0,975.0,494.0,1695.0,920.0,00000000000000000d03,88.94071894082,C1101C96
638.0,2033.0,1541.0,442.0,467.0,1436.0,1316.0,447.0,277.0,2296.0,2142.0,625.0,998.0,1465.0,351.0,1818.0,1279.0,933.0,1400.0,563.0,2514.0,298.0,608.0,874.0,1337.0,482.0,982.0,432.0,2136.0,1376.0,397.0,2012.0,820.0,415.0,543.0,857.0,1918.0,783.0,254.0,1440.0,2367.0,607.0,2242.0,1419.0,2064.0,675.0,374.0,339.0,1991.0,1057.0,2036.0,386.0,442.0,932.0,1691.0,730.0,513.0,965.0,486.0,1681.0,908.0,00000000000000000d04,86.5775888902897,C1101C98
628.0,1843.0,1364.0,451.0,400.0,1162.0,1122.0,349.0,255.0,2000.0,1775.0,570.0,797.0,1378.0,364.0,1534.0,1342.0,893.0,1244.0,570.0,2058.0,291.0,466.0,870.0,1239.0,500.0,794.0,449.0,1934.0,1140.0,369.0,1740.0,835.0,364.0,522.0,705.0,1637.0,615.0,232.0,1282.0,2027.0,577.0,1902.0,1234.0,1705.0,567.0,323.0,356.0,1656.0,1016.0,1855.0,362.0,353.0,760.0,1668.0,703.0,501.0,932.0,451.0,1407.0,685.0,00000000000000000d05,70.3317573729823,C1101F01
604.0,1706.0,1302.0,432.0,366.0,1061.0,1038.0,311.0,247.0,1875.0,1602.0,538.0,701.0,1319.0,342.0,1432.0,1296.0,838.0,1121.0,542.0,1934.0,280.0,406.0,844.0,1136.0,473.0,731.0,443.0,1820.0,1057.0,360.0,1600.0,804.0,335.0,505.0,619.0,1515.0,568.0,219.0,1219.0,1892.0,547.0,1764.0,1108.0,1595.0,504.0,302.0,341.0,1525.0,961.0,1721.0,339.0,325.0,686.0,1563.0,659.0,484.0,885.0,420.0,1365.0,606.0,00000000000000000d06,49.46895708557,C1101F02
612.0,1721.0,1319.0,432.0,370.0,1078.0,1046.0,312.0,246.0,1900.0,1620.0,548.0,712.0,1328.0,341.0,1445.0,1299.0,848.0,1132.0,546.0,1956.0,279.0,411.0,853.0,1148.0,471.0,737.0,440.0,1840.0,1065.0,360.0,1624.0,817.0,335.0,504.0,626.0,1531.0,571.0,217.0,1232.0,1915.0,545.0,1791.0,1118.0,1605.0,508.0,304.0,338.0,1543.0,970.0,1744.0,339.0,325.0,694.0,1583.0,666.0,484.0,891.0,423.0,1376.0,615.0,00000000000000000d07,56.8744294121983,C1101F04
617.0,1740.0,1372.0,400.0,375.0,1080.0,1030.0,330.0,243.0,1970.0,1634.0,577.0,737.0,1336.0,346.0,1485.0,1283.0,870.0,1107.0,557.0,2014.0,273.0,432.0,869.0,1167.0,466.0,732.0,416.0,1894.0,1057.0,359.0,1693.0,841.0,342.0,494.0,635.0,1542.0,589.0,219.0,1260.0,1957.0,533.0,1838.0,1103.0,1609.0,519.0,300.0,334.0,1560.0,977.0,1790.0,333.0,327.0,694.0,1640.0,663.0,479.0,883.0,416.0,1393.0,639.0,00000000000000000d08,56.3731630650497,C1101F05
601.0,1682.0,1320.0,401.0,347.0,1019.0,1002.0,318.0,252.0,1886.0,1547.0,559.0,699.0,1288.0,324.0,1433.0,1240.0,827.0,1046.0,554.0,1933.0,271.0,395.0,835.0,1110.0,468.0,689.0,416.0,1832.0,1007.0,345.0,1606.0,814.0,324.0,482.0,597.0,1464.0,573.0,212.0,1211.0,1866.0,523.0,1773.0,1045.0,1550.0,490.0,305.0,327.0,1477.0,942.0,1701.0,325.0,304.0,654.0,1557.0,648.0,481.0,877.0,404.0,1334.0,596.0,00000000000000000d09,73.8170602716586,C1101F06
601.0,1684.0,1318.0,404.0,344.0,1025.0,1007.0,311.0,251.0,1876.0,1541.0,553.0,692.0,1295.0,325.0,1427.0,1251.0,826.0,1055.0,556.0,1925.0,268.0,390.0,837.0,1109.0,468.0,699.0,423.0,1833.0,1012.0,342.0,1592.0,811.0,325.0,485.0,596.0,1464.0,574.0,212.0,1212.0,1863.0,527.0,1769.0,1051.0,1551.0,489.0,305.0,328.0,1475.0,945.0,1692.0,326.0,304.0,654.0,1551.0,645.0,486.0,880.0,408.0,1330.0,590.0,00000000000000000d0a,87.6194758243553,C1101F07
616.0,1849.0,1334.0,455.0,406.0,1159.0,1136.0,350.0,257.0,1959.0,1764.0,546.0,782.0,1379.0,358.0,1528.0,1362.0,876.0,1258.0,554.0,2023.0,294.0,460.0,862.0,1223.0,505.0,788.0,455.0,1893.0,1147.0,368.0,1710.0,812.0,358.0,521.0,696.0,1627.0,611.0,234.0,1259.0,1983.0,574.0,1878.0,1242.0,1709.0,566.0,323.0,356.0,1634.0,1010.0,1827.0,367.0,348.0,762.0,1628.0,704.0,501.0,931.0,453.0,1377.0,669.0,00000000000000000d0b,35.2705858189237,C1101F08
599.0,1682.0,1315.0,395.0,346.0,1010.0,999.0,323.0,253.0,1871.0,1532.0,555.0,686.0,1282.0,324.0,1436.0,1236.0,825.0,1035.0,562.0,1914.0,265.0,393.0,833.0,1103.0,480.0,689.0,412.0,1830.0,996.0,343.0,1591.0,810.0,324.0,483.0,588.0,1453.0,573.0,218.0,1206.0,1850.0,524.0,1772.0,1034.0,1545.0,487.0,305.0,322.0,1463.0,938.0,1685.0,329.0,304.0,644.0,1543.0,644.0,488.0,887.0,405.0,1322.0,585.0,00000000000000000d0c,91.9626046214889,C1101F10
589.0,1825.0,1433.0,343.0,361.0,1156.0,1077.0,339.0,195.0,2091.0,1770.0,567.0,793.0,1308.0,300.0,1581.0,1248.0,823.0,1146.0,505.0,2181.0,227.0,445.0,843.0,1111.0,408.0,815.0,377.0,2017.0,1136.0,297.0,1791.0,811.0,310.0,461.0,651.0,1645.0,621.0,174.0,1262.0,2087.0,494.0,1910.0,1147.0,1706.0,550.0,286.0,295.0,1668.0,944.0,1850.0,275.0,302.0,712.0,1637.0,620.0,448.0,831.0,393.0,1479.0,692.0,00000000000000000d0d,63.5959704684593,C1101F99
619.0,1711.0,1346.0,408.0,360.0,1068.0,1023.0,309.0,241.0,1927.0,1614.0,567.0,721.0,1327.0,344.0,1447.0,1279.0,857.0,1107.0,555.0,1984.0,272.0,418.0,858.0,1147.0,462.0,734.0,419.0,1867.0,1049.0,353.0,1652.0,828.0,335.0,495.0,625.0,1526.0,577.0,212.0,1238.0,1925.0,536.0,1808.0,1097.0,1596.0,510.0,295.0,333.0,1543.0,968.0,1759.0,330.0,323.0,692.0,1605.0,663.0,476.0,879.0,418.0,1377.0,623.0,00000000000000000d0e,65.0318295392461,C1101P01
616.0,1897.0,1342.0,467.0,418.0,1184.0,1167.0,367.0,256.0,1959.0,1799.0,535.0,799.0,1385.0,364.0,1559.0,1384.0,873.0,1296.0,555.0,2043.0,300.0,475.0,857.0,1246.0,510.0,800.0,466.0,1910.0,1176.0,363.0,1730.0,793.0,361.0,523.0,720.0,1656.0,640.0,245.0,1256.0,1989.0,580.0,1887.0,1278.0,1745.0,585.0,323.0,356.0,1657.0,1013.0,1816.0,375.0,359.0,788.0,1633.0,711.0,502.0,937.0,466.0,1375.0,676.0,00000000000000000d0f,39.6408957293785,C1101P04
619.0,1711.0,1346.0,408.0,360.0,1068.0,1023.0,309.0,241.0,1927.0,1614.0,567.0,721.0,1327.0,344.0,1447.0,1279.0,857.0,1107.0,555.0,1984.0,272.0,418.0,858.0,1147.0,462.0,734.0,419.0,1867.0,1049.0,353.0,1652.0,828.0,335.0,495.0,625.0,1526.0,577.0,212.0,1238.0,1925.0,536.0,1808.0,1097.0,1596.0,510.0,295.0,333.0,1543.0,968.0,1759.0,330.0,323.0,692.0,1605.0,663.0,476.0,879.0,418.0,1377.0,623.0,00000000000000000d10,54.0292296532035,C1101P09
609.0,1903.0,1444.0,395.0,398.0,1254.0,1160.0,378.0,225.0,2169.0,1934.0,590.0,881.0,1350.0,320.0,1654.0,1252.0,862.0,1250.0,527.0,2292.0,255.0,518.0,837.0,1220.0,431.0,865.0,401.0,2041.0,1211.0,344.0,1880.0,782.0,362.0,495.0,730.0,1750.0,669.0,197.0,1341.0,2190.0,556.0,2046.0,1259.0,1855.0,604.0,325.0,303.0,1819.0,983.0,1943.0,323.0,365.0,798.0,1656.0,668.0,466.0,868.0,436.0,1545.0,783.0,00000000000000000d11,114.948596691821,C1101X01
579.0,1798.0,1431.0,331.0,350.0,1127.0,1059.0,329.0,191.0,2062.0,1739.0,564.0,779.0,1293.0,294.0,1566.0,1232.0,807.0,1117.0,500.0,2164.0,219.0,429.0,839.0,1079.0,398.0,808.0,371.0,2002.0,1118.0,286.0,1772.0,809.0,305.0,446.0,635.0,1633.0,610.0,168.0,1242.0,2056.0,485.0,1875.0,1117.0,1678.0,542.0,282.0,286.0,1637.0,923.0,1821.0,264.0,301.0,694.0,1615.0,611.0,441.0,818.0,390.0,1464.0,686.0,00000000000000000d12,34.6308601365508,C1101X02
602.0,1715.0,1299.0,433.0,367.0,1070.0,1045.0,311.0,249.0,1880.0,1610.0,535.0,706.0,1318.0,340.0,1436.0,1299.0,840.0,1132.0,540.0,1934.0,281.0,407.0,845.0,1140.0,473.0,728.0,444.0,1822.0,1064.0,360.0,1605.0,805.0,335.0,504.0,625.0,1520.0,572.0,220.0,1219.0,1896.0,545.0,1773.0,1118.0,1599.0,502.0,303.0,341.0,1530.0,965.0,1728.0,339.0,325.0,692.0,1565.0,659.0,483.0,890.0,419.0,1365.0,611.0,00000000000000000d13,52.4696997395507,C1101X03
642.0,2048.0,1564.0,438.0,486.0,1469.0,1356.0,471.0,282.0,2323.0,2184.0,638.0,1010.0,1494.0,363.0,1863.0,1306.0,946.0,1426.0,576.0,2555.0,301.0,628.0,900.0,1353.0,500.0,999.0,429.0,2154.0,1422.0,405.0,2032.0,849.0,430.0,551.0,868.0,1953.0,801.0,276.0,1475.0,2405.0,600.0,2269.0,1436.0,2102.0,687.0,380.0,340.0,2035.0,1063.0,2066.0,395.0,450.0,939.0,1708.0,731.0,522.0,984.0,498.0,1737.0,930.0,00000000000000000d14,69.4633777040831,C1102C01
645.0,2161.0,1559.0,547.0,506.0,1453.0,1372.0,480.0,317.0,2074.0,2150.0,561.0,954.0,1483.0,388.0,1794.0,1493.0,967.0,1550.0,587.0,2359.0,359.0,658.0,937.0,1477.0,528.0,927.0,505.0,2083.0,1481.0,373.0,1963.0,787.0,434.0,609.0,940.0,1898.0,868.0,314.0,1306.0,2233.0,688.0,2065.0,1550.0,1991.0,708.0,380.0,411.0,1901.0,1149.0,1938.0,487.0,464.0,1043.0,1714.0,822.0,550.0,1047.0,525.0,1520.0,872.0,00000000000000000d15,73.2873624191807,C1102C02
689.0,2150.0,1604.0,536.0,544.0,1561.0,1443.0,513.0,339.0,2270.0,2265.0,650.0,1090.0,1537.0,406.0,1883.0,1405.0,998.0,1572.0,621.0,2547.0,361.0,700.0,940.0,1472.0,551.0,1086.0,514.0,2176.0,1513.0,450.0,2057.0,852.0,466.0,629.0,990.0,2008.0,888.0,315.0,1459.0,2410.0,713.0,2252.0,1592.0,2136.0,763.0,426.0,416.0,2056.0,1143.0,2064.0,474.0,486.0,1071.0,1755.0,830.0,577.0,1046.0,546.0,1691.0,988.0,00000000000000000d16,67.3256123275536,C1102C04
666.0,2222.0,1607.0,564.0,528.0,1505.0,1419.0,502.0,334.0,2138.0,2212.0,581.0,988.0,1537.0,408.0,1860.0,1545.0,1000.0,1603.0,607.0,2428.0,375.0,682.0,970.0,1529.0,547.0,953.0,522.0,2150.0,1537.0,394.0,2028.0,819.0,453.0,635.0,976.0,1959.0,899.0,335.0,1356.0,2299.0,717.0,2129.0,1604.0,2052.0,732.0,397.0,427.0,1962.0,1184.0,2000.0,512.0,484.0,1081.0,1777.0,841.0,576.0,1081.0,543.0,1580.0,907.0,00000000000000000d17,158.189981612028,C1102C06
627.0,2131.0,1528.0,536.0,482.0,1394.0,1328.0,462.0,305.0,2030.0,2099.0,538.0,913.0,1454.0,378.0,1745.0,1473.0,949.0,1508.0,575.0,2296.0,344.0,629.0,917.0,1440.0,516.0,894.0,494.0,2038.0,1424.0,358.0,1934.0,768.0,419.0,597.0,905.0,1847.0,834.0,302.0,1272.0,2167.0,680.0,2022.0,1494.0,1937.0,678.0,375.0,399.0,1842.0,1138.0,1882.0,477.0,455.0,1008.0,1671.0,807.0,539.0,1031.0,513.0,1469.0,829.0,00000000000000000d18,94.9003154114038,C1102C08
667.0,2161.0,1597.0,553.0,524.0,1531.0,1416.0,495.0,328.0,2186.0,2243.0,618.0,1035.0,1519.0,402.0,1845.0,1446.0,995.0,1579.0,617.0,2462.0,362.0,681.0,947.0,1506.0,549.0,970.0,520.0,2134.0,1498.0,419.0,2024.0,826.0,453.0,626.0,976.0,1975.0,876.0,310.0,1397.0,2338.0,709.0,2185.0,1579.0,2092.0,740.0,416.0,420.0,2000.0,1159.0,2003.0,488.0,482.0,1067.0,1749.0,842.0,571.0,1054.0,538.0,1615.0,930.0,00000000000000000d19,97.074197809064,C1102C09
647.0,2047.0,1580.0,430.0,483.0,1471.0,1370.0,473.0,292.0,2350.0,2200.0,647.0,1011.0,1505.0,353.0,1891.0,1317.0,949.0,1415.0,579.0,2589.0,311.0,618.0,903.0,1325.0,502.0,1007.0,439.0,2176.0,1434.0,394.0,2041.0,867.0,430.0,536.0,866.0,1969.0,818.0,283.0,1495.0,2434.0,576.0,2271.0,1407.0,2112.0,676.0,390.0,341.0,2057.0,1054.0,2088.0,382.0,458.0,933.0,1721.0,721.0,510.0,987.0,499.0,1786.0,953.0,00000000000000000d1a,44.1401069818045,C1102C96
667.0,2222.0,1608.0,562.0,532.0,1509.0,1422.0,505.0,335.0,2144.0,2216.0,580.0,990.0,1539.0,411.0,1862.0,1547.0,1007.0,1606.0,607.0,2428.0,375.0,684.0,977.0,1529.0,548.0,954.0,521.0,2153.0,1541.0,398.0,2036.0,824.0,458.0,640.0,979.0,1964.0,903.0,340.0,1357.0,2299.0,723.0,2135.0,1607.0,2055.0,733.0,397.0,427.0,1966.0,1191.0,2006.0,518.0,489.0,1086.0,1783.0,841.0,580.0,1086.0,548.0,1587.0,911.0,00000000000000000d1b,68.4459909281511,C1102F02
638.0,2028.0,1554.0,435.0,475.0,1453.0,1343.0,456.0,285.0,2315.0,2167.0,638.0,998.0,1479.0,353.0,1855.0,1294.0,931.0,1405.0,567.0,2537.0,301.0,610.0,886.0,1329.0,491.0,991.0,430.0,2145.0,1409.0,393.0,2020.0,840.0,421.0,536.0,856.0,1945.0,793.0,269.0,1463.0,2394.0,583.0,2251.0,1413.0,2087.0,669.0,380.0,340.0,2028.0,1043.0,2053.0,382.0,440.0,922.0,1696.0,718.0,507.0,969.0,488.0,1741.0,927.0,00000000000000000d1d,103.038627732016,C1102F04
665.0,2077.0,1568.0,469.0,505.0,1506.0,1392.0,486.0,304.0,2309.0,2217.0,650.0,1044.0,1514.0,384.0,1879.0,1337.0,968.0,1482.0,595.0,2558.0,329.0,649.0,916.0,1395.0,529.0,1018.0,459.0,2159.0,1453.0,429.0,2035.0,855.0,443.0,571.0,914.0,1978.0,836.0,296.0,1476.0,2413.0,629.0,2266.0,1488.0,2126.0,708.0,399.0,369.0,2059.0,1087.0,2065.0,419.0,466.0,985.0,1733.0,765.0,537.0,1006.0,516.0,1732.0,955.0,00000000000000000d1e,115.833680804687,C1102F07
659.0,2110.0,1563.0,543.0,510.0,1488.0,1369.0,479.0,317.0,2168.0,2197.0,618.0,1026.0,1494.0,392.0,1806.0,1406.0,980.0,1536.0,608.0,2424.0,351.0,666.0,931.0,1474.0,537.0,959.0,509.0,2100.0,1448.0,414.0,1990.0,814.0,445.0,615.0,955.0,1936.0,844.0,297.0,1378.0,2306.0,699.0,2158.0,1536.0,2057.0,718.0,408.0,408.0,1966.0,1137.0,1980.0,467.0,466.0,1036.0,1724.0,821.0,562.0,1029.0,529.0,1576.0,905.0,00000000000000000d1f,150.266601222019,C1102F09
675.0,2126.0,1583.0,534.0,529.0,1526.0,1402.0,498.0,320.0,2227.0,2234.0,639.0,1062.0,1517.0,400.0,1841.0,1394.0,989.0,1544.0,617.0,2495.0,352.0,681.0,931.0,1462.0,546.0,1059.0,507.0,2136.0,1477.0,436.0,2027.0,835.0,453.0,626.0,967.0,1971.0,861.0,305.0,1424.0,2367.0,705.0,2214.0,1556.0,2100.0,750.0,414.0,408.0,2013.0,1139.0,2025.0,470.0,478.0,1049.0,1737.0,824.0,573.0,1042.0,536.0,1642.0,951.0,00000000000000000d20,142.455418712299,C1102P02
668.0,2090.0,1613.0,462.0,518.0,1526.0,1425.0,499.0,317.0,2337.0,2263.0,672.0,1037.0,1554.0,394.0,1923.0,1356.0,990.0,1476.0,602.0,2615.0,335.0,653.0,947.0,1385.0,530.0,1064.0,458.0,2194.0,1485.0,422.0,2048.0,904.0,461.0,552.0,894.0,2027.0,841.0,312.0,1534.0,2466.0,604.0,2272.0,1477.0,2180.0,708.0,412.0,370.0,2120.0,1102.0,2086.0,410.0,483.0,967.0,1727.0,749.0,536.0,1031.0,528.0,1835.0,972.0,00000000000000000d21,72.280847620953,C1102P04
651.0,2101.0,1542.0,533.0,504.0,1467.0,1357.0,473.0,307.0,2126.0,2169.0,603.0,1004.0,1470.0,388.0,1789.0,1415.0,971.0,1527.0,601.0,2376.0,345.0,655.0,926.0,1465.0,534.0,946.0,500.0,2073.0,1439.0,396.0,1959.0,803.0,436.0,603.0,945.0,1907.0,840.0,295.0,1347.0,2270.0,685.0,2113.0,1527.0,2019.0,714.0,392.0,404.0,1929.0,1126.0,1955.0,459.0,457.0,1026.0,1712.0,820.0,548.0,1020.0,519.0,1542.0,888.0,00000000000000000d22,86.301731327187,C1102P05
663.0,2070.0,1616.0,450.0,500.0,1494.0,1401.0,490.0,310.0,2359.0,2239.0,671.0,1026.0,1550.0,375.0,1923.0,1343.0,971.0,1443.0,600.0,2630.0,330.0,636.0,933.0,1341.0,523.0,1002.0,455.0,2200.0,1466.0,409.0,2066.0,903.0,446.0,543.0,875.0,2014.0,832.0,302.0,1536.0,2469.0,578.0,2278.0,1434.0,2156.0,694.0,415.0,360.0,2102.0,1075.0,2100.0,390.0,471.0,946.0,1731.0,731.0,528.0,1013.0,509.0,1847.0,969.0,00000000000000000d23,78.242970646153,C1102P06
636.0,2036.0,1560.0,437.0,481.0,1461.0,1348.0,463.0,283.0,2320.0,2173.0,635.0,1006.0,1487.0,356.0,1857.0,1299.0,939.0,1415.0,568.0,2544.0,300.0,620.0,892.0,1340.0,492.0,998.0,429.0,2148.0,1414.0,399.0,2027.0,844.0,423.0,545.0,863.0,1948.0,797.0,269.0,1468.0,2400.0,594.0,2261.0,1425.0,2092.0,679.0,380.0,340.0,2029.0,1053.0,2060.0,390.0,443.0,931.0,1701.0,720.0,516.0,976.0,491.0,1737.0,931.0,00000000000000000d24,99.5458169834131,C1102P07
723.0,2277.0,1709.0,575.0,599.0,1669.0,1545.0,579.0,385.0,2336.0,2377.0,694.0,1138.0,1628.0,454.0,2011.0,1498.0,1065.0,1669.0,665.0,2649.0,405.0,749.0,1000.0,1572.0,598.0,1122.0,546.0,2289.0,1621.0,478.0,2150.0,908.0,520.0,652.0,1046.0,2127.0,960.0,376.0,1546.0,2519.0,728.0,2329.0,1688.0,2258.0,804.0,465.0,455.0,2171.0,1204.0,2124.0,515.0,548.0,1127.0,1831.0,865.0,603.0,1111.0,597.0,1822.0,1043.0,00000000000000000d25,50.645572885967,C1102P92
637.0,2003.0,1513.0,439.0,457.0,1403.0,1280.0,436.0,267.0,2246.0,2096.0,620.0,982.0,1433.0,346.0,1773.0,1279.0,927.0,1383.0,559.0,2457.0,288.0,597.0,874.0,1329.0,480.0,977.0,435.0,2109.0,1341.0,392.0,1971.0,809.0,403.0,543.0,844.0,1875.0,763.0,239.0,1406.0,2321.0,614.0,2184.0,1397.0,2014.0,673.0,363.0,339.0,1946.0,1053.0,2002.0,386.0,425.0,916.0,1683.0,733.0,511.0,951.0,475.0,1628.0,883.0,00000000000000000d26,143.93153394229,C1102P94
686.0,2122.0,1640.0,477.0,533.0,1560.0,1457.0,514.0,328.0,2367.0,2301.0,689.0,1063.0,1583.0,404.0,1952.0,1384.0,1014.0,1513.0,620.0,2649.0,348.0,671.0,970.0,1417.0,546.0,1093.0,473.0,2227.0,1516.0,437.0,2076.0,925.0,471.0,569.0,918.0,2061.0,864.0,321.0,1562.0,2500.0,624.0,2305.0,1513.0,2217.0,727.0,426.0,384.0,2153.0,1128.0,2116.0,425.0,492.0,994.0,1755.0,769.0,553.0,1055.0,538.0,1862.0,995.0,00000000000000000d27,119.517746319659,C1102P95
670.0,2088.0,1605.0,463.0,512.0,1522.0,1421.0,494.0,317.0,2336.0,2255.0,671.0,1037.0,1542.0,388.0,1918.0,1351.0,986.0,1472.0,601.0,2609.0,333.0,647.0,941.0,1381.0,527.0,1052.0,459.0,2195.0,1482.0,418.0,2042.0,896.0,454.0,552.0,895.0,2019.0,841.0,307.0,1526.0,2461.0,604.0,2272.0,1474.0,2170.0,704.0,411.0,370.0,2113.0,1098.0,2083.0,407.0,475.0,966.0,1727.0,750.0,531.0,1025.0,521.0,1824.0,972.0,00000000000000000d28,93.8538003895383,C1102P96
686.0,2129.0,1646.0,479.0,535.0,1564.0,1460.0,515.0,328.0,2374.0,2306.0,689.0,1067.0,1588.0,404.0,1958.0,1388.0,1017.0,1516.0,619.0,2659.0,348.0,673.0,972.0,1421.0,546.0,1097.0,474.0,2234.0,1520.0,437.0,2082.0,928.0,471.0,569.0,921.0,2065.0,867.0,320.0,1567.0,2508.0,624.0,2311.0,1516.0,2221.0,729.0,427.0,385.0,2158.0,1132.0,2122.0,425.0,493.0,997.0,1759.0,769.0,553.0,1058.0,538.0,1866.0,999.0,00000000000000000d29,105.141703632127,C1102W03
662.0,2084.0,1584.0,458.0,505.0,1512.0,1406.0,490.0,304.0,2335.0,2241.0,659.0,1033.0,1526.0,385.0,1907.0,1343.0,975.0,1475.0,596.0,2595.0,323.0,644.0,928.0,1383.0,521.0,1030.0,449.0,2190.0,1466.0,416.0,2042.0,878.0,452.0,549.0,893.0,2001.0,827.0,299.0,1507.0,2447.0,607.0,2281.0,1475.0,2155.0,702.0,400.0,362.0,2093.0,1087.0,2087.0,406.0,471.0,968.0,1735.0,746.0,530.0,1012.0,519.0,1786.0,959.0,00000000000000000d2a,105.696508849598,C1102W04
686.0,2116.0,1665.0,470.0,536.0,1554.0,1450.0,516.0,331.0,2385.0,2300.0,695.0,1066.0,1607.0,402.0,1961.0,1380.0,1008.0,1497.0,620.0,2671.0,350.0,675.0,972.0,1399.0,550.0,1096.0,470.0,2215.0,1516.0,443.0,2107.0,933.0,471.0,571.0,912.0,2064.0,865.0,324.0,1581.0,2511.0,618.0,2309.0,1496.0,2219.0,725.0,432.0,380.0,2154.0,1124.0,2127.0,424.0,499.0,989.0,1749.0,763.0,561.0,1056.0,539.0,1888.0,1001.0,00000000000000000d2b,74.3664008875827,C1102W06
714.0,2264.0,1695.0,575.0,588.0,1658.0,1535.0,565.0,371.0,2303.0,2358.0,672.0,1129.0,1619.0,435.0,1975.0,1501.0,1049.0,1675.0,658.0,2612.0,398.0,747.0,988.0,1574.0,589.0,1090.0,542.0,2255.0,1618.0,472.0,2134.0,888.0,498.0,664.0,1049.0,2102.0,960.0,358.0,1512.0,2474.0,743.0,2310.0,1685.0,2233.0,802.0,453.0,448.0,2139.0,1207.0,2100.0,522.0,529.0,1139.0,1823.0,873.0,609.0,1105.0,578.0,1772.0,1025.0,00000000000000000d2c,148.69792520604,C1102X02
608.0,1897.0,1439.0,399.0,399.0,1245.0,1150.0,377.0,223.0,2154.0,1920.0,587.0,881.0,1349.0,322.0,1640.0,1253.0,862.0,1245.0,526.0,2275.0,255.0,517.0,837.0,1222.0,433.0,865.0,402.0,2031.0,1201.0,343.0,1868.0,781.0,361.0,493.0,733.0,1736.0,667.0,198.0,1338.0,2178.0,555.0,2032.0,1255.0,1840.0,602.0,323.0,304.0,1804.0,985.0,1932.0,323.0,362.0,801.0,1651.0,667.0,462.0,869.0,435.0,1530.0,780.0,00000000000000000d2d,98.5787088909857,C1103C01
635.0,1892.0,1388.0,464.0,424.0,1198.0,1150.0,372.0,254.0,2039.0,1821.0,572.0,821.0,1390.0,371.0,1565.0,1360.0,905.0,1279.0,573.0,2097.0,298.0,497.0,884.0,1260.0,510.0,829.0,454.0,1969.0,1169.0,378.0,1782.0,834.0,371.0,532.0,722.0,1668.0,633.0,243.0,1289.0,2059.0,594.0,1942.0,1270.0,1739.0,592.0,331.0,364.0,1687.0,1035.0,1899.0,378.0,361.0,782.0,1692.0,710.0,511.0,936.0,467.0,1413.0,702.0,00000000000000000d2e,42.377163444518,C1103C02
642.0,1983.0,1454.0,487.0,449.0,1291.0,1221.0,413.0,269.0,2093.0,1966.0,589.0,910.0,1428.0,382.0,1654.0,1393.0,935.0,1375.0,589.0,2199.0,315.0,550.0,910.0,1360.0,520.0,882.0,475.0,2027.0,1261.0,383.0,1855.0,823.0,393.0,555.0,811.0,1762.0,705.0,253.0,1317.0,2158.0,630.0,2010.0,1374.0,1848.0,647.0,349.0,383.0,1787.0,1076.0,1933.0,401.0,383.0,872.0,1733.0,759.0,523.0,970.0,485.0,1451.0,780.0,00000000000000000d2f,133.743265223232,C1103C03
619.0,1710.0,1347.0,412.0,358.0,1061.0,1022.0,310.0,244.0,1931.0,1603.0,568.0,719.0,1326.0,344.0,1446.0,1279.0,857.0,1098.0,554.0,1986.0,275.0,412.0,862.0,1144.0,460.0,730.0,423.0,1865.0,1046.0,352.0,1649.0,834.0,338.0,495.0,620.0,1515.0,575.0,212.0,1238.0,1923.0,537.0,1805.0,1091.0,1588.0,510.0,299.0,334.0,1533.0,973.0,1756.0,329.0,323.0,685.0,1603.0,665.0,478.0,883.0,424.0,1371.0,618.0,00000000000000000d30,161.944580293744,C1103C04
650.0,2033.0,1510.0,503.0,480.0,1385.0,1283.0,448.0,282.0,2119.0,2077.0,599.0,963.0,1469.0,372.0,1727.0,1403.0,965.0,1450.0,596.0,2313.0,325.0,611.0,914.0,1426.0,523.0,935.0,482.0,2057.0,1342.0,380.0,1915.0,808.0,414.0,574.0,879.0,1845.0,776.0,262.0,1346.0,2230.0,657.0,2097.0,1443.0,1938.0,686.0,370.0,381.0,1867.0,1104.0,1962.0,427.0,425.0,958.0,1730.0,794.0,532.0,1004.0,510.0,1492.0,841.0,00000000000000000d31,104.138518826033,C1103C05
633.0,1896.0,1395.0,462.0,420.0,1200.0,1147.0,373.0,255.0,2040.0,1833.0,573.0,833.0,1392.0,374.0,1574.0,1360.0,905.0,1277.0,571.0,2107.0,298.0,498.0,885.0,1273.0,507.0,823.0,452.0,1970.0,1168.0,376.0,1786.0,830.0,374.0,532.0,734.0,1674.0,642.0,243.0,1292.0,2068.0,596.0,1945.0,1271.0,1749.0,592.0,331.0,364.0,1697.0,1037.0,1897.0,379.0,363.0,793.0,1692.0,712.0,509.0,936.0,469.0,1415.0,715.0,00000000000000000d32,97.6235704073838,C1103C06
642.0,1983.0,1454.0,487.0,449.0,1291.0,1221.0,413.0,269.0,2093.0,1966.0,589.0,910.0,1428.0,382.0,1654.0,1393.0,935.0,1375.0,589.0,2199.0,315.0,550.0,910.0,1360.0,520.0,882.0,475.0,2027.0,1261.0,383.0,1855.0,823.0,393.0,555.0,811.0,1762.0,705.0,253.0,1317.0,2158.0,630.0,2010.0,1374.0,1848.0,647.0,349.0,383.0,1787.0,1076.0,1933.0,401.0,383.0,872.0,1733.0,759.0,523.0,970.0,485.0,1451.0,780.0,00000000000000000d34,102.968644787737,C1103C09
617.0,1809.0,1319.0,448.0,392.0,1131.0,1109.0,336.0,254.0,1938.0,1701.0,544.0,745.0,1369.0,355.0,1507.0,1354.0,865.0,1213.0,555.0,1991.0,292.0,437.0,861.0,1200.0,499.0,761.0,451.0,1870.0,1121.0,366.0,1674.0,817.0,355.0,516.0,668.0,1581.0,600.0,239.0,1256.0,1960.0,563.0,1852.0,1197.0,1673.0,535.0,314.0,345.0,1596.0,996.0,1797.0,359.0,344.0,736.0,1613.0,693.0,496.0,925.0,446.0,1385.0,644.0,00000000000000000d35,161.395523309306,C1103F02
605.0,1736.0,1292.0,422.0,367.0,1062.0,1052.0,314.0,248.0,1869.0,1599.0,539.0,694.0,1331.0,327.0,1443.0,1307.0,842.0,1133.0,553.0,1916.0,274.0,407.0,837.0,1147.0,497.0,728.0,431.0,1817.0,1045.0,358.0,1596.0,794.0,327.0,506.0,626.0,1506.0,577.0,218.0,1222.0,1883.0,548.0,1788.0,1111.0,1594.0,498.0,298.0,334.0,1507.0,963.0,1715.0,344.0,316.0,693.0,1547.0,668.0,490.0,908.0,410.0,1344.0,605.0,00000000000000000d36,48.5780553142069,C1103F03
629.0,1870.0,1379.0,449.0,409.0,1178.0,1133.0,357.0,251.0,2023.0,1794.0,568.0,811.0,1385.0,368.0,1551.0,1351.0,904.0,1258.0,568.0,2082.0,290.0,476.0,882.0,1249.0,501.0,804.0,444.0,1957.0,1151.0,369.0,1765.0,842.0,368.0,521.0,716.0,1650.0,624.0,237.0,1287.0,2047.0,578.0,1923.0,1248.0,1718.0,574.0,322.0,355.0,1671.0,1031.0,1880.0,365.0,357.0,773.0,1684.0,701.0,501.0,940.0,459.0,1411.0,696.0,00000000000000000d37,125.124436326769,C1103F05
633.0,1883.0,1380.0,464.0,414.0,1188.0,1143.0,365.0,254.0,2023.0,1823.0,570.0,821.0,1387.0,364.0,1559.0,1357.0,903.0,1273.0,571.0,2085.0,298.0,488.0,881.0,1260.0,509.0,813.0,456.0,1954.0,1160.0,374.0,1770.0,830.0,364.0,529.0,723.0,1667.0,633.0,237.0,1283.0,2046.0,592.0,1931.0,1264.0,1741.0,584.0,331.0,364.0,1685.0,1035.0,1883.0,376.0,354.0,785.0,1680.0,713.0,507.0,938.0,459.0,1407.0,703.0,00000000000000000d38,80.4831495247188,C1103F06
618.0,1878.0,1340.0,464.0,417.0,1175.0,1159.0,364.0,256.0,1959.0,1783.0,539.0,797.0,1386.0,361.0,1544.0,1382.0,874.0,1285.0,556.0,2034.0,297.0,471.0,861.0,1236.0,510.0,802.0,463.0,1901.0,1168.0,366.0,1720.0,800.0,356.0,522.0,715.0,1644.0,632.0,240.0,1261.0,1983.0,576.0,1879.0,1266.0,1731.0,581.0,323.0,356.0,1645.0,1010.0,1822.0,371.0,352.0,783.0,1631.0,709.0,501.0,935.0,458.0,1376.0,677.0,00000000000000000d39,42.0237350591915,C1103F07
609.0,1704.0,1348.0,410.0,359.0,1058.0,1020.0,314.0,246.0,1932.0,1599.0,564.0,719.0,1322.0,340.0,1444.0,1272.0,850.0,1091.0,547.0,1984.0,278.0,415.0,855.0,1142.0,453.0,726.0,421.0,1861.0,1044.0,354.0,1650.0,830.0,335.0,494.0,616.0,1509.0,573.0,210.0,1238.0,1920.0,535.0,1802.0,1087.0,1584.0,512.0,299.0,336.0,1529.0,964.0,1753.0,328.0,319.0,679.0,1600.0,657.0,479.0,874.0,418.0,1370.0,616.0,00000000000000000d3a,202.720899894088,C1103F08
589.0,1817.0,1436.0,342.0,355.0,1144.0,1070.0,332.0,195.0,2085.0,1756.0,569.0,787.0,1311.0,300.0,1576.0,1251.0,823.0,1136.0,506.0,2175.0,226.0,436.0,845.0,1108.0,409.0,804.0,378.0,2013.0,1128.0,295.0,1787.0,815.0,310.0,459.0,648.0,1637.0,617.0,175.0,1260.0,2078.0,494.0,1903.0,1136.0,1695.0,542.0,286.0,296.0,1654.0,943.0,1845.0,273.0,301.0,707.0,1637.0,621.0,450.0,833.0,393.0,1473.0,689.0,00000000000000000d3b,75.4176800717201,C1103P04
658.0,1982.0,1487.0,483.0,457.0,1347.0,1237.0,425.0,274.0,2161.0,2028.0,621.0,958.0,1444.0,379.0,1695.0,1355.0,954.0,1383.0,592.0,2309.0,313.0,586.0,905.0,1372.0,510.0,930.0,471.0,2057.0,1292.0,391.0,1911.0,827.0,417.0,562.0,845.0,1817.0,733.0,253.0,1369.0,2230.0,639.0,2095.0,1391.0,1908.0,668.0,363.0,370.0,1857.0,1084.0,1974.0,402.0,421.0,906.0,1726.0,766.0,524.0,976.0,502.0,1510.0,838.0,00000000000000000d3d,36.7478448140778,C1103P07
612.0,1744.0,1330.0,430.0,381.0,1105.0,1062.0,315.0,243.0,1925.0,1646.0,548.0,728.0,1345.0,347.0,1462.0,1310.0,860.0,1156.0,547.0,1974.0,275.0,422.0,862.0,1166.0,474.0,749.0,433.0,1857.0,1082.0,367.0,1648.0,824.0,345.0,512.0,640.0,1550.0,577.0,221.0,1247.0,1945.0,553.0,1822.0,1138.0,1621.0,516.0,298.0,335.0,1567.0,980.0,1773.0,347.0,334.0,709.0,1601.0,670.0,491.0,902.0,432.0,1390.0,630.0,00000000000000000d3e,122.973793820179,C1103W01
624.0,1828.0,1359.0,451.0,395.0,1157.0,1117.0,344.0,258.0,1994.0,1763.0,568.0,791.0,1375.0,364.0,1527.0,1336.0,889.0,1236.0,568.0,2051.0,291.0,458.0,867.0,1235.0,496.0,787.0,451.0,1925.0,1135.0,369.0,1730.0,836.0,364.0,523.0,701.0,1629.0,611.0,230.0,1282.0,2021.0,575.0,1894.0,1226.0,1698.0,561.0,324.0,356.0,1650.0,1010.0,1846.0,360.0,354.0,752.0,1665.0,697.0,502.0,928.0,449.0,1411.0,681.0,00000000000000000d3f,42.1414553333231,C1103W02
620.0,1746.0,1359.0,424.0,383.0,1103.0,1060.0,324.0,247.0,1951.0,1643.0,566.0,739.0,1353.0,351.0,1475.0,1310.0,869.0,1144.0,556.0,2003.0,278.0,431.0,871.0,1172.0,472.0,754.0,430.0,1885.0,1081.0,366.0,1674.0,837.0,348.0,506.0,645.0,1556.0,592.0,225.0,1262.0,1956.0,546.0,1837.0,1130.0,1624.0,525.0,304.0,339.0,1569.0,985.0,1787.0,340.0,334.0,712.0,1630.0,673.0,488.0,897.0,429.0,1405.0,637.0,00000000000000000d40,98.2233345869209,C1103W03
630.0,1852.0,1370.0,448.0,406.0,1168.0,1124.0,355.0,253.0,2010.0,1781.0,569.0,800.0,1378.0,369.0,1539.0,1342.0,896.0,1246.0,569.0,2067.0,290.0,472.0,874.0,1241.0,501.0,801.0,445.0,1944.0,1142.0,369.0,1751.0,837.0,369.0,521.0,707.0,1640.0,616.0,236.0,1281.0,2035.0,577.0,1909.0,1236.0,1708.0,572.0,323.0,355.0,1662.0,1020.0,1865.0,363.0,358.0,763.0,1675.0,702.0,501.0,933.0,459.0,1408.0,688.0,00000000000000000d41,116.651987111053,C1103W05
620.0,1725.0,1360.0,407.0,363.0,1077.0,1029.0,312.0,241.0,1948.0,1625.0,569.0,726.0,1339.0,344.0,1459.0,1288.0,865.0,1115.0,557.0,2002.0,272.0,425.0,865.0,1158.0,463.0,743.0,418.0,1883.0,1057.0,359.0,1670.0,835.0,334.0,504.0,628.0,1535.0,580.0,210.0,1249.0,1942.0,546.0,1827.0,1106.0,1605.0,517.0,294.0,334.0,1554.0,976.0,1778.0,337.0,323.0,696.0,1621.0,662.0,484.0,885.0,416.0,1384.0,628.0,00000000000000000d42,69.9247434265538,C1103W07
606.0,1713.0,1311.0,432.0,366.0,1071.0,1040.0,309.0,247.0,1889.0,1611.0,542.0,710.0,1321.0,341.0,1438.0,1293.0,843.0,1126.0,541.0,1946.0,279.0,407.0,848.0,1142.0,467.0,729.0,440.0,1830.0,1059.0,360.0,1614.0,811.0,335.0,504.0,625.0,1522.0,570.0,217.0,1225.0,1905.0,545.0,1780.0,1112.0,1597.0,503.0,304.0,338.0,1535.0,964.0,1733.0,339.0,325.0,693.0,1573.0,660.0,484.0,887.0,422.0,1369.0,614.0,00000000000000000d43,190.020765808441,C1103W08
604.0,1844.0,1286.0,424.0,367.0,1022.0,1077.0,362.0,292.0,1834.0,1548.0,528.0,683.0,1317.0,315.0,1553.0,1338.0,841.0,1109.0,628.0,1878.0,279.0,405.0,846.0,1148.0,599.0,697.0,425.0,1883.0,1029.0,350.0,1586.0,790.0,315.0,498.0,627.0,1454.0,642.0,261.0,1218.0,1827.0,536.0,1853.0,1084.0,1605.0,492.0,328.0,323.0,1445.0,968.0,1689.0,396.0,310.0,698.0,1523.0,667.0,526.0,1015.0,395.0,1283.0,591.0,00000000000000000d44,157.480876525992,C1103X01
609.0,1871.0,1312.0,422.0,374.0,1021.0,1078.0,367.0,290.0,1840.0,1551.0,532.0,683.0,1330.0,316.0,1576.0,1375.0,857.0,1113.0,630.0,1883.0,281.0,411.0,865.0,1168.0,602.0,696.0,422.0,1893.0,1040.0,346.0,1603.0,806.0,316.0,498.0,638.0,1457.0,650.0,269.0,1237.0,1825.0,536.0,1849.0,1084.0,1610.0,493.0,325.0,318.0,1438.0,987.0,1703.0,403.0,315.0,712.0,1526.0,678.0,526.0,1029.0,399.0,1288.0,591.0,00000000000000000d45,69.692364199833,C1103X02
624.0,1908.0,1352.0,474.0,423.0,1197.0,1175.0,372.0,258.0,1977.0,1818.0,546.0,812.0,1394.0,367.0,1566.0,1388.0,883.0,1313.0,561.0,2059.0,301.0,486.0,865.0,1255.0,519.0,813.0,469.0,1922.0,1184.0,361.0,1746.0,802.0,366.0,521.0,727.0,1671.0,643.0,242.0,1263.0,2006.0,580.0,1900.0,1297.0,1756.0,594.0,330.0,363.0,1675.0,1024.0,1837.0,373.0,360.0,796.0,1647.0,720.0,501.0,946.0,468.0,1383.0,690.0,00000000000000000d46,37.4524177505318,C1103X03
578.0,1743.0,1392.0,350.0,339.0,1079.0,1021.0,307.0,192.0,1995.0,1635.0,546.0,743.0,1287.0,304.0,1491.0,1232.0,816.0,1080.0,504.0,2077.0,221.0,401.0,831.0,1096.0,398.0,770.0,378.0,1935.0,1060.0,303.0,1704.0,802.0,304.0,447.0,617.0,1539.0,587.0,165.0,1217.0,1977.0,491.0,1830.0,1079.0,1604.0,510.0,271.0,294.0,1544.0,927.0,1770.0,265.0,289.0,675.0,1619.0,615.0,446.0,817.0,390.0,1384.0,632.0,00000000000000000d47,38.2481940064027,C1104C01
591.0,1714.0,1277.0,413.0,346.0,1025.0,1037.0,316.0,255.0,1830.0,1541.0,533.0,666.0,1299.0,322.0,1441.0,1279.0,823.0,1083.0,568.0,1874.0,269.0,386.0,821.0,1112.0,526.0,703.0,424.0,1815.0,1008.0,349.0,1557.0,780.0,321.0,496.0,596.0,1457.0,577.0,224.0,1195.0,1836.0,539.0,1790.0,1067.0,1562.0,482.0,301.0,326.0,1457.0,943.0,1665.0,347.0,306.0,657.0,1512.0,647.0,500.0,937.0,401.0,1318.0,576.0,00000000000000000d48,98.2143060892649,C1104C03
560.0,1685.0,1361.0,339.0,331.0,1031.0,984.0,297.0,187.0,1930.0,1568.0,540.0,711.0,1261.0,295.0,1456.0,1203.0,790.0,1030.0,493.0,1986.0,220.0,386.0,818.0,1063.0,393.0,732.0,371.0,1876.0,1022.0,296.0,1649.0,785.0,300.0,439.0,590.0,1473.0,566.0,162.0,1175.0,1903.0,477.0,1774.0,1040.0,1542.0,497.0,265.0,289.0,1470.0,900.0,1721.0,262.0,283.0,649.0,1575.0,600.0,439.0,803.0,380.0,1359.0,614.0,00000000000000000d49,91.0527302640768,C1104C04
562.0,1740.0,1398.0,323.0,333.0,1059.0,1008.0,305.0,181.0,1984.0,1646.0,545.0,740.0,1267.0,287.0,1513.0,1211.0,779.0,1066.0,487.0,2083.0,210.0,393.0,813.0,1052.0,381.0,772.0,368.0,1950.0,1064.0,279.0,1704.0,790.0,295.0,431.0,610.0,1558.0,588.0,158.0,1195.0,1974.0,466.0,1810.0,1060.0,1602.0,514.0,271.0,278.0,1548.0,893.0,1757.0,253.0,281.0,670.0,1582.0,590.0,431.0,792.0,375.0,1411.0,648.0,00000000000000000d4a,81.2627119104291,C1104C05
601.0,1727.0,1311.0,395.0,332.0,999.0,1028.0,338.0,275.0,1851.0,1498.0,552.0,669.0,1287.0,315.0,1480.0,1252.0,822.0,1028.0,615.0,1882.0,265.0,379.0,838.0,1096.0,554.0,679.0,416.0,1867.0,984.0,339.0,1567.0,807.0,315.0,485.0,579.0,1425.0,603.0,234.0,1203.0,1821.0,527.0,1835.0,1025.0,1559.0,472.0,323.0,319.0,1429.0,941.0,1663.0,359.0,294.0,636.0,1525.0,645.0,521.0,967.0,397.0,1296.0,571.0,00000000000000000d4b,64.0840172706467,C1104C09
591.0,1684.0,1270.0,417.0,335.0,1004.0,1015.0,307.0,255.0,1821.0,1525.0,532.0,669.0,1277.0,322.0,1425.0,1245.0,814.0,1059.0,565.0,1867.0,270.0,375.0,819.0,1093.0,515.0,692.0,428.0,1808.0,992.0,339.0,1542.0,779.0,321.0,487.0,587.0,1445.0,574.0,220.0,1182.0,1823.0,530.0,1774.0,1044.0,1548.0,476.0,302.0,328.0,1451.0,929.0,1649.0,335.0,302.0,646.0,1508.0,639.0,492.0,925.0,404.0,1316.0,574.0,00000000000000000d4c,97.2961389062555,C1104C95
577.0,1692.0,1348.0,348.0,345.0,1035.0,984.0,305.0,202.0,1929.0,1573.0,546.0,719.0,1278.0,313.0,1446.0,1222.0,815.0,1047.0,516.0,2001.0,223.0,394.0,825.0,1101.0,414.0,717.0,369.0,1870.0,1013.0,309.0,1652.0,796.0,313.0,442.0,607.0,1488.0,570.0,181.0,1208.0,1918.0,483.0,1782.0,1047.0,1554.0,492.0,265.0,294.0,1496.0,923.0,1733.0,269.0,292.0,664.0,1593.0,618.0,432.0,825.0,396.0,1341.0,614.0,00000000000000000d4d,79.7779984019433,C1104C96
603.0,1722.0,1288.0,435.0,368.0,1072.0,1049.0,311.0,250.0,1871.0,1619.0,535.0,701.0,1320.0,338.0,1437.0,1303.0,839.0,1141.0,544.0,1924.0,282.0,408.0,839.0,1146.0,480.0,724.0,443.0,1812.0,1060.0,357.0,1600.0,797.0,336.0,503.0,625.0,1520.0,570.0,221.0,1218.0,1888.0,544.0,1772.0,1122.0,1602.0,501.0,304.0,340.0,1528.0,964.0,1723.0,340.0,325.0,691.0,1556.0,666.0,483.0,892.0,419.0,1355.0,608.0,00000000000000000d4e,26.5924881325181,C1104C99
600.0,1677.0,1300.0,408.0,335.0,1013.0,1003.0,305.0,255.0,1849.0,1524.0,547.0,676.0,1284.0,325.0,1419.0,1244.0,818.0,1047.0,565.0,1895.0,267.0,379.0,832.0,1095.0,482.0,692.0,429.0,1822.0,1000.0,339.0,1564.0,801.0,325.0,487.0,585.0,1450.0,572.0,216.0,1197.0,1837.0,530.0,1763.0,1039.0,1545.0,478.0,309.0,329.0,1459.0,938.0,1666.0,332.0,304.0,643.0,1528.0,642.0,494.0,891.0,410.0,1315.0,576.0,00000000000000000d4f,113.778906658753,C1104F01
587.0,1679.0,1256.0,403.0,324.0,976.0,1002.0,311.0,261.0,1797.0,1492.0,528.0,653.0,1252.0,315.0,1430.0,1217.0,797.0,1029.0,578.0,1846.0,264.0,364.0,806.0,1070.0,526.0,678.0,418.0,1809.0,967.0,329.0,1515.0,770.0,315.0,476.0,568.0,1417.0,575.0,222.0,1163.0,1794.0,518.0,1770.0,1014.0,1533.0,465.0,305.0,319.0,1423.0,909.0,1622.0,337.0,293.0,625.0,1486.0,629.0,495.0,927.0,400.0,1289.0,558.0,00000000000000000d50,71.4014580495074,C1104F02
589.0,1696.0,1270.0,402.0,325.0,987.0,1014.0,313.0,262.0,1816.0,1503.0,531.0,663.0,1265.0,316.0,1445.0,1229.0,806.0,1039.0,581.0,1865.0,264.0,365.0,816.0,1080.0,528.0,679.0,418.0,1828.0,978.0,337.0,1532.0,781.0,316.0,487.0,576.0,1428.0,584.0,223.0,1175.0,1811.0,530.0,1788.0,1025.0,1545.0,467.0,307.0,319.0,1433.0,920.0,1639.0,346.0,294.0,634.0,1502.0,631.0,507.0,936.0,401.0,1298.0,567.0,00000000000000000d51,46.7415652176622,C1104F03
602.0,1727.0,1306.0,396.0,332.0,1000.0,1028.0,334.0,273.0,1850.0,1505.0,550.0,669.0,1287.0,315.0,1479.0,1253.0,822.0,1035.0,611.0,1889.0,265.0,377.0,836.0,1095.0,551.0,688.0,418.0,1869.0,986.0,339.0,1563.0,806.0,315.0,487.0,579.0,1431.0,600.0,232.0,1201.0,1829.0,529.0,1831.0,1030.0,1563.0,475.0,321.0,319.0,1435.0,942.0,1663.0,357.0,294.0,636.0,1525.0,644.0,520.0,964.0,399.0,1301.0,569.0,00000000000000000d52,89.0399878545814,C1104F04
611.0,1695.0,1328.0,416.0,355.0,1052.0,1019.0,305.0,243.0,1899.0,1587.0,554.0,707.0,1315.0,337.0,1430.0,1277.0,845.0,1095.0,542.0,1958.0,273.0,401.0,853.0,1132.0,453.0,724.0,429.0,1841.0,1041.0,351.0,1620.0,823.0,329.0,496.0,615.0,1506.0,569.0,208.0,1225.0,1898.0,538.0,1777.0,1086.0,1577.0,502.0,302.0,331.0,1519.0,963.0,1728.0,329.0,315.0,681.0,1580.0,654.0,478.0,878.0,419.0,1360.0,608.0,00000000000000000d53,89.5699800105782,C1104F05
601.0,1703.0,1299.0,398.0,332.0,1000.0,1016.0,325.0,265.0,1841.0,1508.0,548.0,669.0,1281.0,315.0,1454.0,1245.0,816.0,1035.0,596.0,1882.0,264.0,377.0,830.0,1091.0,530.0,690.0,419.0,1845.0,986.0,339.0,1555.0,799.0,315.0,487.0,579.0,1433.0,590.0,226.0,1195.0,1824.0,530.0,1802.0,1029.0,1554.0,475.0,314.0,320.0,1440.0,934.0,1655.0,348.0,294.0,636.0,1518.0,643.0,512.0,936.0,399.0,1303.0,569.0,00000000000000000d54,32.8540685135255,C1104F06
566.0,1770.0,1246.0,382.0,314.0,957.0,1045.0,356.0,283.0,1767.0,1438.0,509.0,635.0,1247.0,299.0,1509.0,1229.0,793.0,1011.0,641.0,1808.0,246.0,354.0,803.0,1060.0,583.0,662.0,392.0,1870.0,952.0,321.0,1499.0,763.0,288.0,462.0,558.0,1370.0,627.0,243.0,1147.0,1756.0,503.0,1816.0,995.0,1548.0,455.0,314.0,298.0,1364.0,911.0,1597.0,373.0,278.0,615.0,1445.0,619.0,524.0,997.0,375.0,1231.0,539.0,00000000000000000d55,73.7952489263533,C1104F08
592.0,1727.0,1279.0,413.0,346.0,1025.0,1044.0,322.0,258.0,1832.0,1542.0,532.0,669.0,1300.0,322.0,1454.0,1282.0,824.0,1085.0,575.0,1876.0,269.0,386.0,823.0,1114.0,534.0,704.0,423.0,1823.0,1010.0,349.0,1561.0,782.0,320.0,496.0,599.0,1459.0,586.0,227.0,1196.0,1837.0,538.0,1801.0,1067.0,1570.0,482.0,303.0,325.0,1459.0,945.0,1669.0,352.0,306.0,660.0,1515.0,648.0,504.0,946.0,401.0,1318.0,578.0,00000000000000000d56,214.512027692542,C1104P02
599.0,1668.0,1291.0,419.0,346.0,1025.0,1004.0,299.0,243.0,1846.0,1557.0,538.0,682.0,1287.0,333.0,1407.0,1254.0,820.0,1074.0,537.0,1909.0,271.0,386.0,830.0,1104.0,458.0,706.0,431.0,1802.0,1018.0,346.0,1571.0,796.0,326.0,491.0,596.0,1479.0,556.0,210.0,1195.0,1854.0,533.0,1736.0,1064.0,1556.0,487.0,300.0,330.0,1489.0,937.0,1680.0,327.0,312.0,660.0,1538.0,643.0,476.0,867.0,416.0,1337.0,587.0,00000000000000000d57,90.6797340058343,C1104P03
599.0,1797.0,1275.0,413.0,349.0,1016.0,1068.0,354.0,281.0,1836.0,1535.0,530.0,667.0,1306.0,310.0,1521.0,1298.0,822.0,1084.0,623.0,1889.0,273.0,389.0,829.0,1123.0,585.0,698.0,422.0,1875.0,1005.0,350.0,1571.0,781.0,309.0,493.0,594.0,1447.0,622.0,245.0,1199.0,1836.0,534.0,1865.0,1065.0,1595.0,487.0,322.0,318.0,1447.0,948.0,1687.0,379.0,299.0,666.0,1528.0,651.0,528.0,1000.0,389.0,1296.0,573.0,00000000000000000d58,37.8582843580779,C1104P05
569.0,1752.0,1408.0,333.0,338.0,1074.0,1019.0,309.0,188.0,2001.0,1662.0,551.0,747.0,1280.0,298.0,1521.0,1224.0,788.0,1077.0,494.0,2099.0,219.0,401.0,818.0,1067.0,388.0,784.0,379.0,1960.0,1073.0,278.0,1717.0,795.0,303.0,429.0,616.0,1572.0,591.0,164.0,1212.0,1991.0,466.0,1827.0,1073.0,1617.0,521.0,279.0,287.0,1565.0,903.0,1771.0,254.0,291.0,676.0,1596.0,599.0,429.0,800.0,387.0,1418.0,653.0,00000000000000000d59,55.0179300437921,C1104P06
598.0,1696.0,1279.0,423.0,355.0,1036.0,1025.0,304.0,247.0,1843.0,1566.0,538.0,676.0,1311.0,326.0,1413.0,1283.0,834.0,1097.0,547.0,1887.0,275.0,395.0,827.0,1123.0,491.0,715.0,434.0,1794.0,1017.0,350.0,1569.0,788.0,325.0,495.0,607.0,1479.0,561.0,214.0,1205.0,1854.0,537.0,1761.0,1081.0,1565.0,489.0,299.0,337.0,1480.0,953.0,1682.0,333.0,312.0,671.0,1522.0,657.0,481.0,903.0,408.0,1330.0,588.0,00000000000000000d5a,104.70478693154,C1104P07
593.0,1819.0,1274.0,397.0,340.0,984.0,1062.0,362.0,295.0,1815.0,1488.0,527.0,653.0,1296.0,305.0,1547.0,1293.0,823.0,1051.0,651.0,1850.0,266.0,375.0,830.0,1113.0,609.0,665.0,411.0,1896.0,981.0,340.0,1554.0,782.0,300.0,478.0,582.0,1406.0,640.0,260.0,1195.0,1798.0,514.0,1871.0,1027.0,1578.0,468.0,327.0,310.0,1404.0,940.0,1662.0,388.0,290.0,649.0,1504.0,646.0,531.0,1022.0,375.0,1264.0,561.0,00000000000000000d5b,90.2446727170619,C1104P09
608.0,1742.0,1302.0,431.0,377.0,1090.0,1062.0,318.0,251.0,1895.0,1635.0,537.0,712.0,1331.0,340.0,1452.0,1318.0,846.0,1156.0,546.0,1943.0,283.0,417.0,847.0,1159.0,483.0,738.0,442.0,1834.0,1081.0,360.0,1620.0,807.0,338.0,501.0,635.0,1537.0,579.0,225.0,1231.0,1911.0,542.0,1794.0,1138.0,1617.0,509.0,304.0,337.0,1547.0,974.0,1746.0,340.0,328.0,701.0,1573.0,669.0,481.0,903.0,421.0,1371.0,617.0,00000000000000000d5c,17.3296582869242,C1104P10
565.0,1689.0,1232.0,377.0,305.0,939.0,998.0,327.0,270.0,1739.0,1424.0,510.0,622.0,1221.0,295.0,1444.0,1199.0,774.0,980.0,606.0,1782.0,246.0,346.0,785.0,1036.0,549.0,641.0,391.0,1812.0,932.0,318.0,1475.0,748.0,295.0,460.0,539.0,1352.0,582.0,228.0,1128.0,1724.0,500.0,1757.0,973.0,1503.0,442.0,304.0,298.0,1352.0,889.0,1566.0,352.0,275.0,595.0,1429.0,614.0,508.0,943.0,377.0,1224.0,523.0,00000000000000000d5d,74.62142365047,C1104P99
593.0,1726.0,1275.0,414.0,345.0,1015.0,1042.0,327.0,262.0,1826.0,1531.0,533.0,666.0,1292.0,320.0,1457.0,1276.0,822.0,1073.0,583.0,1866.0,270.0,385.0,822.0,1105.0,545.0,706.0,425.0,1824.0,1001.0,348.0,1556.0,781.0,316.0,495.0,596.0,1450.0,592.0,228.0,1190.0,1824.0,537.0,1805.0,1056.0,1567.0,484.0,307.0,326.0,1450.0,943.0,1660.0,355.0,302.0,656.0,1510.0,647.0,510.0,958.0,396.0,1312.0,576.0,00000000000000000d5e,69.5816752308951,C1104X01
577.0,1704.0,1362.0,350.0,351.0,1043.0,995.0,313.0,203.0,1942.0,1572.0,547.0,718.0,1289.0,313.0,1460.0,1231.0,822.0,1052.0,519.0,2007.0,224.0,401.0,835.0,1106.0,418.0,733.0,371.0,1884.0,1023.0,317.0,1662.0,805.0,313.0,455.0,606.0,1485.0,574.0,182.0,1215.0,1926.0,495.0,1798.0,1055.0,1556.0,504.0,268.0,294.0,1492.0,932.0,1743.0,279.0,294.0,664.0,1602.0,618.0,448.0,839.0,397.0,1347.0,614.0,00000000000000000d5f,67.8130947337724,C1104X02
568.0,1724.0,1382.0,339.0,335.0,1063.0,1007.0,303.0,187.0,1982.0,1625.0,540.0,742.0,1271.0,303.0,1484.0,1217.0,800.0,1069.0,494.0,2060.0,220.0,398.0,815.0,1073.0,389.0,769.0,376.0,1919.0,1050.0,292.0,1687.0,793.0,303.0,440.0,615.0,1529.0,585.0,163.0,1206.0,1964.0,480.0,1813.0,1061.0,1587.0,508.0,270.0,288.0,1530.0,910.0,1753.0,262.0,291.0,673.0,1591.0,601.0,440.0,804.0,389.0,1382.0,637.0,00000000000000000d60,120.337918384513,C1104X03
575.0,1695.0,1343.0,355.0,346.0,1012.0,993.0,326.0,231.0,1904.0,1530.0,541.0,696.0,1275.0,313.0,1456.0,1227.0,821.0,1031.0,543.0,1945.0,237.0,393.0,831.0,1100.0,451.0,695.0,375.0,1862.0,1003.0,321.0,1626.0,802.0,313.0,446.0,595.0,1451.0,581.0,206.0,1207.0,1874.0,485.0,1792.0,1031.0,1534.0,488.0,286.0,296.0,1456.0,927.0,1708.0,300.0,294.0,650.0,1569.0,613.0,451.0,867.0,391.0,1315.0,595.0,00000000000000000d61,92.5072168155949,C1105C01
575.0,1692.0,1337.0,352.0,342.0,1005.0,990.0,326.0,232.0,1896.0,1523.0,540.0,688.0,1269.0,308.0,1454.0,1221.0,815.0,1024.0,548.0,1935.0,235.0,389.0,825.0,1095.0,457.0,690.0,372.0,1858.0,996.0,321.0,1619.0,796.0,308.0,447.0,589.0,1443.0,578.0,203.0,1201.0,1864.0,486.0,1790.0,1024.0,1531.0,483.0,285.0,294.0,1448.0,920.0,1700.0,303.0,288.0,643.0,1562.0,614.0,454.0,867.0,384.0,1308.0,589.0,00000000000000000d62,64.2998423313806,C1105C02
575.0,1697.0,1341.0,355.0,346.0,1009.0,994.0,329.0,234.0,1901.0,1526.0,540.0,692.0,1274.0,313.0,1459.0,1226.0,821.0,1027.0,548.0,1939.0,237.0,393.0,830.0,1100.0,458.0,695.0,375.0,1862.0,999.0,321.0,1624.0,802.0,313.0,446.0,592.0,1446.0,581.0,208.0,1206.0,1867.0,485.0,1795.0,1027.0,1534.0,487.0,287.0,296.0,1452.0,926.0,1704.0,304.0,293.0,646.0,1567.0,613.0,453.0,873.0,391.0,1311.0,592.0,00000000000000000d63,86.3969781312442,C1105C03
575.0,1686.0,1343.0,345.0,345.0,1016.0,988.0,318.0,217.0,1905.0,1536.0,543.0,700.0,1273.0,308.0,1447.0,1223.0,814.0,1031.0,534.0,1953.0,228.0,393.0,825.0,1096.0,438.0,702.0,365.0,1856.0,1005.0,320.0,1628.0,796.0,308.0,449.0,597.0,1455.0,575.0,195.0,1204.0,1880.0,488.0,1781.0,1033.0,1531.0,490.0,273.0,289.0,1460.0,920.0,1710.0,293.0,289.0,652.0,1571.0,615.0,449.0,847.0,387.0,1320.0,599.0,00000000000000000d64,64.4686576891909,C1105C05
654.0,2151.0,1572.0,544.0,515.0,1501.0,1396.0,488.0,314.0,2142.0,2203.0,600.0,1012.0,1491.0,397.0,1825.0,1461.0,990.0,1568.0,604.0,2406.0,352.0,669.0,946.0,1498.0,542.0,958.0,511.0,2102.0,1483.0,395.0,1991.0,816.0,444.0,616.0,965.0,1936.0,868.0,308.0,1358.0,2298.0,698.0,2136.0,1568.0,2043.0,731.0,397.0,417.0,1949.0,1150.0,1978.0,478.0,469.0,1054.0,1737.0,837.0,556.0,1047.0,530.0,1562.0,906.0,00000000000000000d65,97.8753922400805,C1105F01
607.0,1879.0,1427.0,380.0,392.0,1215.0,1128.0,371.0,214.0,2136.0,1878.0,586.0,859.0,1328.0,320.0,1615.0,1269.0,854.0,1217.0,523.0,2243.0,245.0,497.0,845.0,1199.0,419.0,846.0,391.0,2036.0,1186.0,327.0,1847.0,797.0,352.0,484.0,701.0,1708.0,650.0,193.0,1316.0,2145.0,539.0,1994.0,1227.0,1797.0,592.0,311.0,303.0,1777.0,973.0,1926.0,306.0,349.0,770.0,1670.0,659.0,455.0,854.0,426.0,1515.0,750.0,00000000000000000d66,178.044001598623,C1105F02
703.0,2190.0,1667.0,522.0,560.0,1613.0,1499.0,540.0,350.0,2353.0,2342.0,680.0,1095.0,1593.0,423.0,1967.0,1436.0,1032.0,1594.0,638.0,2661.0,379.0,706.0,976.0,1492.0,563.0,1100.0,508.0,2247.0,1579.0,461.0,2102.0,910.0,489.0,613.0,982.0,2082.0,907.0,347.0,1546.0,2507.0,671.0,2319.0,1604.0,2226.0,765.0,439.0,419.0,2158.0,1162.0,2129.0,471.0,518.0,1062.0,1788.0,816.0,575.0,1078.0,556.0,1840.0,1020.0,00000000000000000d67,29.0780692564875,C1105F03
575.0,1712.0,1331.0,358.0,336.0,994.0,1001.0,336.0,248.0,1882.0,1498.0,536.0,685.0,1266.0,304.0,1475.0,1218.0,814.0,1012.0,575.0,1910.0,237.0,383.0,824.0,1090.0,491.0,686.0,378.0,1871.0,982.0,320.0,1607.0,795.0,304.0,448.0,584.0,1417.0,597.0,212.0,1197.0,1837.0,488.0,1813.0,1012.0,1530.0,478.0,298.0,298.0,1426.0,919.0,1684.0,321.0,285.0,639.0,1549.0,614.0,472.0,905.0,381.0,1287.0,584.0,00000000000000000d68,100.722472608397,C1105F05
680.0,2121.0,1617.0,487.0,527.0,1554.0,1443.0,513.0,332.0,2329.0,2276.0,666.0,1056.0,1553.0,402.0,1928.0,1385.0,999.0,1523.0,616.0,2609.0,352.0,669.0,948.0,1432.0,542.0,1061.0,477.0,2204.0,1513.0,435.0,2062.0,889.0,467.0,573.0,932.0,2037.0,862.0,323.0,1521.0,2462.0,629.0,2283.0,1533.0,2184.0,726.0,424.0,391.0,2118.0,1115.0,2094.0,435.0,491.0,1006.0,1752.0,773.0,545.0,1040.0,537.0,1804.0,986.0,00000000000000000d69,40.802174901553,C1105F07
707.0,2198.0,1671.0,524.0,562.0,1620.0,1505.0,542.0,351.0,2358.0,2346.0,684.0,1101.0,1598.0,425.0,1973.0,1442.0,1034.0,1602.0,642.0,2667.0,380.0,709.0,978.0,1498.0,567.0,1104.0,509.0,2255.0,1585.0,463.0,2109.0,911.0,492.0,617.0,988.0,2086.0,911.0,348.0,1550.0,2514.0,674.0,2326.0,1612.0,2230.0,767.0,439.0,420.0,2162.0,1166.0,2135.0,473.0,520.0,1068.0,1794.0,822.0,578.0,1081.0,559.0,1841.0,1024.0,00000000000000000d6a,92.5394366033081,C1105F09
592.0,1866.0,1431.0,353.0,379.0,1208.0,1122.0,358.0,206.0,2140.0,1870.0,576.0,843.0,1318.0,304.0,1628.0,1237.0,835.0,1199.0,509.0,2256.0,228.0,482.0,832.0,1165.0,406.0,811.0,376.0,2027.0,1180.0,320.0,1845.0,779.0,340.0,478.0,687.0,1710.0,643.0,180.0,1303.0,2149.0,532.0,1988.0,1209.0,1794.0,581.0,299.0,289.0,1760.0,957.0,1901.0,298.0,345.0,755.0,1639.0,642.0,457.0,835.0,421.0,1517.0,745.0,00000000000000000d6b,203.772358706728,C1105P01
593.0,1857.0,1418.0,359.0,379.0,1194.0,1112.0,356.0,207.0,2118.0,1853.0,573.0,837.0,1309.0,307.0,1608.0,1239.0,834.0,1192.0,510.0,2231.0,231.0,479.0,832.0,1163.0,407.0,816.0,378.0,2015.0,1170.0,318.0,1826.0,781.0,338.0,475.0,681.0,1692.0,636.0,180.0,1294.0,2130.0,530.0,1967.0,1202.0,1777.0,577.0,301.0,293.0,1747.0,953.0,1890.0,296.0,340.0,747.0,1636.0,640.0,455.0,834.0,415.0,1501.0,735.0,00000000000000000d6c,50.5157761283101,C1105P02
575.0,1700.0,1335.0,356.0,339.0,1004.0,996.0,328.0,239.0,1893.0,1517.0,538.0,688.0,1268.0,304.0,1462.0,1220.0,814.0,1023.0,558.0,1929.0,237.0,385.0,824.0,1093.0,469.0,686.0,376.0,1864.0,994.0,321.0,1616.0,795.0,304.0,447.0,588.0,1436.0,585.0,204.0,1200.0,1856.0,486.0,1799.0,1023.0,1533.0,479.0,291.0,296.0,1443.0,920.0,1695.0,310.0,285.0,643.0,1559.0,614.0,460.0,880.0,381.0,1302.0,588.0,00000000000000000d6d,87.6031805773637,C1105P03
649.0,1950.0,1498.0,446.0,438.0,1313.0,1201.0,413.0,256.0,2186.0,1996.0,624.0,926.0,1407.0,352.0,1680.0,1311.0,923.0,1319.0,573.0,2335.0,290.0,568.0,886.0,1309.0,480.0,922.0,438.0,2057.0,1256.0,383.0,1917.0,813.0,403.0,544.0,794.0,1794.0,710.0,226.0,1376.0,2223.0,620.0,2091.0,1329.0,1896.0,646.0,356.0,347.0,1851.0,1052.0,1974.0,375.0,412.0,863.0,1690.0,735.0,507.0,934.0,480.0,1538.0,820.0,00000000000000000d6e,144.934008620115,C1105P04
575.0,1686.0,1343.0,345.0,345.0,1016.0,988.0,318.0,217.0,1905.0,1536.0,543.0,700.0,1273.0,308.0,1447.0,1223.0,814.0,1031.0,534.0,1953.0,228.0,393.0,825.0,1096.0,438.0,702.0,365.0,1856.0,1005.0,320.0,1628.0,796.0,308.0,449.0,597.0,1455.0,575.0,195.0,1204.0,1880.0,488.0,1781.0,1033.0,1531.0,490.0,273.0,289.0,1460.0,920.0,1710.0,293.0,289.0,652.0,1571.0,615.0,449.0,847.0,387.0,1320.0,599.0,00000000000000000d6f,52.5639585780066,C1105P05
703.0,2190.0,1667.0,522.0,560.0,1613.0,1499.0,540.0,350.0,2353.0,2342.0,680.0,1095.0,1593.0,423.0,1967.0,1436.0,1032.0,1594.0,638.0,2661.0,379.0,706.0,976.0,1492.0,563.0,1100.0,508.0,2247.0,1579.0,461.0,2102.0,910.0,489.0,613.0,982.0,2082.0,907.0,347.0,1546.0,2507.0,671.0,2319.0,1604.0,2226.0,765.0,439.0,419.0,2158.0,1162.0,2129.0,471.0,518.0,1062.0,1788.0,816.0,575.0,1078.0,556.0,1840.0,1020.0,00000000000000000d70,15.6759524055617,C1105P06
602.0,1889.0,1431.0,383.0,392.0,1240.0,1148.0,372.0,218.0,2149.0,1913.0,583.0,872.0,1336.0,316.0,1640.0,1245.0,854.0,1236.0,521.0,2273.0,247.0,508.0,833.0,1207.0,424.0,851.0,390.0,2030.0,1200.0,340.0,1862.0,778.0,356.0,492.0,719.0,1733.0,662.0,194.0,1327.0,2171.0,552.0,2024.0,1246.0,1835.0,595.0,315.0,296.0,1801.0,974.0,1927.0,319.0,359.0,788.0,1647.0,660.0,463.0,859.0,429.0,1531.0,772.0,00000000000000000d71,549.627201091691,C1105P08
631.0,1885.0,1370.0,462.0,416.0,1192.0,1150.0,367.0,253.0,2010.0,1824.0,567.0,822.0,1385.0,367.0,1559.0,1357.0,896.0,1283.0,569.0,2080.0,297.0,488.0,872.0,1258.0,509.0,816.0,457.0,1949.0,1164.0,368.0,1761.0,821.0,367.0,524.0,724.0,1666.0,634.0,238.0,1279.0,2040.0,587.0,1922.0,1273.0,1742.0,589.0,330.0,363.0,1683.0,1028.0,1870.0,372.0,356.0,788.0,1673.0,715.0,502.0,934.0,462.0,1401.0,703.0,00000000000000000d72,2303.13259329428,C1106C01
631.0,1850.0,1371.0,448.0,406.0,1168.0,1124.0,354.0,254.0,2010.0,1780.0,570.0,801.0,1378.0,365.0,1539.0,1342.0,896.0,1246.0,570.0,2067.0,291.0,471.0,874.0,1241.0,500.0,801.0,445.0,1944.0,1142.0,369.0,1751.0,838.0,365.0,521.0,708.0,1641.0,616.0,233.0,1283.0,2035.0,576.0,1908.0,1236.0,1708.0,572.0,323.0,355.0,1664.0,1019.0,1865.0,362.0,355.0,763.0,1676.0,702.0,501.0,933.0,453.0,1412.0,689.0,00000000000000000d73,779.413562505447,C1106C03
646.0,2005.0,1465.0,489.0,459.0,1319.0,1246.0,423.0,271.0,2081.0,1995.0,586.0,918.0,1435.0,382.0,1675.0,1404.0,937.0,1409.0,593.0,2220.0,316.0,568.0,903.0,1382.0,528.0,893.0,472.0,2022.0,1288.0,377.0,1863.0,808.0,403.0,558.0,834.0,1779.0,732.0,261.0,1313.0,2163.0,636.0,2023.0,1404.0,1869.0,661.0,351.0,378.0,1797.0,1083.0,1926.0,411.0,398.0,900.0,1721.0,776.0,522.0,979.0,500.0,1445.0,792.0,00000000000000000d74,1131.01176230424,C1106C04
620.0,1925.0,1353.0,479.0,425.0,1208.0,1185.0,376.0,261.0,1973.0,1831.0,541.0,823.0,1392.0,365.0,1580.0,1390.0,882.0,1326.0,559.0,2064.0,306.0,490.0,862.0,1266.0,518.0,810.0,475.0,1926.0,1194.0,359.0,1755.0,793.0,366.0,522.0,743.0,1680.0,662.0,246.0,1256.0,2006.0,584.0,1908.0,1308.0,1767.0,597.0,331.0,365.0,1681.0,1027.0,1828.0,378.0,364.0,812.0,1647.0,723.0,501.0,948.0,470.0,1378.0,697.0,00000000000000000d75,1161.36173513731,C1106C05
597.0,1703.0,1284.0,421.0,357.0,1046.0,1029.0,299.0,243.0,1854.0,1580.0,535.0,684.0,1321.0,328.0,1413.0,1292.0,838.0,1111.0,537.0,1899.0,274.0,397.0,829.0,1133.0,476.0,715.0,432.0,1794.0,1028.0,357.0,1579.0,790.0,327.0,505.0,617.0,1492.0,562.0,212.0,1213.0,1868.0,547.0,1758.0,1093.0,1572.0,487.0,295.0,337.0,1492.0,956.0,1696.0,337.0,316.0,683.0,1531.0,657.0,485.0,891.0,411.0,1336.0,598.0,00000000000000000d76,1947.51158975906,C1106C07
600.0,1831.0,1418.0,366.0,371.0,1145.0,1074.0,339.0,205.0,2074.0,1773.0,569.0,800.0,1318.0,322.0,1566.0,1264.0,841.0,1146.0,522.0,2156.0,230.0,452.0,852.0,1150.0,421.0,833.0,390.0,1997.0,1126.0,307.0,1783.0,813.0,332.0,456.0,655.0,1635.0,613.0,183.0,1273.0,2073.0,508.0,1910.0,1154.0,1712.0,552.0,288.0,300.0,1674.0,962.0,1863.0,285.0,321.0,715.0,1656.0,641.0,446.0,845.0,409.0,1452.0,691.0,00000000000000000d77,1079.73995251437,C1106C09
583.0,1843.0,1271.0,383.0,341.0,976.0,1073.0,376.0,301.0,1803.0,1463.0,517.0,636.0,1288.0,309.0,1575.0,1295.0,823.0,1038.0,667.0,1830.0,260.0,370.0,825.0,1110.0,618.0,654.0,401.0,1922.0,975.0,336.0,1547.0,778.0,300.0,478.0,571.0,1383.0,648.0,272.0,1197.0,1782.0,516.0,1876.0,1012.0,1573.0,462.0,327.0,301.0,1380.0,929.0,1653.0,404.0,290.0,633.0,1491.0,640.0,548.0,1038.0,375.0,1250.0,545.0,00000000000000000d78,129.308699207793,C1106F01
611.0,1841.0,1304.0,431.0,377.0,1044.0,1079.0,354.0,282.0,1848.0,1577.0,531.0,696.0,1330.0,323.0,1538.0,1362.0,851.0,1135.0,603.0,1896.0,283.0,417.0,859.0,1163.0,589.0,713.0,432.0,1864.0,1055.0,346.0,1606.0,802.0,323.0,497.0,643.0,1480.0,635.0,255.0,1228.0,1840.0,539.0,1846.0,1110.0,1613.0,505.0,321.0,328.0,1462.0,983.0,1703.0,386.0,320.0,715.0,1532.0,679.0,510.0,1010.0,407.0,1297.0,601.0,00000000000000000d79,2111.57329434278,C1106F05
602.0,1850.0,1435.0,360.0,376.0,1166.0,1092.0,347.0,204.0,2104.0,1803.0,574.0,815.0,1319.0,320.0,1590.0,1263.0,844.0,1164.0,522.0,2193.0,228.0,463.0,856.0,1152.0,418.0,844.0,385.0,2023.0,1146.0,306.0,1809.0,815.0,332.0,459.0,661.0,1660.0,623.0,180.0,1284.0,2104.0,506.0,1935.0,1170.0,1737.0,563.0,289.0,296.0,1700.0,966.0,1879.0,285.0,326.0,725.0,1659.0,641.0,444.0,844.0,411.0,1477.0,705.0,00000000000000000d7a,172.67524539275,C1106F06
594.0,1786.0,1267.0,400.0,340.0,1001.0,1057.0,351.0,277.0,1819.0,1513.0,525.0,656.0,1294.0,311.0,1513.0,1285.0,814.0,1065.0,625.0,1872.0,266.0,379.0,823.0,1109.0,585.0,683.0,410.0,1865.0,992.0,343.0,1554.0,775.0,310.0,481.0,581.0,1427.0,620.0,250.0,1187.0,1814.0,521.0,1857.0,1047.0,1583.0,477.0,318.0,308.0,1427.0,940.0,1670.0,373.0,300.0,655.0,1514.0,644.0,521.0,998.0,391.0,1282.0,563.0,00000000000000000d7b,1992.14974284335,C1106F08
613.0,1838.0,1320.0,449.0,401.0,1148.0,1131.0,346.0,251.0,1935.0,1737.0,539.0,765.0,1374.0,353.0,1520.0,1363.0,865.0,1244.0,551.0,2004.0,291.0,448.0,858.0,1212.0,502.0,772.0,449.0,1875.0,1140.0,360.0,1684.0,805.0,351.0,510.0,685.0,1606.0,608.0,236.0,1254.0,1963.0,560.0,1854.0,1227.0,1695.0,553.0,314.0,346.0,1614.0,996.0,1800.0,360.0,343.0,753.0,1611.0,698.0,490.0,925.0,447.0,1374.0,657.0,00000000000000000d7c,2980.61374355701,C1106P01
619.0,1982.0,1383.0,481.0,442.0,1252.0,1226.0,398.0,266.0,2004.0,1878.0,544.0,843.0,1418.0,369.0,1622.0,1427.0,903.0,1375.0,564.0,2106.0,310.0,515.0,882.0,1308.0,523.0,832.0,474.0,1961.0,1235.0,363.0,1801.0,797.0,375.0,536.0,774.0,1725.0,693.0,257.0,1270.0,2037.0,604.0,1949.0,1352.0,1815.0,620.0,332.0,365.0,1714.0,1049.0,1855.0,394.0,380.0,843.0,1677.0,738.0,511.0,970.0,481.0,1398.0,715.0,00000000000000000d7d,1843.70107180954,C1106P02
610.0,1863.0,1423.0,382.0,387.0,1192.0,1106.0,362.0,215.0,2114.0,1851.0,585.0,840.0,1321.0,324.0,1591.0,1261.0,854.0,1197.0,524.0,2214.0,243.0,488.0,848.0,1188.0,422.0,833.0,393.0,2017.0,1164.0,326.0,1826.0,799.0,352.0,478.0,685.0,1689.0,633.0,192.0,1303.0,2124.0,537.0,1966.0,1207.0,1774.0,582.0,307.0,307.0,1750.0,978.0,1903.0,304.0,346.0,753.0,1657.0,659.0,456.0,854.0,427.0,1492.0,732.0,00000000000000000d7e,1680.970893985,C1106P03
616.0,1928.0,1366.0,472.0,419.0,1190.0,1178.0,365.0,262.0,1948.0,1788.0,532.0,784.0,1401.0,352.0,1569.0,1438.0,875.0,1313.0,551.0,2042.0,302.0,476.0,877.0,1256.0,512.0,797.0,469.0,1904.0,1192.0,358.0,1740.0,795.0,356.0,529.0,722.0,1659.0,654.0,251.0,1258.0,1973.0,583.0,1882.0,1288.0,1747.0,579.0,322.0,356.0,1641.0,1029.0,1817.0,383.0,352.0,796.0,1620.0,718.0,503.0,954.0,449.0,1370.0,676.0,00000000000000000d7f,1166.77252165261,C1106P04
599.0,1831.0,1415.0,364.0,371.0,1146.0,1075.0,339.0,203.0,2072.0,1777.0,568.0,800.0,1315.0,322.0,1566.0,1263.0,837.0,1146.0,523.0,2154.0,228.0,453.0,847.0,1151.0,420.0,834.0,387.0,1994.0,1126.0,306.0,1782.0,807.0,333.0,455.0,654.0,1637.0,612.0,183.0,1273.0,2072.0,507.0,1910.0,1155.0,1716.0,551.0,285.0,297.0,1677.0,956.0,1862.0,285.0,322.0,713.0,1653.0,641.0,444.0,839.0,408.0,1452.0,691.0,00000000000000000d80,874.108621957376,C1106P05
573.0,1742.0,1249.0,380.0,307.0,947.0,1029.0,341.0,281.0,1765.0,1431.0,516.0,632.0,1242.0,292.0,1495.0,1223.0,785.0,993.0,641.0,1798.0,247.0,345.0,795.0,1055.0,581.0,640.0,390.0,1863.0,947.0,321.0,1500.0,756.0,290.0,462.0,549.0,1357.0,612.0,235.0,1144.0,1740.0,503.0,1809.0,985.0,1529.0,443.0,311.0,299.0,1356.0,900.0,1590.0,367.0,272.0,606.0,1452.0,625.0,527.0,976.0,372.0,1230.0,531.0,00000000000000000d81,656.420133724801,C1106P06
575.0,1779.0,1424.0,331.0,346.0,1106.0,1043.0,322.0,192.0,2039.0,1713.0,561.0,772.0,1282.0,291.0,1550.0,1223.0,798.0,1097.0,499.0,2145.0,218.0,420.0,832.0,1066.0,393.0,804.0,375.0,1987.0,1101.0,281.0,1754.0,803.0,300.0,436.0,627.0,1618.0,604.0,163.0,1230.0,2031.0,478.0,1853.0,1097.0,1656.0,536.0,282.0,286.0,1613.0,912.0,1801.0,259.0,296.0,687.0,1605.0,607.0,434.0,808.0,384.0,1447.0,679.0,00000000000000000d82,815.703472475777,C1106W01
611.0,1852.0,1321.0,454.0,404.0,1144.0,1134.0,345.0,250.0,1916.0,1718.0,527.0,752.0,1370.0,352.0,1517.0,1388.0,855.0,1248.0,542.0,1991.0,293.0,448.0,859.0,1205.0,503.0,774.0,454.0,1863.0,1141.0,356.0,1679.0,796.0,345.0,511.0,680.0,1603.0,613.0,242.0,1244.0,1939.0,559.0,1831.0,1229.0,1683.0,555.0,308.0,345.0,1591.0,996.0,1781.0,363.0,337.0,749.0,1590.0,696.0,491.0,930.0,439.0,1353.0,647.0,00000000000000000d83,2438.7321939299,C1106W02
579.0,1800.0,1435.0,331.0,354.0,1128.0,1060.0,329.0,190.0,2068.0,1736.0,562.0,782.0,1302.0,301.0,1564.0,1242.0,810.0,1120.0,500.0,2162.0,218.0,431.0,839.0,1092.0,399.0,812.0,370.0,2002.0,1117.0,287.0,1776.0,810.0,310.0,444.0,640.0,1630.0,612.0,171.0,1249.0,2056.0,483.0,1884.0,1120.0,1678.0,544.0,279.0,286.0,1636.0,928.0,1829.0,265.0,303.0,700.0,1629.0,611.0,440.0,821.0,395.0,1462.0,686.0,00000000000000000d84,594.040341040892,C1106W03
590.0,1769.0,1399.0,362.0,360.0,1088.0,1025.0,319.0,203.0,2003.0,1663.0,556.0,760.0,1306.0,323.0,1508.0,1250.0,835.0,1096.0,517.0,2086.0,228.0,422.0,847.0,1127.0,412.0,801.0,384.0,1951.0,1066.0,316.0,1723.0,808.0,323.0,457.0,634.0,1565.0,594.0,183.0,1237.0,1999.0,509.0,1848.0,1097.0,1635.0,529.0,275.0,303.0,1583.0,945.0,1799.0,281.0,301.0,689.0,1645.0,632.0,448.0,836.0,401.0,1394.0,644.0,00000000000000000d85,3079.01555203857,C1106W04
613.0,1809.0,1424.0,379.0,377.0,1115.0,1054.0,338.0,217.0,2049.0,1694.0,572.0,772.0,1343.0,337.0,1545.0,1286.0,868.0,1124.0,541.0,2114.0,249.0,442.0,876.0,1168.0,437.0,817.0,401.0,1977.0,1086.0,335.0,1769.0,835.0,337.0,474.0,654.0,1591.0,606.0,201.0,1276.0,2039.0,527.0,1892.0,1127.0,1661.0,544.0,293.0,314.0,1614.0,981.0,1849.0,306.0,316.0,713.0,1686.0,655.0,464.0,868.0,410.0,1421.0,664.0,00000000000000000d86,499.023010865679,C1106W05
602.0,1846.0,1432.0,359.0,376.0,1166.0,1089.0,348.0,204.0,2100.0,1806.0,575.0,817.0,1313.0,318.0,1587.0,1256.0,837.0,1163.0,520.0,2194.0,228.0,464.0,848.0,1149.0,416.0,838.0,382.0,2018.0,1145.0,307.0,1807.0,805.0,332.0,460.0,662.0,1662.0,624.0,179.0,1282.0,2103.0,507.0,1932.0,1170.0,1738.0,564.0,290.0,296.0,1703.0,958.0,1873.0,285.0,327.0,727.0,1649.0,640.0,444.0,837.0,412.0,1478.0,707.0,00000000000000000d87,633.989202720717,C1106W08
610.0,1838.0,1321.0,457.0,400.0,1150.0,1131.0,345.0,258.0,1944.0,1746.0,537.0,775.0,1374.0,360.0,1521.0,1360.0,866.0,1248.0,548.0,2007.0,296.0,449.0,856.0,1213.0,502.0,774.0,457.0,1876.0,1141.0,363.0,1694.0,805.0,360.0,514.0,692.0,1612.0,610.0,238.0,1251.0,1967.0,565.0,1866.0,1233.0,1701.0,554.0,323.0,355.0,1621.0,999.0,1812.0,363.0,349.0,760.0,1615.0,698.0,494.0,925.0,455.0,1373.0,663.0,00000000000000000d88,2067.05063754191,C1106W10
664.0,2166.0,1598.0,554.0,524.0,1533.0,1418.0,496.0,327.0,2190.0,2240.0,614.0,1038.0,1519.0,402.0,1848.0,1452.0,999.0,1584.0,614.0,2462.0,361.0,682.0,951.0,1509.0,547.0,972.0,521.0,2136.0,1502.0,417.0,2029.0,828.0,453.0,627.0,980.0,1973.0,879.0,311.0,1395.0,2340.0,710.0,2189.0,1584.0,2089.0,741.0,415.0,421.0,1995.0,1163.0,2009.0,488.0,481.0,1071.0,1755.0,839.0,571.0,1057.0,539.0,1609.0,931.0,00000000000000000d89,220.344476379775,C1107C01
592.0,1863.0,1424.0,358.0,379.0,1202.0,1118.0,357.0,207.0,2129.0,1863.0,573.0,841.0,1314.0,308.0,1618.0,1238.0,836.0,1197.0,509.0,2244.0,231.0,481.0,832.0,1166.0,406.0,813.0,378.0,2021.0,1176.0,319.0,1836.0,780.0,341.0,476.0,685.0,1702.0,640.0,182.0,1299.0,2140.0,531.0,1979.0,1207.0,1787.0,578.0,301.0,292.0,1755.0,956.0,1897.0,297.0,345.0,752.0,1638.0,641.0,455.0,836.0,420.0,1509.0,741.0,00000000000000000d8a,216.117556126498,C1107C02
637.0,2037.0,1544.0,447.0,479.0,1456.0,1339.0,461.0,285.0,2288.0,2163.0,626.0,1009.0,1477.0,361.0,1833.0,1295.0,941.0,1423.0,568.0,2522.0,305.0,621.0,887.0,1353.0,494.0,995.0,437.0,2132.0,1402.0,407.0,2007.0,832.0,424.0,551.0,871.0,1930.0,796.0,268.0,1452.0,2375.0,611.0,2239.0,1434.0,2080.0,688.0,379.0,346.0,2009.0,1063.0,2038.0,397.0,451.0,943.0,1695.0,734.0,521.0,975.0,494.0,1695.0,920.0,00000000000000000d8c,144.283859535237,C1107C07
636.0,1940.0,1412.0,476.0,438.0,1259.0,1198.0,396.0,263.0,2051.0,1913.0,577.0,872.0,1409.0,378.0,1615.0,1379.0,915.0,1349.0,580.0,2144.0,307.0,528.0,890.0,1324.0,519.0,860.0,465.0,1982.0,1224.0,376.0,1814.0,815.0,384.0,544.0,775.0,1723.0,677.0,247.0,1297.0,2100.0,616.0,1977.0,1344.0,1814.0,632.0,341.0,374.0,1744.0,1056.0,1900.0,392.0,375.0,837.0,1705.0,744.0,514.0,958.0,481.0,1420.0,745.0,00000000000000000d8d,213.564663980345,C1107C08
611.0,1917.0,1363.0,469.0,424.0,1176.0,1171.0,360.0,262.0,1949.0,1769.0,525.0,779.0,1400.0,353.0,1558.0,1440.0,873.0,1298.0,545.0,2030.0,302.0,473.0,878.0,1243.0,510.0,799.0,468.0,1893.0,1186.0,358.0,1729.0,802.0,356.0,526.0,714.0,1645.0,648.0,253.0,1262.0,1965.0,577.0,1873.0,1275.0,1734.0,579.0,318.0,356.0,1626.0,1029.0,1815.0,380.0,349.0,791.0,1612.0,708.0,502.0,952.0,449.0,1364.0,672.0,00000000000000000d8e,85.6752409629361,C1107C10
615.0,2082.0,1471.0,506.0,454.0,1300.0,1252.0,417.0,286.0,1965.0,1957.0,523.0,850.0,1401.0,366.0,1666.0,1494.0,912.0,1433.0,559.0,2167.0,320.0,568.0,901.0,1354.0,511.0,851.0,478.0,1960.0,1313.0,350.0,1857.0,767.0,391.0,578.0,832.0,1765.0,776.0,283.0,1246.0,2043.0,651.0,1919.0,1404.0,1859.0,641.0,341.0,372.0,1723.0,1102.0,1823.0,452.0,414.0,930.0,1621.0,774.0,521.0,996.0,489.0,1394.0,736.0,00000000000000000d8f,149.781472929709,C1107C11
659.0,2042.0,1528.0,481.0,486.0,1442.0,1322.0,462.0,291.0,2233.0,2134.0,630.0,1018.0,1468.0,370.0,1793.0,1317.0,950.0,1443.0,581.0,2456.0,313.0,632.0,892.0,1385.0,510.0,999.0,468.0,2116.0,1384.0,413.0,1978.0,814.0,433.0,576.0,897.0,1904.0,796.0,261.0,1409.0,2327.0,659.0,2186.0,1461.0,2032.0,705.0,380.0,369.0,1954.0,1079.0,1998.0,417.0,453.0,969.0,1701.0,775.0,540.0,981.0,508.0,1606.0,907.0,00000000000000000d90,134.202267167157,C1107C12
637.0,2015.0,1523.0,428.0,457.0,1412.0,1292.0,437.0,265.0,2280.0,2110.0,618.0,988.0,1445.0,346.0,1788.0,1288.0,928.0,1390.0,553.0,2474.0,286.0,600.0,873.0,1332.0,474.0,978.0,425.0,2125.0,1350.0,393.0,1996.0,814.0,407.0,540.0,839.0,1889.0,765.0,242.0,1422.0,2339.0,608.0,2212.0,1403.0,2030.0,672.0,360.0,329.0,1964.0,1053.0,2029.0,384.0,430.0,917.0,1699.0,724.0,509.0,951.0,478.0,1650.0,889.0,00000000000000000d91,171.555751959093,C1107C13
722.0,2272.0,1701.0,584.0,601.0,1677.0,1557.0,580.0,385.0,2324.0,2375.0,685.0,1147.0,1628.0,452.0,1995.0,1506.0,1056.0,1686.0,663.0,2631.0,412.0,762.0,998.0,1581.0,595.0,1109.0,553.0,2275.0,1630.0,486.0,2143.0,904.0,514.0,669.0,1058.0,2115.0,970.0,374.0,1537.0,2498.0,748.0,2327.0,1697.0,2254.0,819.0,469.0,458.0,2161.0,1208.0,2114.0,532.0,543.0,1146.0,1831.0,869.0,617.0,1111.0,592.0,1795.0,1040.0,00000000000000000d92,65.1686488192164,C1107C14
635.0,1904.0,1455.0,413.0,417.0,1253.0,1151.0,386.0,238.0,2155.0,1936.0,604.0,889.0,1367.0,331.0,1631.0,1273.0,884.0,1257.0,552.0,2276.0,265.0,530.0,856.0,1242.0,458.0,890.0,420.0,2034.0,1205.0,356.0,1879.0,798.0,373.0,505.0,745.0,1749.0,667.0,209.0,1347.0,2184.0,579.0,2044.0,1267.0,1845.0,620.0,333.0,322.0,1809.0,1010.0,1950.0,344.0,383.0,813.0,1666.0,696.0,484.0,893.0,448.0,1528.0,781.0,00000000000000000d93,234.130006956728,C1107C15
632.0,1951.0,1414.0,477.0,438.0,1270.0,1208.0,398.0,263.0,2053.0,1925.0,576.0,884.0,1410.0,376.0,1624.0,1381.0,915.0,1362.0,580.0,2152.0,307.0,530.0,889.0,1331.0,519.0,858.0,464.0,1986.0,1236.0,376.0,1820.0,811.0,384.0,545.0,787.0,1731.0,689.0,248.0,1296.0,2108.0,616.0,1982.0,1357.0,1824.0,631.0,341.0,374.0,1750.0,1057.0,1901.0,394.0,376.0,851.0,1707.0,746.0,515.0,959.0,480.0,1420.0,754.0,00000000000000000d94,133.126320509934,C1107C16
619.0,1999.0,1528.0,414.0,453.0,1412.0,1301.0,435.0,264.0,2302.0,2121.0,619.0,981.0,1454.0,334.0,1813.0,1268.0,908.0,1366.0,547.0,2499.0,281.0,589.0,864.0,1299.0,466.0,961.0,412.0,2119.0,1364.0,379.0,2000.0,818.0,401.0,526.0,833.0,1903.0,770.0,245.0,1438.0,2357.0,576.0,2231.0,1378.0,2042.0,651.0,362.0,320.0,1986.0,1026.0,2037.0,366.0,421.0,901.0,1679.0,698.0,498.0,943.0,470.0,1698.0,908.0,00000000000000000d95,247.05100690734,C1107C21
671.0,2120.0,1586.0,538.0,522.0,1507.0,1380.0,490.0,315.0,2219.0,2212.0,633.0,1048.0,1516.0,398.0,1825.0,1409.0,994.0,1532.0,615.0,2473.0,350.0,676.0,935.0,1476.0,543.0,1042.0,510.0,2130.0,1456.0,427.0,2018.0,833.0,452.0,627.0,958.0,1947.0,851.0,300.0,1418.0,2346.0,710.0,2202.0,1540.0,2077.0,738.0,410.0,407.0,1986.0,1149.0,2019.0,472.0,473.0,1038.0,1741.0,828.0,574.0,1042.0,539.0,1606.0,929.0,00000000000000000d96,246.88626415386,C1107C88
646.0,1990.0,1456.0,488.0,454.0,1305.0,1233.0,418.0,271.0,2086.0,1982.0,590.0,919.0,1427.0,379.0,1662.0,1393.0,937.0,1391.0,593.0,2207.0,316.0,560.0,906.0,1368.0,526.0,888.0,473.0,2019.0,1274.0,380.0,1860.0,815.0,397.0,558.0,827.0,1771.0,723.0,256.0,1311.0,2156.0,634.0,2019.0,1389.0,1859.0,654.0,351.0,380.0,1792.0,1080.0,1930.0,407.0,391.0,891.0,1726.0,771.0,523.0,976.0,491.0,1447.0,790.0,00000000000000000d98,142.449375089774,C1107F03
615.0,1979.0,1504.0,404.0,441.0,1379.0,1275.0,422.0,250.0,2286.0,2084.0,615.0,963.0,1436.0,329.0,1786.0,1264.0,896.0,1340.0,537.0,2479.0,271.0,572.0,857.0,1280.0,458.0,950.0,405.0,2116.0,1332.0,367.0,1979.0,811.0,391.0,511.0,808.0,1878.0,750.0,232.0,1426.0,2332.0,570.0,2205.0,1348.0,2014.0,642.0,354.0,311.0,1964.0,1018.0,2026.0,347.0,411.0,876.0,1679.0,692.0,489.0,925.0,461.0,1674.0,886.0,00000000000000000d99,133.431458047079,C1107F04
651.0,2052.0,1556.0,448.0,485.0,1473.0,1361.0,474.0,291.0,2308.0,2190.0,642.0,1017.0,1491.0,365.0,1860.0,1308.0,948.0,1438.0,584.0,2551.0,310.0,629.0,902.0,1361.0,511.0,987.0,438.0,2147.0,1427.0,408.0,2022.0,847.0,429.0,550.0,877.0,1951.0,811.0,280.0,1471.0,2399.0,600.0,2259.0,1445.0,2104.0,687.0,387.0,349.0,2037.0,1066.0,2058.0,399.0,450.0,952.0,1708.0,744.0,521.0,985.0,495.0,1730.0,934.0,00000000000000000d9a,146.763271776551,C1107P02
710.0,2235.0,1683.0,572.0,588.0,1648.0,1523.0,565.0,373.0,2310.0,2350.0,671.0,1129.0,1605.0,436.0,1959.0,1480.0,1041.0,1656.0,648.0,2601.0,395.0,747.0,978.0,1553.0,580.0,1105.0,543.0,2240.0,1606.0,479.0,2129.0,886.0,501.0,667.0,1038.0,2093.0,948.0,355.0,1516.0,2464.0,740.0,2306.0,1668.0,2224.0,802.0,458.0,448.0,2138.0,1190.0,2099.0,518.0,528.0,1124.0,1810.0,860.0,610.0,1089.0,579.0,1777.0,1024.0,00000000000000000d9b,51.7149516729762,C1107P03
619.0,1887.0,1332.0,468.0,417.0,1179.0,1165.0,367.0,256.0,1947.0,1782.0,536.0,796.0,1377.0,362.0,1550.0,1378.0,872.0,1291.0,557.0,2033.0,301.0,473.0,858.0,1234.0,510.0,801.0,468.0,1902.0,1174.0,364.0,1716.0,794.0,356.0,523.0,718.0,1644.0,640.0,245.0,1250.0,1979.0,579.0,1872.0,1271.0,1733.0,583.0,323.0,356.0,1643.0,1010.0,1806.0,374.0,356.0,787.0,1624.0,711.0,502.0,936.0,462.0,1371.0,675.0,00000000000000000d9c,175.219073247907,C1107P04
610.0,1831.0,1418.0,377.0,374.0,1140.0,1064.0,342.0,207.0,2063.0,1768.0,575.0,800.0,1324.0,327.0,1556.0,1267.0,848.0,1145.0,525.0,2142.0,238.0,451.0,858.0,1159.0,427.0,832.0,397.0,1990.0,1120.0,319.0,1781.0,815.0,341.0,470.0,661.0,1631.0,609.0,186.0,1277.0,2064.0,524.0,1903.0,1155.0,1704.0,556.0,295.0,309.0,1672.0,971.0,1862.0,297.0,330.0,721.0,1657.0,652.0,459.0,855.0,416.0,1443.0,691.0,00000000000000000d9e,372.309670096358,C1107P09
613.0,1782.0,1303.0,439.0,384.0,1095.0,1086.0,324.0,253.0,1895.0,1644.0,533.0,714.0,1352.0,336.0,1476.0,1353.0,852.0,1190.0,544.0,1951.0,284.0,423.0,853.0,1177.0,541.0,737.0,439.0,1839.0,1086.0,361.0,1637.0,803.0,335.0,513.0,646.0,1536.0,589.0,226.0,1244.0,1911.0,553.0,1850.0,1162.0,1617.0,521.0,302.0,336.0,1536.0,980.0,1755.0,351.0,326.0,711.0,1577.0,674.0,493.0,965.0,416.0,1347.0,618.0,00000000000000000d9f,64.7599453165473,C1107P91
683.0,2112.0,1643.0,471.0,532.0,1549.0,1447.0,512.0,328.0,2361.0,2293.0,689.0,1055.0,1585.0,402.0,1948.0,1375.0,1007.0,1498.0,616.0,2648.0,348.0,670.0,965.0,1402.0,546.0,1090.0,469.0,2213.0,1509.0,438.0,2078.0,924.0,469.0,566.0,908.0,2056.0,858.0,322.0,1562.0,2495.0,618.0,2293.0,1500.0,2212.0,722.0,426.0,381.0,2146.0,1121.0,2108.0,422.0,493.0,984.0,1741.0,763.0,553.0,1051.0,537.0,1867.0,989.0,00000000000000000da0,111.671398755549,C1107P95
606.0,1883.0,1332.0,457.0,406.0,1177.0,1158.0,360.0,250.0,1919.0,1761.0,526.0,774.0,1372.0,357.0,1541.0,1393.0,855.0,1287.0,541.0,2013.0,293.0,464.0,853.0,1234.0,500.0,786.0,453.0,1879.0,1163.0,352.0,1705.0,779.0,356.0,514.0,708.0,1633.0,635.0,246.0,1239.0,1953.0,568.0,1853.0,1264.0,1717.0,569.0,314.0,346.0,1620.0,999.0,1786.0,369.0,350.0,776.0,1602.0,700.0,490.0,931.0,451.0,1355.0,666.0,00000000000000000da1,276.487856787615,C1107P97
729.0,2282.0,1707.0,586.0,601.0,1676.0,1559.0,580.0,384.0,2322.0,2375.0,687.0,1141.0,1638.0,452.0,1999.0,1518.0,1057.0,1691.0,671.0,2634.0,414.0,762.0,998.0,1590.0,602.0,1105.0,553.0,2278.0,1636.0,484.0,2147.0,902.0,512.0,669.0,1060.0,2116.0,972.0,375.0,1535.0,2496.0,749.0,2331.0,1701.0,2255.0,819.0,466.0,458.0,2159.0,1213.0,2115.0,536.0,543.0,1150.0,1839.0,881.0,617.0,1116.0,592.0,1792.0,1038.0,00000000000000000da2,97.7594339254118,C1107W01
575.0,1695.0,1343.0,355.0,346.0,1012.0,993.0,326.0,231.0,1904.0,1530.0,541.0,696.0,1275.0,313.0,1456.0,1227.0,821.0,1031.0,543.0,1945.0,237.0,393.0,831.0,1100.0,451.0,695.0,375.0,1862.0,1003.0,321.0,1626.0,802.0,313.0,446.0,595.0,1451.0,581.0,206.0,1207.0,1874.0,485.0,1792.0,1031.0,1534.0,488.0,286.0,296.0,1456.0,927.0,1708.0,300.0,294.0,650.0,1569.0,613.0,451.0,867.0,391.0,1315.0,595.0,00000000000000000da3,158.528932575566,C1107W04
615.0,1727.0,1344.0,427.0,371.0,1080.0,1041.0,316.0,247.0,1926.0,1622.0,557.0,718.0,1334.0,343.0,1457.0,1295.0,858.0,1124.0,548.0,1986.0,279.0,419.0,863.0,1154.0,462.0,746.0,435.0,1868.0,1063.0,360.0,1649.0,831.0,336.0,505.0,626.0,1536.0,575.0,215.0,1243.0,1933.0,546.0,1810.0,1113.0,1605.0,517.0,307.0,339.0,1549.0,975.0,1760.0,338.0,324.0,694.0,1605.0,662.0,485.0,890.0,423.0,1384.0,619.0,00000000000000000da5,83.0581944767796,C1107W06
616.0,1878.0,1437.0,391.0,395.0,1206.0,1118.0,373.0,223.0,2134.0,1864.0,594.0,863.0,1338.0,331.0,1598.0,1278.0,864.0,1216.0,532.0,2227.0,246.0,498.0,855.0,1208.0,429.0,843.0,403.0,2028.0,1176.0,335.0,1843.0,805.0,362.0,486.0,705.0,1701.0,645.0,202.0,1318.0,2138.0,551.0,1984.0,1225.0,1782.0,592.0,312.0,313.0,1761.0,992.0,1924.0,313.0,352.0,774.0,1674.0,668.0,465.0,865.0,437.0,1497.0,753.0,00000000000000000da6,322.42378763126,C1107W09
635.0,1885.0,1384.0,463.0,416.0,1187.0,1143.0,365.0,254.0,2027.0,1817.0,572.0,821.0,1390.0,364.0,1559.0,1360.0,905.0,1272.0,572.0,2087.0,298.0,488.0,882.0,1258.0,510.0,815.0,456.0,1961.0,1160.0,377.0,1772.0,834.0,364.0,532.0,722.0,1665.0,633.0,238.0,1287.0,2050.0,594.0,1932.0,1262.0,1736.0,584.0,331.0,364.0,1682.0,1035.0,1888.0,378.0,354.0,784.0,1683.0,712.0,511.0,938.0,459.0,1409.0,702.0,00000000000000000da7,79.0529340927603,C1107X02
698.0,2211.0,1661.0,560.0,577.0,1626.0,1503.0,552.0,363.0,2298.0,2326.0,662.0,1121.0,1585.0,426.0,1936.0,1458.0,1030.0,1635.0,638.0,2582.0,384.0,735.0,968.0,1533.0,570.0,1101.0,533.0,2220.0,1586.0,467.0,2108.0,877.0,490.0,657.0,1028.0,2069.0,934.0,343.0,1496.0,2446.0,733.0,2289.0,1652.0,2196.0,791.0,448.0,437.0,2113.0,1178.0,2086.0,507.0,515.0,1112.0,1793.0,849.0,600.0,1077.0,569.0,1753.0,1017.0,00000000000000000da8,98.511921811297,C1107X04
687.0,2142.0,1591.0,525.0,545.0,1556.0,1434.0,514.0,333.0,2261.0,2261.0,652.0,1084.0,1525.0,402.0,1878.0,1388.0,988.0,1561.0,619.0,2544.0,354.0,701.0,931.0,1460.0,550.0,1079.0,504.0,2170.0,1505.0,445.0,2045.0,845.0,462.0,623.0,980.0,2001.0,880.0,308.0,1452.0,2408.0,702.0,2242.0,1582.0,2133.0,763.0,418.0,408.0,2054.0,1131.0,2053.0,469.0,482.0,1060.0,1744.0,824.0,571.0,1036.0,542.0,1692.0,984.0,00000000000000000da9,97.8094504430043,C1107X07
567.0,1689.0,1366.0,355.0,338.0,1038.0,986.0,298.0,197.0,1940.0,1565.0,542.0,714.0,1281.0,303.0,1454.0,1221.0,808.0,1037.0,504.0,1994.0,226.0,391.0,830.0,1087.0,405.0,733.0,379.0,1876.0,1021.0,306.0,1659.0,799.0,304.0,447.0,596.0,1470.0,568.0,170.0,1199.0,1914.0,485.0,1789.0,1047.0,1544.0,500.0,272.0,299.0,1478.0,919.0,1738.0,269.0,288.0,655.0,1596.0,609.0,443.0,823.0,389.0,1353.0,612.0,00000000000000000daa,133.148638786466,C1108C01
577.0,1692.0,1356.0,357.0,354.0,1033.0,988.0,315.0,214.0,1935.0,1567.0,547.0,713.0,1287.0,313.0,1448.0,1234.0,824.0,1047.0,517.0,1991.0,234.0,402.0,834.0,1111.0,418.0,717.0,377.0,1867.0,1016.0,319.0,1656.0,805.0,313.0,449.0,607.0,1486.0,570.0,189.0,1218.0,1915.0,489.0,1788.0,1047.0,1548.0,499.0,275.0,300.0,1491.0,931.0,1740.0,279.0,293.0,663.0,1598.0,616.0,439.0,834.0,392.0,1342.0,611.0,00000000000000000dab,95.0919818509632,C1108C02
592.0,1680.0,1267.0,418.0,334.0,997.0,1011.0,310.0,257.0,1813.0,1519.0,532.0,660.0,1272.0,315.0,1423.0,1240.0,805.0,1051.0,569.0,1859.0,271.0,375.0,811.0,1088.0,522.0,692.0,429.0,1805.0,984.0,338.0,1533.0,771.0,315.0,488.0,579.0,1440.0,570.0,216.0,1178.0,1814.0,531.0,1771.0,1036.0,1545.0,476.0,303.0,328.0,1446.0,919.0,1639.0,336.0,295.0,637.0,1500.0,639.0,495.0,922.0,396.0,1312.0,566.0,00000000000000000dac,104.38618051783,C1108C03
602.0,1749.0,1295.0,437.0,379.0,1094.0,1073.0,320.0,251.0,1887.0,1646.0,531.0,717.0,1336.0,336.0,1458.0,1324.0,846.0,1172.0,547.0,1940.0,283.0,418.0,845.0,1167.0,485.0,735.0,441.0,1827.0,1078.0,358.0,1620.0,800.0,336.0,506.0,641.0,1537.0,584.0,223.0,1231.0,1904.0,547.0,1795.0,1148.0,1622.0,514.0,304.0,337.0,1546.0,973.0,1745.0,343.0,325.0,708.0,1572.0,669.0,486.0,903.0,418.0,1359.0,622.0,00000000000000000dad,61.9624096488312,C1108C04
626.0,1775.0,1373.0,434.0,393.0,1123.0,1079.0,334.0,254.0,1980.0,1675.0,574.0,751.0,1368.0,359.0,1500.0,1323.0,879.0,1166.0,564.0,2030.0,286.0,441.0,877.0,1193.0,481.0,763.0,439.0,1911.0,1099.0,373.0,1704.0,843.0,359.0,511.0,658.0,1584.0,600.0,233.0,1278.0,1986.0,552.0,1866.0,1152.0,1649.0,534.0,313.0,349.0,1595.0,994.0,1817.0,345.0,344.0,720.0,1658.0,684.0,495.0,905.0,437.0,1425.0,646.0,00000000000000000dae,83.3883831743143,C1108C05
592.0,1773.0,1273.0,413.0,340.0,1006.0,1054.0,342.0,277.0,1819.0,1525.0,526.0,664.0,1297.0,312.0,1500.0,1289.0,817.0,1071.0,609.0,1871.0,272.0,380.0,822.0,1114.0,571.0,689.0,423.0,1853.0,996.0,342.0,1555.0,777.0,308.0,483.0,594.0,1439.0,616.0,240.0,1193.0,1821.0,523.0,1836.0,1051.0,1582.0,477.0,319.0,321.0,1439.0,940.0,1665.0,366.0,298.0,660.0,1510.0,644.0,514.0,985.0,389.0,1292.0,573.0,00000000000000000daf,118.363958007491,C1108F01
584.0,1682.0,1259.0,405.0,324.0,976.0,1004.0,313.0,260.0,1792.0,1495.0,526.0,650.0,1260.0,316.0,1430.0,1231.0,796.0,1027.0,578.0,1841.0,263.0,365.0,802.0,1075.0,532.0,677.0,418.0,1809.0,964.0,329.0,1514.0,764.0,316.0,476.0,568.0,1419.0,573.0,224.0,1166.0,1792.0,518.0,1769.0,1014.0,1536.0,465.0,303.0,318.0,1423.0,910.0,1617.0,337.0,294.0,625.0,1479.0,630.0,494.0,932.0,399.0,1292.0,554.0,00000000000000000db1,278.403399919702,C1108F03
584.0,1676.0,1250.0,404.0,324.0,974.0,1003.0,314.0,262.0,1788.0,1486.0,527.0,651.0,1250.0,311.0,1426.0,1220.0,795.0,1025.0,581.0,1833.0,263.0,364.0,803.0,1066.0,532.0,677.0,418.0,1804.0,962.0,329.0,1510.0,766.0,311.0,476.0,568.0,1411.0,575.0,221.0,1157.0,1783.0,518.0,1766.0,1012.0,1529.0,465.0,305.0,318.0,1414.0,909.0,1613.0,339.0,290.0,624.0,1475.0,630.0,496.0,932.0,394.0,1284.0,555.0,00000000000000000db2,125.971248799991,C1108F04
576.0,1811.0,1253.0,385.0,330.0,963.0,1055.0,363.0,297.0,1779.0,1450.0,511.0,634.0,1268.0,300.0,1546.0,1272.0,812.0,1024.0,654.0,1808.0,259.0,360.0,815.0,1090.0,606.0,643.0,402.0,1890.0,961.0,328.0,1525.0,768.0,290.0,466.0,567.0,1372.0,641.0,261.0,1175.0,1760.0,504.0,1848.0,999.0,1557.0,452.0,326.0,302.0,1368.0,919.0,1628.0,390.0,281.0,628.0,1470.0,630.0,532.0,1021.0,365.0,1238.0,543.0,00000000000000000db3,72.5780030697183,C1108F05
593.0,1682.0,1268.0,418.0,334.0,999.0,1010.0,308.0,255.0,1821.0,1522.0,532.0,671.0,1273.0,323.0,1424.0,1238.0,808.0,1054.0,565.0,1868.0,270.0,375.0,815.0,1090.0,513.0,693.0,429.0,1807.0,989.0,339.0,1541.0,775.0,321.0,488.0,587.0,1443.0,575.0,219.0,1179.0,1821.0,530.0,1770.0,1039.0,1546.0,477.0,302.0,328.0,1450.0,921.0,1649.0,334.0,302.0,646.0,1509.0,639.0,492.0,915.0,407.0,1312.0,575.0,00000000000000000db4,44.7071806892782,C1108P01
620.0,1774.0,1353.0,438.0,392.0,1125.0,1079.0,329.0,252.0,1962.0,1679.0,564.0,750.0,1360.0,357.0,1492.0,1318.0,877.0,1175.0,559.0,2015.0,283.0,439.0,873.0,1189.0,482.0,764.0,440.0,1895.0,1099.0,370.0,1688.0,837.0,357.0,511.0,659.0,1579.0,592.0,229.0,1267.0,1982.0,554.0,1856.0,1159.0,1647.0,533.0,309.0,347.0,1595.0,995.0,1807.0,347.0,344.0,721.0,1638.0,682.0,493.0,910.0,438.0,1412.0,647.0,00000000000000000db5,73.4372097168235,C1108P02
586.0,1675.0,1266.0,414.0,336.0,1005.0,1007.0,301.0,248.0,1817.0,1529.0,528.0,663.0,1282.0,323.0,1410.0,1254.0,815.0,1060.0,550.0,1864.0,268.0,376.0,816.0,1097.0,500.0,688.0,425.0,1791.0,991.0,340.0,1542.0,776.0,322.0,485.0,587.0,1448.0,560.0,217.0,1183.0,1824.0,527.0,1755.0,1046.0,1543.0,472.0,296.0,327.0,1452.0,932.0,1650.0,330.0,305.0,647.0,1504.0,637.0,482.0,908.0,403.0,1314.0,571.0,00000000000000000db6,101.868719312278,C1108P03
567.0,1671.0,1361.0,342.0,336.0,1025.0,976.0,296.0,189.0,1921.0,1550.0,545.0,708.0,1273.0,304.0,1445.0,1212.0,796.0,1020.0,503.0,1967.0,220.0,388.0,823.0,1075.0,406.0,732.0,366.0,1859.0,1013.0,305.0,1642.0,792.0,305.0,447.0,589.0,1453.0,566.0,172.0,1185.0,1892.0,482.0,1771.0,1035.0,1529.0,501.0,264.0,288.0,1461.0,906.0,1720.0,270.0,291.0,648.0,1580.0,609.0,445.0,814.0,390.0,1351.0,608.0,00000000000000000db7,114.958140171722,C1108P04
625.0,1824.0,1368.0,440.0,398.0,1150.0,1105.0,345.0,255.0,1998.0,1748.0,567.0,784.0,1375.0,365.0,1526.0,1334.0,890.0,1219.0,566.0,2056.0,287.0,458.0,873.0,1230.0,491.0,787.0,440.0,1933.0,1125.0,371.0,1733.0,842.0,365.0,522.0,694.0,1622.0,606.0,231.0,1285.0,2024.0,572.0,1892.0,1209.0,1687.0,560.0,318.0,351.0,1646.0,1009.0,1847.0,358.0,354.0,746.0,1671.0,691.0,503.0,928.0,448.0,1417.0,676.0,00000000000000000db8,74.6409809788045,C1108P05
600.0,1737.0,1284.0,423.0,355.0,1035.0,1049.0,325.0,262.0,1845.0,1559.0,537.0,674.0,1309.0,321.0,1458.0,1290.0,831.0,1098.0,575.0,1889.0,275.0,395.0,831.0,1124.0,532.0,716.0,433.0,1828.0,1020.0,350.0,1573.0,788.0,319.0,495.0,606.0,1474.0,586.0,225.0,1204.0,1851.0,537.0,1805.0,1079.0,1581.0,490.0,309.0,333.0,1474.0,953.0,1684.0,349.0,306.0,669.0,1526.0,657.0,499.0,944.0,400.0,1328.0,584.0,00000000000000000db9,89.1896908036081,C1108P07
586.0,1680.0,1256.0,406.0,325.0,986.0,1008.0,309.0,256.0,1800.0,1501.0,530.0,658.0,1261.0,316.0,1426.0,1234.0,805.0,1036.0,577.0,1843.0,263.0,365.0,809.0,1076.0,535.0,675.0,417.0,1807.0,971.0,338.0,1523.0,770.0,316.0,488.0,577.0,1423.0,576.0,222.0,1166.0,1798.0,531.0,1776.0,1023.0,1536.0,465.0,299.0,318.0,1426.0,921.0,1624.0,342.0,295.0,635.0,1486.0,634.0,502.0,941.0,396.0,1299.0,562.0,00000000000000000dba,102.537053735639,C1108P09
568.0,1729.0,1383.0,339.0,336.0,1062.0,1007.0,305.0,187.0,1988.0,1632.0,542.0,744.0,1272.0,303.0,1489.0,1217.0,799.0,1069.0,494.0,2067.0,220.0,400.0,814.0,1072.0,388.0,773.0,377.0,1926.0,1050.0,291.0,1693.0,793.0,303.0,440.0,616.0,1536.0,587.0,163.0,1206.0,1971.0,480.0,1818.0,1061.0,1593.0,512.0,271.0,288.0,1537.0,909.0,1758.0,262.0,291.0,675.0,1594.0,601.0,440.0,804.0,389.0,1388.0,639.0,00000000000000000dbb,142.271413219393,C1108W02
568.0,1721.0,1381.0,327.0,327.0,1054.0,1004.0,298.0,181.0,1975.0,1626.0,547.0,730.0,1267.0,292.0,1491.0,1208.0,785.0,1066.0,494.0,2061.0,214.0,391.0,809.0,1054.0,386.0,760.0,371.0,1925.0,1053.0,278.0,1686.0,788.0,294.0,431.0,603.0,1535.0,577.0,158.0,1195.0,1959.0,464.0,1806.0,1059.0,1587.0,508.0,270.0,282.0,1532.0,895.0,1745.0,253.0,283.0,663.0,1578.0,599.0,431.0,797.0,377.0,1392.0,635.0,00000000000000000dbc,3403.82625447608,C1108W03
575.0,1723.0,1380.0,349.0,341.0,1069.0,1011.0,307.0,193.0,1983.0,1618.0,543.0,742.0,1281.0,303.0,1476.0,1227.0,814.0,1072.0,504.0,2053.0,222.0,400.0,825.0,1092.0,398.0,761.0,378.0,1912.0,1047.0,306.0,1689.0,801.0,303.0,450.0,617.0,1521.0,585.0,164.0,1216.0,1961.0,494.0,1819.0,1066.0,1586.0,506.0,268.0,293.0,1526.0,924.0,1762.0,269.0,288.0,676.0,1608.0,611.0,447.0,817.0,388.0,1375.0,633.0,00000000000000000dbd,312.625025153439,C1108W04
573.0,1806.0,1253.0,378.0,314.0,959.0,1064.0,367.0,292.0,1775.0,1436.0,513.0,636.0,1256.0,299.0,1549.0,1239.0,795.0,1016.0,663.0,1810.0,248.0,353.0,805.0,1069.0,613.0,651.0,388.0,1895.0,956.0,324.0,1512.0,764.0,289.0,462.0,560.0,1368.0,646.0,256.0,1155.0,1760.0,502.0,1853.0,997.0,1562.0,451.0,322.0,298.0,1359.0,911.0,1609.0,387.0,279.0,617.0,1456.0,622.0,535.0,1018.0,370.0,1223.0,541.0,00000000000000000dbe,132.999459164865,C1108W05
585.0,1698.0,1357.0,356.0,354.0,1039.0,993.0,315.0,214.0,1939.0,1570.0,554.0,713.0,1289.0,313.0,1454.0,1236.0,825.0,1053.0,525.0,1998.0,234.0,403.0,835.0,1113.0,424.0,719.0,377.0,1874.0,1021.0,319.0,1660.0,806.0,313.0,449.0,607.0,1488.0,570.0,189.0,1219.0,1922.0,489.0,1792.0,1053.0,1551.0,500.0,275.0,300.0,1494.0,931.0,1744.0,280.0,293.0,662.0,1602.0,625.0,439.0,835.0,392.0,1344.0,611.0,00000000000000000dbf,140.389569033817,C1108X01
602.0,1806.0,1278.0,413.0,350.0,1018.0,1070.0,355.0,281.0,1840.0,1539.0,532.0,672.0,1310.0,310.0,1529.0,1302.0,824.0,1087.0,627.0,1896.0,273.0,389.0,831.0,1128.0,589.0,697.0,422.0,1883.0,1007.0,351.0,1574.0,783.0,310.0,493.0,598.0,1450.0,628.0,246.0,1203.0,1843.0,533.0,1872.0,1068.0,1600.0,487.0,323.0,318.0,1450.0,950.0,1692.0,380.0,300.0,672.0,1533.0,654.0,529.0,1004.0,389.0,1297.0,578.0,00000000000000000dc0,111.776058020833,C1108X02
570.0,1711.0,1374.0,354.0,345.0,1057.0,1001.0,307.0,197.0,1967.0,1593.0,542.0,725.0,1286.0,303.0,1468.0,1228.0,816.0,1060.0,504.0,2031.0,225.0,400.0,831.0,1096.0,401.0,752.0,381.0,1898.0,1036.0,306.0,1679.0,803.0,304.0,448.0,605.0,1499.0,573.0,167.0,1213.0,1943.0,490.0,1810.0,1062.0,1567.0,507.0,270.0,298.0,1504.0,926.0,1756.0,268.0,287.0,664.0,1609.0,609.0,443.0,825.0,388.0,1364.0,621.0,00000000000000000dc1,116.486296547624,C1108X03
576.0,1702.0,1358.0,354.0,352.0,1042.0,991.0,313.0,208.0,1943.0,1581.0,545.0,718.0,1288.0,313.0,1455.0,1232.0,824.0,1054.0,516.0,2010.0,229.0,402.0,834.0,1111.0,415.0,730.0,375.0,1880.0,1020.0,318.0,1664.0,805.0,313.0,452.0,607.0,1496.0,570.0,183.0,1217.0,1928.0,495.0,1795.0,1054.0,1562.0,501.0,271.0,299.0,1505.0,932.0,1746.0,277.0,292.0,663.0,1605.0,617.0,442.0,834.0,394.0,1349.0,614.0,00000000000000000dc2,99.5023243391086,C1108X04
633.0,2136.0,1547.0,525.0,482.0,1371.0,1313.0,453.0,299.0,2027.0,2070.0,537.0,888.0,1460.0,379.0,1731.0,1512.0,944.0,1495.0,576.0,2279.0,340.0,621.0,921.0,1433.0,517.0,889.0,484.0,2028.0,1409.0,351.0,1931.0,773.0,422.0,600.0,896.0,1834.0,835.0,310.0,1274.0,2132.0,690.0,2003.0,1476.0,1925.0,671.0,370.0,391.0,1814.0,1141.0,1878.0,481.0,461.0,1004.0,1663.0,807.0,541.0,1040.0,525.0,1451.0,802.0,00000000000000000dc3,64.9011434391325,C1109C02
596.0,1882.0,1432.0,367.0,384.0,1226.0,1132.0,363.0,215.0,2145.0,1895.0,576.0,854.0,1325.0,300.0,1637.0,1230.0,842.0,1217.0,514.0,2273.0,237.0,497.0,824.0,1188.0,411.0,821.0,379.0,2022.0,1189.0,326.0,1856.0,767.0,340.0,475.0,698.0,1727.0,650.0,185.0,1306.0,2157.0,537.0,2013.0,1227.0,1825.0,591.0,303.0,292.0,1786.0,967.0,1907.0,305.0,350.0,766.0,1631.0,656.0,454.0,842.0,413.0,1520.0,756.0,00000000000000000dc4,89.5326156226879,C1109C03
713.0,2274.0,1693.0,588.0,589.0,1649.0,1531.0,563.0,376.0,2293.0,2352.0,665.0,1109.0,1625.0,436.0,1976.0,1512.0,1047.0,1676.0,659.0,2612.0,408.0,745.0,989.0,1579.0,590.0,1087.0,552.0,2255.0,1617.0,472.0,2133.0,885.0,495.0,665.0,1043.0,2097.0,955.0,361.0,1501.0,2468.0,750.0,2307.0,1686.0,2225.0,801.0,457.0,456.0,2127.0,1213.0,2100.0,531.0,529.0,1135.0,1834.0,875.0,614.0,1113.0,578.0,1760.0,1014.0,00000000000000000dc5,37.6907681495294,C1109C04
612.0,1972.0,1505.0,399.0,431.0,1370.0,1268.0,421.0,253.0,2304.0,2073.0,612.0,951.0,1429.0,319.0,1796.0,1260.0,885.0,1325.0,534.0,2476.0,274.0,569.0,849.0,1250.0,446.0,935.0,408.0,2120.0,1325.0,358.0,1988.0,811.0,387.0,508.0,797.0,1870.0,748.0,236.0,1420.0,2332.0,550.0,2204.0,1325.0,1995.0,639.0,357.0,306.0,1948.0,999.0,2030.0,338.0,407.0,864.0,1676.0,679.0,479.0,914.0,457.0,1685.0,883.0,00000000000000000dc6,86.9392717011933,C1109C05
646.0,2171.0,1568.0,556.0,506.0,1459.0,1378.0,480.0,323.0,2084.0,2158.0,562.0,964.0,1492.0,395.0,1805.0,1501.0,976.0,1556.0,587.0,2371.0,365.0,659.0,946.0,1486.0,528.0,926.0,514.0,2093.0,1489.0,380.0,1972.0,796.0,441.0,619.0,951.0,1905.0,878.0,320.0,1314.0,2243.0,699.0,2074.0,1557.0,1999.0,708.0,387.0,418.0,1910.0,1160.0,1947.0,495.0,472.0,1054.0,1723.0,821.0,559.0,1057.0,532.0,1528.0,882.0,00000000000000000dc7,54.0494616009867,C1109C06
620.0,2088.0,1477.0,522.0,471.0,1372.0,1304.0,449.0,292.0,2007.0,2059.0,538.0,912.0,1419.0,376.0,1710.0,1442.0,926.0,1484.0,570.0,2254.0,335.0,607.0,899.0,1410.0,511.0,889.0,487.0,2007.0,1380.0,355.0,1887.0,760.0,413.0,575.0,886.0,1818.0,809.0,289.0,1255.0,2141.0,657.0,1993.0,1470.0,1910.0,674.0,368.0,389.0,1813.0,1104.0,1857.0,450.0,439.0,980.0,1655.0,794.0,523.0,1004.0,506.0,1431.0,810.0,00000000000000000dc8,61.0566632135486,C1109C08
694.0,2217.0,1662.0,561.0,577.0,1621.0,1499.0,550.0,359.0,2291.0,2323.0,658.0,1118.0,1586.0,424.0,1936.0,1462.0,1029.0,1635.0,638.0,2579.0,384.0,734.0,969.0,1538.0,570.0,1099.0,533.0,2219.0,1580.0,464.0,2106.0,873.0,488.0,656.0,1028.0,2065.0,935.0,342.0,1490.0,2444.0,734.0,2286.0,1650.0,2193.0,791.0,445.0,437.0,2105.0,1182.0,2083.0,507.0,514.0,1115.0,1796.0,849.0,600.0,1080.0,567.0,1740.0,1012.0,00000000000000000dc9,48.8532725983354,C1109C09
666.0,2084.0,1586.0,467.0,508.0,1513.0,1403.0,496.0,313.0,2322.0,2235.0,657.0,1036.0,1522.0,389.0,1899.0,1349.0,977.0,1479.0,601.0,2582.0,333.0,650.0,930.0,1396.0,528.0,1027.0,457.0,2181.0,1468.0,422.0,2043.0,874.0,454.0,554.0,900.0,1997.0,835.0,305.0,1501.0,2434.0,610.0,2274.0,1483.0,2148.0,707.0,407.0,371.0,2082.0,1088.0,2078.0,414.0,475.0,975.0,1739.0,752.0,533.0,1014.0,521.0,1773.0,962.0,00000000000000000dca,46.267440246352,C1109C10
638.0,1923.0,1473.0,428.0,424.0,1291.0,1180.0,399.0,250.0,2176.0,1977.0,608.0,911.0,1384.0,334.0,1664.0,1279.0,900.0,1292.0,556.0,2314.0,275.0,548.0,866.0,1274.0,463.0,912.0,426.0,2040.0,1237.0,366.0,1899.0,801.0,382.0,521.0,771.0,1777.0,692.0,217.0,1359.0,2212.0,591.0,2077.0,1301.0,1881.0,629.0,343.0,331.0,1837.0,1027.0,1963.0,355.0,393.0,840.0,1670.0,712.0,493.0,910.0,457.0,1539.0,804.0,00000000000000000dcb,133.287719300973,C1109C11
639.0,2159.0,1565.0,543.0,501.0,1434.0,1361.0,476.0,315.0,2058.0,2141.0,551.0,939.0,1485.0,382.0,1784.0,1494.0,969.0,1534.0,581.0,2341.0,352.0,648.0,936.0,1471.0,522.0,913.0,501.0,2073.0,1473.0,369.0,1969.0,781.0,427.0,606.0,930.0,1888.0,867.0,313.0,1295.0,2214.0,689.0,2053.0,1535.0,1977.0,697.0,377.0,408.0,1883.0,1158.0,1917.0,495.0,466.0,1041.0,1694.0,819.0,549.0,1051.0,521.0,1516.0,862.0,00000000000000000dcc,76.7586042618747,C1109C12
658.0,2008.0,1511.0,496.0,472.0,1387.0,1275.0,440.0,288.0,2163.0,2071.0,619.0,976.0,1466.0,386.0,1725.0,1357.0,962.0,1424.0,596.0,2350.0,322.0,612.0,903.0,1400.0,522.0,966.0,483.0,2064.0,1327.0,403.0,1927.0,819.0,424.0,576.0,874.0,1851.0,762.0,267.0,1378.0,2254.0,654.0,2123.0,1433.0,1955.0,686.0,371.0,380.0,1884.0,1095.0,1963.0,418.0,437.0,937.0,1717.0,787.0,533.0,993.0,512.0,1525.0,855.0,00000000000000000dcd,111.856628962859,C1109C13
627.0,2131.0,1528.0,536.0,482.0,1394.0,1328.0,462.0,305.0,2030.0,2099.0,538.0,913.0,1454.0,378.0,1745.0,1473.0,949.0,1508.0,575.0,2296.0,344.0,629.0,917.0,1440.0,516.0,894.0,494.0,2038.0,1424.0,358.0,1934.0,768.0,419.0,597.0,905.0,1847.0,834.0,302.0,1272.0,2167.0,680.0,2022.0,1494.0,1937.0,678.0,375.0,399.0,1842.0,1138.0,1882.0,477.0,455.0,1008.0,1671.0,807.0,539.0,1031.0,513.0,1469.0,829.0,00000000000000000dce,53.9569287108112,C1109C14
631.0,1882.0,1360.0,463.0,416.0,1184.0,1149.0,366.0,253.0,1997.0,1817.0,565.0,819.0,1384.0,365.0,1553.0,1360.0,892.0,1283.0,569.0,2068.0,297.0,485.0,867.0,1252.0,509.0,815.0,461.0,1942.0,1160.0,364.0,1750.0,819.0,365.0,520.0,721.0,1662.0,633.0,237.0,1276.0,2028.0,581.0,1911.0,1270.0,1736.0,590.0,330.0,363.0,1674.0,1024.0,1858.0,368.0,354.0,789.0,1664.0,718.0,499.0,934.0,460.0,1396.0,699.0,00000000000000000dcf,106.667404483815,C1109C15
678.0,2200.0,1630.0,561.0,547.0,1569.0,1456.0,521.0,345.0,2226.0,2281.0,629.0,1060.0,1554.0,415.0,1894.0,1464.0,1012.0,1608.0,624.0,2514.0,377.0,703.0,955.0,1527.0,559.0,1013.0,528.0,2175.0,1537.0,437.0,2068.0,844.0,465.0,637.0,999.0,2022.0,909.0,329.0,1436.0,2383.0,723.0,2230.0,1612.0,2145.0,760.0,427.0,427.0,2043.0,1176.0,2036.0,499.0,495.0,1089.0,1775.0,845.0,585.0,1074.0,549.0,1670.0,960.0,00000000000000000dd0,39.527899382122,C1109C17
615.0,1825.0,1314.0,450.0,400.0,1144.0,1126.0,345.0,251.0,1931.0,1720.0,542.0,757.0,1371.0,355.0,1516.0,1357.0,866.0,1233.0,553.0,1994.0,292.0,446.0,860.0,1206.0,502.0,770.0,450.0,1867.0,1135.0,360.0,1677.0,810.0,354.0,510.0,679.0,1591.0,606.0,239.0,1253.0,1959.0,560.0,1852.0,1219.0,1684.0,548.0,314.0,346.0,1604.0,995.0,1794.0,360.0,344.0,747.0,1611.0,699.0,490.0,925.0,449.0,1376.0,654.0,00000000000000000dd1,58.5448740374424,C1109C18
615.0,1843.0,1336.0,454.0,403.0,1155.0,1129.0,349.0,255.0,1960.0,1765.0,548.0,783.0,1374.0,358.0,1525.0,1352.0,877.0,1251.0,554.0,2025.0,293.0,462.0,859.0,1224.0,500.0,788.0,454.0,1897.0,1140.0,368.0,1710.0,813.0,358.0,521.0,694.0,1625.0,609.0,233.0,1259.0,1988.0,576.0,1875.0,1238.0,1703.0,566.0,323.0,356.0,1635.0,1008.0,1825.0,367.0,348.0,759.0,1629.0,700.0,501.0,927.0,452.0,1378.0,670.0,00000000000000000dd2,159.406643136537,C1109C20
602.0,1914.0,1465.0,378.0,405.0,1283.0,1189.0,386.0,227.0,2225.0,1971.0,600.0,897.0,1368.0,308.0,1704.0,1247.0,853.0,1256.0,522.0,2355.0,249.0,528.0,840.0,1203.0,424.0,858.0,398.0,2066.0,1244.0,336.0,1923.0,783.0,360.0,484.0,735.0,1784.0,693.0,203.0,1360.0,2239.0,538.0,2092.0,1258.0,1883.0,610.0,332.0,292.0,1852.0,969.0,1975.0,316.0,379.0,802.0,1653.0,655.0,463.0,870.0,433.0,1600.0,817.0,00000000000000000dd3,55.9772159940184,C1109C21
592.0,1848.0,1418.0,353.0,377.0,1193.0,1111.0,355.0,205.0,2119.0,1849.0,577.0,832.0,1305.0,298.0,1611.0,1230.0,828.0,1186.0,510.0,2232.0,228.0,476.0,829.0,1150.0,406.0,807.0,378.0,2013.0,1169.0,309.0,1825.0,778.0,331.0,465.0,677.0,1693.0,634.0,174.0,1292.0,2129.0,516.0,1963.0,1195.0,1773.0,576.0,301.0,291.0,1741.0,948.0,1884.0,287.0,334.0,744.0,1629.0,639.0,445.0,828.0,411.0,1504.0,734.0,00000000000000000dd4,52.7338659404351,C1109C23
590.0,1748.0,1393.0,360.0,360.0,1076.0,1018.0,319.0,207.0,1996.0,1635.0,556.0,749.0,1314.0,323.0,1495.0,1253.0,841.0,1086.0,525.0,2067.0,231.0,415.0,851.0,1133.0,421.0,783.0,381.0,1935.0,1054.0,320.0,1709.0,819.0,323.0,460.0,626.0,1543.0,585.0,185.0,1235.0,1979.0,514.0,1837.0,1086.0,1613.0,520.0,274.0,304.0,1563.0,952.0,1789.0,279.0,302.0,684.0,1645.0,632.0,449.0,849.0,406.0,1381.0,635.0,00000000000000000dd5,60.2472882652779,C1109C24
589.0,1833.0,1442.0,341.0,363.0,1163.0,1085.0,345.0,196.0,2105.0,1788.0,569.0,807.0,1306.0,307.0,1593.0,1245.0,823.0,1153.0,506.0,2199.0,223.0,449.0,842.0,1117.0,404.0,817.0,376.0,2026.0,1144.0,297.0,1807.0,805.0,322.0,460.0,654.0,1657.0,625.0,174.0,1272.0,2099.0,492.0,1922.0,1152.0,1717.0,556.0,289.0,288.0,1683.0,940.0,1859.0,275.0,319.0,720.0,1636.0,620.0,441.0,826.0,407.0,1486.0,704.0,00000000000000000dd6,22.4078513552995,C1109C25
627.0,1881.0,1437.0,402.0,406.0,1228.0,1131.0,378.0,229.0,2127.0,1897.0,599.0,867.0,1349.0,328.0,1607.0,1267.0,873.0,1235.0,546.0,2240.0,256.0,514.0,851.0,1223.0,450.0,869.0,410.0,2015.0,1186.0,346.0,1849.0,796.0,365.0,495.0,722.0,1720.0,651.0,204.0,1328.0,2153.0,565.0,2006.0,1244.0,1809.0,604.0,322.0,316.0,1779.0,999.0,1925.0,331.0,369.0,789.0,1653.0,687.0,473.0,880.0,441.0,1505.0,760.0,00000000000000000dd7,102.356909762738,C1109C26
640.0,2012.0,1525.0,453.0,467.0,1424.0,1294.0,446.0,274.0,2254.0,2115.0,627.0,995.0,1447.0,352.0,1784.0,1282.0,938.0,1400.0,568.0,2469.0,295.0,608.0,882.0,1343.0,489.0,989.0,444.0,2112.0,1359.0,404.0,1985.0,815.0,413.0,554.0,863.0,1891.0,776.0,246.0,1413.0,2326.0,627.0,2200.0,1417.0,2035.0,683.0,370.0,348.0,1960.0,1063.0,2009.0,396.0,434.0,933.0,1687.0,744.0,522.0,965.0,485.0,1637.0,896.0,00000000000000000dd8,135.091140682786,C1109C27
656.0,2091.0,1554.0,528.0,503.0,1469.0,1348.0,471.0,306.0,2163.0,2175.0,615.0,1019.0,1483.0,388.0,1788.0,1395.0,980.0,1511.0,605.0,2412.0,341.0,654.0,924.0,1457.0,533.0,987.0,501.0,2093.0,1417.0,404.0,1977.0,817.0,442.0,601.0,939.0,1915.0,832.0,291.0,1378.0,2294.0,690.0,2154.0,1511.0,2036.0,716.0,395.0,398.0,1946.0,1139.0,1976.0,457.0,464.0,1017.0,1719.0,821.0,552.0,1029.0,529.0,1559.0,897.0,00000000000000000dd9,71.6860447032812,C1109C29
616.0,2097.0,1491.0,520.0,468.0,1334.0,1275.0,430.0,293.0,1982.0,2002.0,524.0,874.0,1411.0,371.0,1688.0,1493.0,921.0,1461.0,564.0,2198.0,328.0,594.0,901.0,1382.0,512.0,874.0,486.0,1972.0,1349.0,349.0,1874.0,760.0,404.0,582.0,860.0,1793.0,800.0,292.0,1248.0,2080.0,656.0,1945.0,1434.0,1884.0,660.0,351.0,381.0,1757.0,1112.0,1833.0,454.0,429.0,960.0,1623.0,786.0,522.0,1005.0,499.0,1408.0,761.0,00000000000000000dda,59.4542611682901,C1109C30
625.0,2006.0,1539.0,410.0,449.0,1398.0,1313.0,439.0,275.0,2343.0,2140.0,635.0,970.0,1474.0,329.0,1863.0,1274.0,898.0,1337.0,556.0,2571.0,292.0,584.0,873.0,1238.0,473.0,954.0,420.0,2149.0,1371.0,368.0,2029.0,847.0,406.0,498.0,810.0,1928.0,778.0,256.0,1466.0,2412.0,532.0,2232.0,1324.0,2054.0,643.0,389.0,321.0,2016.0,996.0,2076.0,340.0,428.0,881.0,1692.0,678.0,495.0,940.0,471.0,1779.0,924.0,00000000000000000ddb,93.8580234996021,C1109C31
609.0,2059.0,1450.0,499.0,452.0,1311.0,1256.0,419.0,278.0,1976.0,1970.0,527.0,868.0,1400.0,365.0,1658.0,1458.0,908.0,1441.0,557.0,2171.0,319.0,572.0,888.0,1363.0,505.0,864.0,477.0,1966.0,1310.0,353.0,1850.0,757.0,392.0,569.0,833.0,1768.0,767.0,281.0,1243.0,2065.0,642.0,1946.0,1415.0,1860.0,651.0,347.0,371.0,1739.0,1088.0,1830.0,438.0,408.0,925.0,1638.0,770.0,517.0,984.0,487.0,1392.0,747.0,00000000000000000ddc,92.9792649007376,C1109C32
591.0,1778.0,1404.0,363.0,359.0,1099.0,1033.0,319.0,203.0,2006.0,1675.0,558.0,764.0,1304.0,322.0,1515.0,1251.0,835.0,1107.0,516.0,2096.0,226.0,422.0,847.0,1127.0,409.0,804.0,386.0,1962.0,1079.0,312.0,1725.0,807.0,322.0,452.0,635.0,1576.0,597.0,182.0,1238.0,2009.0,504.0,1853.0,1109.0,1647.0,531.0,274.0,306.0,1594.0,946.0,1801.0,277.0,301.0,687.0,1645.0,634.0,444.0,835.0,400.0,1403.0,645.0,00000000000000000ddd,73.7717146150825,C1109C33
625.0,1897.0,1360.0,469.0,421.0,1191.0,1164.0,366.0,259.0,1994.0,1816.0,554.0,815.0,1400.0,365.0,1559.0,1387.0,886.0,1300.0,563.0,2065.0,299.0,483.0,869.0,1255.0,516.0,815.0,466.0,1931.0,1174.0,364.0,1750.0,812.0,365.0,520.0,723.0,1669.0,634.0,237.0,1277.0,2018.0,577.0,1910.0,1285.0,1747.0,591.0,333.0,366.0,1675.0,1024.0,1859.0,369.0,355.0,792.0,1659.0,718.0,500.0,942.0,462.0,1392.0,695.0,00000000000000000dde,43.6857943240994,C1109C35
600.0,1895.0,1441.0,378.0,391.0,1256.0,1161.0,371.0,225.0,2169.0,1934.0,586.0,870.0,1340.0,304.0,1662.0,1232.0,851.0,1241.0,519.0,2304.0,247.0,510.0,827.0,1203.0,422.0,844.0,389.0,2033.0,1214.0,336.0,1881.0,770.0,351.0,484.0,715.0,1754.0,663.0,191.0,1331.0,2191.0,546.0,2050.0,1250.0,1858.0,597.0,319.0,295.0,1819.0,971.0,1936.0,316.0,362.0,783.0,1637.0,660.0,463.0,857.0,423.0,1548.0,779.0,00000000000000000ddf,90.7800359370299,C1109C36
657.0,1956.0,1460.0,471.0,447.0,1298.0,1201.0,416.0,260.0,2125.0,1960.0,613.0,920.0,1429.0,374.0,1664.0,1368.0,935.0,1346.0,592.0,2242.0,305.0,557.0,897.0,1351.0,507.0,881.0,462.0,2040.0,1254.0,380.0,1875.0,832.0,396.0,546.0,808.0,1767.0,703.0,245.0,1352.0,2191.0,619.0,2049.0,1346.0,1846.0,642.0,350.0,361.0,1805.0,1063.0,1963.0,386.0,394.0,868.0,1737.0,748.0,514.0,955.0,481.0,1482.0,801.0,00000000000000000de0,81.7269478372335,C1109C37
671.0,2047.0,1532.0,509.0,492.0,1441.0,1317.0,461.0,301.0,2213.0,2136.0,642.0,1021.0,1473.0,384.0,1777.0,1344.0,966.0,1449.0,598.0,2436.0,330.0,640.0,910.0,1401.0,523.0,1010.0,494.0,2105.0,1385.0,410.0,1965.0,825.0,439.0,590.0,902.0,1897.0,798.0,266.0,1409.0,2315.0,673.0,2168.0,1469.0,2019.0,716.0,396.0,388.0,1956.0,1102.0,1996.0,428.0,454.0,975.0,1711.0,798.0,544.0,993.0,523.0,1589.0,909.0,00000000000000000de1,112.930445759091,C1109C38
693.0,2172.0,1651.0,498.0,545.0,1592.0,1478.0,526.0,333.0,2353.0,2317.0,675.0,1084.0,1578.0,408.0,1955.0,1418.0,1020.0,1573.0,629.0,2648.0,362.0,690.0,964.0,1473.0,554.0,1075.0,488.0,2234.0,1554.0,447.0,2100.0,900.0,474.0,598.0,971.0,2062.0,896.0,333.0,1535.0,2494.0,654.0,2319.0,1582.0,2206.0,748.0,424.0,401.0,2139.0,1149.0,2124.0,457.0,502.0,1047.0,1782.0,801.0,560.0,1066.0,544.0,1822.0,1009.0,00000000000000000de2,57.9638932808949,C1109C42
578.0,1711.0,1364.0,351.0,350.0,1056.0,999.0,309.0,199.0,1956.0,1600.0,547.0,727.0,1289.0,313.0,1461.0,1229.0,824.0,1065.0,515.0,2030.0,221.0,402.0,834.0,1108.0,411.0,752.0,373.0,1895.0,1032.0,307.0,1673.0,804.0,313.0,445.0,608.0,1511.0,570.0,174.0,1214.0,1940.0,492.0,1802.0,1065.0,1580.0,505.0,265.0,297.0,1525.0,934.0,1752.0,265.0,292.0,665.0,1613.0,620.0,435.0,834.0,398.0,1357.0,617.0,00000000000000000de3,104.929166216913,C1109C95
615.0,1959.0,1480.0,405.0,430.0,1356.0,1253.0,410.0,247.0,2258.0,2055.0,610.0,949.0,1410.0,329.0,1758.0,1251.0,884.0,1322.0,536.0,2442.0,268.0,560.0,848.0,1265.0,454.0,929.0,405.0,2093.0,1310.0,366.0,1955.0,797.0,390.0,511.0,794.0,1849.0,735.0,226.0,1403.0,2301.0,573.0,2174.0,1332.0,1983.0,633.0,351.0,310.0,1936.0,1007.0,2006.0,347.0,410.0,863.0,1667.0,688.0,489.0,911.0,462.0,1645.0,870.0,00000000000000000de4,146.25681823984,C1109C97
600.0,1880.0,1425.0,381.0,391.0,1233.0,1140.0,370.0,220.0,2140.0,1904.0,582.0,860.0,1327.0,311.0,1635.0,1236.0,847.0,1226.0,518.0,2267.0,247.0,506.0,828.0,1196.0,420.0,845.0,390.0,2021.0,1194.0,334.0,1854.0,773.0,351.0,484.0,707.0,1728.0,654.0,191.0,1316.0,2161.0,544.0,2015.0,1235.0,1828.0,596.0,315.0,298.0,1794.0,967.0,1916.0,313.0,357.0,775.0,1636.0,659.0,458.0,851.0,424.0,1526.0,763.0,00000000000000000de5,113.556377588088,C1109C98
697.0,2186.0,1648.0,530.0,564.0,1611.0,1492.0,540.0,350.0,2323.0,2324.0,674.0,1099.0,1578.0,422.0,1948.0,1431.0,1018.0,1601.0,636.0,2624.0,375.0,710.0,963.0,1494.0,565.0,1095.0,510.0,2230.0,1569.0,464.0,2099.0,885.0,484.0,623.0,989.0,2066.0,909.0,341.0,1519.0,2480.0,685.0,2299.0,1620.0,2205.0,768.0,435.0,420.0,2133.0,1151.0,2109.0,478.0,508.0,1075.0,1787.0,824.0,580.0,1064.0,555.0,1798.0,1014.0,00000000000000000de6,170.403169056126,C1109F04
697.0,2237.0,1667.0,573.0,571.0,1619.0,1500.0,544.0,357.0,2273.0,2324.0,652.0,1097.0,1593.0,423.0,1940.0,1483.0,1031.0,1649.0,645.0,2576.0,391.0,726.0,973.0,1553.0,576.0,1074.0,538.0,2221.0,1581.0,456.0,2109.0,867.0,482.0,651.0,1028.0,2068.0,939.0,345.0,1476.0,2437.0,736.0,2280.0,1654.0,2195.0,784.0,442.0,442.0,2096.0,1198.0,2078.0,513.0,514.0,1118.0,1810.0,864.0,600.0,1094.0,564.0,1724.0,997.0,00000000000000000de7,81.4904023001097,C1109F07
672.0,2109.0,1576.0,539.0,513.0,1487.0,1363.0,481.0,313.0,2205.0,2196.0,631.0,1041.0,1507.0,396.0,1808.0,1405.0,992.0,1518.0,615.0,2456.0,348.0,666.0,933.0,1469.0,541.0,1027.0,512.0,2121.0,1432.0,416.0,2005.0,831.0,451.0,615.0,950.0,1932.0,841.0,295.0,1410.0,2331.0,704.0,2189.0,1523.0,2059.0,730.0,408.0,407.0,1970.0,1149.0,2009.0,464.0,473.0,1028.0,1735.0,832.0,565.0,1040.0,541.0,1586.0,920.0,00000000000000000de8,100.485950460471,C1109F09
670.0,2094.0,1596.0,467.0,511.0,1522.0,1409.0,495.0,311.0,2337.0,2241.0,660.0,1039.0,1530.0,388.0,1904.0,1356.0,978.0,1491.0,600.0,2590.0,331.0,655.0,931.0,1403.0,530.0,1028.0,457.0,2186.0,1475.0,427.0,2058.0,875.0,449.0,562.0,905.0,2001.0,839.0,303.0,1506.0,2442.0,619.0,2290.0,1492.0,2154.0,713.0,403.0,370.0,2087.0,1090.0,2090.0,419.0,474.0,980.0,1751.0,760.0,536.0,1016.0,516.0,1774.0,964.0,00000000000000000de9,58.6283348372593,C1109F10
613.0,1859.0,1327.0,455.0,403.0,1169.0,1150.0,353.0,249.0,1929.0,1739.0,531.0,763.0,1375.0,355.0,1526.0,1385.0,854.0,1267.0,543.0,2005.0,292.0,454.0,853.0,1220.0,501.0,786.0,454.0,1877.0,1150.0,359.0,1695.0,793.0,346.0,510.0,687.0,1619.0,618.0,241.0,1247.0,1955.0,560.0,1851.0,1248.0,1699.0,565.0,314.0,346.0,1609.0,991.0,1792.0,361.0,336.0,754.0,1606.0,696.0,490.0,931.0,440.0,1368.0,656.0,00000000000000000dea,44.8027381262171,C1109F12
598.0,1710.0,1291.0,422.0,365.0,1058.0,1038.0,308.0,241.0,1865.0,1598.0,534.0,694.0,1322.0,329.0,1426.0,1296.0,842.0,1124.0,538.0,1919.0,273.0,405.0,840.0,1138.0,473.0,728.0,431.0,1808.0,1045.0,358.0,1592.0,799.0,326.0,506.0,620.0,1507.0,566.0,212.0,1217.0,1883.0,548.0,1762.0,1107.0,1588.0,500.0,294.0,334.0,1512.0,964.0,1711.0,339.0,316.0,687.0,1549.0,658.0,485.0,891.0,409.0,1350.0,604.0,00000000000000000deb,59.6430465278596,C1109F13
671.0,2093.0,1646.0,451.0,515.0,1513.0,1417.0,504.0,315.0,2392.0,2257.0,687.0,1042.0,1589.0,381.0,1956.0,1363.0,975.0,1454.0,611.0,2668.0,331.0,652.0,951.0,1345.0,533.0,1025.0,451.0,2221.0,1483.0,420.0,2114.0,927.0,457.0,546.0,881.0,2040.0,844.0,313.0,1573.0,2501.0,576.0,2302.0,1444.0,2177.0,709.0,423.0,361.0,2129.0,1083.0,2134.0,392.0,478.0,958.0,1755.0,729.0,544.0,1025.0,516.0,1891.0,987.0,00000000000000000dec,120.163640502273,C1109F14
601.0,1914.0,1462.0,378.0,404.0,1287.0,1192.0,384.0,227.0,2219.0,1974.0,597.0,895.0,1367.0,309.0,1702.0,1245.0,857.0,1262.0,521.0,2352.0,248.0,527.0,839.0,1210.0,424.0,862.0,394.0,2062.0,1246.0,343.0,1921.0,782.0,360.0,491.0,736.0,1786.0,689.0,202.0,1361.0,2238.0,549.0,2093.0,1266.0,1889.0,609.0,330.0,291.0,1856.0,972.0,1974.0,322.0,377.0,803.0,1652.0,654.0,470.0,872.0,432.0,1597.0,814.0,00000000000000000ded,90.4974195047038,C1109F15
688.0,2141.0,1597.0,526.0,544.0,1553.0,1435.0,512.0,333.0,2259.0,2256.0,649.0,1084.0,1530.0,401.0,1877.0,1397.0,996.0,1562.0,618.0,2542.0,354.0,700.0,938.0,1464.0,549.0,1086.0,504.0,2170.0,1504.0,446.0,2045.0,851.0,461.0,622.0,983.0,2000.0,882.0,311.0,1454.0,2405.0,705.0,2240.0,1582.0,2128.0,763.0,419.0,408.0,2049.0,1141.0,2054.0,467.0,481.0,1064.0,1743.0,827.0,571.0,1044.0,541.0,1685.0,983.0,00000000000000000dee,70.8610672332613,C1109F16
663.0,2065.0,1538.0,514.0,492.0,1435.0,1320.0,460.0,296.0,2162.0,2134.0,619.0,997.0,1480.0,384.0,1761.0,1394.0,977.0,1484.0,608.0,2380.0,332.0,637.0,921.0,1443.0,534.0,974.0,494.0,2084.0,1382.0,402.0,1959.0,820.0,433.0,596.0,911.0,1888.0,802.0,278.0,1374.0,2277.0,684.0,2144.0,1484.0,1997.0,708.0,382.0,390.0,1916.0,1128.0,1979.0,447.0,451.0,985.0,1730.0,819.0,550.0,1021.0,523.0,1534.0,874.0,00000000000000000def,111.36176343053,C1109F21
665.0,2022.0,1516.0,497.0,480.0,1410.0,1288.0,453.0,289.0,2202.0,2097.0,637.0,998.0,1457.0,376.0,1751.0,1334.0,959.0,1420.0,594.0,2409.0,321.0,623.0,902.0,1382.0,514.0,997.0,484.0,2093.0,1351.0,402.0,1950.0,823.0,431.0,578.0,876.0,1869.0,768.0,255.0,1400.0,2294.0,659.0,2146.0,1438.0,1983.0,705.0,388.0,379.0,1923.0,1091.0,1988.0,415.0,444.0,942.0,1704.0,781.0,533.0,981.0,511.0,1568.0,885.0,00000000000000000df0,126.096398240062,C1109F23
667.0,2133.0,1581.0,541.0,520.0,1512.0,1392.0,489.0,320.0,2185.0,2222.0,623.0,1037.0,1507.0,398.0,1829.0,1417.0,988.0,1552.0,616.0,2450.0,353.0,675.0,937.0,1485.0,546.0,986.0,508.0,2120.0,1469.0,420.0,2010.0,822.0,450.0,618.0,966.0,1959.0,863.0,304.0,1394.0,2327.0,702.0,2179.0,1553.0,2081.0,731.0,409.0,409.0,1988.0,1149.0,1996.0,475.0,475.0,1052.0,1738.0,832.0,566.0,1041.0,533.0,1604.0,923.0,00000000000000000df1,132.148983328671,C1109F26
718.0,2250.0,1695.0,570.0,596.0,1664.0,1538.0,574.0,376.0,2325.0,2368.0,687.0,1137.0,1615.0,448.0,1981.0,1490.0,1046.0,1671.0,658.0,2623.0,397.0,754.0,988.0,1563.0,590.0,1119.0,541.0,2262.0,1616.0,479.0,2139.0,896.0,514.0,657.0,1046.0,2113.0,956.0,367.0,1533.0,2493.0,735.0,2314.0,1684.0,2242.0,807.0,459.0,449.0,2156.0,1194.0,2114.0,516.0,541.0,1132.0,1818.0,862.0,607.0,1100.0,592.0,1797.0,1033.0,00000000000000000df2,139.553712079733,C1109F98
617.0,1834.0,1343.0,454.0,398.0,1155.0,1122.0,346.0,256.0,1976.0,1764.0,557.0,786.0,1370.0,362.0,1526.0,1338.0,883.0,1242.0,559.0,2038.0,293.0,460.0,863.0,1226.0,495.0,788.0,454.0,1912.0,1137.0,368.0,1718.0,826.0,362.0,522.0,697.0,1627.0,611.0,232.0,1268.0,2007.0,576.0,1884.0,1232.0,1702.0,563.0,323.0,356.0,1643.0,1009.0,1834.0,363.0,351.0,756.0,1647.0,695.0,501.0,927.0,451.0,1397.0,676.0,00000000000000000df3,17.5458208035628,C1109P01
613.0,1907.0,1343.0,468.0,418.0,1197.0,1179.0,369.0,256.0,1950.0,1804.0,531.0,806.0,1382.0,364.0,1565.0,1387.0,871.0,1314.0,551.0,2042.0,301.0,478.0,855.0,1253.0,509.0,799.0,467.0,1906.0,1189.0,360.0,1734.0,784.0,363.0,524.0,731.0,1658.0,653.0,247.0,1247.0,1983.0,585.0,1889.0,1294.0,1748.0,587.0,323.0,356.0,1656.0,1017.0,1807.0,380.0,363.0,800.0,1628.0,713.0,503.0,940.0,469.0,1364.0,683.0,00000000000000000df4,49.3027381132765,C1109P02
644.0,2050.0,1572.0,439.0,486.0,1472.0,1359.0,468.0,283.0,2334.0,2186.0,642.0,1015.0,1499.0,362.0,1871.0,1310.0,944.0,1426.0,576.0,2562.0,301.0,625.0,898.0,1351.0,499.0,1005.0,430.0,2163.0,1425.0,404.0,2040.0,849.0,430.0,551.0,871.0,1960.0,804.0,274.0,1480.0,2416.0,599.0,2276.0,1436.0,2106.0,684.0,381.0,341.0,2041.0,1059.0,2073.0,394.0,450.0,940.0,1712.0,729.0,521.0,982.0,498.0,1748.0,938.0,00000000000000000df5,78.0104467174908,C1109P04
704.0,2215.0,1668.0,542.0,573.0,1632.0,1512.0,549.0,359.0,2336.0,2343.0,680.0,1113.0,1597.0,432.0,1972.0,1452.0,1037.0,1623.0,643.0,2645.0,384.0,720.0,980.0,1517.0,573.0,1111.0,520.0,2257.0,1588.0,471.0,2117.0,900.0,495.0,632.0,1005.0,2087.0,921.0,349.0,1535.0,2502.0,697.0,2314.0,1642.0,2226.0,778.0,444.0,430.0,2149.0,1172.0,2122.0,488.0,519.0,1088.0,1803.0,833.0,588.0,1083.0,567.0,1811.0,1026.0,00000000000000000df6,122.430378335508,C1109P08
622.0,1827.0,1353.0,453.0,395.0,1154.0,1116.0,344.0,257.0,1990.0,1762.0,567.0,790.0,1372.0,363.0,1525.0,1334.0,885.0,1236.0,567.0,2046.0,291.0,459.0,863.0,1232.0,496.0,788.0,453.0,1920.0,1134.0,369.0,1726.0,831.0,363.0,523.0,700.0,1627.0,611.0,230.0,1278.0,2017.0,576.0,1892.0,1226.0,1697.0,562.0,324.0,356.0,1646.0,1007.0,1843.0,361.0,353.0,753.0,1660.0,697.0,502.0,925.0,449.0,1406.0,680.0,00000000000000000df7,60.3176766471882,C1109P09
636.0,2025.0,1562.0,423.0,470.0,1426.0,1334.0,460.0,282.0,2353.0,2165.0,646.0,991.0,1495.0,340.0,1879.0,1293.0,918.0,1367.0,566.0,2586.0,300.0,604.0,888.0,1268.0,483.0,983.0,427.0,2167.0,1393.0,385.0,2045.0,861.0,412.0,514.0,831.0,1950.0,796.0,266.0,1484.0,2428.0,550.0,2250.0,1352.0,2080.0,664.0,395.0,331.0,2038.0,1019.0,2085.0,355.0,438.0,904.0,1706.0,689.0,508.0,962.0,477.0,1797.0,941.0,00000000000000000df8,138.898259805209,C1109P10
654.0,2138.0,1571.0,543.0,515.0,1501.0,1390.0,487.0,317.0,2148.0,2207.0,604.0,1017.0,1493.0,395.0,1821.0,1440.0,984.0,1558.0,604.0,2417.0,353.0,669.0,938.0,1489.0,540.0,957.0,510.0,2103.0,1474.0,403.0,1991.0,814.0,444.0,615.0,963.0,1942.0,863.0,305.0,1367.0,2302.0,697.0,2144.0,1558.0,2054.0,729.0,402.0,414.0,1961.0,1144.0,1975.0,477.0,470.0,1051.0,1729.0,830.0,558.0,1041.0,529.0,1577.0,910.0,00000000000000000df9,80.7843623353937,C1109P16
922.0,2557.0,2039.0,778.0,785.0,1841.0,1764.0,775.0,570.0,2528.0,2536.0,832.0,1254.0,1989.0,633.0,2253.0,1898.0,1290.0,1916.0,844.0,2833.0,592.0,950.0,1230.0,1895.0,777.0,1331.0,729.0,2532.0,1930.0,603.0,2405.0,1123.0,687.0,821.0,1260.0,2313.0,1212.0,594.0,1782.0,2656.0,899.0,2516.0,1923.0,2415.0,980.0,631.0,631.0,2310.0,1473.0,2317.0,730.0,747.0,1382.0,2113.0,1086.0,774.0,1369.0,785.0,1993.0,1226.0,00000000000000000dfa,72.7260526176767,C1109X01
607.0,1846.0,1423.0,373.0,382.0,1171.0,1085.0,350.0,205.0,2086.0,1821.0,576.0,823.0,1313.0,322.0,1574.0,1253.0,845.0,1173.0,515.0,2189.0,237.0,477.0,845.0,1172.0,418.0,829.0,385.0,2006.0,1144.0,316.0,1804.0,797.0,343.0,465.0,674.0,1667.0,624.0,182.0,1292.0,2107.0,519.0,1935.0,1182.0,1750.0,573.0,295.0,305.0,1719.0,971.0,1874.0,295.0,333.0,741.0,1643.0,649.0,445.0,845.0,418.0,1473.0,714.0,00000000000000000dfb,61.2939091601352,C1109X02
619.0,1931.0,1361.0,479.0,430.0,1217.0,1190.0,383.0,260.0,1992.0,1846.0,546.0,830.0,1402.0,374.0,1586.0,1393.0,884.0,1335.0,561.0,2079.0,304.0,501.0,862.0,1275.0,520.0,820.0,470.0,1937.0,1197.0,359.0,1768.0,795.0,375.0,519.0,746.0,1692.0,660.0,249.0,1267.0,2025.0,582.0,1920.0,1323.0,1776.0,603.0,332.0,366.0,1694.0,1023.0,1849.0,374.0,369.0,813.0,1663.0,720.0,499.0,945.0,477.0,1384.0,707.0,00000000000000000dfc,33.4584349087236,C1109X03
632.0,2002.0,1449.0,493.0,452.0,1319.0,1251.0,418.0,272.0,2060.0,1996.0,572.0,913.0,1424.0,372.0,1668.0,1400.0,928.0,1416.0,585.0,2205.0,317.0,563.0,893.0,1376.0,523.0,880.0,472.0,2003.0,1288.0,375.0,1856.0,795.0,394.0,559.0,836.0,1778.0,735.0,258.0,1295.0,2142.0,637.0,2012.0,1409.0,1873.0,653.0,350.0,379.0,1791.0,1078.0,1908.0,414.0,393.0,905.0,1707.0,768.0,522.0,976.0,490.0,1430.0,786.0,00000000000000000dfd,108.415234256923,C1109X04
611.0,1861.0,1423.0,382.0,388.0,1192.0,1106.0,362.0,215.0,2109.0,1846.0,585.0,839.0,1320.0,325.0,1590.0,1260.0,853.0,1197.0,524.0,2212.0,243.0,488.0,847.0,1186.0,422.0,835.0,394.0,2016.0,1164.0,326.0,1822.0,798.0,352.0,478.0,685.0,1685.0,633.0,191.0,1302.0,2123.0,537.0,1961.0,1207.0,1769.0,583.0,308.0,309.0,1744.0,977.0,1898.0,304.0,346.0,752.0,1654.0,659.0,456.0,853.0,427.0,1488.0,731.0,00000000000000000dfe,55.7309697272469,C1109X08
714.0,2246.0,1695.0,570.0,593.0,1659.0,1533.0,571.0,376.0,2319.0,2362.0,683.0,1137.0,1614.0,446.0,1978.0,1490.0,1044.0,1667.0,654.0,2618.0,397.0,751.0,987.0,1563.0,586.0,1110.0,541.0,2258.0,1611.0,479.0,2134.0,895.0,512.0,657.0,1047.0,2107.0,957.0,366.0,1532.0,2489.0,735.0,2307.0,1679.0,2236.0,803.0,459.0,449.0,2151.0,1193.0,2109.0,516.0,539.0,1133.0,1814.0,857.0,607.0,1098.0,589.0,1791.0,1032.0,00000000000000000dff,71.1645511487585,C1109X98
615.0,1896.0,1337.0,467.0,418.0,1188.0,1170.0,368.0,256.0,1947.0,1800.0,533.0,801.0,1378.0,361.0,1558.0,1377.0,868.0,1302.0,553.0,2037.0,300.0,477.0,851.0,1245.0,510.0,799.0,467.0,1903.0,1180.0,359.0,1725.0,785.0,359.0,520.0,723.0,1655.0,644.0,244.0,1246.0,1981.0,579.0,1881.0,1283.0,1744.0,587.0,323.0,356.0,1655.0,1011.0,1803.0,375.0,358.0,791.0,1625.0,713.0,499.0,934.0,464.0,1367.0,677.0,00000000000000000e00,122.135680336395,C1110C01
689.0,2165.0,1647.0,517.0,554.0,1594.0,1480.0,535.0,340.0,2338.0,2314.0,670.0,1086.0,1577.0,412.0,1945.0,1420.0,1018.0,1575.0,631.0,2636.0,370.0,700.0,962.0,1475.0,556.0,1089.0,500.0,2224.0,1556.0,458.0,2093.0,893.0,479.0,612.0,973.0,2056.0,897.0,335.0,1525.0,2483.0,669.0,2308.0,1589.0,2199.0,758.0,431.0,410.0,2132.0,1148.0,2113.0,467.0,507.0,1056.0,1779.0,808.0,573.0,1064.0,546.0,1808.0,1010.0,00000000000000000e01,50.0803118666691,C1110C02
643.0,1913.0,1412.0,459.0,426.0,1214.0,1156.0,382.0,257.0,2057.0,1849.0,584.0,845.0,1402.0,372.0,1592.0,1368.0,913.0,1288.0,580.0,2128.0,297.0,508.0,892.0,1290.0,512.0,832.0,452.0,1986.0,1178.0,374.0,1805.0,833.0,374.0,532.0,745.0,1686.0,652.0,241.0,1304.0,2089.0,598.0,1961.0,1285.0,1761.0,603.0,332.0,365.0,1710.0,1045.0,1909.0,379.0,364.0,804.0,1706.0,725.0,507.0,942.0,467.0,1422.0,727.0,00000000000000000e02,69.2248144783275,C1110C03
688.0,2184.0,1630.0,549.0,561.0,1593.0,1475.0,530.0,349.0,2280.0,2299.0,654.0,1100.0,1561.0,413.0,1908.0,1433.0,1011.0,1609.0,630.0,2563.0,373.0,716.0,953.0,1507.0,561.0,1103.0,524.0,2197.0,1549.0,457.0,2078.0,861.0,472.0,643.0,1006.0,2037.0,906.0,325.0,1471.0,2427.0,727.0,2267.0,1628.0,2165.0,778.0,435.0,427.0,2081.0,1160.0,2072.0,495.0,495.0,1088.0,1778.0,839.0,591.0,1062.0,552.0,1713.0,997.0,00000000000000000e03,70.1069490974613,C1110C04
637.0,2119.0,1555.0,524.0,463.0,1284.0,1266.0,438.0,306.0,2024.0,1987.0,523.0,814.0,1488.0,365.0,1750.0,1569.0,944.0,1440.0,560.0,2220.0,333.0,595.0,926.0,1403.0,509.0,873.0,484.0,2026.0,1403.0,339.0,1927.0,796.0,394.0,586.0,844.0,1795.0,820.0,313.0,1292.0,2051.0,677.0,1959.0,1412.0,1907.0,647.0,357.0,377.0,1749.0,1151.0,1861.0,499.0,441.0,974.0,1676.0,783.0,541.0,1043.0,503.0,1463.0,758.0,00000000000000000e04,77.6872832372416,C1110C05
625.0,2001.0,1524.0,418.0,457.0,1410.0,1301.0,437.0,262.0,2299.0,2117.0,625.0,979.0,1452.0,337.0,1808.0,1266.0,910.0,1366.0,553.0,2500.0,281.0,593.0,866.0,1300.0,470.0,966.0,413.0,2121.0,1363.0,380.0,1999.0,819.0,403.0,527.0,831.0,1901.0,767.0,245.0,1437.0,2354.0,580.0,2231.0,1380.0,2042.0,657.0,362.0,321.0,1983.0,1031.0,2036.0,366.0,423.0,898.0,1679.0,706.0,500.0,944.0,473.0,1692.0,903.0,00000000000000000e05,59.5248141385586,C1110C06
679.0,2121.0,1580.0,519.0,535.0,1541.0,1419.0,504.0,325.0,2252.0,2240.0,643.0,1074.0,1514.0,400.0,1859.0,1378.0,983.0,1548.0,610.0,2524.0,347.0,690.0,926.0,1448.0,540.0,1064.0,497.0,2152.0,1489.0,436.0,2033.0,840.0,461.0,612.0,969.0,1982.0,869.0,304.0,1442.0,2388.0,690.0,2231.0,1567.0,2113.0,753.0,411.0,401.0,2034.0,1127.0,2043.0,457.0,481.0,1050.0,1733.0,813.0,560.0,1031.0,541.0,1673.0,973.0,00000000000000000e06,150.735529935422,C1110C07
676.0,2091.0,1564.0,522.0,512.0,1493.0,1366.0,480.0,312.0,2236.0,2195.0,642.0,1047.0,1502.0,391.0,1816.0,1371.0,981.0,1503.0,606.0,2485.0,341.0,661.0,923.0,1436.0,534.0,1035.0,501.0,2129.0,1442.0,428.0,2004.0,834.0,448.0,615.0,935.0,1937.0,830.0,283.0,1425.0,2355.0,694.0,2202.0,1523.0,2066.0,736.0,407.0,398.0,1991.0,1125.0,2021.0,452.0,467.0,1015.0,1724.0,811.0,563.0,1023.0,530.0,1624.0,934.0,00000000000000000e07,210.49373163698,C1110C08
616.0,1891.0,1342.0,464.0,416.0,1186.0,1167.0,364.0,255.0,1967.0,1799.0,538.0,799.0,1386.0,368.0,1554.0,1382.0,874.0,1299.0,554.0,2044.0,297.0,474.0,859.0,1243.0,510.0,799.0,461.0,1910.0,1177.0,364.0,1732.0,797.0,366.0,522.0,717.0,1656.0,634.0,244.0,1258.0,1992.0,578.0,1889.0,1282.0,1742.0,582.0,323.0,356.0,1659.0,1012.0,1829.0,372.0,361.0,785.0,1638.0,709.0,501.0,936.0,469.0,1378.0,679.0,00000000000000000e08,114.464056528644,C1110C09
635.0,1898.0,1452.0,413.0,416.0,1243.0,1145.0,385.0,234.0,2144.0,1918.0,605.0,880.0,1365.0,334.0,1620.0,1279.0,886.0,1252.0,554.0,2260.0,265.0,526.0,861.0,1242.0,460.0,892.0,418.0,2029.0,1197.0,356.0,1868.0,803.0,373.0,506.0,739.0,1738.0,663.0,206.0,1344.0,2169.0,578.0,2029.0,1261.0,1828.0,613.0,332.0,324.0,1797.0,1013.0,1943.0,343.0,381.0,806.0,1667.0,697.0,484.0,895.0,451.0,1519.0,772.0,00000000000000000e09,204.524455233984,C1110C10
679.0,2131.0,1582.0,527.0,536.0,1545.0,1424.0,505.0,331.0,2251.0,2243.0,643.0,1074.0,1516.0,401.0,1868.0,1380.0,988.0,1551.0,610.0,2534.0,353.0,690.0,930.0,1450.0,541.0,1064.0,505.0,2160.0,1493.0,442.0,2034.0,844.0,462.0,619.0,970.0,1985.0,869.0,305.0,1444.0,2397.0,698.0,2231.0,1571.0,2116.0,753.0,418.0,408.0,2037.0,1132.0,2043.0,463.0,482.0,1050.0,1733.0,813.0,567.0,1036.0,542.0,1676.0,973.0,00000000000000000e0a,80.4830180619653,C1110C11
687.0,2152.0,1601.0,524.0,547.0,1574.0,1451.0,516.0,334.0,2273.0,2273.0,652.0,1094.0,1535.0,402.0,1888.0,1397.0,998.0,1578.0,620.0,2554.0,355.0,701.0,940.0,1471.0,551.0,1078.0,503.0,2179.0,1524.0,446.0,2057.0,854.0,462.0,622.0,990.0,2011.0,890.0,310.0,1461.0,2418.0,701.0,2254.0,1599.0,2144.0,762.0,418.0,408.0,2066.0,1141.0,2062.0,473.0,482.0,1070.0,1755.0,823.0,571.0,1046.0,541.0,1704.0,994.0,00000000000000000e0b,53.5969412664998,C1110C12
637.0,2158.0,1560.0,543.0,496.0,1427.0,1357.0,475.0,314.0,2054.0,2133.0,549.0,934.0,1481.0,385.0,1778.0,1492.0,965.0,1532.0,580.0,2333.0,350.0,644.0,930.0,1466.0,522.0,911.0,502.0,2067.0,1464.0,368.0,1968.0,777.0,427.0,608.0,923.0,1879.0,859.0,312.0,1291.0,2206.0,693.0,2050.0,1529.0,1968.0,694.0,379.0,408.0,1873.0,1154.0,1910.0,495.0,469.0,1034.0,1688.0,818.0,550.0,1048.0,523.0,1505.0,853.0,00000000000000000e0c,75.7071958304305,C1110C13
636.0,2153.0,1559.0,543.0,501.0,1435.0,1361.0,475.0,315.0,2058.0,2138.0,548.0,939.0,1480.0,382.0,1781.0,1489.0,967.0,1534.0,577.0,2341.0,353.0,648.0,935.0,1467.0,518.0,913.0,502.0,2071.0,1470.0,370.0,1962.0,781.0,428.0,606.0,929.0,1887.0,865.0,312.0,1294.0,2213.0,687.0,2051.0,1534.0,1976.0,697.0,377.0,408.0,1884.0,1153.0,1918.0,493.0,464.0,1039.0,1695.0,813.0,548.0,1047.0,521.0,1513.0,862.0,00000000000000000e0d,67.9211975950223,C1110C14
690.0,2182.0,1622.0,532.0,559.0,1599.0,1474.0,529.0,346.0,2299.0,2299.0,658.0,1100.0,1557.0,415.0,1921.0,1419.0,1007.0,1599.0,623.0,2585.0,367.0,710.0,951.0,1492.0,556.0,1099.0,511.0,2210.0,1547.0,458.0,2086.0,867.0,472.0,629.0,996.0,2043.0,900.0,324.0,1489.0,2449.0,702.0,2276.0,1619.0,2178.0,770.0,429.0,418.0,2097.0,1148.0,2085.0,482.0,491.0,1076.0,1775.0,820.0,578.0,1054.0,549.0,1745.0,1002.0,00000000000000000e0f,80.0497915867068,C1110C16
712.0,2248.0,1685.0,555.0,584.0,1655.0,1531.0,560.0,368.0,2344.0,2362.0,684.0,1126.0,1611.0,442.0,1989.0,1473.0,1050.0,1652.0,650.0,2652.0,389.0,733.0,990.0,1545.0,582.0,1127.0,531.0,2275.0,1608.0,475.0,2137.0,903.0,505.0,646.0,1022.0,2105.0,935.0,358.0,1540.0,2514.0,718.0,2327.0,1672.0,2242.0,792.0,451.0,439.0,2161.0,1190.0,2129.0,501.0,529.0,1108.0,1819.0,847.0,598.0,1097.0,581.0,1811.0,1032.0,00000000000000000e10,37.6030334800551,C1110C17
616.0,1938.0,1464.0,406.0,424.0,1330.0,1222.0,404.0,243.0,2205.0,2016.0,600.0,933.0,1386.0,322.0,1710.0,1253.0,884.0,1310.0,534.0,2376.0,265.0,558.0,846.0,1265.0,450.0,917.0,406.0,2055.0,1275.0,364.0,1921.0,786.0,380.0,511.0,782.0,1810.0,713.0,220.0,1371.0,2251.0,575.0,2119.0,1321.0,1935.0,632.0,339.0,310.0,1885.0,1008.0,1969.0,351.0,396.0,855.0,1652.0,688.0,480.0,902.0,450.0,1589.0,840.0,00000000000000000e11,151.689504546311,C1110C18
612.0,2065.0,1456.0,490.0,454.0,1250.0,1221.0,412.0,282.0,1946.0,1899.0,521.0,825.0,1401.0,350.0,1665.0,1519.0,907.0,1394.0,547.0,2107.0,313.0,547.0,908.0,1341.0,513.0,843.0,469.0,1946.0,1277.0,345.0,1827.0,786.0,369.0,560.0,809.0,1731.0,748.0,273.0,1265.0,1990.0,627.0,1883.0,1357.0,1837.0,629.0,334.0,365.0,1678.0,1089.0,1808.0,440.0,388.0,901.0,1627.0,754.0,515.0,991.0,469.0,1383.0,707.0,00000000000000000e12,87.804704921484,C1110C19
615.0,1891.0,1437.0,394.0,400.0,1237.0,1142.0,377.0,223.0,2145.0,1904.0,592.0,872.0,1344.0,323.0,1627.0,1261.0,862.0,1239.0,532.0,2261.0,252.0,512.0,842.0,1217.0,434.0,860.0,402.0,2031.0,1198.0,339.0,1859.0,789.0,360.0,490.0,720.0,1725.0,657.0,199.0,1330.0,2167.0,553.0,2017.0,1249.0,1821.0,603.0,319.0,307.0,1790.0,985.0,1931.0,320.0,360.0,789.0,1659.0,672.0,463.0,867.0,433.0,1519.0,767.0,00000000000000000e13,221.15616324009,C1110C20
687.0,2182.0,1629.0,548.0,563.0,1592.0,1474.0,532.0,350.0,2280.0,2301.0,655.0,1101.0,1561.0,414.0,1907.0,1432.0,1009.0,1606.0,629.0,2562.0,374.0,718.0,952.0,1507.0,560.0,1106.0,524.0,2196.0,1550.0,457.0,2075.0,862.0,473.0,643.0,1005.0,2038.0,905.0,326.0,1472.0,2427.0,726.0,2265.0,1628.0,2166.0,780.0,436.0,427.0,2083.0,1157.0,2071.0,496.0,495.0,1087.0,1776.0,837.0,591.0,1059.0,553.0,1717.0,999.0,00000000000000000e14,69.5699252549443,C1110C21
659.0,2071.0,1578.0,455.0,499.0,1498.0,1396.0,480.0,306.0,2326.0,2223.0,659.0,1023.0,1515.0,375.0,1897.0,1330.0,970.0,1453.0,589.0,2583.0,322.0,633.0,924.0,1363.0,514.0,1021.0,449.0,2177.0,1455.0,406.0,2029.0,877.0,441.0,543.0,882.0,1987.0,820.0,293.0,1500.0,2438.0,596.0,2264.0,1457.0,2137.0,691.0,400.0,361.0,2083.0,1082.0,2073.0,397.0,460.0,953.0,1719.0,740.0,520.0,1008.0,507.0,1784.0,952.0,00000000000000000e15,86.9671787317227,C1110C22
612.0,2051.0,1450.0,487.0,446.0,1233.0,1211.0,404.0,281.0,1938.0,1881.0,519.0,811.0,1402.0,349.0,1664.0,1524.0,910.0,1383.0,543.0,2089.0,312.0,534.0,912.0,1336.0,512.0,831.0,466.0,1939.0,1267.0,345.0,1812.0,794.0,367.0,561.0,797.0,1721.0,738.0,275.0,1267.0,1970.0,625.0,1873.0,1340.0,1833.0,617.0,332.0,363.0,1665.0,1090.0,1800.0,439.0,387.0,886.0,1623.0,751.0,517.0,990.0,467.0,1376.0,694.0,00000000000000000e16,128.817411084471,C1110C24
694.0,2176.0,1624.0,538.0,564.0,1598.0,1475.0,534.0,348.0,2291.0,2302.0,658.0,1102.0,1557.0,413.0,1911.0,1421.0,1008.0,1602.0,629.0,2571.0,369.0,717.0,950.0,1495.0,561.0,1103.0,516.0,2199.0,1553.0,458.0,2082.0,865.0,472.0,636.0,1004.0,2040.0,906.0,326.0,1478.0,2436.0,716.0,2273.0,1624.0,2173.0,778.0,432.0,422.0,2094.0,1150.0,2080.0,492.0,492.0,1083.0,1777.0,835.0,584.0,1055.0,550.0,1733.0,1003.0,00000000000000000e17,74.3779656873235,C1110C25
617.0,2040.0,1449.0,486.0,451.0,1222.0,1202.0,404.0,282.0,1945.0,1863.0,521.0,810.0,1407.0,353.0,1656.0,1526.0,907.0,1370.0,548.0,2084.0,312.0,533.0,913.0,1328.0,518.0,830.0,465.0,1931.0,1253.0,350.0,1806.0,802.0,367.0,560.0,793.0,1710.0,734.0,276.0,1277.0,1966.0,616.0,1872.0,1329.0,1814.0,619.0,333.0,363.0,1658.0,1084.0,1807.0,434.0,386.0,880.0,1625.0,750.0,514.0,986.0,466.0,1375.0,693.0,00000000000000000e18,82.2472500134533,C1110C26
663.0,2059.0,1592.0,449.0,498.0,1496.0,1398.0,482.0,310.0,2322.0,2227.0,665.0,1016.0,1524.0,379.0,1897.0,1330.0,971.0,1446.0,594.0,2589.0,328.0,631.0,927.0,1350.0,521.0,1016.0,452.0,2171.0,1462.0,408.0,2029.0,886.0,446.0,544.0,875.0,1995.0,825.0,302.0,1510.0,2438.0,588.0,2251.0,1444.0,2143.0,686.0,405.0,360.0,2085.0,1079.0,2067.0,396.0,471.0,943.0,1708.0,739.0,521.0,1010.0,512.0,1810.0,955.0,00000000000000000e1a,122.217235682283,C1110C29
616.0,1852.0,1345.0,451.0,397.0,1092.0,1095.0,342.0,269.0,1883.0,1650.0,530.0,729.0,1367.0,339.0,1521.0,1413.0,873.0,1201.0,553.0,1946.0,296.0,438.0,883.0,1205.0,536.0,730.0,449.0,1834.0,1113.0,350.0,1659.0,814.0,339.0,505.0,677.0,1552.0,626.0,244.0,1254.0,1879.0,550.0,1806.0,1178.0,1647.0,525.0,309.0,346.0,1519.0,1014.0,1740.0,373.0,338.0,746.0,1566.0,696.0,489.0,963.0,426.0,1331.0,624.0,00000000000000000e1b,90.8339783862986,C1110C30
686.0,2143.0,1600.0,525.0,545.0,1563.0,1444.0,514.0,333.0,2269.0,2259.0,649.0,1084.0,1534.0,402.0,1878.0,1400.0,998.0,1572.0,619.0,2541.0,355.0,700.0,940.0,1469.0,549.0,1084.0,504.0,2170.0,1515.0,445.0,2054.0,853.0,461.0,622.0,982.0,2001.0,882.0,311.0,1457.0,2405.0,703.0,2249.0,1593.0,2130.0,763.0,418.0,408.0,2051.0,1142.0,2062.0,469.0,481.0,1063.0,1752.0,826.0,570.0,1046.0,541.0,1688.0,983.0,00000000000000000e1c,55.8688383008193,C1110C31
679.0,2147.0,1609.0,509.0,542.0,1570.0,1450.0,516.0,328.0,2308.0,2277.0,654.0,1079.0,1546.0,401.0,1908.0,1395.0,997.0,1560.0,615.0,2584.0,353.0,690.0,941.0,1462.0,546.0,1078.0,490.0,2193.0,1519.0,444.0,2073.0,865.0,462.0,607.0,967.0,2024.0,879.0,313.0,1487.0,2440.0,671.0,2280.0,1575.0,2163.0,750.0,414.0,399.0,2086.0,1132.0,2083.0,457.0,485.0,1047.0,1759.0,800.0,562.0,1043.0,535.0,1748.0,989.0,00000000000000000e1d,73.4372101049819,C1110C32
658.0,2134.0,1576.0,542.0,516.0,1506.0,1391.0,487.0,320.0,2165.0,2221.0,611.0,1023.0,1501.0,394.0,1823.0,1426.0,984.0,1554.0,608.0,2434.0,354.0,671.0,937.0,1487.0,541.0,958.0,509.0,2111.0,1471.0,412.0,2001.0,817.0,445.0,614.0,963.0,1956.0,861.0,303.0,1381.0,2314.0,696.0,2162.0,1554.0,2073.0,729.0,407.0,411.0,1982.0,1145.0,1984.0,476.0,472.0,1051.0,1732.0,828.0,560.0,1040.0,529.0,1598.0,916.0,00000000000000000e1e,38.7097959450516,C1110C34
617.0,2074.0,1463.0,511.0,461.0,1345.0,1281.0,431.0,283.0,2009.0,2015.0,536.0,895.0,1415.0,371.0,1681.0,1454.0,922.0,1463.0,566.0,2213.0,326.0,583.0,902.0,1395.0,511.0,877.0,484.0,1995.0,1335.0,358.0,1872.0,769.0,403.0,569.0,850.0,1793.0,774.0,277.0,1258.0,2110.0,650.0,1983.0,1449.0,1894.0,664.0,359.0,380.0,1777.0,1100.0,1854.0,438.0,418.0,939.0,1664.0,783.0,519.0,1001.0,497.0,1407.0,770.0,00000000000000000e1f,131.587754219167,C1110C35
644.0,2034.0,1575.0,420.0,480.0,1443.0,1348.0,470.0,281.0,2353.0,2185.0,652.0,1001.0,1504.0,350.0,1887.0,1304.0,935.0,1387.0,571.0,2588.0,301.0,614.0,901.0,1290.0,491.0,998.0,425.0,2173.0,1410.0,394.0,2048.0,871.0,419.0,525.0,844.0,1967.0,803.0,273.0,1495.0,2429.0,566.0,2260.0,1375.0,2101.0,673.0,388.0,331.0,2055.0,1037.0,2086.0,367.0,448.0,916.0,1713.0,700.0,513.0,978.0,488.0,1806.0,946.0,00000000000000000e20,94.5635360596667,C1110C36
665.0,2089.0,1589.0,469.0,510.0,1520.0,1413.0,494.0,312.0,2335.0,2252.0,661.0,1035.0,1533.0,387.0,1914.0,1348.0,982.0,1482.0,599.0,2601.0,331.0,649.0,936.0,1386.0,524.0,1039.0,459.0,2195.0,1473.0,418.0,2042.0,885.0,454.0,550.0,897.0,2011.0,831.0,302.0,1512.0,2452.0,607.0,2281.0,1482.0,2165.0,707.0,410.0,371.0,2103.0,1094.0,2090.0,408.0,473.0,973.0,1736.0,750.0,531.0,1020.0,520.0,1798.0,963.0,00000000000000000e21,96.1145378950745,C1110C37
645.0,1942.0,1471.0,454.0,437.0,1294.0,1186.0,405.0,259.0,2146.0,1973.0,613.0,914.0,1406.0,353.0,1654.0,1319.0,921.0,1317.0,571.0,2284.0,294.0,559.0,881.0,1310.0,484.0,908.0,447.0,2036.0,1231.0,378.0,1889.0,810.0,397.0,542.0,791.0,1776.0,696.0,226.0,1357.0,2190.0,618.0,2056.0,1326.0,1865.0,644.0,352.0,352.0,1820.0,1049.0,1951.0,379.0,397.0,853.0,1691.0,734.0,505.0,935.0,473.0,1502.0,799.0,00000000000000000e22,188.080934107843,C1110C39
617.0,1939.0,1377.0,471.0,430.0,1189.0,1182.0,369.0,265.0,1961.0,1791.0,533.0,788.0,1411.0,351.0,1574.0,1454.0,883.0,1317.0,553.0,2047.0,302.0,483.0,886.0,1259.0,516.0,807.0,470.0,1909.0,1201.0,364.0,1750.0,804.0,357.0,540.0,726.0,1664.0,661.0,254.0,1266.0,1976.0,592.0,1892.0,1292.0,1753.0,587.0,320.0,356.0,1644.0,1041.0,1829.0,391.0,353.0,803.0,1625.0,721.0,513.0,962.0,448.0,1377.0,680.0,00000000000000000e23,118.883314265173,C1110C40
621.0,2029.0,1447.0,485.0,438.0,1198.0,1191.0,391.0,282.0,1925.0,1837.0,524.0,786.0,1407.0,355.0,1651.0,1538.0,914.0,1351.0,546.0,2063.0,313.0,523.0,922.0,1317.0,523.0,813.0,464.0,1919.0,1254.0,352.0,1779.0,813.0,366.0,554.0,780.0,1694.0,729.0,277.0,1280.0,1938.0,612.0,1840.0,1305.0,1807.0,597.0,327.0,356.0,1637.0,1090.0,1786.0,441.0,386.0,873.0,1610.0,743.0,512.0,992.0,466.0,1384.0,682.0,00000000000000000e24,72.9383027351192,C1110C41
621.0,1944.0,1370.0,480.0,432.0,1231.0,1204.0,385.0,262.0,1995.0,1857.0,547.0,834.0,1409.0,373.0,1596.0,1405.0,893.0,1350.0,564.0,2085.0,306.0,502.0,871.0,1287.0,523.0,819.0,472.0,1943.0,1212.0,366.0,1777.0,799.0,375.0,533.0,755.0,1703.0,670.0,253.0,1270.0,2027.0,598.0,1929.0,1334.0,1790.0,606.0,332.0,365.0,1701.0,1035.0,1849.0,387.0,373.0,822.0,1667.0,728.0,511.0,957.0,479.0,1389.0,709.0,00000000000000000e25,80.0630065036239,C1110C42
623.0,1854.0,1436.0,394.0,391.0,1165.0,1091.0,357.0,220.0,2088.0,1806.0,582.0,817.0,1345.0,331.0,1572.0,1292.0,868.0,1185.0,543.0,2155.0,247.0,476.0,870.0,1199.0,439.0,856.0,406.0,2003.0,1140.0,337.0,1809.0,822.0,350.0,486.0,683.0,1663.0,620.0,194.0,1303.0,2089.0,540.0,1936.0,1193.0,1732.0,577.0,300.0,322.0,1702.0,993.0,1894.0,316.0,340.0,742.0,1678.0,670.0,471.0,869.0,427.0,1466.0,710.0,00000000000000000e26,232.387378269526,C1110C43
634.0,2000.0,1508.0,428.0,450.0,1398.0,1280.0,430.0,264.0,2261.0,2091.0,614.0,977.0,1431.0,342.0,1773.0,1279.0,920.0,1377.0,549.0,2454.0,286.0,591.0,867.0,1319.0,470.0,965.0,425.0,2111.0,1338.0,386.0,1979.0,808.0,403.0,531.0,828.0,1872.0,755.0,239.0,1409.0,2322.0,597.0,2192.0,1389.0,2011.0,662.0,360.0,330.0,1947.0,1045.0,2013.0,377.0,426.0,905.0,1686.0,719.0,500.0,942.0,474.0,1636.0,879.0,00000000000000000e27,47.0783648398995,C1110C44
615.0,2052.0,1436.0,490.0,448.0,1264.0,1232.0,406.0,270.0,1975.0,1911.0,524.0,842.0,1403.0,359.0,1644.0,1491.0,904.0,1408.0,554.0,2130.0,311.0,545.0,901.0,1326.0,511.0,845.0,469.0,1953.0,1264.0,356.0,1828.0,785.0,376.0,556.0,804.0,1740.0,739.0,268.0,1260.0,2017.0,625.0,1915.0,1372.0,1835.0,632.0,332.0,364.0,1699.0,1086.0,1831.0,426.0,390.0,891.0,1640.0,753.0,517.0,989.0,472.0,1378.0,714.0,00000000000000000e29,191.121481171571,C1110C47
697.0,2238.0,1663.0,566.0,568.0,1616.0,1496.0,539.0,351.0,2277.0,2329.0,654.0,1103.0,1588.0,423.0,1940.0,1477.0,1027.0,1645.0,646.0,2580.0,384.0,721.0,969.0,1549.0,576.0,1077.0,532.0,2224.0,1574.0,458.0,2109.0,863.0,482.0,652.0,1030.0,2072.0,936.0,342.0,1475.0,2443.0,736.0,2281.0,1650.0,2199.0,781.0,436.0,436.0,2100.0,1192.0,2079.0,510.0,513.0,1120.0,1809.0,863.0,600.0,1087.0,564.0,1725.0,999.0,00000000000000000e2a,94.7979067992115,C1110C48
608.0,2062.0,1456.0,498.0,451.0,1246.0,1221.0,411.0,286.0,1940.0,1900.0,518.0,823.0,1401.0,354.0,1671.0,1525.0,911.0,1398.0,541.0,2100.0,318.0,546.0,910.0,1345.0,508.0,847.0,476.0,1946.0,1281.0,342.0,1824.0,787.0,375.0,562.0,811.0,1732.0,752.0,279.0,1262.0,1979.0,632.0,1880.0,1354.0,1847.0,627.0,339.0,370.0,1675.0,1094.0,1800.0,443.0,396.0,904.0,1625.0,752.0,518.0,993.0,478.0,1380.0,705.0,00000000000000000e2b,70.0482948077916,C1110C49
626.0,2077.0,1464.0,522.0,466.0,1366.0,1296.0,440.0,289.0,2028.0,2036.0,545.0,922.0,1420.0,371.0,1701.0,1448.0,923.0,1475.0,575.0,2237.0,333.0,594.0,903.0,1410.0,520.0,892.0,489.0,2010.0,1355.0,358.0,1883.0,770.0,403.0,570.0,876.0,1808.0,789.0,275.0,1268.0,2139.0,651.0,2003.0,1465.0,1904.0,676.0,367.0,389.0,1798.0,1095.0,1869.0,439.0,418.0,961.0,1675.0,793.0,520.0,996.0,498.0,1418.0,800.0,00000000000000000e2c,72.2133412093053,C1110C50
689.0,2212.0,1651.0,564.0,567.0,1606.0,1486.0,537.0,353.0,2272.0,2311.0,651.0,1102.0,1576.0,414.0,1923.0,1459.0,1021.0,1630.0,637.0,2563.0,383.0,721.0,962.0,1535.0,568.0,1091.0,533.0,2205.0,1560.0,460.0,2094.0,860.0,474.0,649.0,1019.0,2053.0,923.0,333.0,1473.0,2428.0,732.0,2271.0,1637.0,2181.0,781.0,439.0,437.0,2086.0,1181.0,2069.0,504.0,503.0,1107.0,1792.0,847.0,597.0,1076.0,554.0,1715.0,995.0,00000000000000000e2d,45.2657433092645,C1110C52
614.0,2052.0,1448.0,487.0,447.0,1235.0,1211.0,404.0,281.0,1939.0,1882.0,520.0,812.0,1399.0,350.0,1660.0,1518.0,907.0,1382.0,547.0,2093.0,312.0,535.0,909.0,1333.0,514.0,829.0,466.0,1938.0,1265.0,346.0,1813.0,792.0,368.0,560.0,796.0,1721.0,736.0,274.0,1265.0,1976.0,624.0,1873.0,1342.0,1827.0,618.0,332.0,363.0,1667.0,1088.0,1801.0,438.0,387.0,885.0,1621.0,752.0,516.0,989.0,467.0,1377.0,696.0,00000000000000000e2e,219.934834835463,C1110C53
615.0,1902.0,1344.0,466.0,420.0,1193.0,1174.0,369.0,255.0,1959.0,1809.0,535.0,808.0,1385.0,368.0,1562.0,1383.0,873.0,1308.0,553.0,2046.0,299.0,479.0,855.0,1250.0,510.0,803.0,465.0,1911.0,1184.0,361.0,1734.0,790.0,366.0,523.0,727.0,1663.0,647.0,246.0,1253.0,1991.0,582.0,1889.0,1290.0,1751.0,588.0,323.0,356.0,1664.0,1014.0,1816.0,376.0,364.0,796.0,1634.0,711.0,502.0,938.0,472.0,1374.0,684.0,00000000000000000e2f,97.2905106164228,C1110C54
621.0,1978.0,1383.0,481.0,442.0,1244.0,1219.0,397.0,265.0,1997.0,1867.0,545.0,844.0,1419.0,370.0,1619.0,1426.0,895.0,1367.0,565.0,2104.0,309.0,514.0,875.0,1305.0,524.0,834.0,475.0,1960.0,1228.0,364.0,1793.0,792.0,375.0,536.0,773.0,1715.0,692.0,257.0,1272.0,2036.0,603.0,1941.0,1344.0,1805.0,620.0,332.0,365.0,1706.0,1041.0,1849.0,393.0,380.0,842.0,1671.0,738.0,511.0,963.0,482.0,1392.0,715.0,00000000000000000e30,69.7445303265087,C1110C55
623.0,2004.0,1413.0,493.0,455.0,1300.0,1253.0,419.0,272.0,2033.0,1952.0,555.0,885.0,1428.0,373.0,1656.0,1416.0,913.0,1411.0,576.0,2166.0,315.0,553.0,885.0,1356.0,527.0,865.0,473.0,1986.0,1271.0,369.0,1835.0,791.0,384.0,546.0,811.0,1760.0,718.0,262.0,1284.0,2099.0,620.0,1990.0,1401.0,1855.0,647.0,343.0,373.0,1755.0,1061.0,1878.0,405.0,387.0,878.0,1698.0,753.0,516.0,972.0,484.0,1401.0,754.0,00000000000000000e31,187.244024672479,C1110C57
620.0,2091.0,1471.0,502.0,458.0,1280.0,1241.0,417.0,288.0,1963.0,1932.0,530.0,841.0,1406.0,357.0,1673.0,1521.0,913.0,1418.0,560.0,2142.0,320.0,557.0,913.0,1355.0,520.0,847.0,481.0,1963.0,1299.0,344.0,1852.0,785.0,377.0,559.0,821.0,1752.0,761.0,275.0,1268.0,2022.0,628.0,1904.0,1388.0,1853.0,637.0,342.0,374.0,1702.0,1102.0,1825.0,441.0,397.0,919.0,1636.0,770.0,511.0,1002.0,478.0,1399.0,722.0,00000000000000000e32,78.5743786341404,C1110C58
632.0,1942.0,1475.0,430.0,428.0,1321.0,1209.0,408.0,252.0,2186.0,2009.0,607.0,934.0,1389.0,330.0,1696.0,1270.0,901.0,1316.0,551.0,2352.0,275.0,562.0,862.0,1288.0,461.0,928.0,425.0,2049.0,1267.0,367.0,1910.0,794.0,382.0,525.0,792.0,1800.0,717.0,220.0,1364.0,2238.0,589.0,2100.0,1329.0,1914.0,638.0,346.0,330.0,1864.0,1026.0,1963.0,357.0,397.0,865.0,1662.0,715.0,493.0,912.0,455.0,1555.0,830.0,00000000000000000e33,184.335473985845,C1110C59
648.0,2023.0,1481.0,500.0,466.0,1349.0,1269.0,434.0,278.0,2087.0,2032.0,587.0,936.0,1445.0,373.0,1698.0,1408.0,949.0,1435.0,595.0,2254.0,323.0,586.0,909.0,1403.0,528.0,904.0,480.0,2031.0,1316.0,373.0,1883.0,805.0,404.0,563.0,859.0,1806.0,757.0,261.0,1316.0,2183.0,644.0,2049.0,1427.0,1896.0,669.0,361.0,382.0,1823.0,1098.0,1935.0,417.0,406.0,932.0,1721.0,788.0,524.0,993.0,500.0,1457.0,812.0,00000000000000000e34,184.323641029077,C1110C60
626.0,2057.0,1453.0,509.0,463.0,1350.0,1281.0,433.0,281.0,2028.0,2019.0,548.0,915.0,1414.0,370.0,1687.0,1434.0,925.0,1457.0,577.0,2223.0,324.0,588.0,902.0,1399.0,523.0,888.0,477.0,2001.0,1331.0,359.0,1874.0,774.0,402.0,569.0,864.0,1794.0,773.0,271.0,1266.0,2128.0,651.0,1999.0,1447.0,1893.0,670.0,357.0,381.0,1787.0,1093.0,1871.0,437.0,414.0,946.0,1677.0,789.0,520.0,994.0,499.0,1410.0,789.0,00000000000000000e35,136.983575508997,C1110C61
652.0,1985.0,1498.0,469.0,457.0,1369.0,1251.0,436.0,272.0,2196.0,2057.0,625.0,971.0,1427.0,358.0,1723.0,1308.0,935.0,1372.0,576.0,2385.0,303.0,594.0,882.0,1341.0,491.0,962.0,461.0,2074.0,1310.0,388.0,1937.0,811.0,413.0,555.0,842.0,1839.0,744.0,238.0,1387.0,2269.0,630.0,2128.0,1388.0,1951.0,673.0,372.0,360.0,1893.0,1063.0,1980.0,392.0,423.0,908.0,1687.0,751.0,515.0,952.0,489.0,1562.0,861.0,00000000000000000e36,170.873468223715,C1110C62
609.0,1958.0,1490.0,395.0,430.0,1353.0,1253.0,415.0,245.0,2274.0,2063.0,607.0,940.0,1417.0,317.0,1771.0,1253.0,879.0,1314.0,531.0,2452.0,266.0,564.0,845.0,1254.0,446.0,933.0,399.0,2100.0,1309.0,357.0,1965.0,800.0,380.0,504.0,787.0,1859.0,734.0,225.0,1409.0,2309.0,555.0,2182.0,1319.0,1988.0,636.0,348.0,302.0,1942.0,998.0,2013.0,337.0,400.0,854.0,1666.0,678.0,479.0,908.0,450.0,1665.0,868.0,00000000000000000e37,196.187976126523,C1110C63
624.0,2009.0,1536.0,428.0,463.0,1423.0,1311.0,443.0,272.0,2298.0,2136.0,623.0,989.0,1461.0,342.0,1819.0,1267.0,918.0,1377.0,556.0,2506.0,290.0,600.0,871.0,1312.0,473.0,968.0,420.0,2117.0,1377.0,389.0,2003.0,824.0,411.0,538.0,845.0,1913.0,778.0,254.0,1442.0,2362.0,588.0,2237.0,1393.0,2056.0,659.0,370.0,330.0,1993.0,1038.0,2034.0,379.0,430.0,912.0,1673.0,707.0,508.0,955.0,479.0,1702.0,914.0,00000000000000000e39,146.651155937652,C1110C69
636.0,2120.0,1507.0,528.0,487.0,1403.0,1334.0,466.0,302.0,2038.0,2107.0,554.0,942.0,1448.0,381.0,1745.0,1458.0,951.0,1511.0,585.0,2307.0,345.0,629.0,913.0,1438.0,524.0,912.0,495.0,2041.0,1423.0,360.0,1921.0,774.0,423.0,590.0,923.0,1855.0,843.0,299.0,1274.0,2187.0,679.0,2028.0,1501.0,1945.0,689.0,376.0,398.0,1855.0,1128.0,1891.0,470.0,454.0,1023.0,1674.0,817.0,539.0,1029.0,516.0,1463.0,843.0,00000000000000000e3a,73.4591913521659,C1110C70
669.0,2106.0,1563.0,508.0,518.0,1518.0,1391.0,487.0,312.0,2252.0,2218.0,638.0,1056.0,1496.0,391.0,1847.0,1355.0,970.0,1524.0,599.0,2521.0,334.0,667.0,913.0,1430.0,530.0,1029.0,486.0,2147.0,1466.0,425.0,2022.0,832.0,453.0,603.0,946.0,1965.0,846.0,288.0,1429.0,2384.0,676.0,2227.0,1538.0,2101.0,735.0,399.0,388.0,2017.0,1114.0,2032.0,446.0,474.0,1026.0,1720.0,799.0,551.0,1018.0,529.0,1659.0,955.0,00000000000000000e3b,100.727431436919,C1110C71
686.0,2176.0,1625.0,550.0,556.0,1586.0,1468.0,525.0,348.0,2280.0,2292.0,652.0,1101.0,1555.0,410.0,1901.0,1428.0,1007.0,1601.0,628.0,2555.0,373.0,710.0,950.0,1501.0,558.0,1095.0,525.0,2189.0,1542.0,457.0,2078.0,858.0,469.0,644.0,1006.0,2031.0,905.0,322.0,1466.0,2419.0,728.0,2267.0,1620.0,2159.0,772.0,435.0,427.0,2075.0,1156.0,2072.0,495.0,492.0,1088.0,1777.0,836.0,591.0,1058.0,549.0,1707.0,997.0,00000000000000000e3c,77.6936602903267,C1110C73
690.0,2195.0,1639.0,551.0,564.0,1593.0,1475.0,534.0,346.0,2272.0,2300.0,654.0,1099.0,1566.0,415.0,1912.0,1445.0,1017.0,1615.0,637.0,2556.0,374.0,718.0,959.0,1521.0,567.0,1100.0,523.0,2195.0,1548.0,456.0,2084.0,860.0,476.0,642.0,1012.0,2041.0,913.0,332.0,1468.0,2421.0,725.0,2265.0,1626.0,2168.0,780.0,431.0,427.0,2077.0,1173.0,2065.0,497.0,502.0,1098.0,1783.0,846.0,590.0,1071.0,556.0,1707.0,994.0,00000000000000000e3d,70.0923060720879,C1110C79
696.0,2174.0,1621.0,532.0,558.0,1597.0,1473.0,528.0,345.0,2290.0,2299.0,659.0,1101.0,1555.0,413.0,1911.0,1418.0,1008.0,1599.0,629.0,2573.0,366.0,710.0,951.0,1492.0,561.0,1094.0,511.0,2200.0,1550.0,456.0,2081.0,865.0,472.0,630.0,1003.0,2036.0,905.0,326.0,1478.0,2437.0,710.0,2271.0,1620.0,2171.0,771.0,428.0,418.0,2093.0,1150.0,2079.0,488.0,492.0,1082.0,1775.0,835.0,579.0,1055.0,550.0,1733.0,1003.0,00000000000000000e3e,65.2804486622024,C1110C94
686.0,2133.0,1590.0,529.0,535.0,1542.0,1422.0,503.0,330.0,2253.0,2246.0,646.0,1076.0,1523.0,401.0,1865.0,1391.0,990.0,1554.0,617.0,2528.0,353.0,689.0,932.0,1458.0,547.0,1069.0,506.0,2160.0,1493.0,444.0,2040.0,843.0,461.0,624.0,975.0,1989.0,874.0,307.0,1443.0,2392.0,706.0,2235.0,1572.0,2117.0,753.0,418.0,408.0,2036.0,1135.0,2047.0,467.0,482.0,1056.0,1741.0,827.0,571.0,1039.0,540.0,1671.0,972.0,00000000000000000e3f,103.424254917429,C1110C95
627.0,1883.0,1437.0,401.0,410.0,1229.0,1131.0,381.0,230.0,2132.0,1906.0,597.0,869.0,1349.0,327.0,1610.0,1265.0,873.0,1235.0,545.0,2245.0,256.0,519.0,849.0,1224.0,450.0,876.0,410.0,2016.0,1185.0,346.0,1854.0,793.0,365.0,494.0,725.0,1727.0,652.0,204.0,1329.0,2156.0,565.0,2014.0,1244.0,1817.0,609.0,322.0,315.0,1786.0,998.0,1929.0,332.0,370.0,792.0,1655.0,687.0,473.0,880.0,440.0,1510.0,762.0,00000000000000000e40,157.983047468762,C1110C97
668.0,2057.0,1539.0,523.0,491.0,1436.0,1318.0,459.0,303.0,2180.0,2136.0,627.0,1008.0,1481.0,385.0,1761.0,1379.0,976.0,1472.0,608.0,2399.0,338.0,637.0,917.0,1432.0,533.0,993.0,504.0,2090.0,1377.0,411.0,1964.0,824.0,433.0,600.0,912.0,1890.0,800.0,276.0,1390.0,2288.0,688.0,2153.0,1478.0,2005.0,707.0,394.0,397.0,1926.0,1123.0,1984.0,446.0,451.0,982.0,1724.0,816.0,555.0,1016.0,522.0,1551.0,887.0,00000000000000000e42,70.3584394888153,C1110F04
676.0,2097.0,1625.0,466.0,522.0,1532.0,1430.0,503.0,321.0,2346.0,2275.0,681.0,1047.0,1568.0,395.0,1933.0,1361.0,996.0,1481.0,610.0,2629.0,341.0,657.0,954.0,1389.0,539.0,1073.0,462.0,2199.0,1491.0,430.0,2061.0,912.0,462.0,559.0,901.0,2038.0,850.0,315.0,1545.0,2478.0,611.0,2278.0,1481.0,2193.0,710.0,418.0,374.0,2129.0,1109.0,2093.0,416.0,486.0,976.0,1730.0,756.0,545.0,1039.0,528.0,1850.0,981.0,00000000000000000e43,83.7685387496226,C1110F05
670.0,2095.0,1598.0,467.0,511.0,1528.0,1419.0,499.0,313.0,2338.0,2258.0,663.0,1041.0,1539.0,396.0,1919.0,1358.0,986.0,1491.0,605.0,2603.0,333.0,652.0,940.0,1399.0,530.0,1040.0,458.0,2199.0,1482.0,426.0,2050.0,887.0,463.0,558.0,904.0,2018.0,838.0,310.0,1517.0,2454.0,614.0,2286.0,1493.0,2172.0,710.0,409.0,371.0,2107.0,1097.0,2094.0,416.0,482.0,979.0,1746.0,754.0,539.0,1023.0,530.0,1801.0,969.0,00000000000000000e44,73.1582988297068,C1110F16
615.0,1941.0,1364.0,474.0,421.0,1208.0,1189.0,379.0,259.0,1947.0,1810.0,533.0,793.0,1396.0,358.0,1582.0,1432.0,874.0,1332.0,552.0,2054.0,302.0,489.0,874.0,1272.0,512.0,812.0,465.0,1909.0,1198.0,354.0,1753.0,781.0,366.0,532.0,740.0,1673.0,663.0,252.0,1251.0,1979.0,591.0,1893.0,1304.0,1762.0,591.0,324.0,356.0,1654.0,1029.0,1817.0,389.0,365.0,809.0,1630.0,724.0,503.0,953.0,461.0,1363.0,685.0,00000000000000000e45,134.914076453915,C1110P01
666.0,2091.0,1593.0,467.0,510.0,1523.0,1415.0,498.0,313.0,2331.0,2251.0,659.0,1033.0,1535.0,394.0,1915.0,1354.0,982.0,1486.0,601.0,2598.0,332.0,651.0,936.0,1393.0,527.0,1037.0,458.0,2195.0,1477.0,425.0,2044.0,883.0,460.0,556.0,897.0,2011.0,832.0,308.0,1513.0,2449.0,613.0,2280.0,1488.0,2164.0,708.0,409.0,371.0,2100.0,1093.0,2089.0,415.0,479.0,972.0,1740.0,750.0,538.0,1019.0,527.0,1796.0,963.0,00000000000000000e46,101.40013175665,C1110P02
663.0,2064.0,1600.0,449.0,500.0,1496.0,1399.0,485.0,311.0,2329.0,2234.0,665.0,1022.0,1532.0,382.0,1905.0,1335.0,970.0,1446.0,595.0,2601.0,329.0,634.0,927.0,1351.0,522.0,1018.0,453.0,2177.0,1463.0,408.0,2035.0,887.0,449.0,544.0,879.0,2002.0,831.0,304.0,1516.0,2448.0,587.0,2256.0,1443.0,2150.0,688.0,407.0,360.0,2091.0,1078.0,2073.0,396.0,476.0,948.0,1710.0,739.0,522.0,1010.0,516.0,1819.0,962.0,00000000000000000e47,90.3118526661043,C1110P03
655.0,2041.0,1592.0,431.0,482.0,1449.0,1355.0,473.0,291.0,2360.0,2192.0,665.0,1006.0,1526.0,361.0,1903.0,1311.0,936.0,1393.0,580.0,2607.0,311.0,618.0,907.0,1291.0,502.0,994.0,432.0,2178.0,1420.0,395.0,2068.0,880.0,430.0,521.0,843.0,1978.0,806.0,284.0,1516.0,2442.0,558.0,2271.0,1382.0,2114.0,676.0,401.0,341.0,2065.0,1039.0,2098.0,366.0,459.0,919.0,1718.0,704.0,512.0,982.0,498.0,1823.0,950.0,00000000000000000e49,136.284730679798,C1110P97
629.0,2021.0,1420.0,496.0,455.0,1314.0,1263.0,420.0,274.0,2032.0,1967.0,557.0,894.0,1425.0,378.0,1666.0,1421.0,920.0,1425.0,580.0,2182.0,317.0,558.0,893.0,1364.0,531.0,865.0,474.0,1994.0,1286.0,365.0,1844.0,791.0,393.0,548.0,825.0,1769.0,733.0,268.0,1279.0,2108.0,624.0,1992.0,1415.0,1865.0,649.0,345.0,374.0,1763.0,1073.0,1876.0,411.0,398.0,895.0,1694.0,767.0,514.0,982.0,495.0,1404.0,764.0,00000000000000000e4a,144.571293880978,C1110P99
626.0,1976.0,1383.0,490.0,448.0,1258.0,1229.0,405.0,270.0,2020.0,1898.0,554.0,857.0,1428.0,380.0,1628.0,1414.0,905.0,1377.0,573.0,2121.0,314.0,526.0,879.0,1315.0,532.0,841.0,479.0,1969.0,1232.0,367.0,1802.0,802.0,381.0,529.0,777.0,1734.0,689.0,261.0,1284.0,2062.0,597.0,1963.0,1365.0,1822.0,627.0,338.0,371.0,1727.0,1045.0,1867.0,387.0,380.0,840.0,1693.0,735.0,508.0,966.0,486.0,1396.0,729.0,00000000000000000e4b,180.832118754375,C1110W01
619.0,2038.0,1449.0,485.0,444.0,1215.0,1201.0,397.0,282.0,1935.0,1856.0,522.0,796.0,1408.0,354.0,1657.0,1532.0,910.0,1366.0,548.0,2078.0,312.0,527.0,918.0,1324.0,520.0,820.0,465.0,1929.0,1257.0,351.0,1793.0,808.0,366.0,557.0,783.0,1707.0,728.0,277.0,1279.0,1957.0,613.0,1857.0,1323.0,1816.0,608.0,330.0,360.0,1653.0,1087.0,1797.0,437.0,386.0,873.0,1618.0,747.0,513.0,988.0,466.0,1382.0,685.0,00000000000000000e4c,136.160761469855,C1110W02
626.0,1860.0,1422.0,403.0,401.0,1193.0,1107.0,370.0,222.0,2099.0,1853.0,591.0,844.0,1353.0,340.0,1576.0,1285.0,875.0,1215.0,552.0,2175.0,256.0,495.0,865.0,1223.0,458.0,867.0,414.0,1989.0,1153.0,347.0,1813.0,806.0,363.0,496.0,710.0,1689.0,638.0,201.0,1320.0,2117.0,560.0,1970.0,1215.0,1761.0,588.0,310.0,320.0,1740.0,1002.0,1912.0,326.0,363.0,769.0,1658.0,686.0,474.0,885.0,445.0,1475.0,736.0,00000000000000000e4d,222.790481239378,C1110W03
616.0,1826.0,1309.0,451.0,396.0,1144.0,1125.0,339.0,251.0,1924.0,1719.0,543.0,754.0,1366.0,355.0,1514.0,1356.0,865.0,1233.0,554.0,1993.0,293.0,439.0,862.0,1202.0,503.0,758.0,451.0,1866.0,1135.0,361.0,1670.0,807.0,354.0,511.0,677.0,1590.0,607.0,240.0,1249.0,1955.0,561.0,1844.0,1215.0,1681.0,539.0,315.0,346.0,1600.0,994.0,1787.0,361.0,345.0,745.0,1607.0,698.0,491.0,924.0,449.0,1376.0,654.0,00000000000000000e4e,177.2223398997,C1110W04
657.0,2065.0,1595.0,439.0,494.0,1490.0,1393.0,481.0,303.0,2341.0,2229.0,658.0,1017.0,1521.0,372.0,1903.0,1332.0,969.0,1439.0,587.0,2600.0,319.0,629.0,923.0,1347.0,511.0,1009.0,444.0,2185.0,1458.0,406.0,2039.0,882.0,440.0,549.0,875.0,1997.0,825.0,296.0,1512.0,2447.0,591.0,2268.0,1437.0,2142.0,687.0,397.0,352.0,2088.0,1076.0,2082.0,395.0,465.0,941.0,1720.0,731.0,521.0,1007.0,508.0,1811.0,957.0,00000000000000000e4f,97.4436490527751,C1110X01
518.0,1524.0,1303.0,323.0,286.0,889.0,861.0,271.0,187.0,1756.0,1378.0,513.0,620.0,1158.0,254.0,1355.0,1112.0,699.0,887.0,461.0,1796.0,209.0,338.0,769.0,946.0,352.0,626.0,358.0,1733.0,916.0,262.0,1528.0,717.0,272.0,399.0,498.0,1307.0,497.0,150.0,1048.0,1692.0,422.0,1593.0,898.0,1361.0,479.0,281.0,289.0,1264.0,796.0,1549.0,222.0,263.0,568.0,1444.0,548.0,420.0,725.0,362.0,1270.0,554.0,00000000000000000e50,109.308823250549,C1110X02
654.0,2067.0,1583.0,440.0,494.0,1492.0,1390.0,478.0,301.0,2340.0,2218.0,654.0,1018.0,1511.0,369.0,1899.0,1324.0,962.0,1438.0,583.0,2592.0,316.0,629.0,915.0,1348.0,507.0,1021.0,442.0,2182.0,1454.0,407.0,2038.0,872.0,441.0,550.0,876.0,1984.0,822.0,294.0,1500.0,2443.0,596.0,2270.0,1440.0,2131.0,687.0,394.0,351.0,2078.0,1071.0,2081.0,397.0,464.0,943.0,1721.0,731.0,522.0,1000.0,509.0,1792.0,954.0,00000000000000000e51,98.5096043385597,C1110X03
653.0,2053.0,1594.0,433.0,488.0,1470.0,1373.0,478.0,294.0,2355.0,2206.0,658.0,1010.0,1524.0,360.0,1906.0,1320.0,949.0,1415.0,580.0,2609.0,314.0,624.0,912.0,1315.0,503.0,1005.0,437.0,2184.0,1439.0,401.0,2056.0,879.0,430.0,536.0,856.0,1984.0,813.0,285.0,1515.0,2448.0,575.0,2272.0,1407.0,2124.0,682.0,399.0,344.0,2072.0,1054.0,2093.0,380.0,458.0,928.0,1720.0,713.0,518.0,992.0,498.0,1815.0,952.0,00000000000000000e52,93.8491413455316,C1110X05
635.0,2027.0,1553.0,435.0,480.0,1453.0,1344.0,461.0,284.0,2300.0,2165.0,635.0,996.0,1480.0,357.0,1854.0,1297.0,935.0,1406.0,568.0,2532.0,302.0,615.0,889.0,1334.0,494.0,993.0,428.0,2141.0,1409.0,399.0,2012.0,843.0,423.0,542.0,856.0,1944.0,793.0,275.0,1463.0,2389.0,589.0,2241.0,1415.0,2087.0,673.0,379.0,340.0,2024.0,1045.0,2043.0,390.0,442.0,922.0,1690.0,717.0,513.0,971.0,489.0,1738.0,923.0,00000000000000000e53,117.171595956499,C1110X06
700.0,2243.0,1670.0,578.0,570.0,1619.0,1503.0,544.0,360.0,2273.0,2326.0,652.0,1092.0,1598.0,423.0,1944.0,1489.0,1033.0,1653.0,646.0,2580.0,396.0,726.0,975.0,1556.0,577.0,1067.0,542.0,2225.0,1588.0,453.0,2112.0,869.0,482.0,651.0,1028.0,2071.0,942.0,347.0,1477.0,2438.0,737.0,2281.0,1658.0,2197.0,782.0,445.0,445.0,2099.0,1201.0,2079.0,517.0,516.0,1120.0,1813.0,868.0,600.0,1099.0,565.0,1726.0,997.0,00000000000000000e54,63.589281662646,C1111C01
692.0,2236.0,1662.0,571.0,559.0,1603.0,1492.0,536.0,353.0,2259.0,2318.0,637.0,1073.0,1591.0,426.0,1933.0,1493.0,1027.0,1646.0,636.0,2564.0,391.0,716.0,969.0,1552.0,568.0,1042.0,534.0,2216.0,1584.0,450.0,2103.0,860.0,482.0,652.0,1019.0,2061.0,933.0,348.0,1464.0,2421.0,741.0,2265.0,1651.0,2184.0,769.0,437.0,437.0,2084.0,1196.0,2067.0,520.0,517.0,1113.0,1807.0,859.0,601.0,1096.0,568.0,1711.0,985.0,00000000000000000e55,66.4084164779282,C1111C02
629.0,1950.0,1477.0,420.0,425.0,1319.0,1212.0,404.0,243.0,2206.0,2010.0,607.0,927.0,1389.0,331.0,1701.0,1274.0,896.0,1311.0,547.0,2360.0,266.0,558.0,859.0,1281.0,456.0,915.0,419.0,2061.0,1269.0,367.0,1926.0,792.0,383.0,528.0,781.0,1803.0,711.0,221.0,1370.0,2245.0,593.0,2113.0,1328.0,1920.0,640.0,341.0,321.0,1871.0,1022.0,1978.0,355.0,400.0,857.0,1673.0,707.0,496.0,906.0,457.0,1566.0,828.0,00000000000000000e56,106.363462629805,C1111C03
718.0,2277.0,1701.0,587.0,598.0,1675.0,1556.0,577.0,382.0,2316.0,2374.0,675.0,1130.0,1631.0,449.0,1992.0,1511.0,1057.0,1691.0,661.0,2627.0,411.0,759.0,997.0,1583.0,592.0,1103.0,553.0,2271.0,1636.0,483.0,2143.0,899.0,511.0,672.0,1050.0,2115.0,962.0,372.0,1526.0,2489.0,752.0,2324.0,1701.0,2251.0,815.0,465.0,458.0,2156.0,1214.0,2110.0,535.0,542.0,1140.0,1834.0,871.0,618.0,1115.0,591.0,1789.0,1028.0,00000000000000000e58,48.9870757659657,C1111C05
603.0,1924.0,1473.0,378.0,410.0,1298.0,1202.0,389.0,227.0,2244.0,1983.0,602.0,905.0,1378.0,308.0,1718.0,1253.0,858.0,1269.0,523.0,2373.0,248.0,533.0,847.0,1208.0,423.0,863.0,398.0,2078.0,1259.0,343.0,1938.0,789.0,360.0,492.0,742.0,1795.0,702.0,205.0,1369.0,2255.0,546.0,2108.0,1270.0,1895.0,615.0,334.0,291.0,1865.0,974.0,1988.0,321.0,380.0,810.0,1662.0,654.0,471.0,877.0,432.0,1616.0,828.0,00000000000000000e59,64.5373741603438,C1111C08
680.0,2108.0,1614.0,478.0,519.0,1546.0,1435.0,510.0,324.0,2344.0,2275.0,670.0,1048.0,1555.0,402.0,1931.0,1374.0,999.0,1510.0,614.0,2615.0,343.0,663.0,952.0,1415.0,539.0,1055.0,469.0,2210.0,1500.0,433.0,2060.0,896.0,468.0,564.0,915.0,2035.0,849.0,317.0,1530.0,2464.0,620.0,2293.0,1512.0,2188.0,720.0,420.0,382.0,2121.0,1110.0,2103.0,424.0,487.0,989.0,1755.0,765.0,544.0,1036.0,535.0,1817.0,979.0,00000000000000000e5a,93.1286438300788,C1111C95
651.0,2154.0,1594.0,539.0,486.0,1360.0,1317.0,465.0,310.0,2057.0,2072.0,536.0,857.0,1521.0,372.0,1779.0,1553.0,967.0,1490.0,576.0,2311.0,342.0,630.0,930.0,1448.0,516.0,896.0,491.0,2073.0,1457.0,351.0,1986.0,794.0,419.0,604.0,883.0,1850.0,849.0,323.0,1309.0,2136.0,703.0,2024.0,1486.0,1942.0,672.0,370.0,390.0,1825.0,1163.0,1901.0,516.0,469.0,1009.0,1706.0,816.0,556.0,1056.0,518.0,1488.0,808.0,00000000000000000e5b,76.3564334843505,C1111F01
639.0,2014.0,1520.0,440.0,458.0,1415.0,1290.0,438.0,270.0,2259.0,2110.0,623.0,987.0,1442.0,348.0,1786.0,1280.0,930.0,1392.0,562.0,2473.0,291.0,599.0,873.0,1335.0,483.0,975.0,434.0,2118.0,1351.0,394.0,1984.0,810.0,408.0,542.0,848.0,1888.0,768.0,243.0,1414.0,2333.0,612.0,2201.0,1407.0,2029.0,672.0,365.0,339.0,1958.0,1055.0,2012.0,386.0,431.0,922.0,1687.0,736.0,511.0,955.0,480.0,1640.0,888.0,00000000000000000e5c,150.278144698707,C1111F03
604.0,1914.0,1455.0,392.0,407.0,1290.0,1192.0,386.0,233.0,2199.0,1976.0,593.0,896.0,1363.0,317.0,1686.0,1245.0,869.0,1271.0,524.0,2337.0,256.0,533.0,840.0,1228.0,434.0,885.0,400.0,2048.0,1240.0,348.0,1910.0,782.0,370.0,495.0,742.0,1785.0,681.0,203.0,1360.0,2226.0,558.0,2092.0,1281.0,1896.0,613.0,332.0,301.0,1856.0,988.0,1970.0,327.0,380.0,810.0,1654.0,665.0,471.0,880.0,443.0,1577.0,808.0,00000000000000000e5d,112.306761799376,C1111P03
650.0,2157.0,1586.0,539.0,488.0,1362.0,1317.0,463.0,308.0,2054.0,2069.0,537.0,865.0,1513.0,373.0,1772.0,1551.0,963.0,1496.0,581.0,2307.0,344.0,632.0,929.0,1442.0,517.0,901.0,493.0,2069.0,1444.0,350.0,1984.0,791.0,417.0,601.0,885.0,1849.0,850.0,318.0,1305.0,2134.0,699.0,2020.0,1487.0,1943.0,677.0,370.0,390.0,1820.0,1164.0,1901.0,507.0,467.0,1006.0,1703.0,818.0,551.0,1056.0,517.0,1480.0,807.0,00000000000000000e5e,72.2589250652764,C1111P05
640.0,2038.0,1537.0,441.0,472.0,1446.0,1325.0,452.0,278.0,2294.0,2152.0,627.0,997.0,1464.0,352.0,1824.0,1280.0,935.0,1412.0,567.0,2519.0,298.0,614.0,875.0,1340.0,488.0,989.0,431.0,2137.0,1386.0,397.0,2012.0,821.0,415.0,541.0,858.0,1926.0,784.0,256.0,1438.0,2371.0,605.0,2242.0,1429.0,2073.0,682.0,373.0,339.0,1999.0,1058.0,2037.0,387.0,442.0,933.0,1693.0,735.0,511.0,967.0,484.0,1685.0,906.0,00000000000000000e5f,49.8808959133965,C1111P07
604.0,1932.0,1476.0,378.0,408.0,1302.0,1208.0,390.0,228.0,2254.0,1994.0,603.0,909.0,1381.0,308.0,1731.0,1255.0,861.0,1271.0,523.0,2388.0,250.0,530.0,850.0,1209.0,425.0,858.0,399.0,2088.0,1266.0,337.0,1944.0,794.0,362.0,485.0,745.0,1803.0,706.0,205.0,1373.0,2268.0,535.0,2119.0,1272.0,1903.0,612.0,337.0,291.0,1873.0,975.0,1996.0,316.0,380.0,813.0,1666.0,655.0,463.0,880.0,433.0,1626.0,834.0,00000000000000000e60,70.3151014843992,C1111P91
642.0,2160.0,1549.0,543.0,501.0,1439.0,1366.0,476.0,312.0,2075.0,2144.0,556.0,953.0,1481.0,386.0,1781.0,1491.0,969.0,1544.0,587.0,2350.0,354.0,648.0,934.0,1471.0,527.0,927.0,505.0,2078.0,1464.0,369.0,1963.0,787.0,431.0,605.0,938.0,1890.0,863.0,308.0,1300.0,2226.0,690.0,2065.0,1538.0,1981.0,703.0,382.0,408.0,1890.0,1152.0,1929.0,485.0,463.0,1043.0,1707.0,823.0,550.0,1048.0,524.0,1501.0,862.0,00000000000000000e61,108.24237093498,C1111P92
676.0,2101.0,1649.0,466.0,528.0,1540.0,1437.0,508.0,328.0,2367.0,2284.0,685.0,1052.0,1591.0,394.0,1950.0,1369.0,996.0,1484.0,614.0,2657.0,348.0,665.0,964.0,1383.0,541.0,1067.0,466.0,2199.0,1503.0,434.0,2094.0,926.0,462.0,559.0,900.0,2050.0,852.0,318.0,1569.0,2493.0,601.0,2290.0,1478.0,2200.0,713.0,433.0,377.0,2143.0,1111.0,2113.0,415.0,490.0,976.0,1738.0,753.0,550.0,1044.0,529.0,1880.0,991.0,00000000000000000e62,130.453952788817,C1111P94
675.0,2087.0,1640.0,468.0,525.0,1532.0,1430.0,505.0,330.0,2347.0,2272.0,685.0,1046.0,1583.0,394.0,1936.0,1362.0,992.0,1477.0,612.0,2635.0,350.0,661.0,959.0,1379.0,542.0,1067.0,468.0,2184.0,1495.0,434.0,2076.0,920.0,460.0,558.0,896.0,2040.0,849.0,318.0,1560.0,2475.0,602.0,2273.0,1475.0,2191.0,709.0,432.0,379.0,2131.0,1106.0,2096.0,415.0,487.0,971.0,1724.0,751.0,549.0,1040.0,527.0,1868.0,983.0,00000000000000000e63,98.9765789786108,C1111P95
689.0,2138.0,1632.0,488.0,534.0,1567.0,1455.0,521.0,330.0,2360.0,2289.0,676.0,1071.0,1565.0,404.0,1945.0,1395.0,1009.0,1536.0,624.0,2632.0,352.0,679.0,959.0,1443.0,550.0,1072.0,478.0,2224.0,1524.0,442.0,2088.0,900.0,470.0,580.0,941.0,2047.0,872.0,323.0,1539.0,2484.0,637.0,2312.0,1545.0,2197.0,736.0,426.0,391.0,2130.0,1126.0,2120.0,439.0,492.0,1016.0,1776.0,780.0,554.0,1049.0,539.0,1814.0,997.0,00000000000000000e64,24.7661867338091,C1111W04
592.0,1857.0,1418.0,358.0,379.0,1196.0,1113.0,356.0,207.0,2120.0,1857.0,572.0,841.0,1309.0,308.0,1611.0,1236.0,833.0,1192.0,509.0,2234.0,230.0,480.0,829.0,1164.0,406.0,814.0,376.0,2015.0,1170.0,319.0,1828.0,778.0,341.0,475.0,685.0,1696.0,639.0,182.0,1294.0,2132.0,531.0,1971.0,1202.0,1782.0,577.0,300.0,291.0,1750.0,952.0,1890.0,297.0,344.0,751.0,1634.0,640.0,454.0,833.0,419.0,1503.0,740.0,00000000000000000e65,127.369180026756,C1111W05
714.0,2271.0,1693.0,594.0,579.0,1633.0,1524.0,559.0,375.0,2287.0,2347.0,657.0,1089.0,1629.0,433.0,1973.0,1524.0,1046.0,1679.0,656.0,2608.0,413.0,738.0,988.0,1579.0,586.0,1072.0,552.0,2252.0,1620.0,460.0,2135.0,882.0,492.0,662.0,1038.0,2092.0,959.0,363.0,1491.0,2452.0,753.0,2300.0,1680.0,2219.0,789.0,456.0,456.0,2121.0,1219.0,2097.0,538.0,530.0,1138.0,1836.0,882.0,611.0,1122.0,579.0,1748.0,1009.0,00000000000000000e66,92.2178582183853,C1112C02
709.0,2242.0,1684.0,572.0,589.0,1651.0,1527.0,567.0,374.0,2308.0,2351.0,671.0,1130.0,1607.0,438.0,1966.0,1483.0,1040.0,1659.0,650.0,2603.0,398.0,748.0,978.0,1557.0,582.0,1099.0,542.0,2245.0,1608.0,478.0,2129.0,886.0,503.0,665.0,1041.0,2095.0,951.0,359.0,1516.0,2468.0,739.0,2307.0,1670.0,2227.0,802.0,458.0,448.0,2139.0,1190.0,2098.0,519.0,530.0,1127.0,1811.0,859.0,608.0,1090.0,580.0,1777.0,1024.0,00000000000000000e67,63.5276687676435,C1112C03
686.0,2204.0,1641.0,557.0,556.0,1586.0,1467.0,525.0,340.0,2266.0,2304.0,646.0,1088.0,1564.0,418.0,1907.0,1457.0,1018.0,1615.0,636.0,2541.0,372.0,710.0,960.0,1526.0,566.0,1078.0,525.0,2193.0,1540.0,450.0,2092.0,853.0,472.0,643.0,1014.0,2044.0,915.0,329.0,1456.0,2411.0,726.0,2267.0,1621.0,2169.0,772.0,427.0,427.0,2069.0,1181.0,2067.0,497.0,503.0,1099.0,1797.0,850.0,591.0,1076.0,554.0,1693.0,980.0,00000000000000000e68,94.8762814463824,C1112C04
706.0,2235.0,1682.0,575.0,587.0,1641.0,1515.0,567.0,372.0,2298.0,2340.0,667.0,1128.0,1599.0,426.0,1956.0,1477.0,1043.0,1651.0,648.0,2589.0,395.0,749.0,977.0,1552.0,579.0,1093.0,543.0,2234.0,1601.0,475.0,2125.0,882.0,493.0,670.0,1040.0,2087.0,952.0,349.0,1504.0,2455.0,743.0,2298.0,1661.0,2214.0,800.0,457.0,447.0,2126.0,1195.0,2088.0,517.0,522.0,1129.0,1802.0,863.0,609.0,1091.0,571.0,1766.0,1020.0,00000000000000000e69,70.9718052049134,C1112C05
705.0,2204.0,1651.0,545.0,576.0,1628.0,1502.0,547.0,356.0,2307.0,2326.0,667.0,1121.0,1583.0,424.0,1936.0,1450.0,1023.0,1630.0,638.0,2597.0,377.0,731.0,965.0,1520.0,570.0,1119.0,523.0,2224.0,1581.0,470.0,2106.0,878.0,483.0,647.0,1024.0,2064.0,926.0,338.0,1505.0,2457.0,722.0,2291.0,1649.0,2199.0,791.0,439.0,429.0,2119.0,1166.0,2096.0,503.0,504.0,1104.0,1797.0,845.0,594.0,1070.0,561.0,1758.0,1021.0,00000000000000000e6a,59.8145728805431,C1112C06
686.0,2213.0,1653.0,567.0,566.0,1604.0,1485.0,536.0,349.0,2271.0,2309.0,646.0,1098.0,1577.0,414.0,1920.0,1464.0,1025.0,1634.0,636.0,2558.0,382.0,721.0,967.0,1538.0,567.0,1093.0,534.0,2203.0,1557.0,458.0,2098.0,860.0,472.0,647.0,1023.0,2052.0,923.0,332.0,1469.0,2424.0,731.0,2271.0,1636.0,2178.0,782.0,436.0,436.0,2079.0,1191.0,2068.0,502.0,502.0,1111.0,1798.0,847.0,595.0,1084.0,553.0,1705.0,991.0,00000000000000000e6b,127.872287134536,C1112C07
614.0,1790.0,1306.0,440.0,382.0,1095.0,1091.0,329.0,257.0,1901.0,1642.0,535.0,716.0,1353.0,336.0,1487.0,1352.0,853.0,1188.0,553.0,1954.0,284.0,422.0,854.0,1178.0,528.0,737.0,441.0,1850.0,1085.0,361.0,1638.0,805.0,336.0,513.0,645.0,1536.0,595.0,229.0,1246.0,1916.0,554.0,1840.0,1160.0,1625.0,519.0,302.0,336.0,1536.0,981.0,1756.0,354.0,326.0,711.0,1580.0,675.0,497.0,949.0,417.0,1352.0,617.0,00000000000000000e6c,286.779796388261,C1112C98
608.0,2035.0,1443.0,488.0,439.0,1202.0,1195.0,397.0,282.0,1924.0,1852.0,516.0,791.0,1397.0,350.0,1660.0,1533.0,909.0,1363.0,536.0,2058.0,313.0,527.0,912.0,1327.0,510.0,819.0,467.0,1919.0,1264.0,347.0,1778.0,797.0,367.0,557.0,785.0,1700.0,737.0,278.0,1263.0,1936.0,623.0,1836.0,1315.0,1819.0,602.0,330.0,354.0,1640.0,1093.0,1773.0,449.0,386.0,881.0,1611.0,740.0,518.0,988.0,466.0,1375.0,682.0,00000000000000000e6d,96.0893588872126,C1112F02
692.0,2177.0,1631.0,545.0,566.0,1605.0,1483.0,536.0,353.0,2292.0,2304.0,658.0,1112.0,1565.0,415.0,1910.0,1429.0,1008.0,1610.0,629.0,2571.0,374.0,721.0,951.0,1504.0,560.0,1110.0,524.0,2200.0,1561.0,461.0,2081.0,865.0,474.0,643.0,1013.0,2040.0,913.0,326.0,1484.0,2436.0,725.0,2273.0,1635.0,2172.0,782.0,438.0,428.0,2093.0,1150.0,2080.0,497.0,494.0,1093.0,1778.0,835.0,591.0,1055.0,553.0,1732.0,1012.0,00000000000000000e6e,159.832453341343,C1112F03
680.0,2150.0,1600.0,513.0,539.0,1570.0,1443.0,508.0,325.0,2288.0,2271.0,649.0,1083.0,1534.0,402.0,1891.0,1389.0,989.0,1566.0,612.0,2565.0,346.0,691.0,932.0,1464.0,544.0,1070.0,492.0,2186.0,1513.0,438.0,2067.0,846.0,462.0,611.0,976.0,2013.0,877.0,304.0,1469.0,2426.0,683.0,2267.0,1586.0,2149.0,752.0,408.0,398.0,2069.0,1131.0,2070.0,460.0,482.0,1055.0,1755.0,808.0,560.0,1036.0,542.0,1714.0,984.0,00000000000000000e6f,146.911588088881,C1112F08
686.0,2121.0,1628.0,485.0,527.0,1562.0,1451.0,515.0,328.0,2357.0,2295.0,678.0,1056.0,1569.0,406.0,1944.0,1385.0,1009.0,1523.0,619.0,2636.0,348.0,670.0,962.0,1424.0,544.0,1074.0,476.0,2226.0,1515.0,435.0,2068.0,908.0,472.0,567.0,920.0,2053.0,856.0,320.0,1546.0,2483.0,624.0,2304.0,1523.0,2208.0,728.0,427.0,387.0,2142.0,1122.0,2113.0,426.0,491.0,995.0,1761.0,771.0,548.0,1047.0,539.0,1839.0,987.0,00000000000000000e70,51.7642820574208,C1112P02
651.0,2063.0,1572.0,444.0,495.0,1488.0,1386.0,476.0,297.0,2329.0,2215.0,651.0,1017.0,1509.0,374.0,1890.0,1323.0,959.0,1443.0,582.0,2574.0,312.0,630.0,913.0,1360.0,507.0,1020.0,438.0,2173.0,1445.0,408.0,2031.0,867.0,441.0,545.0,876.0,1978.0,814.0,292.0,1494.0,2430.0,599.0,2267.0,1447.0,2128.0,688.0,390.0,351.0,2074.0,1071.0,2075.0,398.0,460.0,947.0,1720.0,731.0,522.0,997.0,508.0,1775.0,946.0,00000000000000000e71,137.919816588144,C1112P03
608.0,1953.0,1479.0,394.0,421.0,1342.0,1244.0,405.0,242.0,2267.0,2048.0,604.0,935.0,1405.0,317.0,1764.0,1247.0,875.0,1306.0,529.0,2441.0,263.0,554.0,843.0,1243.0,442.0,917.0,398.0,2097.0,1301.0,357.0,1958.0,796.0,380.0,506.0,781.0,1846.0,728.0,222.0,1399.0,2302.0,558.0,2170.0,1311.0,1972.0,627.0,346.0,300.0,1929.0,994.0,2009.0,336.0,400.0,849.0,1663.0,672.0,480.0,903.0,451.0,1655.0,863.0,00000000000000000e72,263.850658678983,C1112P04
633.0,1940.0,1397.0,478.0,433.0,1255.0,1200.0,393.0,263.0,2037.0,1903.0,573.0,871.0,1404.0,378.0,1611.0,1379.0,906.0,1351.0,580.0,2133.0,307.0,519.0,881.0,1316.0,520.0,846.0,467.0,1973.0,1221.0,369.0,1805.0,806.0,384.0,534.0,775.0,1718.0,679.0,250.0,1289.0,2085.0,602.0,1968.0,1342.0,1809.0,621.0,341.0,374.0,1733.0,1047.0,1890.0,384.0,377.0,841.0,1698.0,746.0,507.0,951.0,481.0,1410.0,740.0,00000000000000000e73,1192.26410071958,C1112P06
721.0,2251.0,1692.0,571.0,597.0,1662.0,1538.0,574.0,375.0,2319.0,2364.0,684.0,1138.0,1616.0,440.0,1976.0,1491.0,1048.0,1670.0,660.0,2618.0,398.0,757.0,988.0,1564.0,591.0,1119.0,542.0,2257.0,1617.0,479.0,2135.0,895.0,503.0,662.0,1048.0,2105.0,957.0,360.0,1529.0,2483.0,737.0,2315.0,1682.0,2239.0,813.0,459.0,448.0,2152.0,1197.0,2108.0,519.0,530.0,1134.0,1819.0,869.0,608.0,1099.0,581.0,1788.0,1033.0,00000000000000000e74,62.5169287394653,C1112P95
713.0,2239.0,1683.0,570.0,591.0,1656.0,1532.0,568.0,376.0,2310.0,2357.0,679.0,1132.0,1607.0,441.0,1969.0,1483.0,1038.0,1663.0,652.0,2610.0,398.0,748.0,981.0,1554.0,584.0,1110.0,542.0,2250.0,1608.0,480.0,2124.0,890.0,504.0,659.0,1042.0,2100.0,951.0,361.0,1524.0,2478.0,735.0,2301.0,1675.0,2232.0,803.0,459.0,448.0,2146.0,1186.0,2101.0,518.0,530.0,1126.0,1809.0,856.0,607.0,1091.0,581.0,1786.0,1028.0,00000000000000000e75,78.6292876742095,C1112P97
636.0,2022.0,1528.0,429.0,461.0,1423.0,1305.0,441.0,267.0,2296.0,2125.0,622.0,991.0,1453.0,345.0,1804.0,1282.0,926.0,1393.0,556.0,2496.0,288.0,602.0,872.0,1327.0,476.0,981.0,424.0,2133.0,1365.0,389.0,2007.0,817.0,407.0,534.0,843.0,1905.0,772.0,245.0,1431.0,2355.0,598.0,2231.0,1408.0,2048.0,672.0,364.0,330.0,1981.0,1051.0,2039.0,377.0,431.0,919.0,1699.0,724.0,505.0,953.0,478.0,1672.0,899.0,00000000000000000e77,330.379151047116,C1112W03
689.0,2202.0,1640.0,554.0,565.0,1594.0,1475.0,534.0,343.0,2275.0,2300.0,650.0,1099.0,1566.0,415.0,1915.0,1448.0,1017.0,1619.0,636.0,2559.0,373.0,720.0,959.0,1523.0,566.0,1104.0,524.0,2199.0,1546.0,456.0,2091.0,856.0,474.0,643.0,1015.0,2041.0,914.0,331.0,1466.0,2424.0,726.0,2272.0,1625.0,2170.0,782.0,429.0,427.0,2075.0,1177.0,2069.0,497.0,502.0,1102.0,1790.0,846.0,591.0,1073.0,555.0,1702.0,991.0,00000000000000000e78,155.520800942799,C1112W04
732.0,2286.0,1722.0,596.0,609.0,1692.0,1571.0,588.0,394.0,2339.0,2396.0,696.0,1153.0,1647.0,461.0,2010.0,1524.0,1065.0,1702.0,673.0,2646.0,421.0,770.0,1007.0,1599.0,604.0,1117.0,564.0,2289.0,1646.0,493.0,2159.0,911.0,525.0,677.0,1067.0,2137.0,980.0,383.0,1555.0,2514.0,757.0,2340.0,1713.0,2274.0,825.0,479.0,468.0,2181.0,1218.0,2129.0,540.0,555.0,1156.0,1842.0,879.0,625.0,1123.0,604.0,1814.0,1048.0,00000000000000000e79,121.828993047238,C1112W07
638.0,2030.0,1550.0,420.0,466.0,1438.0,1335.0,453.0,280.0,2331.0,2155.0,638.0,989.0,1475.0,350.0,1856.0,1294.0,926.0,1388.0,562.0,2549.0,296.0,602.0,885.0,1309.0,480.0,992.0,426.0,2158.0,1400.0,394.0,2024.0,844.0,419.0,535.0,841.0,1935.0,790.0,270.0,1466.0,2398.0,578.0,2252.0,1386.0,2074.0,660.0,376.0,330.0,2025.0,1039.0,2063.0,372.0,439.0,907.0,1704.0,708.0,506.0,964.0,488.0,1753.0,922.0,00000000000000000e7a,37.4203738014311,C1112X06
573.0,1945.0,1276.0,424.0,371.0,1050.0,1018.0,321.0,262.0,1715.0,1617.0,483.0,687.0,1326.0,322.0,1604.0,1571.0,971.0,1242.0,477.0,1749.0,283.0,424.0,890.0,1288.0,469.0,701.0,403.0,1695.0,1250.0,310.0,1631.0,786.0,329.0,489.0,653.0,1548.0,610.0,254.0,1287.0,1766.0,536.0,1596.0,1115.0,1583.0,520.0,256.0,327.0,1509.0,982.0,1708.0,425.0,339.0,802.0,1606.0,688.0,459.0,935.0,403.0,1425.0,573.0,00000000000000000e7b,49.9841931169319,C1201C01
617.0,2015.0,1455.0,483.0,432.0,1163.0,1168.0,388.0,283.0,1898.0,1810.0,509.0,756.0,1411.0,340.0,1657.0,1554.0,916.0,1327.0,533.0,2020.0,309.0,513.0,917.0,1317.0,509.0,809.0,458.0,1895.0,1268.0,350.0,1760.0,814.0,359.0,556.0,761.0,1667.0,712.0,275.0,1280.0,1897.0,620.0,1799.0,1278.0,1805.0,586.0,324.0,350.0,1608.0,1092.0,1762.0,457.0,373.0,860.0,1605.0,735.0,517.0,985.0,457.0,1386.0,661.0,00000000000000000e7c,46.702874029509,C1201C02
555.0,2059.0,1267.0,348.0,372.0,1060.0,964.0,288.0,292.0,1616.0,1614.0,461.0,682.0,1350.0,341.0,1782.0,1612.0,1032.0,1210.0,439.0,1746.0,275.0,399.0,883.0,1300.0,489.0,622.0,353.0,1708.0,1203.0,326.0,1585.0,813.0,323.0,484.0,566.0,1627.0,584.0,266.0,1335.0,1827.0,511.0,1569.0,1050.0,1445.0,522.0,219.0,336.0,1486.0,898.0,1757.0,402.0,300.0,727.0,1778.0,691.0,496.0,1011.0,332.0,1457.0,561.0,00000000000000000e7d,97.5084025480493,C1201C03
563.0,2144.0,1306.0,362.0,382.0,1113.0,992.0,310.0,310.0,1687.0,1667.0,496.0,705.0,1426.0,345.0,1852.0,1676.0,1073.0,1234.0,470.0,1807.0,283.0,417.0,880.0,1401.0,524.0,621.0,360.0,1817.0,1215.0,325.0,1649.0,857.0,347.0,507.0,600.0,1667.0,607.0,293.0,1396.0,1879.0,537.0,1641.0,1098.0,1494.0,537.0,247.0,340.0,1531.0,946.0,1796.0,443.0,326.0,759.0,1859.0,714.0,510.0,1050.0,347.0,1498.0,567.0,00000000000000000e7e,69.3634809999773,C1201C05
564.0,2076.0,1260.0,388.0,376.0,1134.0,1061.0,328.0,287.0,1764.0,1675.0,494.0,724.0,1418.0,317.0,1760.0,1725.0,1077.0,1322.0,477.0,1825.0,268.0,436.0,858.0,1433.0,484.0,682.0,364.0,1852.0,1325.0,314.0,1720.0,841.0,342.0,514.0,642.0,1668.0,600.0,292.0,1358.0,1854.0,558.0,1672.0,1181.0,1556.0,556.0,255.0,330.0,1608.0,997.0,1818.0,473.0,350.0,844.0,1835.0,720.0,504.0,979.0,375.0,1514.0,565.0,00000000000000000e7f,96.9112513901468,C1201C06
735.0,2301.0,1494.0,513.0,501.0,1184.0,1060.0,424.0,468.0,1833.0,1676.0,664.0,829.0,1591.0,460.0,2011.0,1850.0,1258.0,1291.0,636.0,1951.0,437.0,533.0,1072.0,1579.0,689.0,720.0,513.0,1964.0,1261.0,474.0,1782.0,1030.0,460.0,653.0,722.0,1683.0,732.0,410.0,1583.0,2027.0,685.0,1775.0,1156.0,1503.0,648.0,402.0,487.0,1541.0,1122.0,1952.0,585.0,440.0,869.0,2037.0,878.0,665.0,1233.0,460.0,1519.0,698.0,00000000000000000e80,129.332358003835,C1201C08
573.0,2121.0,1312.0,355.0,379.0,1074.0,962.0,309.0,312.0,1658.0,1622.0,500.0,695.0,1389.0,337.0,1846.0,1634.0,1054.0,1199.0,471.0,1788.0,290.0,408.0,893.0,1361.0,522.0,606.0,357.0,1776.0,1199.0,334.0,1619.0,847.0,327.0,488.0,587.0,1622.0,599.0,278.0,1385.0,1859.0,510.0,1607.0,1063.0,1445.0,525.0,247.0,336.0,1484.0,923.0,1790.0,415.0,308.0,734.0,1843.0,705.0,500.0,1036.0,327.0,1455.0,577.0,00000000000000000e81,227.935045075992,C1201F01
561.0,2085.0,1298.0,341.0,369.0,1057.0,959.0,297.0,298.0,1634.0,1606.0,479.0,680.0,1369.0,330.0,1817.0,1619.0,1025.0,1193.0,457.0,1765.0,276.0,398.0,884.0,1321.0,508.0,598.0,352.0,1746.0,1193.0,322.0,1604.0,825.0,320.0,471.0,578.0,1614.0,588.0,269.0,1360.0,1844.0,491.0,1585.0,1046.0,1436.0,509.0,233.0,330.0,1475.0,896.0,1775.0,396.0,300.0,720.0,1808.0,693.0,482.0,1015.0,320.0,1447.0,568.0,00000000000000000e82,193.995036896478,C1201F02
526.0,1991.0,1203.0,320.0,347.0,1009.0,920.0,260.0,274.0,1543.0,1540.0,430.0,662.0,1285.0,311.0,1693.0,1531.0,981.0,1168.0,418.0,1672.0,251.0,369.0,846.0,1225.0,472.0,587.0,331.0,1632.0,1149.0,311.0,1503.0,774.0,289.0,449.0,536.0,1559.0,557.0,236.0,1265.0,1761.0,483.0,1512.0,990.0,1387.0,489.0,195.0,309.0,1427.0,846.0,1676.0,358.0,268.0,694.0,1697.0,665.0,461.0,970.0,300.0,1397.0,536.0,00000000000000000e83,205.509182137968,C1201F03
562.0,1903.0,1244.0,405.0,357.0,1026.0,991.0,315.0,259.0,1679.0,1570.0,487.0,674.0,1296.0,318.0,1576.0,1535.0,952.0,1204.0,470.0,1706.0,278.0,406.0,870.0,1261.0,468.0,656.0,386.0,1640.0,1211.0,312.0,1594.0,767.0,319.0,472.0,628.0,1508.0,587.0,250.0,1275.0,1741.0,511.0,1554.0,1083.0,1527.0,500.0,243.0,319.0,1471.0,947.0,1682.0,406.0,324.0,763.0,1580.0,671.0,443.0,912.0,383.0,1405.0,558.0,00000000000000000e84,55.2844542379981,C1201F04
523.0,1931.0,1156.0,363.0,342.0,1048.0,984.0,294.0,264.0,1626.0,1571.0,455.0,667.0,1311.0,295.0,1641.0,1600.0,992.0,1225.0,436.0,1703.0,248.0,400.0,788.0,1320.0,445.0,633.0,343.0,1722.0,1226.0,285.0,1580.0,768.0,314.0,470.0,586.0,1557.0,549.0,265.0,1254.0,1731.0,514.0,1547.0,1091.0,1463.0,516.0,232.0,306.0,1514.0,915.0,1683.0,431.0,324.0,776.0,1691.0,667.0,460.0,910.0,349.0,1424.0,520.0,00000000000000000e85,487.116364552325,C1201F05
549.0,2117.0,1278.0,350.0,377.0,1090.0,970.0,296.0,300.0,1644.0,1642.0,481.0,688.0,1395.0,336.0,1823.0,1646.0,1047.0,1213.0,454.0,1778.0,272.0,408.0,866.0,1360.0,516.0,617.0,350.0,1777.0,1204.0,312.0,1614.0,834.0,336.0,496.0,582.0,1642.0,592.0,283.0,1362.0,1839.0,518.0,1613.0,1076.0,1468.0,530.0,238.0,333.0,1507.0,920.0,1770.0,425.0,315.0,743.0,1818.0,705.0,497.0,1037.0,336.0,1477.0,553.0,00000000000000000e86,172.544970552982,C1201F06
565.0,2103.0,1303.0,344.0,375.0,1065.0,959.0,304.0,302.0,1645.0,1613.0,488.0,689.0,1377.0,333.0,1831.0,1625.0,1038.0,1195.0,462.0,1776.0,280.0,404.0,886.0,1341.0,513.0,605.0,350.0,1760.0,1195.0,328.0,1610.0,834.0,323.0,481.0,584.0,1617.0,594.0,273.0,1372.0,1850.0,502.0,1596.0,1054.0,1440.0,519.0,237.0,329.0,1479.0,908.0,1781.0,406.0,303.0,728.0,1825.0,697.0,492.0,1023.0,323.0,1450.0,574.0,00000000000000000e87,364.184681532822,C1201F07
560.0,2080.0,1294.0,344.0,368.0,1055.0,955.0,297.0,300.0,1629.0,1603.0,479.0,679.0,1365.0,331.0,1810.0,1614.0,1025.0,1189.0,456.0,1759.0,278.0,398.0,882.0,1319.0,508.0,599.0,354.0,1740.0,1189.0,322.0,1598.0,824.0,321.0,473.0,577.0,1611.0,587.0,270.0,1356.0,1837.0,494.0,1579.0,1045.0,1433.0,510.0,234.0,332.0,1472.0,895.0,1768.0,398.0,301.0,719.0,1802.0,693.0,483.0,1014.0,321.0,1443.0,567.0,00000000000000000e88,213.601180244976,C1201F08
714.0,2253.0,1468.0,490.0,478.0,1155.0,1039.0,404.0,446.0,1798.0,1647.0,642.0,799.0,1549.0,436.0,1980.0,1809.0,1217.0,1266.0,611.0,1922.0,418.0,510.0,1048.0,1536.0,664.0,694.0,490.0,1923.0,1241.0,452.0,1752.0,999.0,436.0,624.0,698.0,1649.0,708.0,386.0,1547.0,1994.0,655.0,1743.0,1126.0,1476.0,618.0,380.0,459.0,1514.0,1083.0,1926.0,551.0,416.0,839.0,1999.0,851.0,639.0,1196.0,436.0,1488.0,677.0,00000000000000000e89,406.495385611352,C1201F09
627.0,2145.0,1377.0,390.0,418.0,1090.0,988.0,339.0,352.0,1704.0,1605.0,548.0,729.0,1442.0,363.0,1884.0,1687.0,1111.0,1216.0,517.0,1822.0,327.0,441.0,964.0,1414.0,572.0,631.0,397.0,1809.0,1216.0,378.0,1665.0,902.0,356.0,533.0,621.0,1606.0,636.0,303.0,1441.0,1894.0,557.0,1660.0,1071.0,1429.0,551.0,278.0,375.0,1472.0,972.0,1848.0,452.0,333.0,759.0,1895.0,754.0,548.0,1092.0,356.0,1447.0,616.0,00000000000000000e8a,280.426827652859,C1201F10
569.0,2064.0,1289.0,337.0,378.0,1042.0,951.0,302.0,299.0,1622.0,1578.0,489.0,681.0,1358.0,326.0,1810.0,1598.0,1018.0,1175.0,463.0,1755.0,278.0,398.0,885.0,1315.0,512.0,580.0,347.0,1735.0,1175.0,324.0,1593.0,821.0,313.0,470.0,575.0,1581.0,588.0,265.0,1354.0,1826.0,484.0,1586.0,1024.0,1404.0,503.0,234.0,330.0,1446.0,892.0,1768.0,392.0,294.0,710.0,1807.0,688.0,483.0,1008.0,316.0,1423.0,568.0,00000000000000000e8b,315.14157985388,C1201F11
505.0,1884.0,1128.0,362.0,333.0,1021.0,956.0,291.0,258.0,1591.0,1532.0,438.0,656.0,1272.0,280.0,1585.0,1557.0,964.0,1200.0,424.0,1659.0,243.0,386.0,776.0,1281.0,427.0,616.0,339.0,1675.0,1213.0,274.0,1550.0,751.0,305.0,469.0,583.0,1526.0,539.0,258.0,1216.0,1671.0,510.0,1506.0,1068.0,1430.0,497.0,229.0,302.0,1479.0,897.0,1642.0,431.0,316.0,769.0,1644.0,646.0,455.0,873.0,342.0,1380.0,507.0,00000000000000000e8c,308.306506494966,C1201F12
529.0,1961.0,1176.0,369.0,346.0,1065.0,997.0,297.0,264.0,1653.0,1594.0,460.0,684.0,1330.0,296.0,1660.0,1629.0,1010.0,1246.0,442.0,1727.0,251.0,405.0,803.0,1341.0,450.0,645.0,347.0,1747.0,1253.0,290.0,1606.0,784.0,317.0,483.0,598.0,1578.0,559.0,267.0,1272.0,1749.0,531.0,1573.0,1111.0,1480.0,524.0,232.0,314.0,1535.0,932.0,1709.0,443.0,327.0,795.0,1714.0,678.0,473.0,921.0,355.0,1440.0,529.0,00000000000000000e8d,114.928227536549,C1201F13
512.0,1955.0,1170.0,339.0,341.0,1039.0,936.0,279.0,273.0,1570.0,1549.0,446.0,650.0,1298.0,305.0,1675.0,1557.0,982.0,1164.0,427.0,1678.0,252.0,381.0,786.0,1292.0,462.0,591.0,329.0,1689.0,1147.0,290.0,1528.0,767.0,307.0,461.0,549.0,1547.0,546.0,259.0,1261.0,1732.0,492.0,1510.0,1044.0,1415.0,494.0,222.0,306.0,1450.0,873.0,1653.0,414.0,299.0,720.0,1700.0,658.0,461.0,932.0,318.0,1400.0,508.0,00000000000000000e8e,346.578810976372,C1201F14
714.0,2275.0,1474.0,495.0,479.0,1167.0,1047.0,404.0,449.0,1813.0,1668.0,642.0,809.0,1562.0,440.0,1994.0,1820.0,1228.0,1278.0,611.0,1937.0,416.0,514.0,1051.0,1547.0,665.0,702.0,495.0,1940.0,1249.0,450.0,1764.0,1006.0,440.0,628.0,704.0,1671.0,714.0,389.0,1558.0,2011.0,661.0,1755.0,1139.0,1495.0,626.0,380.0,464.0,1533.0,1093.0,1938.0,556.0,420.0,849.0,2013.0,855.0,641.0,1204.0,440.0,1508.0,682.0,00000000000000000e90,185.718192837988,C1201F16
566.0,1981.0,1258.0,325.0,383.0,1013.0,931.0,283.0,287.0,1583.0,1503.0,478.0,678.0,1315.0,320.0,1753.0,1562.0,1007.0,1152.0,454.0,1716.0,266.0,383.0,882.0,1278.0,514.0,569.0,328.0,1683.0,1149.0,334.0,1549.0,807.0,297.0,459.0,555.0,1518.0,567.0,245.0,1326.0,1797.0,476.0,1563.0,992.0,1340.0,490.0,221.0,319.0,1392.0,875.0,1736.0,370.0,275.0,686.0,1761.0,688.0,475.0,990.0,305.0,1369.0,566.0,00000000000000000e91,100.584141650619,C1201F17
525.0,1951.0,1169.0,357.0,340.0,1056.0,990.0,291.0,267.0,1619.0,1587.0,454.0,670.0,1312.0,301.0,1660.0,1612.0,1001.0,1233.0,436.0,1714.0,245.0,394.0,800.0,1316.0,444.0,632.0,343.0,1725.0,1230.0,288.0,1579.0,773.0,314.0,475.0,584.0,1570.0,558.0,263.0,1262.0,1751.0,517.0,1540.0,1095.0,1482.0,513.0,226.0,307.0,1516.0,916.0,1685.0,435.0,318.0,775.0,1696.0,676.0,471.0,921.0,346.0,1429.0,522.0,00000000000000000e92,158.542456962596,C1201F18
551.0,2049.0,1265.0,348.0,369.0,1057.0,960.0,289.0,296.0,1612.0,1611.0,462.0,678.0,1346.0,337.0,1778.0,1608.0,1024.0,1205.0,440.0,1743.0,275.0,398.0,877.0,1300.0,487.0,616.0,357.0,1706.0,1198.0,324.0,1582.0,811.0,322.0,484.0,566.0,1623.0,581.0,267.0,1332.0,1821.0,510.0,1565.0,1047.0,1445.0,518.0,223.0,336.0,1486.0,895.0,1749.0,403.0,300.0,724.0,1770.0,688.0,496.0,1003.0,330.0,1453.0,558.0,00000000000000000e93,162.083928779572,C1201F19
601.0,2053.0,1339.0,417.0,390.0,1110.0,1071.0,347.0,285.0,1810.0,1659.0,524.0,722.0,1406.0,348.0,1717.0,1658.0,1039.0,1292.0,509.0,1843.0,297.0,437.0,947.0,1364.0,512.0,672.0,401.0,1757.0,1306.0,350.0,1730.0,842.0,345.0,513.0,667.0,1601.0,628.0,281.0,1386.0,1894.0,554.0,1684.0,1163.0,1611.0,538.0,258.0,347.0,1566.0,1024.0,1831.0,446.0,345.0,803.0,1727.0,720.0,482.0,991.0,410.0,1503.0,601.0,00000000000000000e94,304.930287607389,C1201F20
613.0,2210.0,1373.0,411.0,417.0,1138.0,1007.0,341.0,364.0,1740.0,1668.0,544.0,745.0,1475.0,375.0,1914.0,1724.0,1121.0,1253.0,521.0,1864.0,333.0,450.0,934.0,1467.0,572.0,649.0,411.0,1870.0,1221.0,363.0,1688.0,916.0,378.0,546.0,634.0,1671.0,644.0,327.0,1465.0,1937.0,578.0,1681.0,1112.0,1496.0,569.0,289.0,386.0,1535.0,1000.0,1844.0,483.0,357.0,795.0,1919.0,758.0,554.0,1098.0,378.0,1505.0,601.0,00000000000000000e95,307.737785730865,C1201F21
525.0,1907.0,1168.0,367.0,342.0,1039.0,978.0,293.0,250.0,1622.0,1557.0,448.0,670.0,1293.0,293.0,1593.0,1583.0,974.0,1230.0,434.0,1679.0,243.0,390.0,816.0,1290.0,430.0,631.0,347.0,1675.0,1262.0,285.0,1587.0,762.0,305.0,471.0,596.0,1531.0,553.0,252.0,1247.0,1707.0,519.0,1537.0,1093.0,1465.0,504.0,228.0,301.0,1491.0,923.0,1682.0,432.0,319.0,777.0,1641.0,655.0,460.0,883.0,358.0,1403.0,522.0,00000000000000000e96,101.578706102755,C1201F22
565.0,1968.0,1264.0,408.0,368.0,1066.0,1030.0,324.0,265.0,1719.0,1621.0,477.0,690.0,1330.0,319.0,1633.0,1600.0,986.0,1257.0,468.0,1765.0,273.0,423.0,884.0,1307.0,461.0,684.0,393.0,1713.0,1281.0,312.0,1653.0,786.0,325.0,491.0,648.0,1566.0,600.0,257.0,1298.0,1789.0,537.0,1600.0,1131.0,1572.0,526.0,247.0,322.0,1533.0,974.0,1739.0,435.0,335.0,804.0,1648.0,691.0,462.0,924.0,396.0,1448.0,571.0,00000000000000000e97,46.1167203312888,C1201F23
553.0,2066.0,1258.0,360.0,377.0,1109.0,1023.0,308.0,284.0,1677.0,1654.0,479.0,696.0,1393.0,332.0,1778.0,1656.0,1043.0,1258.0,459.0,1780.0,265.0,411.0,864.0,1355.0,499.0,639.0,352.0,1772.0,1257.0,317.0,1639.0,826.0,329.0,492.0,594.0,1634.0,590.0,276.0,1341.0,1840.0,534.0,1629.0,1119.0,1517.0,532.0,228.0,330.0,1547.0,940.0,1765.0,442.0,324.0,769.0,1783.0,693.0,492.0,1013.0,349.0,1494.0,553.0,00000000000000000e98,103.372579521865,C1201F26
614.0,2064.0,1471.0,501.0,445.0,1218.0,1211.0,405.0,289.0,1955.0,1881.0,519.0,801.0,1420.0,356.0,1689.0,1555.0,923.0,1384.0,542.0,2084.0,321.0,537.0,923.0,1350.0,512.0,835.0,476.0,1944.0,1288.0,350.0,1809.0,804.0,375.0,569.0,797.0,1722.0,751.0,285.0,1279.0,1961.0,638.0,1863.0,1335.0,1848.0,613.0,338.0,363.0,1659.0,1115.0,1795.0,462.0,395.0,897.0,1633.0,750.0,529.0,1003.0,476.0,1388.0,690.0,00000000000000000e99,62.1634294530875,C1201F27
533.0,1921.0,1189.0,359.0,340.0,1037.0,989.0,287.0,248.0,1610.0,1560.0,457.0,665.0,1278.0,300.0,1605.0,1550.0,963.0,1220.0,444.0,1697.0,242.0,377.0,838.0,1245.0,447.0,608.0,349.0,1640.0,1250.0,299.0,1566.0,760.0,299.0,458.0,589.0,1506.0,561.0,237.0,1248.0,1740.0,505.0,1520.0,1086.0,1479.0,488.0,216.0,305.0,1470.0,913.0,1669.0,409.0,304.0,747.0,1606.0,654.0,447.0,906.0,356.0,1403.0,532.0,00000000000000000e9a,170.175071384654,C1201F28
557.0,2038.0,1237.0,377.0,369.0,1110.0,1039.0,321.0,285.0,1727.0,1643.0,489.0,704.0,1394.0,311.0,1734.0,1686.0,1054.0,1288.0,470.0,1791.0,265.0,426.0,839.0,1409.0,480.0,659.0,356.0,1821.0,1283.0,309.0,1685.0,825.0,335.0,497.0,628.0,1639.0,585.0,287.0,1337.0,1825.0,536.0,1637.0,1152.0,1527.0,540.0,255.0,321.0,1575.0,977.0,1779.0,459.0,339.0,818.0,1804.0,707.0,488.0,963.0,363.0,1490.0,552.0,00000000000000000e9b,190.749150192413,C1201F29
554.0,2119.0,1289.0,353.0,382.0,1106.0,985.0,300.0,300.0,1658.0,1654.0,479.0,692.0,1407.0,342.0,1830.0,1664.0,1058.0,1233.0,456.0,1790.0,275.0,413.0,879.0,1367.0,515.0,630.0,356.0,1782.0,1223.0,321.0,1628.0,841.0,340.0,507.0,587.0,1656.0,598.0,286.0,1374.0,1853.0,530.0,1628.0,1090.0,1482.0,537.0,238.0,340.0,1523.0,931.0,1784.0,434.0,318.0,750.0,1828.0,710.0,510.0,1045.0,342.0,1491.0,561.0,00000000000000000e9c,75.9753820519842,C1201F30
536.0,2035.0,1239.0,339.0,356.0,1028.0,920.0,286.0,297.0,1579.0,1569.0,470.0,661.0,1325.0,319.0,1761.0,1564.0,1000.0,1150.0,442.0,1709.0,272.0,385.0,838.0,1299.0,495.0,576.0,340.0,1702.0,1146.0,309.0,1546.0,801.0,314.0,467.0,557.0,1570.0,567.0,265.0,1312.0,1774.0,487.0,1536.0,1019.0,1399.0,498.0,234.0,319.0,1437.0,877.0,1705.0,396.0,294.0,703.0,1754.0,672.0,473.0,986.0,314.0,1408.0,540.0,00000000000000000e9d,219.311190652763,C1201F31
660.0,2234.0,1428.0,453.0,441.0,1143.0,1022.0,370.0,406.0,1770.0,1667.0,587.0,775.0,1510.0,407.0,1962.0,1762.0,1173.0,1257.0,562.0,1906.0,371.0,475.0,1001.0,1490.0,614.0,673.0,453.0,1903.0,1228.0,404.0,1726.0,956.0,408.0,581.0,666.0,1668.0,682.0,355.0,1509.0,1977.0,614.0,1710.0,1114.0,1494.0,593.0,328.0,418.0,1533.0,1039.0,1899.0,511.0,387.0,816.0,1966.0,803.0,592.0,1152.0,408.0,1504.0,651.0,00000000000000000e9e,164.898518593864,C1201F32
564.0,1940.0,1251.0,402.0,359.0,1045.0,1013.0,320.0,264.0,1689.0,1598.0,475.0,677.0,1305.0,317.0,1613.0,1574.0,971.0,1230.0,467.0,1742.0,275.0,414.0,877.0,1288.0,458.0,659.0,391.0,1686.0,1251.0,313.0,1624.0,776.0,320.0,477.0,635.0,1539.0,594.0,253.0,1286.0,1768.0,519.0,1567.0,1107.0,1550.0,514.0,242.0,320.0,1510.0,956.0,1714.0,420.0,330.0,783.0,1623.0,684.0,450.0,912.0,387.0,1435.0,567.0,00000000000000000e9f,62.4923555697399,C1201F33
624.0,2205.0,1380.0,424.0,426.0,1133.0,1006.0,352.0,376.0,1740.0,1656.0,557.0,750.0,1479.0,385.0,1916.0,1728.0,1134.0,1247.0,533.0,1864.0,346.0,459.0,948.0,1470.0,583.0,656.0,424.0,1872.0,1215.0,374.0,1690.0,927.0,388.0,554.0,640.0,1660.0,652.0,337.0,1471.0,1938.0,586.0,1681.0,1108.0,1487.0,577.0,302.0,396.0,1525.0,1011.0,1846.0,491.0,368.0,798.0,1921.0,770.0,561.0,1110.0,388.0,1496.0,611.0,00000000000000000ea0,407.968194219098,C1201F34
536.0,1915.0,1187.0,366.0,341.0,1031.0,984.0,292.0,250.0,1621.0,1554.0,461.0,660.0,1276.0,299.0,1595.0,1536.0,955.0,1209.0,448.0,1698.0,247.0,380.0,837.0,1241.0,451.0,606.0,355.0,1641.0,1234.0,297.0,1563.0,757.0,299.0,457.0,592.0,1500.0,563.0,239.0,1244.0,1736.0,507.0,1522.0,1078.0,1480.0,487.0,222.0,304.0,1467.0,913.0,1664.0,408.0,309.0,748.0,1595.0,653.0,444.0,900.0,360.0,1399.0,534.0,00000000000000000ea1,315.442270731035,C1201F35
560.0,2085.0,1278.0,358.0,372.0,1058.0,940.0,301.0,315.0,1623.0,1589.0,492.0,683.0,1364.0,333.0,1806.0,1604.0,1032.0,1175.0,466.0,1753.0,290.0,401.0,863.0,1347.0,516.0,592.0,358.0,1748.0,1165.0,325.0,1582.0,832.0,327.0,486.0,577.0,1589.0,587.0,279.0,1358.0,1820.0,510.0,1572.0,1042.0,1418.0,516.0,249.0,337.0,1456.0,910.0,1740.0,419.0,308.0,726.0,1801.0,693.0,495.0,1013.0,327.0,1427.0,559.0,00000000000000000ea2,305.46407796577,C1201F36
564.0,1944.0,1255.0,404.0,360.0,1048.0,1018.0,320.0,265.0,1696.0,1602.0,475.0,679.0,1309.0,319.0,1616.0,1579.0,974.0,1235.0,467.0,1747.0,275.0,416.0,880.0,1291.0,457.0,665.0,393.0,1691.0,1257.0,313.0,1630.0,779.0,322.0,480.0,638.0,1544.0,596.0,253.0,1288.0,1770.0,522.0,1573.0,1113.0,1557.0,516.0,244.0,321.0,1515.0,961.0,1718.0,423.0,332.0,786.0,1627.0,684.0,453.0,914.0,390.0,1437.0,569.0,00000000000000000ea3,89.3397102674611,C1201F38
583.0,2005.0,1291.0,372.0,361.0,1084.0,1045.0,313.0,269.0,1757.0,1601.0,505.0,695.0,1372.0,337.0,1691.0,1598.0,1007.0,1267.0,495.0,1817.0,278.0,409.0,928.0,1310.0,507.0,612.0,366.0,1689.0,1251.0,361.0,1675.0,821.0,319.0,492.0,623.0,1561.0,596.0,262.0,1369.0,1886.0,522.0,1645.0,1113.0,1558.0,499.0,240.0,327.0,1521.0,987.0,1766.0,411.0,318.0,745.0,1690.0,691.0,462.0,980.0,375.0,1471.0,577.0,00000000000000000ea4,85.9220387614845,C1201F39
671.0,2299.0,1438.0,457.0,453.0,1213.0,1096.0,391.0,388.0,1869.0,1756.0,605.0,794.0,1577.0,402.0,1981.0,1852.0,1221.0,1352.0,583.0,1965.0,360.0,506.0,989.0,1583.0,621.0,713.0,440.0,2001.0,1313.0,407.0,1816.0,994.0,421.0,604.0,702.0,1770.0,691.0,368.0,1546.0,2039.0,642.0,1776.0,1217.0,1598.0,621.0,334.0,410.0,1643.0,1103.0,1945.0,548.0,411.0,878.0,2033.0,834.0,605.0,1165.0,421.0,1595.0,651.0,00000000000000000ea5,270.08853271131,C1201F40
547.0,1910.0,1234.0,289.0,368.0,981.0,907.0,266.0,270.0,1533.0,1439.0,471.0,651.0,1265.0,318.0,1700.0,1506.0,960.0,1107.0,446.0,1671.0,255.0,367.0,852.0,1249.0,492.0,534.0,300.0,1617.0,1112.0,346.0,1523.0,773.0,285.0,440.0,524.0,1457.0,547.0,232.0,1299.0,1764.0,450.0,1531.0,959.0,1306.0,460.0,202.0,299.0,1363.0,832.0,1702.0,337.0,260.0,643.0,1707.0,653.0,445.0,950.0,289.0,1339.0,553.0,00000000000000000ea6,131.383768251531,C1201F41
530.0,1955.0,1174.0,364.0,346.0,1063.0,996.0,298.0,265.0,1650.0,1588.0,462.0,677.0,1329.0,296.0,1661.0,1621.0,1006.0,1241.0,444.0,1723.0,250.0,404.0,799.0,1340.0,453.0,637.0,343.0,1744.0,1243.0,292.0,1604.0,781.0,316.0,481.0,596.0,1575.0,557.0,267.0,1272.0,1751.0,525.0,1568.0,1106.0,1477.0,520.0,234.0,308.0,1530.0,929.0,1705.0,442.0,325.0,788.0,1716.0,677.0,471.0,921.0,350.0,1439.0,528.0,00000000000000000ea7,266.956529219945,C1201F42
539.0,1988.0,1225.0,315.0,356.0,1004.0,923.0,267.0,275.0,1554.0,1522.0,451.0,654.0,1292.0,304.0,1735.0,1532.0,976.0,1146.0,429.0,1692.0,254.0,368.0,848.0,1245.0,487.0,564.0,318.0,1666.0,1141.0,304.0,1522.0,774.0,285.0,436.0,544.0,1537.0,557.0,235.0,1290.0,1775.0,455.0,1524.0,985.0,1350.0,479.0,207.0,307.0,1401.0,846.0,1703.0,355.0,265.0,680.0,1736.0,661.0,450.0,965.0,294.0,1377.0,549.0,00000000000000000ea8,177.834261538487,C1201F43
597.0,1968.0,1373.0,466.0,405.0,1101.0,1097.0,364.0,282.0,1792.0,1704.0,507.0,721.0,1363.0,339.0,1627.0,1545.0,934.0,1266.0,507.0,1863.0,311.0,476.0,916.0,1298.0,497.0,763.0,445.0,1773.0,1243.0,338.0,1678.0,810.0,342.0,526.0,720.0,1592.0,670.0,263.0,1287.0,1814.0,580.0,1685.0,1183.0,1708.0,555.0,295.0,345.0,1538.0,1046.0,1715.0,446.0,352.0,830.0,1583.0,714.0,488.0,965.0,441.0,1397.0,615.0,00000000000000000ea9,114.425846200139,C1201F44
560.0,1909.0,1242.0,403.0,356.0,1029.0,998.0,317.0,262.0,1676.0,1579.0,477.0,672.0,1292.0,318.0,1585.0,1544.0,954.0,1212.0,465.0,1717.0,277.0,410.0,870.0,1265.0,458.0,661.0,389.0,1656.0,1227.0,309.0,1602.0,767.0,319.0,472.0,630.0,1520.0,591.0,249.0,1270.0,1743.0,512.0,1554.0,1091.0,1539.0,505.0,244.0,318.0,1487.0,947.0,1689.0,411.0,326.0,770.0,1591.0,674.0,443.0,905.0,386.0,1414.0,561.0,00000000000000000eaa,70.9865698859259,C1201F45
616.0,2021.0,1444.0,486.0,426.0,1148.0,1160.0,387.0,287.0,1903.0,1803.0,513.0,742.0,1418.0,343.0,1681.0,1568.0,926.0,1325.0,529.0,1987.0,318.0,508.0,929.0,1328.0,509.0,804.0,463.0,1889.0,1287.0,352.0,1750.0,827.0,359.0,562.0,752.0,1659.0,710.0,280.0,1300.0,1883.0,620.0,1789.0,1262.0,1809.0,582.0,326.0,351.0,1598.0,1100.0,1760.0,471.0,371.0,857.0,1622.0,734.0,519.0,987.0,458.0,1406.0,650.0,00000000000000000eab,144.986956431604,C1201F47
555.0,1981.0,1240.0,384.0,363.0,1080.0,1030.0,316.0,264.0,1686.0,1613.0,473.0,688.0,1335.0,312.0,1665.0,1623.0,1008.0,1270.0,464.0,1760.0,262.0,407.0,868.0,1321.0,463.0,639.0,366.0,1726.0,1293.0,315.0,1643.0,791.0,319.0,484.0,621.0,1565.0,580.0,262.0,1308.0,1791.0,534.0,1599.0,1134.0,1534.0,519.0,235.0,316.0,1532.0,959.0,1744.0,439.0,329.0,790.0,1684.0,681.0,469.0,933.0,377.0,1454.0,560.0,00000000000000000eac,100.954079979666,C1201P01
543.0,1904.0,1210.0,350.0,332.0,1020.0,986.0,285.0,252.0,1636.0,1526.0,467.0,659.0,1292.0,316.0,1605.0,1508.0,945.0,1202.0,458.0,1728.0,262.0,376.0,872.0,1229.0,473.0,576.0,346.0,1595.0,1189.0,330.0,1569.0,768.0,297.0,454.0,585.0,1491.0,562.0,241.0,1286.0,1792.0,484.0,1541.0,1052.0,1482.0,471.0,219.0,311.0,1452.0,926.0,1660.0,376.0,294.0,708.0,1594.0,648.0,429.0,929.0,350.0,1407.0,542.0,00000000000000000ead,154.894137516421,C1201P02
617.0,2015.0,1458.0,489.0,431.0,1172.0,1175.0,387.0,285.0,1908.0,1819.0,511.0,766.0,1411.0,346.0,1657.0,1548.0,915.0,1334.0,536.0,2029.0,313.0,519.0,917.0,1319.0,511.0,813.0,463.0,1899.0,1270.0,349.0,1767.0,809.0,364.0,556.0,769.0,1673.0,724.0,279.0,1274.0,1903.0,620.0,1810.0,1286.0,1809.0,589.0,326.0,354.0,1611.0,1099.0,1761.0,456.0,380.0,870.0,1601.0,738.0,516.0,989.0,463.0,1379.0,668.0,00000000000000000eae,82.0354743292607,C1201P03
555.0,2058.0,1245.0,371.0,367.0,1126.0,1028.0,310.0,286.0,1718.0,1649.0,486.0,705.0,1405.0,318.0,1757.0,1692.0,1070.0,1284.0,466.0,1794.0,265.0,417.0,849.0,1405.0,484.0,656.0,352.0,1821.0,1281.0,313.0,1679.0,835.0,335.0,501.0,619.0,1655.0,591.0,285.0,1341.0,1843.0,541.0,1647.0,1149.0,1526.0,536.0,243.0,320.0,1571.0,973.0,1786.0,460.0,335.0,811.0,1814.0,712.0,493.0,983.0,364.0,1500.0,552.0,00000000000000000eaf,129.279946929255,C1201P04
551.0,2043.0,1263.0,329.0,364.0,1033.0,942.0,286.0,292.0,1598.0,1573.0,465.0,666.0,1333.0,321.0,1776.0,1579.0,1003.0,1173.0,447.0,1729.0,270.0,386.0,867.0,1288.0,494.0,582.0,340.0,1705.0,1169.0,311.0,1568.0,798.0,304.0,452.0,563.0,1582.0,575.0,254.0,1324.0,1807.0,472.0,1554.0,1016.0,1402.0,495.0,219.0,325.0,1444.0,874.0,1741.0,377.0,284.0,702.0,1774.0,676.0,465.0,989.0,311.0,1419.0,555.0,00000000000000000eb0,228.672521081188,C1201P05
554.0,1876.0,1228.0,401.0,353.0,1011.0,976.0,310.0,255.0,1656.0,1552.0,480.0,664.0,1278.0,314.0,1552.0,1513.0,937.0,1185.0,463.0,1681.0,274.0,400.0,858.0,1242.0,461.0,648.0,381.0,1618.0,1190.0,308.0,1569.0,757.0,314.0,464.0,620.0,1489.0,578.0,246.0,1258.0,1715.0,503.0,1531.0,1067.0,1510.0,493.0,241.0,315.0,1451.0,934.0,1656.0,400.0,320.0,752.0,1554.0,660.0,436.0,899.0,379.0,1386.0,549.0,00000000000000000eb1,73.7024435716133,C1201P07
563.0,2078.0,1275.0,364.0,377.0,1110.0,1037.0,311.0,284.0,1690.0,1660.0,485.0,706.0,1401.0,339.0,1784.0,1668.0,1057.0,1273.0,464.0,1794.0,269.0,413.0,888.0,1353.0,504.0,646.0,359.0,1774.0,1273.0,327.0,1666.0,837.0,332.0,492.0,604.0,1642.0,599.0,279.0,1354.0,1859.0,536.0,1640.0,1129.0,1531.0,537.0,229.0,336.0,1552.0,956.0,1783.0,442.0,326.0,776.0,1787.0,701.0,492.0,1023.0,356.0,1505.0,565.0,00000000000000000eb2,71.3468786296866,C1201P09
603.0,2004.0,1353.0,426.0,383.0,1084.0,1049.0,343.0,283.0,1809.0,1636.0,531.0,702.0,1393.0,347.0,1664.0,1611.0,1009.0,1248.0,520.0,1823.0,305.0,438.0,945.0,1343.0,519.0,688.0,407.0,1725.0,1241.0,355.0,1706.0,835.0,342.0,506.0,665.0,1564.0,619.0,274.0,1381.0,1849.0,540.0,1669.0,1128.0,1610.0,522.0,268.0,342.0,1523.0,1025.0,1785.0,431.0,344.0,782.0,1674.0,717.0,470.0,983.0,413.0,1461.0,595.0,00000000000000000eb3,182.575462677362,C1201P10
602.0,2027.0,1343.0,421.0,388.0,1095.0,1057.0,344.0,287.0,1810.0,1634.0,532.0,710.0,1396.0,344.0,1695.0,1628.0,1029.0,1264.0,515.0,1826.0,301.0,432.0,953.0,1355.0,521.0,677.0,401.0,1734.0,1262.0,353.0,1723.0,839.0,336.0,502.0,659.0,1577.0,618.0,268.0,1388.0,1876.0,539.0,1677.0,1135.0,1596.0,523.0,268.0,347.0,1538.0,1025.0,1811.0,431.0,336.0,781.0,1707.0,713.0,470.0,993.0,402.0,1484.0,597.0,00000000000000000eb4,89.4400911136832,C1201P11
557.0,2059.0,1248.0,372.0,365.0,1120.0,1038.0,311.0,285.0,1713.0,1655.0,487.0,701.0,1397.0,319.0,1765.0,1691.0,1063.0,1289.0,467.0,1799.0,264.0,416.0,853.0,1397.0,480.0,657.0,358.0,1822.0,1283.0,315.0,1674.0,830.0,333.0,496.0,618.0,1652.0,594.0,283.0,1341.0,1848.0,537.0,1638.0,1152.0,1540.0,536.0,242.0,325.0,1577.0,970.0,1782.0,455.0,333.0,804.0,1805.0,710.0,492.0,980.0,363.0,1501.0,555.0,00000000000000000eb5,68.5889802129426,C1201P13
522.0,1930.0,1169.0,363.0,339.0,1046.0,992.0,296.0,263.0,1613.0,1575.0,446.0,672.0,1302.0,301.0,1641.0,1603.0,997.0,1235.0,439.0,1718.0,245.0,398.0,806.0,1310.0,436.0,631.0,349.0,1716.0,1234.0,287.0,1577.0,770.0,314.0,475.0,590.0,1555.0,557.0,263.0,1258.0,1743.0,526.0,1541.0,1094.0,1479.0,517.0,225.0,302.0,1517.0,919.0,1682.0,441.0,324.0,782.0,1679.0,671.0,464.0,907.0,355.0,1433.0,526.0,00000000000000000eb6,122.004467054479,C1201P14
599.0,2164.0,1337.0,396.0,397.0,1132.0,1022.0,339.0,337.0,1742.0,1675.0,533.0,728.0,1456.0,355.0,1873.0,1717.0,1111.0,1263.0,508.0,1843.0,310.0,448.0,899.0,1456.0,545.0,650.0,386.0,1869.0,1227.0,347.0,1695.0,893.0,369.0,532.0,629.0,1681.0,629.0,312.0,1435.0,1922.0,568.0,1662.0,1131.0,1516.0,563.0,277.0,365.0,1551.0,989.0,1825.0,475.0,354.0,794.0,1902.0,751.0,537.0,1059.0,369.0,1513.0,590.0,00000000000000000eb7,153.243044003687,C1201P15
559.0,1966.0,1252.0,399.0,362.0,1067.0,1026.0,319.0,257.0,1703.0,1611.0,470.0,685.0,1323.0,314.0,1632.0,1604.0,993.0,1255.0,466.0,1752.0,267.0,412.0,875.0,1310.0,456.0,658.0,384.0,1706.0,1282.0,310.0,1642.0,785.0,324.0,482.0,637.0,1557.0,588.0,259.0,1299.0,1787.0,532.0,1584.0,1127.0,1548.0,521.0,239.0,320.0,1525.0,966.0,1735.0,430.0,334.0,798.0,1653.0,683.0,460.0,923.0,389.0,1448.0,564.0,00000000000000000eb8,51.4200539865503,C1201P16
601.0,2028.0,1334.0,421.0,384.0,1100.0,1061.0,341.0,282.0,1799.0,1644.0,530.0,723.0,1394.0,349.0,1692.0,1638.0,1023.0,1279.0,510.0,1818.0,298.0,428.0,938.0,1354.0,514.0,678.0,401.0,1733.0,1285.0,345.0,1714.0,826.0,345.0,501.0,664.0,1588.0,625.0,274.0,1378.0,1873.0,542.0,1669.0,1149.0,1598.0,525.0,261.0,344.0,1548.0,1013.0,1810.0,431.0,345.0,798.0,1704.0,713.0,471.0,983.0,410.0,1491.0,600.0,00000000000000000eb9,69.712573645767,C1201P17
588.0,2042.0,1313.0,392.0,383.0,1108.0,1067.0,335.0,278.0,1787.0,1642.0,518.0,714.0,1390.0,345.0,1710.0,1632.0,1025.0,1290.0,504.0,1837.0,288.0,423.0,938.0,1341.0,508.0,644.0,387.0,1742.0,1291.0,356.0,1708.0,835.0,338.0,499.0,647.0,1591.0,616.0,272.0,1377.0,1890.0,542.0,1676.0,1150.0,1588.0,523.0,251.0,337.0,1552.0,1004.0,1801.0,433.0,334.0,782.0,1719.0,708.0,477.0,983.0,392.0,1496.0,594.0,00000000000000000eba,85.9831092515833,C1201P18
533.0,1921.0,1189.0,359.0,340.0,1037.0,989.0,287.0,248.0,1610.0,1560.0,457.0,665.0,1278.0,300.0,1605.0,1550.0,963.0,1220.0,444.0,1697.0,242.0,377.0,838.0,1245.0,447.0,608.0,349.0,1640.0,1250.0,299.0,1566.0,760.0,299.0,458.0,589.0,1506.0,561.0,237.0,1248.0,1740.0,505.0,1520.0,1086.0,1479.0,488.0,216.0,305.0,1470.0,913.0,1669.0,409.0,304.0,747.0,1606.0,654.0,447.0,906.0,356.0,1403.0,532.0,00000000000000000ebb,105.414075002695,C1201X01
591.0,1985.0,1311.0,425.0,377.0,1071.0,1033.0,330.0,270.0,1769.0,1629.0,512.0,700.0,1361.0,333.0,1641.0,1604.0,999.0,1251.0,493.0,1781.0,290.0,427.0,920.0,1320.0,493.0,690.0,404.0,1713.0,1251.0,332.0,1670.0,812.0,332.0,497.0,658.0,1560.0,610.0,260.0,1343.0,1813.0,536.0,1630.0,1126.0,1589.0,524.0,257.0,333.0,1520.0,998.0,1760.0,427.0,340.0,793.0,1651.0,703.0,467.0,960.0,402.0,1452.0,582.0,00000000000000000ebc,65.5847819620897,C1201X02
551.0,2002.0,1227.0,385.0,362.0,1095.0,1029.0,311.0,264.0,1705.0,1625.0,472.0,705.0,1359.0,310.0,1678.0,1670.0,1036.0,1297.0,456.0,1770.0,253.0,414.0,861.0,1355.0,458.0,668.0,363.0,1761.0,1327.0,303.0,1665.0,807.0,325.0,500.0,627.0,1598.0,581.0,269.0,1313.0,1791.0,551.0,1618.0,1149.0,1527.0,535.0,240.0,317.0,1560.0,975.0,1767.0,462.0,338.0,819.0,1731.0,692.0,488.0,939.0,378.0,1464.0,549.0,00000000000000000ebd,109.007205566562,C1201X03
540.0,1979.0,1200.0,349.0,350.0,1054.0,1003.0,277.0,256.0,1611.0,1585.0,452.0,673.0,1322.0,314.0,1673.0,1599.0,1005.0,1258.0,431.0,1731.0,251.0,379.0,856.0,1255.0,468.0,635.0,349.0,1673.0,1255.0,314.0,1578.0,779.0,302.0,471.0,574.0,1564.0,569.0,245.0,1276.0,1793.0,516.0,1547.0,1090.0,1480.0,515.0,208.0,324.0,1494.0,918.0,1700.0,417.0,296.0,752.0,1666.0,675.0,470.0,964.0,342.0,1437.0,537.0,00000000000000000ebe,199.836759409479,C1201X05
558.0,1892.0,1236.0,408.0,357.0,1020.0,987.0,312.0,257.0,1667.0,1569.0,477.0,667.0,1286.0,314.0,1564.0,1525.0,942.0,1200.0,465.0,1699.0,276.0,407.0,863.0,1251.0,460.0,665.0,389.0,1640.0,1208.0,305.0,1584.0,761.0,317.0,470.0,628.0,1505.0,586.0,246.0,1258.0,1724.0,512.0,1545.0,1080.0,1531.0,501.0,246.0,318.0,1468.0,944.0,1666.0,407.0,325.0,766.0,1566.0,669.0,441.0,904.0,385.0,1394.0,554.0,00000000000000000ebf,68.0586954238649,C1201X07
603.0,2054.0,1346.0,404.0,391.0,1114.0,1076.0,344.0,282.0,1822.0,1645.0,533.0,720.0,1414.0,347.0,1728.0,1647.0,1033.0,1286.0,515.0,1857.0,292.0,428.0,955.0,1364.0,525.0,644.0,387.0,1755.0,1292.0,356.0,1733.0,848.0,337.0,499.0,662.0,1596.0,625.0,280.0,1397.0,1909.0,538.0,1695.0,1151.0,1606.0,523.0,261.0,340.0,1556.0,1021.0,1831.0,431.0,337.0,786.0,1735.0,720.0,471.0,1002.0,402.0,1507.0,606.0,00000000000000000ec0,118.274125899293,C1201X09
532.0,2021.0,1217.0,353.0,356.0,1081.0,985.0,293.0,280.0,1635.0,1612.0,465.0,677.0,1349.0,317.0,1735.0,1622.0,1020.0,1219.0,446.0,1738.0,258.0,396.0,821.0,1339.0,479.0,616.0,343.0,1747.0,1208.0,303.0,1595.0,800.0,320.0,480.0,577.0,1603.0,570.0,268.0,1307.0,1792.0,516.0,1573.0,1091.0,1477.0,512.0,227.0,318.0,1510.0,912.0,1720.0,432.0,313.0,753.0,1756.0,683.0,480.0,972.0,335.0,1455.0,533.0,00000000000000000ec1,95.2646478872749,C1202C01
565.0,2039.0,1264.0,323.0,373.0,1061.0,991.0,280.0,267.0,1655.0,1585.0,463.0,686.0,1354.0,329.0,1734.0,1596.0,1021.0,1240.0,452.0,1780.0,259.0,388.0,914.0,1275.0,494.0,616.0,334.0,1680.0,1226.0,344.0,1610.0,820.0,308.0,468.0,574.0,1602.0,591.0,245.0,1346.0,1861.0,490.0,1593.0,1055.0,1471.0,507.0,207.0,323.0,1498.0,918.0,1763.0,369.0,287.0,718.0,1742.0,685.0,457.0,1000.0,329.0,1469.0,570.0,00000000000000000ec2,66.3622957090292,C1202C02
556.0,1963.0,1245.0,385.0,359.0,1066.0,1027.0,320.0,264.0,1681.0,1602.0,469.0,680.0,1323.0,309.0,1648.0,1599.0,994.0,1253.0,467.0,1751.0,263.0,406.0,868.0,1305.0,459.0,626.0,365.0,1706.0,1273.0,318.0,1634.0,784.0,318.0,475.0,621.0,1546.0,582.0,261.0,1303.0,1780.0,524.0,1587.0,1122.0,1533.0,511.0,233.0,314.0,1517.0,955.0,1730.0,427.0,328.0,785.0,1656.0,674.0,456.0,918.0,376.0,1440.0,563.0,00000000000000000ec3,154.295474303897,C1202C03
612.0,1985.0,1398.0,477.0,414.0,1112.0,1104.0,368.0,287.0,1830.0,1714.0,521.0,730.0,1375.0,342.0,1627.0,1545.0,937.0,1267.0,522.0,1894.0,323.0,480.0,931.0,1301.0,511.0,764.0,456.0,1794.0,1232.0,346.0,1697.0,824.0,347.0,531.0,724.0,1600.0,675.0,267.0,1300.0,1842.0,583.0,1713.0,1193.0,1718.0,558.0,305.0,354.0,1541.0,1063.0,1733.0,436.0,356.0,829.0,1592.0,727.0,491.0,979.0,444.0,1399.0,624.0,00000000000000000ec4,111.2686970897,C1202C04
616.0,2017.0,1462.0,491.0,432.0,1169.0,1174.0,389.0,287.0,1906.0,1822.0,508.0,765.0,1416.0,344.0,1662.0,1553.0,918.0,1333.0,533.0,2025.0,313.0,519.0,917.0,1324.0,508.0,815.0,464.0,1900.0,1276.0,350.0,1770.0,811.0,366.0,561.0,771.0,1674.0,726.0,281.0,1277.0,1900.0,626.0,1810.0,1287.0,1815.0,590.0,329.0,354.0,1614.0,1099.0,1762.0,463.0,382.0,873.0,1607.0,737.0,521.0,988.0,465.0,1385.0,669.0,00000000000000000ec5,1246.41330210086,C1202C05
571.0,1979.0,1267.0,319.0,384.0,1015.0,934.0,284.0,290.0,1583.0,1491.0,483.0,676.0,1315.0,326.0,1751.0,1568.0,1009.0,1151.0,462.0,1716.0,269.0,385.0,889.0,1287.0,518.0,570.0,326.0,1675.0,1153.0,346.0,1561.0,812.0,300.0,461.0,550.0,1505.0,566.0,243.0,1338.0,1802.0,475.0,1569.0,991.0,1338.0,489.0,220.0,322.0,1392.0,877.0,1746.0,363.0,274.0,680.0,1764.0,690.0,475.0,995.0,304.0,1368.0,571.0,00000000000000000ec6,100.255335552617,C1202C06
578.0,1953.0,1283.0,425.0,373.0,1054.0,1020.0,323.0,262.0,1728.0,1618.0,491.0,689.0,1333.0,323.0,1610.0,1577.0,977.0,1243.0,480.0,1753.0,284.0,424.0,897.0,1293.0,475.0,699.0,403.0,1698.0,1248.0,315.0,1638.0,792.0,328.0,491.0,653.0,1548.0,608.0,254.0,1299.0,1775.0,536.0,1602.0,1117.0,1582.0,522.0,256.0,327.0,1508.0,985.0,1719.0,425.0,338.0,798.0,1614.0,691.0,461.0,941.0,401.0,1428.0,573.0,00000000000000000ec7,275.538135676087,C1202F01
545.0,2039.0,1239.0,324.0,356.0,1032.0,945.0,269.0,282.0,1583.0,1572.0,447.0,669.0,1317.0,317.0,1750.0,1572.0,1005.0,1185.0,430.0,1718.0,258.0,377.0,864.0,1269.0,486.0,593.0,334.0,1683.0,1175.0,311.0,1547.0,789.0,296.0,454.0,556.0,1583.0,567.0,242.0,1307.0,1801.0,483.0,1549.0,1011.0,1401.0,496.0,206.0,317.0,1443.0,868.0,1729.0,367.0,274.0,705.0,1756.0,676.0,466.0,991.0,306.0,1417.0,552.0,00000000000000000ec8,114.509951641916,C1202F02
602.0,1975.0,1389.0,475.0,408.0,1113.0,1103.0,365.0,284.0,1812.0,1712.0,512.0,727.0,1364.0,339.0,1620.0,1537.0,926.0,1267.0,512.0,1886.0,318.0,477.0,919.0,1296.0,503.0,763.0,454.0,1785.0,1235.0,341.0,1687.0,811.0,342.0,530.0,724.0,1597.0,676.0,261.0,1285.0,1831.0,583.0,1700.0,1193.0,1719.0,556.0,300.0,349.0,1538.0,1051.0,1716.0,438.0,352.0,831.0,1577.0,721.0,490.0,968.0,444.0,1393.0,620.0,00000000000000000ec9,180.326521628677,C1202F05
549.0,2044.0,1255.0,327.0,363.0,1037.0,946.0,281.0,290.0,1595.0,1581.0,455.0,666.0,1327.0,324.0,1764.0,1581.0,1009.0,1185.0,443.0,1723.0,267.0,385.0,865.0,1285.0,487.0,592.0,338.0,1694.0,1176.0,312.0,1564.0,795.0,304.0,458.0,562.0,1591.0,573.0,252.0,1317.0,1803.0,480.0,1544.0,1018.0,1410.0,499.0,211.0,325.0,1450.0,876.0,1737.0,380.0,283.0,708.0,1767.0,676.0,469.0,990.0,314.0,1429.0,552.0,00000000000000000ecc,131.338949495025,C1202P01
531.0,1874.0,1174.0,339.0,333.0,1010.0,967.0,277.0,245.0,1602.0,1509.0,457.0,647.0,1262.0,307.0,1577.0,1495.0,938.0,1197.0,444.0,1678.0,251.0,366.0,847.0,1206.0,461.0,581.0,335.0,1573.0,1197.0,318.0,1538.0,749.0,292.0,443.0,566.0,1485.0,554.0,238.0,1245.0,1741.0,478.0,1509.0,1043.0,1450.0,466.0,211.0,310.0,1435.0,896.0,1632.0,381.0,284.0,701.0,1572.0,641.0,429.0,905.0,338.0,1384.0,527.0,00000000000000000ecd,117.574606701936,C1202P02
615.0,2037.0,1385.0,425.0,386.0,1107.0,1072.0,349.0,288.0,1854.0,1654.0,544.0,714.0,1427.0,351.0,1697.0,1640.0,1037.0,1269.0,534.0,1859.0,310.0,441.0,976.0,1374.0,535.0,684.0,406.0,1751.0,1261.0,370.0,1749.0,862.0,346.0,519.0,674.0,1583.0,632.0,280.0,1416.0,1888.0,551.0,1714.0,1148.0,1631.0,521.0,272.0,347.0,1544.0,1056.0,1827.0,441.0,344.0,787.0,1717.0,728.0,481.0,1015.0,415.0,1485.0,608.0,00000000000000000ece,148.913463210161,C1202P03
620.0,2019.0,1385.0,437.0,394.0,1103.0,1069.0,355.0,290.0,1862.0,1657.0,550.0,714.0,1425.0,353.0,1675.0,1628.0,1024.0,1267.0,540.0,1847.0,319.0,450.0,974.0,1364.0,539.0,707.0,418.0,1747.0,1257.0,371.0,1743.0,854.0,354.0,530.0,682.0,1576.0,637.0,285.0,1394.0,1866.0,570.0,1713.0,1152.0,1647.0,526.0,280.0,348.0,1536.0,1064.0,1809.0,451.0,354.0,798.0,1701.0,730.0,490.0,1014.0,431.0,1467.0,607.0,00000000000000000ecf,379.179537906769,C1202P05
557.0,2101.0,1281.0,365.0,375.0,1112.0,996.0,313.0,309.0,1681.0,1656.0,494.0,700.0,1411.0,334.0,1822.0,1660.0,1067.0,1235.0,466.0,1787.0,278.0,413.0,861.0,1397.0,509.0,620.0,355.0,1811.0,1203.0,317.0,1642.0,847.0,341.0,494.0,600.0,1656.0,601.0,284.0,1379.0,1869.0,532.0,1627.0,1102.0,1492.0,530.0,245.0,334.0,1524.0,939.0,1773.0,441.0,323.0,760.0,1846.0,709.0,502.0,1022.0,343.0,1492.0,562.0,00000000000000000ed0,304.107517596309,C1202P06
527.0,1945.0,1189.0,324.0,329.0,1010.0,956.0,248.0,252.0,1567.0,1524.0,433.0,658.0,1286.0,314.0,1640.0,1541.0,976.0,1209.0,424.0,1705.0,242.0,364.0,869.0,1208.0,458.0,600.0,326.0,1585.0,1197.0,316.0,1533.0,758.0,290.0,443.0,543.0,1533.0,553.0,230.0,1276.0,1790.0,467.0,1512.0,1019.0,1430.0,482.0,191.0,324.0,1439.0,888.0,1659.0,349.0,267.0,699.0,1630.0,661.0,432.0,954.0,323.0,1399.0,532.0,00000000000000000ed1,644.473026751695,C1202W03
613.0,2007.0,1417.0,480.0,423.0,1139.0,1132.0,374.0,282.0,1878.0,1760.0,514.0,745.0,1386.0,342.0,1649.0,1550.0,926.0,1303.0,523.0,1951.0,316.0,493.0,928.0,1315.0,512.0,787.0,460.0,1842.0,1255.0,352.0,1725.0,821.0,352.0,551.0,743.0,1630.0,694.0,272.0,1298.0,1870.0,604.0,1747.0,1228.0,1767.0,571.0,315.0,348.0,1572.0,1075.0,1748.0,451.0,362.0,849.0,1607.0,731.0,504.0,977.0,452.0,1403.0,640.0,00000000000000000ed2,257.032031422407,C1202W05
585.0,2149.0,1328.0,378.0,391.0,1097.0,972.0,318.0,335.0,1681.0,1632.0,515.0,711.0,1417.0,353.0,1864.0,1662.0,1075.0,1215.0,490.0,1809.0,307.0,421.0,902.0,1401.0,540.0,617.0,378.0,1805.0,1200.0,343.0,1636.0,871.0,348.0,509.0,601.0,1631.0,613.0,298.0,1411.0,1878.0,536.0,1626.0,1077.0,1456.0,538.0,264.0,356.0,1495.0,950.0,1800.0,442.0,328.0,755.0,1864.0,722.0,520.0,1055.0,348.0,1466.0,582.0,00000000000000000ed3,220.169154637663,C1202W07
499.0,1868.0,1125.0,296.0,325.0,939.0,863.0,235.0,253.0,1442.0,1431.0,408.0,607.0,1192.0,279.0,1618.0,1423.0,903.0,1083.0,388.0,1582.0,232.0,335.0,780.0,1144.0,448.0,534.0,297.0,1552.0,1073.0,278.0,1412.0,712.0,260.0,403.0,500.0,1450.0,510.0,210.0,1192.0,1667.0,424.0,1413.0,920.0,1270.0,444.0,189.0,286.0,1317.0,779.0,1585.0,319.0,240.0,636.0,1613.0,620.0,413.0,894.0,269.0,1297.0,509.0,00000000000000000ed4,165.720026882041,C1202W08
601.0,2057.0,1339.0,416.0,388.0,1112.0,1073.0,344.0,286.0,1814.0,1656.0,526.0,720.0,1408.0,351.0,1725.0,1654.0,1037.0,1290.0,510.0,1851.0,297.0,432.0,949.0,1363.0,516.0,657.0,400.0,1761.0,1303.0,351.0,1733.0,844.0,346.0,509.0,665.0,1601.0,626.0,283.0,1388.0,1902.0,549.0,1688.0,1159.0,1611.0,530.0,262.0,348.0,1564.0,1023.0,1832.0,442.0,346.0,797.0,1731.0,721.0,478.0,994.0,412.0,1505.0,602.0,00000000000000000ed5,1282.03758509666,C1203C01
561.0,2064.0,1248.0,379.0,368.0,1131.0,1047.0,314.0,288.0,1737.0,1663.0,491.0,711.0,1414.0,316.0,1762.0,1709.0,1072.0,1305.0,470.0,1812.0,266.0,423.0,851.0,1418.0,485.0,665.0,359.0,1835.0,1299.0,313.0,1693.0,833.0,335.0,504.0,626.0,1660.0,593.0,285.0,1351.0,1856.0,545.0,1657.0,1163.0,1547.0,544.0,250.0,321.0,1593.0,983.0,1802.0,463.0,340.0,823.0,1825.0,717.0,495.0,988.0,365.0,1513.0,558.0,00000000000000000ed6,2318.2023532738,C1203C02
555.0,2041.0,1233.0,376.0,364.0,1118.0,1033.0,310.0,286.0,1719.0,1644.0,486.0,702.0,1398.0,311.0,1742.0,1689.0,1060.0,1288.0,466.0,1792.0,265.0,418.0,840.0,1403.0,480.0,655.0,356.0,1816.0,1283.0,308.0,1675.0,824.0,331.0,497.0,619.0,1643.0,585.0,281.0,1336.0,1836.0,536.0,1640.0,1148.0,1529.0,537.0,249.0,318.0,1576.0,972.0,1782.0,457.0,336.0,814.0,1805.0,709.0,487.0,977.0,360.0,1498.0,551.0,00000000000000000ed7,2946.09382135808,C1203C03
559.0,2074.0,1256.0,380.0,370.0,1139.0,1048.0,314.0,290.0,1737.0,1664.0,489.0,713.0,1420.0,320.0,1770.0,1714.0,1078.0,1308.0,469.0,1814.0,268.0,423.0,856.0,1422.0,485.0,665.0,360.0,1839.0,1304.0,315.0,1695.0,840.0,338.0,506.0,627.0,1665.0,597.0,287.0,1356.0,1861.0,547.0,1660.0,1168.0,1545.0,544.0,249.0,325.0,1590.0,985.0,1804.0,465.0,340.0,823.0,1828.0,716.0,498.0,992.0,368.0,1513.0,559.0,00000000000000000ed8,3662.99690442883,C1203C05
555.0,2030.0,1266.0,308.0,339.0,1040.0,983.0,270.0,250.0,1654.0,1569.0,465.0,678.0,1358.0,314.0,1735.0,1582.0,1009.0,1218.0,454.0,1789.0,250.0,368.0,910.0,1276.0,494.0,569.0,309.0,1665.0,1200.0,329.0,1604.0,805.0,294.0,430.0,576.0,1586.0,578.0,238.0,1357.0,1872.0,448.0,1594.0,1042.0,1478.0,471.0,203.0,307.0,1487.0,919.0,1736.0,340.0,269.0,698.0,1725.0,668.0,427.0,990.0,313.0,1465.0,565.0,00000000000000000ed9,634.300128419504,C1203F01
587.0,2050.0,1304.0,347.0,390.0,1039.0,954.0,303.0,306.0,1630.0,1549.0,506.0,692.0,1365.0,330.0,1800.0,1602.0,1038.0,1173.0,477.0,1753.0,285.0,400.0,910.0,1324.0,529.0,585.0,348.0,1732.0,1173.0,337.0,1592.0,838.0,310.0,481.0,585.0,1559.0,596.0,262.0,1364.0,1831.0,493.0,1600.0,1020.0,1377.0,514.0,234.0,337.0,1426.0,901.0,1778.0,398.0,291.0,711.0,1816.0,702.0,492.0,1027.0,320.0,1405.0,585.0,00000000000000000eda,2664.7270761368,C1203F02
684.0,2280.0,1460.0,478.0,465.0,1172.0,1048.0,393.0,429.0,1809.0,1691.0,614.0,800.0,1552.0,427.0,1994.0,1812.0,1214.0,1286.0,586.0,1937.0,397.0,500.0,1031.0,1536.0,639.0,698.0,478.0,1943.0,1254.0,425.0,1762.0,993.0,429.0,606.0,690.0,1694.0,704.0,377.0,1549.0,2013.0,639.0,1748.0,1145.0,1518.0,618.0,355.0,445.0,1557.0,1080.0,1932.0,538.0,408.0,843.0,2006.0,832.0,614.0,1189.0,429.0,1529.0,670.0,00000000000000000edb,1241.30456077083,C1203F05
500.0,1875.0,1138.0,309.0,326.0,952.0,867.0,249.0,261.0,1459.0,1472.0,411.0,612.0,1210.0,296.0,1621.0,1446.0,922.0,1090.0,394.0,1583.0,247.0,347.0,788.0,1166.0,440.0,543.0,313.0,1550.0,1081.0,286.0,1430.0,722.0,277.0,421.0,508.0,1482.0,525.0,228.0,1200.0,1658.0,442.0,1412.0,940.0,1311.0,454.0,193.0,301.0,1349.0,798.0,1590.0,349.0,257.0,651.0,1612.0,620.0,432.0,903.0,286.0,1329.0,505.0,00000000000000000edc,3835.0027811209,C1203F06
586.0,2015.0,1292.0,379.0,370.0,1092.0,1058.0,322.0,270.0,1760.0,1617.0,510.0,701.0,1368.0,338.0,1699.0,1606.0,1011.0,1281.0,500.0,1822.0,280.0,411.0,928.0,1312.0,502.0,623.0,374.0,1710.0,1271.0,358.0,1681.0,820.0,327.0,490.0,627.0,1573.0,603.0,265.0,1362.0,1883.0,529.0,1651.0,1130.0,1568.0,507.0,241.0,335.0,1533.0,982.0,1775.0,422.0,318.0,759.0,1697.0,700.0,468.0,969.0,377.0,1483.0,584.0,00000000000000000edd,3510.80506519986,C1203F07
599.0,2167.0,1351.0,381.0,399.0,1106.0,982.0,327.0,337.0,1700.0,1642.0,528.0,723.0,1435.0,357.0,1886.0,1680.0,1095.0,1224.0,501.0,1828.0,311.0,429.0,925.0,1414.0,552.0,629.0,381.0,1822.0,1213.0,354.0,1656.0,886.0,351.0,518.0,613.0,1639.0,627.0,301.0,1430.0,1898.0,546.0,1644.0,1086.0,1463.0,549.0,268.0,357.0,1502.0,963.0,1825.0,448.0,331.0,765.0,1889.0,736.0,532.0,1075.0,351.0,1473.0,599.0,00000000000000000ede,3248.80647960639,C1203F09
633.0,1735.0,1277.0,332.0,398.0,939.0,873.0,289.0,324.0,1480.0,1284.0,557.0,693.0,1273.0,380.0,1588.0,1488.0,1037.0,1018.0,535.0,1545.0,329.0,393.0,945.0,1288.0,574.0,527.0,349.0,1503.0,1045.0,457.0,1489.0,863.0,332.0,518.0,558.0,1337.0,576.0,277.0,1338.0,1674.0,511.0,1480.0,909.0,1213.0,469.0,256.0,375.0,1251.0,903.0,1630.0,401.0,316.0,641.0,1638.0,719.0,529.0,1026.0,342.0,1247.0,592.0,00000000000000000edf,4066.20516966674,C1203F10
586.0,2106.0,1319.0,347.0,389.0,1063.0,968.0,313.0,306.0,1658.0,1607.0,506.0,697.0,1388.0,335.0,1849.0,1633.0,1041.0,1197.0,477.0,1791.0,286.0,409.0,905.0,1347.0,527.0,591.0,357.0,1771.0,1197.0,334.0,1628.0,845.0,325.0,486.0,590.0,1607.0,600.0,277.0,1387.0,1861.0,497.0,1618.0,1045.0,1432.0,514.0,244.0,337.0,1472.0,914.0,1805.0,405.0,305.0,726.0,1844.0,707.0,497.0,1031.0,325.0,1451.0,581.0,00000000000000000ee0,4064.59824427129,C1203F13
492.0,1826.0,1108.0,316.0,306.0,959.0,910.0,241.0,228.0,1483.0,1440.0,410.0,623.0,1196.0,287.0,1524.0,1429.0,890.0,1144.0,399.0,1584.0,228.0,339.0,801.0,1125.0,421.0,564.0,317.0,1484.0,1143.0,289.0,1443.0,702.0,266.0,415.0,527.0,1440.0,529.0,212.0,1178.0,1669.0,447.0,1409.0,978.0,1369.0,456.0,183.0,295.0,1351.0,832.0,1543.0,339.0,254.0,666.0,1496.0,616.0,404.0,871.0,307.0,1322.0,498.0,00000000000000000ee1,3537.17216010127,C1203F14
532.0,1944.0,1185.0,319.0,350.0,988.0,908.0,236.0,266.0,1515.0,1496.0,429.0,663.0,1247.0,322.0,1661.0,1519.0,976.0,1161.0,405.0,1649.0,253.0,360.0,851.0,1198.0,469.0,592.0,329.0,1578.0,1154.0,317.0,1470.0,760.0,293.0,451.0,522.0,1510.0,537.0,222.0,1265.0,1748.0,476.0,1476.0,970.0,1340.0,484.0,186.0,319.0,1390.0,840.0,1662.0,338.0,262.0,673.0,1671.0,663.0,455.0,965.0,306.0,1361.0,535.0,00000000000000000ee2,3278.60098697128,C1203W01
488.0,1772.0,1105.0,279.0,322.0,908.0,833.0,217.0,242.0,1399.0,1362.0,403.0,604.0,1141.0,296.0,1552.0,1386.0,875.0,1037.0,387.0,1541.0,236.0,321.0,772.0,1115.0,430.0,503.0,290.0,1468.0,1038.0,309.0,1375.0,686.0,260.0,402.0,475.0,1382.0,496.0,198.0,1181.0,1641.0,413.0,1380.0,883.0,1240.0,420.0,172.0,284.0,1291.0,751.0,1551.0,295.0,229.0,599.0,1551.0,604.0,407.0,869.0,271.0,1265.0,496.0,00000000000000000ee3,3159.2757441924,C1203W02
521.0,1940.0,1199.0,322.0,342.0,989.0,900.0,274.0,279.0,1523.0,1523.0,442.0,633.0,1265.0,307.0,1688.0,1505.0,951.0,1118.0,423.0,1649.0,259.0,369.0,819.0,1225.0,465.0,558.0,332.0,1622.0,1117.0,302.0,1495.0,762.0,296.0,444.0,531.0,1532.0,548.0,248.0,1256.0,1723.0,464.0,1476.0,980.0,1363.0,473.0,216.0,312.0,1401.0,835.0,1654.0,372.0,277.0,671.0,1675.0,644.0,454.0,934.0,297.0,1374.0,523.0,00000000000000000ee4,3299.80232409586,C1203W03
516.0,1889.0,1174.0,308.0,325.0,991.0,942.0,264.0,232.0,1569.0,1474.0,444.0,639.0,1262.0,301.0,1591.0,1473.0,925.0,1165.0,427.0,1676.0,239.0,358.0,844.0,1186.0,461.0,558.0,308.0,1542.0,1148.0,311.0,1514.0,739.0,282.0,413.0,551.0,1474.0,543.0,225.0,1253.0,1758.0,435.0,1491.0,1001.0,1421.0,457.0,190.0,297.0,1400.0,875.0,1605.0,335.0,263.0,672.0,1574.0,634.0,403.0,913.0,313.0,1373.0,522.0,00000000000000000ee5,1548.4051145573,C1203W04
547.0,1974.0,1243.0,322.0,330.0,1032.0,1002.0,289.0,238.0,1671.0,1548.0,477.0,664.0,1332.0,309.0,1662.0,1534.0,964.0,1217.0,467.0,1771.0,247.0,377.0,895.0,1253.0,487.0,563.0,322.0,1621.0,1189.0,324.0,1602.0,785.0,291.0,433.0,591.0,1537.0,573.0,236.0,1331.0,1851.0,462.0,1574.0,1052.0,1515.0,466.0,202.0,302.0,1476.0,933.0,1692.0,354.0,274.0,704.0,1642.0,663.0,414.0,953.0,328.0,1446.0,553.0,00000000000000000ee6,3587.63632943835,C1203W05
525.0,1946.0,1190.0,327.0,346.0,1027.0,960.0,270.0,256.0,1566.0,1532.0,439.0,658.0,1290.0,320.0,1647.0,1534.0,960.0,1207.0,420.0,1687.0,255.0,369.0,856.0,1211.0,467.0,601.0,337.0,1592.0,1199.0,321.0,1537.0,766.0,290.0,447.0,553.0,1532.0,564.0,237.0,1268.0,1757.0,483.0,1522.0,1031.0,1432.0,491.0,201.0,315.0,1440.0,879.0,1665.0,370.0,279.0,703.0,1625.0,651.0,447.0,947.0,324.0,1401.0,532.0,00000000000000000ee7,1472.81859391572,C1203W06
574.0,1978.0,1283.0,353.0,358.0,1061.0,1027.0,310.0,256.0,1729.0,1569.0,503.0,683.0,1364.0,328.0,1672.0,1577.0,996.0,1242.0,493.0,1810.0,269.0,397.0,927.0,1303.0,503.0,600.0,344.0,1660.0,1228.0,351.0,1655.0,815.0,314.0,471.0,613.0,1539.0,589.0,258.0,1364.0,1871.0,500.0,1626.0,1094.0,1535.0,493.0,225.0,316.0,1499.0,977.0,1748.0,390.0,304.0,732.0,1675.0,685.0,450.0,981.0,360.0,1459.0,564.0,00000000000000000ee8,33.5916798472852,C1204F01
569.0,1967.0,1267.0,352.0,348.0,1049.0,1019.0,302.0,255.0,1709.0,1568.0,493.0,674.0,1350.0,323.0,1661.0,1563.0,984.0,1239.0,484.0,1800.0,264.0,389.0,915.0,1287.0,495.0,591.0,342.0,1649.0,1220.0,341.0,1638.0,806.0,305.0,462.0,604.0,1538.0,577.0,248.0,1350.0,1862.0,490.0,1611.0,1085.0,1531.0,484.0,219.0,314.0,1498.0,964.0,1729.0,379.0,294.0,722.0,1660.0,676.0,439.0,972.0,351.0,1458.0,557.0,00000000000000000ee9,289.443637345964,C1204F02
584.0,1781.0,1225.0,303.0,375.0,928.0,864.0,265.0,285.0,1475.0,1310.0,505.0,651.0,1243.0,343.0,1612.0,1458.0,970.0,1019.0,486.0,1574.0,286.0,373.0,882.0,1243.0,515.0,512.0,313.0,1527.0,1038.0,402.0,1476.0,804.0,297.0,474.0,524.0,1348.0,543.0,249.0,1301.0,1689.0,474.0,1468.0,901.0,1227.0,447.0,227.0,332.0,1264.0,843.0,1630.0,368.0,279.0,614.0,1629.0,671.0,483.0,970.0,305.0,1256.0,552.0,00000000000000000eea,121.090491669945,C1204F03
568.0,1965.0,1264.0,353.0,351.0,1050.0,1021.0,302.0,258.0,1705.0,1568.0,491.0,677.0,1343.0,322.0,1659.0,1559.0,982.0,1242.0,482.0,1796.0,268.0,390.0,913.0,1284.0,492.0,595.0,344.0,1649.0,1223.0,344.0,1636.0,806.0,304.0,465.0,607.0,1538.0,578.0,248.0,1342.0,1856.0,495.0,1607.0,1088.0,1528.0,487.0,220.0,315.0,1498.0,962.0,1725.0,384.0,295.0,727.0,1656.0,675.0,444.0,971.0,350.0,1458.0,558.0,00000000000000000eeb,403.345790435166,C1204F05
562.0,1964.0,1261.0,348.0,346.0,1044.0,1015.0,302.0,249.0,1706.0,1565.0,489.0,674.0,1349.0,323.0,1659.0,1558.0,983.0,1233.0,479.0,1797.0,259.0,389.0,914.0,1280.0,494.0,589.0,339.0,1643.0,1213.0,342.0,1632.0,802.0,305.0,462.0,603.0,1535.0,578.0,245.0,1349.0,1863.0,488.0,1607.0,1078.0,1529.0,482.0,216.0,310.0,1494.0,963.0,1725.0,377.0,291.0,719.0,1657.0,669.0,438.0,969.0,351.0,1455.0,558.0,00000000000000000eec,469.476182828326,C1204F06
549.0,1955.0,1237.0,342.0,338.0,1031.0,1002.0,289.0,246.0,1658.0,1548.0,472.0,662.0,1316.0,312.0,1649.0,1530.0,957.0,1216.0,462.0,1759.0,256.0,377.0,890.0,1250.0,479.0,575.0,340.0,1618.0,1197.0,329.0,1590.0,776.0,293.0,449.0,586.0,1525.0,570.0,237.0,1316.0,1833.0,479.0,1568.0,1062.0,1502.0,475.0,214.0,311.0,1471.0,924.0,1685.0,369.0,284.0,704.0,1624.0,655.0,429.0,941.0,339.0,1439.0,550.0,00000000000000000eed,163.421061740271,C1204F07
463.0,1744.0,1042.0,293.0,290.0,901.0,851.0,217.0,225.0,1395.0,1369.0,383.0,584.0,1130.0,278.0,1464.0,1352.0,849.0,1077.0,370.0,1523.0,217.0,321.0,756.0,1061.0,403.0,529.0,296.0,1417.0,1067.0,274.0,1361.0,661.0,257.0,387.0,485.0,1378.0,493.0,203.0,1118.0,1598.0,411.0,1343.0,910.0,1291.0,425.0,170.0,290.0,1292.0,778.0,1469.0,308.0,237.0,625.0,1438.0,581.0,377.0,833.0,288.0,1256.0,469.0,00000000000000000eee,387.091821875418,C1204F08
475.0,1752.0,1069.0,283.0,293.0,897.0,853.0,234.0,224.0,1419.0,1369.0,393.0,588.0,1150.0,276.0,1490.0,1352.0,850.0,1064.0,391.0,1555.0,224.0,324.0,768.0,1079.0,417.0,517.0,290.0,1435.0,1047.0,280.0,1381.0,670.0,258.0,374.0,496.0,1369.0,495.0,204.0,1143.0,1631.0,392.0,1361.0,905.0,1298.0,419.0,177.0,281.0,1295.0,781.0,1481.0,299.0,240.0,610.0,1461.0,579.0,364.0,832.0,278.0,1269.0,485.0,00000000000000000eef,255.991397728591,C1204F09
470.0,1692.0,1065.0,255.0,307.0,867.0,803.0,209.0,224.0,1351.0,1299.0,390.0,576.0,1092.0,285.0,1498.0,1323.0,825.0,988.0,377.0,1491.0,221.0,308.0,735.0,1078.0,408.0,467.0,267.0,1415.0,983.0,309.0,1333.0,653.0,247.0,381.0,454.0,1321.0,476.0,194.0,1139.0,1591.0,391.0,1331.0,847.0,1201.0,392.0,163.0,269.0,1245.0,715.0,1494.0,281.0,222.0,561.0,1490.0,573.0,387.0,822.0,257.0,1227.0,477.0,00000000000000000ef0,416.437519100285,C1204F10
444.0,1677.0,998.0,278.0,279.0,862.0,816.0,212.0,215.0,1339.0,1312.0,367.0,558.0,1081.0,266.0,1411.0,1288.0,806.0,1029.0,357.0,1469.0,209.0,310.0,720.0,1015.0,387.0,506.0,282.0,1364.0,1018.0,260.0,1306.0,629.0,246.0,363.0,465.0,1320.0,470.0,194.0,1070.0,1542.0,384.0,1288.0,871.0,1239.0,408.0,164.0,276.0,1239.0,739.0,1408.0,289.0,227.0,593.0,1380.0,553.0,354.0,790.0,274.0,1207.0,451.0,00000000000000000ef1,391.350350159628,C1204F12
482.0,1778.0,1090.0,278.0,319.0,903.0,826.0,214.0,241.0,1380.0,1367.0,396.0,603.0,1135.0,287.0,1545.0,1379.0,873.0,1042.0,375.0,1522.0,227.0,321.0,762.0,1101.0,428.0,514.0,289.0,1467.0,1048.0,289.0,1357.0,682.0,256.0,398.0,471.0,1383.0,490.0,192.0,1156.0,1616.0,412.0,1365.0,879.0,1224.0,427.0,167.0,278.0,1278.0,743.0,1535.0,296.0,224.0,604.0,1540.0,598.0,400.0,863.0,264.0,1252.0,490.0,00000000000000000ef2,902.829716524773,C1204F14
567.0,1965.0,1269.0,354.0,349.0,1049.0,1019.0,301.0,257.0,1710.0,1566.0,493.0,675.0,1348.0,319.0,1660.0,1562.0,983.0,1237.0,483.0,1798.0,268.0,388.0,915.0,1288.0,493.0,589.0,344.0,1650.0,1219.0,348.0,1639.0,806.0,303.0,469.0,606.0,1536.0,578.0,248.0,1348.0,1857.0,499.0,1611.0,1085.0,1529.0,484.0,222.0,316.0,1497.0,963.0,1729.0,388.0,293.0,724.0,1659.0,675.0,449.0,971.0,348.0,1457.0,557.0,00000000000000000ef3,67.4894790257736,C1204P01
567.0,1965.0,1269.0,354.0,349.0,1049.0,1019.0,301.0,257.0,1710.0,1566.0,493.0,675.0,1348.0,319.0,1660.0,1562.0,983.0,1237.0,483.0,1798.0,268.0,388.0,915.0,1288.0,493.0,589.0,344.0,1650.0,1219.0,348.0,1639.0,806.0,303.0,469.0,606.0,1536.0,578.0,248.0,1348.0,1857.0,499.0,1611.0,1085.0,1529.0,484.0,222.0,316.0,1497.0,963.0,1729.0,388.0,293.0,724.0,1659.0,675.0,449.0,971.0,348.0,1457.0,557.0,00000000000000000ef4,65.7669450026858,C1204P02
626.0,1803.0,1277.0,344.0,400.0,951.0,882.0,295.0,325.0,1507.0,1320.0,541.0,683.0,1293.0,370.0,1625.0,1513.0,1030.0,1041.0,521.0,1587.0,326.0,400.0,931.0,1290.0,560.0,545.0,354.0,1543.0,1065.0,434.0,1502.0,854.0,327.0,516.0,555.0,1356.0,574.0,280.0,1349.0,1696.0,522.0,1497.0,923.0,1227.0,480.0,260.0,371.0,1269.0,897.0,1664.0,411.0,308.0,649.0,1667.0,716.0,527.0,1025.0,337.0,1254.0,580.0,00000000000000000ef5,104.54030718727,C1204P03
565.0,2037.0,1263.0,323.0,374.0,1060.0,990.0,280.0,268.0,1653.0,1583.0,463.0,686.0,1353.0,328.0,1732.0,1593.0,1020.0,1240.0,452.0,1779.0,259.0,388.0,915.0,1273.0,494.0,616.0,333.0,1679.0,1224.0,343.0,1607.0,821.0,308.0,465.0,573.0,1601.0,592.0,246.0,1345.0,1860.0,487.0,1592.0,1053.0,1469.0,507.0,207.0,323.0,1497.0,918.0,1760.0,367.0,287.0,718.0,1739.0,684.0,454.0,1000.0,329.0,1468.0,570.0,00000000000000000ef6,101.659923250652,C1205C01
527.0,1924.0,1166.0,305.0,338.0,982.0,912.0,240.0,256.0,1517.0,1485.0,429.0,647.0,1248.0,309.0,1631.0,1490.0,958.0,1149.0,410.0,1647.0,248.0,353.0,845.0,1183.0,460.0,565.0,315.0,1560.0,1139.0,311.0,1468.0,757.0,279.0,428.0,527.0,1509.0,538.0,225.0,1255.0,1736.0,450.0,1462.0,971.0,1357.0,465.0,193.0,305.0,1394.0,844.0,1632.0,330.0,258.0,668.0,1636.0,646.0,428.0,947.0,292.0,1366.0,527.0,00000000000000000ef7,122.68081842182,C1205C02
529.0,1669.0,1169.0,255.0,359.0,883.0,837.0,231.0,250.0,1424.0,1241.0,462.0,613.0,1145.0,343.0,1603.0,1340.0,870.0,944.0,451.0,1555.0,261.0,335.0,802.0,1186.0,450.0,453.0,266.0,1491.0,963.0,398.0,1454.0,719.0,277.0,423.0,474.0,1303.0,506.0,216.0,1230.0,1710.0,423.0,1443.0,845.0,1234.0,396.0,178.0,313.0,1258.0,761.0,1576.0,279.0,248.0,537.0,1569.0,603.0,423.0,870.0,283.0,1274.0,523.0,00000000000000000ef8,42.6902687671664,C1205C03
524.0,1655.0,1170.0,255.0,358.0,883.0,836.0,227.0,256.0,1426.0,1223.0,457.0,613.0,1139.0,349.0,1605.0,1329.0,861.0,934.0,452.0,1553.0,271.0,334.0,797.0,1185.0,446.0,449.0,267.0,1486.0,955.0,409.0,1455.0,714.0,277.0,424.0,474.0,1293.0,506.0,211.0,1228.0,1714.0,423.0,1449.0,840.0,1233.0,390.0,176.0,322.0,1249.0,756.0,1575.0,272.0,246.0,531.0,1566.0,598.0,423.0,863.0,284.0,1273.0,521.0,00000000000000000ef9,56.2985839214323,C1205C04
520.0,1609.0,1153.0,241.0,354.0,866.0,819.0,220.0,245.0,1404.0,1189.0,453.0,604.0,1119.0,346.0,1587.0,1293.0,840.0,902.0,443.0,1523.0,270.0,330.0,786.0,1168.0,434.0,421.0,256.0,1462.0,929.0,401.0,1433.0,702.0,271.0,409.0,463.0,1262.0,491.0,206.0,1205.0,1684.0,404.0,1439.0,819.0,1219.0,379.0,167.0,321.0,1222.0,738.0,1543.0,253.0,248.0,510.0,1537.0,582.0,404.0,845.0,281.0,1258.0,512.0,00000000000000000efa,143.530898215455,C1205C05
504.0,1890.0,1149.0,311.0,330.0,960.0,875.0,253.0,263.0,1471.0,1483.0,416.0,616.0,1220.0,298.0,1635.0,1458.0,928.0,1098.0,399.0,1597.0,248.0,352.0,794.0,1177.0,445.0,549.0,315.0,1564.0,1091.0,288.0,1443.0,729.0,280.0,425.0,513.0,1493.0,529.0,231.0,1211.0,1672.0,446.0,1424.0,949.0,1321.0,460.0,195.0,302.0,1359.0,805.0,1603.0,353.0,261.0,655.0,1625.0,625.0,436.0,910.0,288.0,1338.0,508.0,00000000000000000efb,167.840093384437,C1205F02
493.0,1857.0,1114.0,311.0,323.0,947.0,863.0,242.0,253.0,1432.0,1458.0,402.0,612.0,1200.0,297.0,1584.0,1430.0,916.0,1091.0,383.0,1561.0,242.0,344.0,782.0,1140.0,433.0,549.0,313.0,1520.0,1083.0,284.0,1405.0,714.0,276.0,424.0,502.0,1475.0,512.0,223.0,1173.0,1643.0,457.0,1403.0,938.0,1314.0,456.0,184.0,301.0,1352.0,792.0,1556.0,347.0,255.0,652.0,1572.0,613.0,433.0,898.0,287.0,1323.0,501.0,00000000000000000efc,276.755821847106,C1205F03
596.0,1938.0,1289.0,323.0,392.0,994.0,920.0,298.0,304.0,1571.0,1430.0,519.0,678.0,1317.0,343.0,1725.0,1560.0,1019.0,1116.0,495.0,1686.0,285.0,395.0,908.0,1300.0,539.0,563.0,333.0,1644.0,1122.0,389.0,1558.0,825.0,316.0,490.0,552.0,1446.0,575.0,259.0,1354.0,1782.0,501.0,1563.0,975.0,1299.0,491.0,236.0,333.0,1350.0,888.0,1738.0,389.0,288.0,671.0,1749.0,703.0,501.0,1009.0,316.0,1330.0,578.0,00000000000000000efd,116.924780674858,C1205F04
542.0,1934.0,1216.0,336.0,336.0,1021.0,988.0,285.0,241.0,1636.0,1532.0,464.0,657.0,1297.0,310.0,1629.0,1514.0,950.0,1205.0,454.0,1732.0,251.0,374.0,876.0,1232.0,473.0,577.0,335.0,1599.0,1190.0,320.0,1569.0,765.0,291.0,441.0,578.0,1513.0,566.0,236.0,1293.0,1806.0,472.0,1546.0,1050.0,1482.0,473.0,211.0,308.0,1456.0,911.0,1665.0,364.0,282.0,701.0,1605.0,649.0,422.0,929.0,339.0,1421.0,544.0,00000000000000000efe,106.029905171469,C1205F05
502.0,1887.0,1129.0,300.0,321.0,949.0,870.0,234.0,254.0,1452.0,1454.0,407.0,619.0,1203.0,288.0,1614.0,1441.0,917.0,1097.0,386.0,1590.0,233.0,338.0,790.0,1153.0,448.0,546.0,307.0,1551.0,1088.0,284.0,1414.0,718.0,267.0,416.0,506.0,1467.0,516.0,213.0,1199.0,1672.0,444.0,1426.0,929.0,1294.0,452.0,186.0,291.0,1337.0,788.0,1592.0,326.0,245.0,647.0,1614.0,626.0,425.0,907.0,278.0,1312.0,509.0,00000000000000000eff,320.601551603054,C1205F06
459.0,1657.0,1032.0,255.0,293.0,854.0,790.0,208.0,220.0,1318.0,1284.0,384.0,566.0,1069.0,279.0,1460.0,1294.0,817.0,983.0,365.0,1456.0,218.0,300.0,724.0,1041.0,404.0,459.0,257.0,1378.0,975.0,288.0,1307.0,642.0,243.0,362.0,453.0,1311.0,471.0,189.0,1104.0,1549.0,372.0,1291.0,836.0,1194.0,385.0,166.0,263.0,1226.0,713.0,1449.0,271.0,216.0,558.0,1441.0,564.0,363.0,808.0,252.0,1206.0,471.0,00000000000000000f00,150.427159411835,C1205F07
536.0,1864.0,1182.0,347.0,328.0,1004.0,968.0,282.0,248.0,1605.0,1503.0,461.0,645.0,1262.0,311.0,1571.0,1478.0,923.0,1179.0,452.0,1686.0,258.0,374.0,848.0,1200.0,466.0,571.0,344.0,1566.0,1168.0,320.0,1535.0,746.0,294.0,443.0,571.0,1465.0,550.0,239.0,1255.0,1750.0,473.0,1507.0,1032.0,1457.0,466.0,219.0,307.0,1427.0,903.0,1626.0,370.0,293.0,693.0,1558.0,639.0,416.0,900.0,348.0,1379.0,532.0,00000000000000000f01,351.906744829216,C1205F08
531.0,1982.0,1210.0,336.0,353.0,1016.0,924.0,271.0,280.0,1548.0,1558.0,440.0,654.0,1293.0,324.0,1711.0,1544.0,987.0,1162.0,419.0,1677.0,264.0,378.0,843.0,1242.0,468.0,592.0,340.0,1640.0,1154.0,310.0,1519.0,775.0,305.0,462.0,542.0,1572.0,557.0,250.0,1275.0,1758.0,489.0,1505.0,1006.0,1397.0,496.0,208.0,324.0,1437.0,857.0,1683.0,382.0,283.0,698.0,1703.0,662.0,474.0,966.0,315.0,1408.0,538.0,00000000000000000f02,383.680451535479,C1205F09
535.0,2006.0,1214.0,317.0,348.0,1012.0,928.0,261.0,274.0,1554.0,1547.0,438.0,659.0,1292.0,310.0,1720.0,1543.0,984.0,1163.0,419.0,1691.0,251.0,368.0,846.0,1243.0,478.0,582.0,327.0,1655.0,1154.0,303.0,1517.0,772.0,288.0,441.0,545.0,1559.0,556.0,235.0,1283.0,1773.0,470.0,1524.0,992.0,1379.0,486.0,202.0,309.0,1422.0,848.0,1700.0,354.0,267.0,693.0,1725.0,665.0,453.0,971.0,299.0,1395.0,544.0,00000000000000000f03,178.098776197865,C1205F10
507.0,1861.0,1126.0,301.0,321.0,950.0,880.0,226.0,246.0,1467.0,1442.0,407.0,626.0,1200.0,297.0,1575.0,1439.0,921.0,1115.0,393.0,1593.0,238.0,341.0,815.0,1135.0,437.0,552.0,310.0,1509.0,1105.0,302.0,1423.0,727.0,272.0,419.0,510.0,1469.0,520.0,212.0,1204.0,1674.0,440.0,1411.0,938.0,1324.0,450.0,181.0,301.0,1352.0,811.0,1580.0,321.0,251.0,647.0,1577.0,624.0,419.0,907.0,289.0,1328.0,510.0,00000000000000000f04,1248.367886392,C1205F11
525.0,1949.0,1181.0,319.0,340.0,995.0,912.0,246.0,263.0,1520.0,1512.0,422.0,652.0,1260.0,311.0,1651.0,1510.0,967.0,1161.0,409.0,1650.0,248.0,362.0,844.0,1195.0,459.0,586.0,328.0,1589.0,1151.0,312.0,1483.0,764.0,288.0,446.0,530.0,1531.0,544.0,228.0,1252.0,1734.0,476.0,1479.0,979.0,1370.0,481.0,188.0,315.0,1405.0,842.0,1650.0,349.0,266.0,683.0,1657.0,652.0,450.0,955.0,301.0,1376.0,530.0,00000000000000000f05,187.648590481116,C1205F12
521.0,1900.0,1153.0,310.0,333.0,971.0,895.0,233.0,254.0,1497.0,1470.0,420.0,638.0,1227.0,305.0,1610.0,1472.0,945.0,1135.0,402.0,1623.0,243.0,353.0,833.0,1168.0,447.0,568.0,315.0,1541.0,1125.0,310.0,1449.0,747.0,281.0,432.0,521.0,1494.0,531.0,218.0,1235.0,1705.0,454.0,1443.0,955.0,1343.0,465.0,185.0,310.0,1373.0,831.0,1615.0,332.0,259.0,660.0,1619.0,640.0,432.0,932.0,295.0,1346.0,521.0,00000000000000000f06,145.612383923808,C1205F13
517.0,1891.0,1145.0,307.0,331.0,966.0,893.0,233.0,254.0,1489.0,1463.0,419.0,635.0,1221.0,304.0,1603.0,1462.0,940.0,1130.0,401.0,1617.0,244.0,349.0,829.0,1160.0,447.0,561.0,314.0,1534.0,1120.0,308.0,1441.0,743.0,278.0,427.0,518.0,1487.0,529.0,219.0,1228.0,1701.0,448.0,1435.0,952.0,1337.0,460.0,188.0,307.0,1369.0,827.0,1605.0,328.0,257.0,656.0,1609.0,636.0,427.0,928.0,292.0,1342.0,518.0,00000000000000000f07,628.827381193446,C1205F14
538.0,2005.0,1219.0,331.0,360.0,1051.0,985.0,288.0,266.0,1590.0,1576.0,447.0,669.0,1318.0,318.0,1706.0,1572.0,991.0,1224.0,436.0,1726.0,256.0,382.0,861.0,1249.0,468.0,609.0,342.0,1669.0,1215.0,313.0,1579.0,791.0,298.0,455.0,568.0,1576.0,577.0,256.0,1287.0,1794.0,498.0,1550.0,1062.0,1460.0,506.0,213.0,320.0,1479.0,892.0,1705.0,391.0,288.0,731.0,1685.0,661.0,465.0,961.0,329.0,1440.0,547.0,00000000000000000f08,217.765199187542,C1205F16
545.0,2030.0,1251.0,342.0,365.0,1041.0,947.0,285.0,290.0,1595.0,1592.0,456.0,670.0,1328.0,331.0,1761.0,1586.0,1011.0,1185.0,435.0,1723.0,272.0,392.0,867.0,1282.0,482.0,606.0,348.0,1688.0,1180.0,320.0,1565.0,800.0,315.0,473.0,557.0,1602.0,576.0,261.0,1317.0,1802.0,497.0,1546.0,1031.0,1422.0,510.0,220.0,331.0,1463.0,883.0,1734.0,394.0,294.0,712.0,1754.0,677.0,485.0,990.0,321.0,1436.0,551.0,00000000000000000f09,315.885748521154,C1205F17
535.0,1995.0,1216.0,338.0,356.0,1023.0,931.0,271.0,279.0,1556.0,1565.0,440.0,660.0,1302.0,327.0,1717.0,1555.0,996.0,1173.0,418.0,1683.0,264.0,380.0,850.0,1248.0,470.0,600.0,340.0,1644.0,1163.0,312.0,1525.0,779.0,306.0,465.0,544.0,1581.0,559.0,249.0,1282.0,1767.0,495.0,1515.0,1013.0,1404.0,501.0,206.0,325.0,1445.0,863.0,1691.0,384.0,283.0,704.0,1712.0,667.0,477.0,976.0,317.0,1416.0,542.0,00000000000000000f0a,318.749412747659,C1205F18
591.0,2052.0,1308.0,346.0,394.0,1042.0,959.0,305.0,306.0,1636.0,1548.0,510.0,697.0,1366.0,331.0,1807.0,1605.0,1043.0,1176.0,480.0,1760.0,285.0,400.0,915.0,1328.0,534.0,582.0,346.0,1737.0,1176.0,343.0,1596.0,842.0,312.0,483.0,589.0,1556.0,598.0,265.0,1368.0,1838.0,495.0,1607.0,1023.0,1375.0,511.0,238.0,336.0,1425.0,905.0,1784.0,401.0,293.0,713.0,1822.0,705.0,494.0,1030.0,322.0,1403.0,589.0,00000000000000000f0b,178.52563668413,C1205F19
550.0,2020.0,1225.0,338.0,354.0,1028.0,939.0,249.0,274.0,1577.0,1554.0,442.0,677.0,1306.0,332.0,1709.0,1571.0,1011.0,1203.0,419.0,1709.0,259.0,380.0,881.0,1245.0,475.0,620.0,341.0,1635.0,1191.0,326.0,1524.0,792.0,307.0,476.0,547.0,1570.0,560.0,232.0,1307.0,1797.0,504.0,1527.0,1006.0,1398.0,507.0,193.0,336.0,1437.0,877.0,1717.0,362.0,281.0,703.0,1730.0,686.0,478.0,1000.0,319.0,1408.0,547.0,00000000000000000f0d,167.32051682467,C1205F21
527.0,1981.0,1201.0,332.0,349.0,1044.0,943.0,274.0,272.0,1563.0,1565.0,443.0,654.0,1310.0,316.0,1695.0,1556.0,994.0,1186.0,423.0,1681.0,252.0,380.0,835.0,1256.0,465.0,608.0,332.0,1648.0,1185.0,305.0,1528.0,781.0,305.0,469.0,551.0,1565.0,560.0,251.0,1279.0,1758.0,504.0,1524.0,1038.0,1421.0,503.0,207.0,311.0,1448.0,875.0,1678.0,394.0,293.0,714.0,1692.0,662.0,469.0,965.0,317.0,1418.0,530.0,00000000000000000f0e,146.310508473064,C1205F22
527.0,1974.0,1197.0,330.0,348.0,1007.0,918.0,261.0,272.0,1535.0,1547.0,429.0,653.0,1282.0,319.0,1693.0,1532.0,983.0,1160.0,410.0,1662.0,258.0,370.0,840.0,1225.0,464.0,590.0,332.0,1621.0,1149.0,306.0,1504.0,767.0,297.0,453.0,535.0,1561.0,553.0,241.0,1264.0,1746.0,482.0,1494.0,996.0,1384.0,491.0,198.0,319.0,1425.0,848.0,1672.0,370.0,274.0,694.0,1690.0,657.0,463.0,964.0,308.0,1399.0,535.0,00000000000000000f0f,217.154609749916,C1205F23
524.0,1913.0,1160.0,306.0,341.0,976.0,904.0,242.0,262.0,1508.0,1480.0,428.0,644.0,1241.0,312.0,1628.0,1480.0,954.0,1137.0,407.0,1639.0,252.0,352.0,839.0,1180.0,460.0,560.0,317.0,1556.0,1127.0,310.0,1457.0,755.0,281.0,426.0,525.0,1501.0,536.0,228.0,1253.0,1731.0,447.0,1458.0,965.0,1348.0,461.0,196.0,306.0,1388.0,838.0,1623.0,330.0,259.0,664.0,1632.0,641.0,426.0,943.0,291.0,1358.0,526.0,00000000000000000f10,154.881812418343,C1205F24
562.0,1855.0,1260.0,431.0,369.0,1011.0,997.0,320.0,263.0,1661.0,1588.0,472.0,674.0,1278.0,313.0,1526.0,1489.0,919.0,1179.0,472.0,1705.0,286.0,425.0,866.0,1234.0,462.0,692.0,413.0,1629.0,1174.0,310.0,1566.0,766.0,323.0,482.0,648.0,1487.0,600.0,245.0,1236.0,1689.0,535.0,1548.0,1075.0,1571.0,508.0,261.0,327.0,1452.0,975.0,1628.0,418.0,329.0,775.0,1511.0,672.0,451.0,911.0,406.0,1348.0,559.0,00000000000000000f11,120.162489855803,C1205F26
549.0,1911.0,1210.0,357.0,341.0,1032.0,998.0,292.0,254.0,1646.0,1540.0,473.0,663.0,1291.0,317.0,1613.0,1522.0,951.0,1217.0,463.0,1726.0,263.0,381.0,867.0,1231.0,471.0,589.0,351.0,1614.0,1210.0,330.0,1575.0,764.0,304.0,458.0,585.0,1503.0,567.0,247.0,1280.0,1787.0,494.0,1547.0,1066.0,1490.0,477.0,223.0,319.0,1463.0,918.0,1671.0,392.0,298.0,717.0,1600.0,657.0,436.0,915.0,354.0,1413.0,546.0,00000000000000000f12,290.744811881428,C1205F27
503.0,1887.0,1135.0,306.0,324.0,960.0,879.0,240.0,252.0,1455.0,1473.0,402.0,623.0,1215.0,297.0,1598.0,1458.0,930.0,1121.0,392.0,1591.0,237.0,346.0,806.0,1149.0,444.0,565.0,317.0,1540.0,1115.0,293.0,1430.0,736.0,276.0,427.0,508.0,1486.0,521.0,222.0,1201.0,1672.0,460.0,1425.0,947.0,1325.0,462.0,179.0,303.0,1364.0,806.0,1589.0,338.0,254.0,661.0,1595.0,624.0,430.0,919.0,286.0,1335.0,508.0,00000000000000000f13,172.361530892417,C1205F28
462.0,1732.0,1038.0,290.0,288.0,890.0,842.0,215.0,226.0,1380.0,1362.0,379.0,579.0,1122.0,274.0,1460.0,1344.0,846.0,1065.0,371.0,1517.0,217.0,317.0,753.0,1055.0,401.0,522.0,292.0,1412.0,1054.0,273.0,1349.0,659.0,254.0,383.0,478.0,1372.0,488.0,201.0,1113.0,1592.0,403.0,1331.0,897.0,1276.0,420.0,171.0,290.0,1286.0,769.0,1462.0,301.0,234.0,616.0,1437.0,579.0,373.0,827.0,282.0,1250.0,469.0,00000000000000000f14,284.374314642361,C1205F29
508.0,1862.0,1124.0,305.0,326.0,949.0,873.0,228.0,253.0,1459.0,1443.0,412.0,626.0,1198.0,299.0,1579.0,1437.0,924.0,1109.0,390.0,1587.0,241.0,343.0,811.0,1142.0,441.0,552.0,310.0,1508.0,1099.0,301.0,1409.0,728.0,274.0,423.0,508.0,1461.0,519.0,214.0,1208.0,1671.0,445.0,1410.0,934.0,1308.0,453.0,183.0,305.0,1345.0,809.0,1578.0,324.0,252.0,646.0,1588.0,627.0,423.0,914.0,285.0,1316.0,509.0,00000000000000000f15,495.088805103723,C1205F30
517.0,1976.0,1183.0,341.0,343.0,1044.0,933.0,277.0,278.0,1573.0,1561.0,449.0,654.0,1313.0,309.0,1696.0,1565.0,991.0,1165.0,428.0,1686.0,256.0,381.0,794.0,1299.0,468.0,590.0,331.0,1695.0,1147.0,292.0,1529.0,775.0,310.0,467.0,549.0,1561.0,551.0,258.0,1276.0,1747.0,497.0,1521.0,1041.0,1416.0,495.0,221.0,310.0,1451.0,875.0,1662.0,415.0,297.0,719.0,1718.0,664.0,468.0,948.0,319.0,1409.0,514.0,00000000000000000f16,253.925494455765,C1205F31
535.0,1963.0,1190.0,327.0,343.0,1000.0,914.0,242.0,266.0,1534.0,1515.0,432.0,660.0,1267.0,317.0,1662.0,1521.0,979.0,1167.0,410.0,1664.0,252.0,367.0,855.0,1209.0,462.0,593.0,329.0,1591.0,1155.0,317.0,1484.0,770.0,294.0,455.0,534.0,1533.0,547.0,225.0,1269.0,1749.0,482.0,1486.0,979.0,1367.0,487.0,189.0,325.0,1404.0,852.0,1667.0,349.0,270.0,684.0,1679.0,665.0,458.0,969.0,305.0,1375.0,534.0,00000000000000000f18,171.475981767424,C1205F33
520.0,1899.0,1154.0,297.0,330.0,968.0,901.0,237.0,249.0,1500.0,1469.0,425.0,636.0,1235.0,303.0,1613.0,1472.0,943.0,1132.0,409.0,1634.0,244.0,345.0,834.0,1169.0,456.0,550.0,307.0,1541.0,1122.0,309.0,1454.0,745.0,272.0,420.0,520.0,1493.0,530.0,220.0,1242.0,1721.0,440.0,1445.0,957.0,1348.0,453.0,190.0,298.0,1383.0,834.0,1612.0,323.0,251.0,655.0,1612.0,637.0,419.0,932.0,287.0,1358.0,520.0,00000000000000000f19,111.12147616117,C1205F34
538.0,1898.0,1189.0,343.0,341.0,1025.0,979.0,282.0,249.0,1624.0,1527.0,464.0,658.0,1278.0,311.0,1598.0,1518.0,952.0,1214.0,449.0,1697.0,254.0,372.0,857.0,1225.0,467.0,595.0,337.0,1595.0,1218.0,323.0,1562.0,760.0,298.0,451.0,574.0,1503.0,563.0,242.0,1260.0,1759.0,486.0,1533.0,1059.0,1465.0,476.0,213.0,315.0,1452.0,906.0,1658.0,389.0,288.0,712.0,1598.0,651.0,439.0,917.0,342.0,1398.0,535.0,00000000000000000f1a,210.775788153138,C1205F35
522.0,1936.0,1162.0,329.0,329.0,980.0,892.0,226.0,261.0,1495.0,1492.0,413.0,645.0,1242.0,317.0,1633.0,1501.0,966.0,1156.0,388.0,1631.0,245.0,354.0,837.0,1176.0,450.0,598.0,331.0,1558.0,1145.0,299.0,1441.0,747.0,290.0,458.0,514.0,1503.0,526.0,211.0,1241.0,1717.0,486.0,1444.0,958.0,1327.0,483.0,177.0,328.0,1370.0,828.0,1639.0,340.0,263.0,670.0,1651.0,658.0,459.0,955.0,303.0,1347.0,514.0,00000000000000000f1b,111.636069035254,C1205F36
562.0,1944.0,1253.0,306.0,376.0,995.0,920.0,278.0,283.0,1555.0,1459.0,481.0,664.0,1292.0,323.0,1721.0,1540.0,989.0,1126.0,457.0,1689.0,263.0,377.0,876.0,1270.0,509.0,557.0,315.0,1643.0,1131.0,348.0,1540.0,797.0,295.0,456.0,539.0,1473.0,557.0,237.0,1320.0,1776.0,468.0,1545.0,971.0,1314.0,477.0,213.0,314.0,1370.0,858.0,1721.0,354.0,267.0,665.0,1734.0,676.0,468.0,977.0,297.0,1346.0,565.0,00000000000000000f1c,80.1216924241031,C1205F37
491.0,1828.0,1094.0,339.0,310.0,981.0,928.0,268.0,248.0,1498.0,1498.0,417.0,628.0,1213.0,286.0,1554.0,1500.0,933.0,1158.0,406.0,1613.0,228.0,361.0,756.0,1213.0,407.0,590.0,329.0,1608.0,1162.0,269.0,1472.0,718.0,294.0,441.0,546.0,1474.0,523.0,244.0,1174.0,1647.0,484.0,1432.0,1028.0,1401.0,478.0,206.0,290.0,1426.0,854.0,1573.0,406.0,297.0,724.0,1571.0,633.0,438.0,852.0,331.0,1348.0,490.0,00000000000000000f1d,168.598626501615,C1205F38
503.0,1836.0,1107.0,326.0,319.0,985.0,931.0,260.0,241.0,1504.0,1491.0,425.0,629.0,1210.0,288.0,1556.0,1478.0,926.0,1161.0,406.0,1613.0,231.0,347.0,778.0,1179.0,418.0,579.0,325.0,1573.0,1170.0,282.0,1468.0,720.0,278.0,432.0,533.0,1463.0,523.0,237.0,1181.0,1661.0,472.0,1440.0,1022.0,1397.0,463.0,199.0,294.0,1406.0,851.0,1570.0,391.0,277.0,697.0,1542.0,620.0,431.0,863.0,318.0,1350.0,494.0,00000000000000000f1e,117.968199829178,C1205F39
501.0,1912.0,1153.0,323.0,332.0,997.0,891.0,261.0,270.0,1495.0,1513.0,426.0,622.0,1258.0,300.0,1651.0,1497.0,948.0,1121.0,407.0,1621.0,248.0,363.0,788.0,1221.0,453.0,566.0,325.0,1606.0,1113.0,285.0,1464.0,749.0,295.0,450.0,524.0,1516.0,534.0,243.0,1230.0,1685.0,474.0,1461.0,985.0,1361.0,475.0,207.0,306.0,1395.0,833.0,1608.0,382.0,277.0,677.0,1642.0,640.0,453.0,928.0,302.0,1364.0,505.0,00000000000000000f1f,441.418811962877,C1205F40
498.0,1830.0,1113.0,325.0,313.0,973.0,930.0,251.0,235.0,1498.0,1476.0,417.0,630.0,1223.0,290.0,1539.0,1468.0,914.0,1164.0,402.0,1607.0,235.0,344.0,800.0,1148.0,437.0,578.0,325.0,1535.0,1169.0,290.0,1465.0,712.0,280.0,427.0,533.0,1455.0,528.0,222.0,1181.0,1673.0,464.0,1436.0,1007.0,1389.0,464.0,191.0,302.0,1394.0,845.0,1574.0,370.0,270.0,690.0,1527.0,620.0,422.0,888.0,317.0,1340.0,502.0,00000000000000000f20,455.95226260819,C1205F41
496.0,1823.0,1111.0,325.0,311.0,967.0,924.0,249.0,234.0,1492.0,1467.0,415.0,627.0,1217.0,291.0,1530.0,1458.0,907.0,1157.0,402.0,1599.0,234.0,342.0,801.0,1141.0,434.0,575.0,323.0,1522.0,1164.0,289.0,1459.0,709.0,279.0,423.0,530.0,1448.0,525.0,221.0,1178.0,1668.0,458.0,1430.0,999.0,1384.0,460.0,189.0,300.0,1385.0,842.0,1567.0,362.0,269.0,683.0,1517.0,618.0,416.0,884.0,318.0,1334.0,500.0,00000000000000000f21,444.380157981631,C1205F44
504.0,1894.0,1142.0,311.0,329.0,963.0,879.0,245.0,256.0,1465.0,1483.0,407.0,625.0,1223.0,300.0,1614.0,1463.0,934.0,1115.0,392.0,1595.0,242.0,350.0,803.0,1163.0,444.0,563.0,317.0,1550.0,1106.0,292.0,1436.0,733.0,278.0,429.0,510.0,1498.0,525.0,225.0,1206.0,1676.0,460.0,1432.0,951.0,1332.0,465.0,185.0,303.0,1371.0,808.0,1596.0,346.0,257.0,663.0,1610.0,627.0,437.0,919.0,289.0,1344.0,510.0,00000000000000000f23,102.455385771583,C1205P01
581.0,2007.0,1284.0,381.0,366.0,1088.0,1056.0,317.0,269.0,1747.0,1611.0,502.0,700.0,1363.0,335.0,1695.0,1606.0,1006.0,1281.0,492.0,1816.0,279.0,407.0,919.0,1303.0,494.0,623.0,373.0,1704.0,1271.0,352.0,1669.0,811.0,324.0,486.0,621.0,1570.0,600.0,264.0,1354.0,1877.0,526.0,1639.0,1126.0,1561.0,506.0,238.0,339.0,1530.0,971.0,1767.0,421.0,316.0,758.0,1689.0,692.0,464.0,961.0,375.0,1479.0,580.0,00000000000000000f24,114.729436318982,C1205P02
523.0,1911.0,1156.0,312.0,337.0,973.0,897.0,235.0,262.0,1498.0,1477.0,422.0,646.0,1231.0,311.0,1622.0,1481.0,954.0,1140.0,400.0,1627.0,250.0,352.0,836.0,1172.0,458.0,571.0,320.0,1546.0,1129.0,310.0,1445.0,749.0,284.0,439.0,520.0,1493.0,531.0,223.0,1244.0,1718.0,462.0,1449.0,959.0,1335.0,467.0,188.0,312.0,1375.0,834.0,1622.0,335.0,261.0,664.0,1632.0,646.0,439.0,943.0,295.0,1345.0,524.0,00000000000000000f25,159.911646336812,C1205P03
520.0,1934.0,1171.0,322.0,345.0,1000.0,917.0,257.0,258.0,1521.0,1516.0,430.0,643.0,1262.0,310.0,1639.0,1502.0,957.0,1157.0,414.0,1647.0,250.0,366.0,829.0,1191.0,462.0,586.0,327.0,1583.0,1152.0,303.0,1493.0,757.0,293.0,445.0,535.0,1527.0,545.0,237.0,1245.0,1726.0,475.0,1482.0,994.0,1381.0,482.0,198.0,316.0,1411.0,845.0,1639.0,360.0,272.0,681.0,1636.0,646.0,444.0,942.0,307.0,1381.0,528.0,00000000000000000f26,54.835421314118,C1205P04
530.0,1986.0,1205.0,330.0,352.0,1014.0,924.0,263.0,272.0,1543.0,1553.0,431.0,656.0,1291.0,323.0,1700.0,1543.0,988.0,1169.0,413.0,1672.0,258.0,374.0,846.0,1232.0,467.0,597.0,334.0,1629.0,1159.0,309.0,1512.0,773.0,300.0,458.0,538.0,1569.0,554.0,243.0,1273.0,1757.0,488.0,1504.0,1002.0,1392.0,496.0,198.0,320.0,1433.0,853.0,1680.0,372.0,277.0,697.0,1698.0,661.0,468.0,970.0,311.0,1406.0,538.0,00000000000000000f27,135.674678417444,C1205P05
539.0,1961.0,1204.0,307.0,341.0,1008.0,942.0,251.0,252.0,1572.0,1517.0,438.0,660.0,1288.0,310.0,1663.0,1526.0,974.0,1184.0,427.0,1700.0,247.0,363.0,870.0,1211.0,470.0,580.0,316.0,1598.0,1169.0,322.0,1527.0,775.0,287.0,434.0,546.0,1543.0,556.0,228.0,1286.0,1781.0,456.0,1511.0,1000.0,1409.0,474.0,193.0,307.0,1432.0,870.0,1676.0,337.0,264.0,683.0,1664.0,657.0,432.0,957.0,307.0,1409.0,543.0,00000000000000000f28,112.214212056262,C1205P06
511.0,1840.0,1129.0,292.0,329.0,944.0,875.0,235.0,251.0,1459.0,1431.0,421.0,625.0,1195.0,302.0,1583.0,1430.0,916.0,1095.0,400.0,1592.0,244.0,339.0,809.0,1143.0,451.0,532.0,302.0,1505.0,1085.0,305.0,1416.0,724.0,272.0,408.0,507.0,1451.0,517.0,218.0,1212.0,1686.0,425.0,1417.0,931.0,1312.0,440.0,187.0,296.0,1348.0,805.0,1577.0,311.0,248.0,634.0,1580.0,625.0,408.0,906.0,282.0,1322.0,514.0,00000000000000000f29,194.213799450174,C1205P07
497.0,1845.0,1112.0,301.0,319.0,939.0,861.0,229.0,248.0,1438.0,1435.0,401.0,615.0,1184.0,290.0,1563.0,1419.0,908.0,1095.0,387.0,1564.0,234.0,340.0,794.0,1127.0,433.0,546.0,307.0,1502.0,1084.0,294.0,1398.0,718.0,269.0,418.0,501.0,1455.0,514.0,212.0,1180.0,1644.0,444.0,1396.0,922.0,1303.0,449.0,178.0,297.0,1335.0,792.0,1558.0,325.0,248.0,641.0,1566.0,617.0,421.0,897.0,281.0,1307.0,501.0,00000000000000000f2a,83.1535205026524,C1205P08
535.0,1958.0,1187.0,326.0,344.0,997.0,912.0,242.0,265.0,1533.0,1511.0,432.0,657.0,1263.0,317.0,1658.0,1517.0,976.0,1164.0,410.0,1663.0,251.0,368.0,854.0,1207.0,460.0,594.0,328.0,1586.0,1152.0,320.0,1482.0,768.0,294.0,456.0,533.0,1530.0,545.0,224.0,1268.0,1747.0,482.0,1484.0,976.0,1368.0,487.0,190.0,325.0,1403.0,852.0,1663.0,349.0,270.0,681.0,1675.0,663.0,458.0,966.0,306.0,1373.0,533.0,00000000000000000f2b,147.828346336135,C1205P09
499.0,1556.0,1101.0,229.0,330.0,833.0,790.0,204.0,229.0,1351.0,1150.0,430.0,582.0,1073.0,324.0,1520.0,1247.0,800.0,873.0,419.0,1470.0,251.0,312.0,751.0,1119.0,412.0,401.0,240.0,1397.0,900.0,374.0,1373.0,668.0,254.0,386.0,448.0,1218.0,475.0,193.0,1160.0,1623.0,384.0,1373.0,790.0,1171.0,357.0,157.0,300.0,1179.0,707.0,1485.0,242.0,234.0,494.0,1474.0,559.0,384.0,807.0,265.0,1209.0,494.0,00000000000000000f2c,60.7029274254083,C1205X01
538.0,2006.0,1221.0,341.0,354.0,1058.0,967.0,282.0,276.0,1592.0,1585.0,454.0,666.0,1328.0,320.0,1715.0,1578.0,1004.0,1208.0,434.0,1708.0,259.0,386.0,850.0,1271.0,476.0,612.0,341.0,1673.0,1206.0,313.0,1564.0,794.0,309.0,472.0,563.0,1584.0,570.0,257.0,1296.0,1786.0,509.0,1551.0,1058.0,1447.0,509.0,214.0,320.0,1470.0,891.0,1703.0,402.0,297.0,724.0,1711.0,672.0,473.0,977.0,324.0,1439.0,541.0,00000000000000000f2d,67.6190047833897,C1206C02
595.0,1958.0,1340.0,437.0,384.0,1068.0,1049.0,336.0,275.0,1778.0,1652.0,515.0,700.0,1355.0,327.0,1611.0,1569.0,978.0,1236.0,504.0,1796.0,301.0,439.0,928.0,1303.0,495.0,704.0,427.0,1710.0,1225.0,335.0,1663.0,818.0,336.0,511.0,675.0,1551.0,627.0,260.0,1319.0,1790.0,561.0,1639.0,1130.0,1633.0,522.0,270.0,338.0,1512.0,1028.0,1732.0,435.0,346.0,797.0,1603.0,707.0,475.0,968.0,417.0,1412.0,583.0,00000000000000000f2e,122.463015943867,C1206C03
619.0,2032.0,1465.0,500.0,435.0,1193.0,1192.0,394.0,290.0,1931.0,1850.0,516.0,782.0,1412.0,350.0,1670.0,1543.0,915.0,1356.0,542.0,2054.0,322.0,530.0,917.0,1327.0,514.0,825.0,472.0,1915.0,1279.0,348.0,1788.0,801.0,367.0,561.0,785.0,1695.0,742.0,279.0,1270.0,1927.0,628.0,1835.0,1308.0,1828.0,600.0,334.0,364.0,1629.0,1108.0,1771.0,458.0,385.0,887.0,1605.0,747.0,521.0,994.0,465.0,1379.0,681.0,00000000000000000f2f,145.271187810094,C1206C04
597.0,2022.0,1429.0,488.0,436.0,1211.0,1193.0,398.0,280.0,1902.0,1863.0,506.0,800.0,1378.0,345.0,1648.0,1504.0,894.0,1367.0,527.0,2055.0,311.0,530.0,893.0,1319.0,496.0,824.0,465.0,1911.0,1258.0,335.0,1782.0,775.0,366.0,552.0,794.0,1701.0,738.0,276.0,1240.0,1932.0,622.0,1838.0,1319.0,1820.0,606.0,332.0,360.0,1642.0,1074.0,1762.0,437.0,388.0,885.0,1595.0,737.0,511.0,974.0,467.0,1357.0,687.0,00000000000000000f30,80.3333845027992,C1206C05
612.0,2014.0,1459.0,497.0,426.0,1154.0,1169.0,386.0,290.0,1906.0,1823.0,503.0,751.0,1422.0,342.0,1674.0,1557.0,916.0,1325.0,533.0,2011.0,318.0,517.0,913.0,1322.0,503.0,811.0,467.0,1899.0,1287.0,344.0,1766.0,811.0,365.0,562.0,760.0,1671.0,721.0,286.0,1279.0,1889.0,626.0,1805.0,1285.0,1820.0,591.0,332.0,353.0,1605.0,1103.0,1751.0,472.0,385.0,865.0,1604.0,733.0,522.0,985.0,464.0,1386.0,661.0,00000000000000000f31,96.131036051785,C1206C06
605.0,2186.0,1356.0,408.0,413.0,1126.0,996.0,337.0,361.0,1721.0,1650.0,537.0,734.0,1457.0,369.0,1893.0,1704.0,1107.0,1240.0,514.0,1844.0,331.0,445.0,921.0,1450.0,565.0,643.0,408.0,1849.0,1209.0,358.0,1669.0,904.0,372.0,540.0,624.0,1653.0,634.0,322.0,1447.0,1916.0,571.0,1661.0,1100.0,1479.0,564.0,286.0,383.0,1518.0,987.0,1822.0,477.0,352.0,784.0,1896.0,749.0,547.0,1084.0,372.0,1488.0,591.0,00000000000000000f32,442.626747363676,C1206F01
523.0,1974.0,1195.0,340.0,347.0,1046.0,952.0,280.0,273.0,1574.0,1572.0,447.0,657.0,1313.0,312.0,1695.0,1562.0,990.0,1185.0,427.0,1684.0,253.0,382.0,821.0,1271.0,467.0,600.0,335.0,1669.0,1183.0,300.0,1541.0,781.0,306.0,466.0,555.0,1564.0,559.0,253.0,1274.0,1752.0,502.0,1531.0,1047.0,1432.0,499.0,212.0,313.0,1459.0,880.0,1674.0,406.0,296.0,720.0,1696.0,661.0,466.0,960.0,321.0,1422.0,527.0,00000000000000000f33,148.338366679796,C1206F03
657.0,2265.0,1429.0,453.0,449.0,1166.0,1040.0,376.0,401.0,1795.0,1693.0,590.0,784.0,1533.0,405.0,1970.0,1790.0,1185.0,1281.0,563.0,1918.0,374.0,484.0,992.0,1525.0,615.0,684.0,453.0,1930.0,1247.0,403.0,1743.0,971.0,411.0,589.0,672.0,1699.0,684.0,360.0,1525.0,1995.0,621.0,1734.0,1143.0,1523.0,604.0,328.0,422.0,1562.0,1059.0,1899.0,525.0,391.0,833.0,1979.0,808.0,594.0,1158.0,411.0,1533.0,642.0,00000000000000000f34,349.113497484307,C1206F04
670.0,2267.0,1448.0,465.0,454.0,1164.0,1040.0,383.0,417.0,1796.0,1690.0,600.0,791.0,1539.0,418.0,1985.0,1797.0,1197.0,1279.0,575.0,1927.0,384.0,487.0,1016.0,1521.0,627.0,687.0,465.0,1932.0,1248.0,415.0,1752.0,979.0,420.0,594.0,680.0,1693.0,696.0,368.0,1536.0,2001.0,627.0,1735.0,1138.0,1517.0,607.0,340.0,431.0,1556.0,1065.0,1919.0,528.0,399.0,835.0,1992.0,819.0,603.0,1174.0,420.0,1527.0,663.0,00000000000000000f35,239.173143772613,C1206F05
583.0,1946.0,1294.0,432.0,379.0,1055.0,1026.0,328.0,266.0,1735.0,1629.0,492.0,699.0,1334.0,322.0,1601.0,1574.0,974.0,1238.0,487.0,1755.0,288.0,430.0,903.0,1297.0,479.0,708.0,414.0,1697.0,1243.0,318.0,1640.0,797.0,331.0,499.0,663.0,1548.0,615.0,256.0,1300.0,1770.0,549.0,1608.0,1118.0,1596.0,525.0,260.0,333.0,1507.0,999.0,1718.0,432.0,342.0,804.0,1609.0,698.0,468.0,948.0,412.0,1421.0,576.0,00000000000000000f36,61.7971319270273,C1206F07
571.0,2097.0,1304.0,339.0,375.0,1064.0,968.0,299.0,299.0,1646.0,1613.0,486.0,687.0,1374.0,331.0,1829.0,1624.0,1031.0,1203.0,464.0,1777.0,277.0,399.0,892.0,1329.0,514.0,594.0,350.0,1756.0,1201.0,326.0,1616.0,828.0,317.0,475.0,582.0,1620.0,593.0,267.0,1367.0,1854.0,493.0,1602.0,1048.0,1439.0,509.0,230.0,332.0,1480.0,901.0,1792.0,397.0,297.0,723.0,1827.0,699.0,487.0,1020.0,321.0,1455.0,573.0,00000000000000000f37,409.684247760506,C1206F08
578.0,2141.0,1316.0,375.0,388.0,1101.0,978.0,317.0,324.0,1681.0,1638.0,509.0,709.0,1421.0,348.0,1848.0,1666.0,1070.0,1216.0,487.0,1799.0,300.0,424.0,885.0,1403.0,539.0,620.0,375.0,1806.0,1197.0,335.0,1635.0,863.0,348.0,509.0,601.0,1638.0,611.0,298.0,1403.0,1873.0,538.0,1625.0,1082.0,1465.0,542.0,258.0,353.0,1503.0,950.0,1784.0,446.0,328.0,757.0,1850.0,719.0,511.0,1051.0,348.0,1468.0,572.0,00000000000000000f38,67.4975089402789,C1206F09
613.0,2013.0,1457.0,494.0,426.0,1154.0,1168.0,386.0,289.0,1902.0,1820.0,505.0,751.0,1419.0,342.0,1670.0,1554.0,914.0,1324.0,533.0,2011.0,315.0,516.0,912.0,1320.0,505.0,810.0,464.0,1897.0,1283.0,345.0,1764.0,810.0,364.0,561.0,760.0,1668.0,720.0,285.0,1278.0,1889.0,624.0,1803.0,1282.0,1816.0,590.0,330.0,352.0,1605.0,1099.0,1751.0,470.0,383.0,864.0,1603.0,734.0,521.0,983.0,463.0,1385.0,661.0,00000000000000000f39,108.304113722592,C1206F11
620.0,2028.0,1471.0,498.0,433.0,1187.0,1188.0,390.0,290.0,1928.0,1842.0,514.0,775.0,1420.0,349.0,1669.0,1551.0,917.0,1350.0,540.0,2047.0,319.0,527.0,919.0,1328.0,514.0,822.0,470.0,1912.0,1282.0,349.0,1787.0,805.0,367.0,561.0,779.0,1690.0,737.0,280.0,1276.0,1919.0,627.0,1831.0,1302.0,1828.0,596.0,331.0,361.0,1625.0,1109.0,1770.0,461.0,383.0,882.0,1606.0,744.0,521.0,994.0,464.0,1383.0,676.0,00000000000000000f3a,82.0935324983308,C1206P02
525.0,1960.0,1196.0,332.0,348.0,1006.0,915.0,266.0,276.0,1530.0,1543.0,433.0,647.0,1280.0,320.0,1690.0,1528.0,978.0,1151.0,412.0,1657.0,260.0,372.0,835.0,1228.0,462.0,586.0,335.0,1619.0,1143.0,305.0,1500.0,766.0,301.0,456.0,534.0,1558.0,549.0,246.0,1261.0,1737.0,484.0,1489.0,996.0,1384.0,490.0,204.0,320.0,1424.0,848.0,1663.0,377.0,279.0,690.0,1683.0,655.0,468.0,957.0,311.0,1395.0,532.0,00000000000000000f3b,177.379194148956,C1206P03
585.0,1904.0,1320.0,440.0,393.0,1050.0,1040.0,345.0,277.0,1737.0,1635.0,497.0,691.0,1324.0,329.0,1575.0,1513.0,926.0,1215.0,497.0,1773.0,300.0,451.0,896.0,1261.0,487.0,715.0,420.0,1694.0,1194.0,327.0,1620.0,797.0,339.0,500.0,681.0,1536.0,627.0,260.0,1267.0,1745.0,555.0,1616.0,1124.0,1635.0,527.0,280.0,337.0,1485.0,1017.0,1668.0,427.0,339.0,793.0,1548.0,692.0,468.0,941.0,417.0,1369.0,587.0,00000000000000000f3c,123.361435744147,C1206P04
562.0,2054.0,1270.0,339.0,377.0,1071.0,1000.0,287.0,272.0,1657.0,1599.0,466.0,693.0,1359.0,342.0,1746.0,1614.0,1027.0,1250.0,454.0,1783.0,270.0,398.0,915.0,1283.0,498.0,634.0,349.0,1686.0,1244.0,344.0,1622.0,819.0,318.0,478.0,583.0,1609.0,596.0,254.0,1353.0,1864.0,503.0,1599.0,1070.0,1481.0,521.0,213.0,337.0,1501.0,926.0,1774.0,379.0,297.0,727.0,1749.0,690.0,468.0,1008.0,343.0,1475.0,573.0,00000000000000000f3d,94.8123221156588,C1206P05
554.0,2016.0,1246.0,329.0,370.0,1048.0,978.0,279.0,268.0,1626.0,1571.0,456.0,677.0,1331.0,329.0,1715.0,1577.0,1005.0,1221.0,446.0,1751.0,263.0,388.0,895.0,1256.0,488.0,615.0,339.0,1658.0,1214.0,336.0,1589.0,804.0,308.0,464.0,568.0,1585.0,583.0,245.0,1327.0,1832.0,486.0,1566.0,1044.0,1453.0,507.0,209.0,329.0,1477.0,901.0,1741.0,365.0,287.0,708.0,1722.0,675.0,453.0,984.0,329.0,1453.0,562.0,00000000000000000f3e,96.0672501237934,C1206P06
619.0,2036.0,1445.0,489.0,431.0,1158.0,1160.0,388.0,289.0,1915.0,1801.0,518.0,749.0,1419.0,347.0,1687.0,1578.0,936.0,1333.0,529.0,1988.0,320.0,509.0,938.0,1339.0,514.0,809.0,468.0,1888.0,1290.0,356.0,1758.0,832.0,360.0,564.0,756.0,1662.0,711.0,280.0,1313.0,1894.0,619.0,1789.0,1260.0,1810.0,585.0,325.0,353.0,1602.0,1100.0,1774.0,469.0,371.0,863.0,1636.0,739.0,517.0,992.0,461.0,1420.0,650.0,00000000000000000f3f,76.4642921290841,C1206P07
574.0,2139.0,1312.0,370.0,385.0,1101.0,979.0,316.0,318.0,1679.0,1642.0,506.0,706.0,1419.0,347.0,1846.0,1664.0,1065.0,1216.0,484.0,1797.0,295.0,423.0,878.0,1399.0,536.0,617.0,370.0,1805.0,1198.0,333.0,1633.0,857.0,347.0,507.0,599.0,1642.0,609.0,297.0,1399.0,1873.0,537.0,1623.0,1083.0,1468.0,539.0,254.0,348.0,1507.0,945.0,1780.0,445.0,327.0,755.0,1846.0,716.0,508.0,1046.0,347.0,1470.0,570.0,00000000000000000f40,90.1690478634436,C1206P12
627.0,2222.0,1382.0,414.0,414.0,1170.0,1063.0,355.0,348.0,1806.0,1720.0,555.0,758.0,1506.0,369.0,1919.0,1784.0,1161.0,1313.0,533.0,1901.0,323.0,471.0,935.0,1514.0,565.0,684.0,402.0,1930.0,1276.0,364.0,1757.0,934.0,387.0,561.0,658.0,1727.0,657.0,327.0,1483.0,1980.0,595.0,1713.0,1177.0,1564.0,591.0,291.0,378.0,1602.0,1037.0,1884.0,501.0,376.0,837.0,1962.0,784.0,562.0,1099.0,388.0,1555.0,616.0,00000000000000000f41,77.3348338116673,C1206W05
530.0,2005.0,1208.0,353.0,352.0,1075.0,990.0,298.0,276.0,1637.0,1602.0,468.0,674.0,1335.0,311.0,1720.0,1617.0,1014.0,1218.0,449.0,1733.0,255.0,396.0,816.0,1336.0,474.0,613.0,343.0,1748.0,1208.0,303.0,1603.0,795.0,318.0,474.0,582.0,1592.0,569.0,269.0,1295.0,1783.0,511.0,1562.0,1095.0,1479.0,510.0,231.0,315.0,1511.0,914.0,1715.0,432.0,315.0,755.0,1742.0,681.0,474.0,956.0,335.0,1448.0,530.0,00000000000000000f42,203.673144976829,C1206W07
621.0,2040.0,1460.0,499.0,435.0,1197.0,1196.0,387.0,290.0,1934.0,1836.0,524.0,782.0,1420.0,355.0,1664.0,1557.0,926.0,1354.0,544.0,2069.0,321.0,523.0,935.0,1325.0,523.0,814.0,478.0,1929.0,1268.0,359.0,1784.0,825.0,366.0,561.0,779.0,1694.0,731.0,277.0,1288.0,1940.0,623.0,1843.0,1305.0,1816.0,592.0,332.0,363.0,1634.0,1109.0,1791.0,452.0,383.0,876.0,1618.0,741.0,521.0,1006.0,465.0,1392.0,681.0,00000000000000000f43,109.26846697689,C1206X01
552.0,1944.0,1225.0,349.0,343.0,1041.0,1002.0,289.0,250.0,1662.0,1552.0,472.0,668.0,1313.0,317.0,1636.0,1539.0,966.0,1230.0,462.0,1748.0,261.0,382.0,884.0,1250.0,481.0,595.0,347.0,1620.0,1220.0,332.0,1593.0,777.0,298.0,459.0,588.0,1528.0,572.0,243.0,1304.0,1818.0,493.0,1566.0,1071.0,1500.0,483.0,218.0,317.0,1477.0,932.0,1690.0,383.0,291.0,720.0,1627.0,661.0,439.0,944.0,349.0,1432.0,548.0,00000000000000000f44,87.7094132407799,C1207C01
528.0,1657.0,1174.0,255.0,362.0,884.0,838.0,229.0,256.0,1430.0,1225.0,461.0,615.0,1143.0,351.0,1608.0,1332.0,863.0,935.0,455.0,1554.0,271.0,337.0,798.0,1189.0,448.0,451.0,268.0,1489.0,956.0,409.0,1461.0,716.0,279.0,424.0,476.0,1296.0,507.0,213.0,1232.0,1716.0,423.0,1455.0,841.0,1237.0,393.0,176.0,323.0,1253.0,757.0,1580.0,272.0,249.0,532.0,1571.0,601.0,423.0,864.0,286.0,1277.0,523.0,00000000000000000f45,159.883314098303,C1207C02
543.0,1842.0,1207.0,411.0,354.0,997.0,969.0,307.0,249.0,1613.0,1555.0,448.0,654.0,1253.0,302.0,1524.0,1485.0,911.0,1181.0,452.0,1667.0,271.0,408.0,835.0,1219.0,442.0,680.0,390.0,1623.0,1191.0,288.0,1544.0,739.0,312.0,466.0,626.0,1482.0,583.0,239.0,1206.0,1672.0,516.0,1513.0,1062.0,1526.0,499.0,249.0,314.0,1448.0,936.0,1610.0,407.0,322.0,769.0,1516.0,657.0,436.0,880.0,386.0,1356.0,543.0,00000000000000000f46,94.3982052329939,C1207C03
499.0,1872.0,1124.0,311.0,325.0,956.0,874.0,242.0,252.0,1446.0,1470.0,404.0,617.0,1209.0,299.0,1592.0,1444.0,924.0,1106.0,388.0,1578.0,241.0,346.0,794.0,1146.0,438.0,558.0,316.0,1530.0,1101.0,287.0,1420.0,725.0,278.0,426.0,507.0,1485.0,517.0,224.0,1188.0,1659.0,459.0,1416.0,947.0,1326.0,460.0,184.0,304.0,1363.0,802.0,1572.0,345.0,257.0,657.0,1582.0,618.0,432.0,908.0,289.0,1334.0,505.0,00000000000000000f47,91.5768601884504,C1207C04
525.0,1904.0,1188.0,305.0,318.0,979.0,934.0,256.0,241.0,1558.0,1485.0,438.0,642.0,1277.0,297.0,1624.0,1496.0,944.0,1159.0,433.0,1694.0,241.0,353.0,856.0,1201.0,463.0,552.0,310.0,1561.0,1140.0,310.0,1514.0,747.0,275.0,410.0,543.0,1485.0,545.0,219.0,1271.0,1775.0,427.0,1493.0,987.0,1408.0,453.0,192.0,300.0,1406.0,871.0,1623.0,327.0,256.0,663.0,1605.0,639.0,400.0,925.0,298.0,1377.0,532.0,00000000000000000f48,127.600893568921,C1207C05
501.0,1573.0,1110.0,232.0,332.0,842.0,796.0,207.0,232.0,1363.0,1163.0,433.0,582.0,1081.0,330.0,1531.0,1258.0,804.0,883.0,425.0,1484.0,252.0,314.0,754.0,1127.0,417.0,409.0,243.0,1410.0,907.0,380.0,1383.0,671.0,258.0,391.0,450.0,1230.0,478.0,196.0,1168.0,1636.0,391.0,1381.0,798.0,1179.0,360.0,158.0,302.0,1190.0,709.0,1498.0,248.0,235.0,497.0,1488.0,564.0,391.0,811.0,268.0,1217.0,494.0,00000000000000000f49,123.49979915014,C1207F01
487.0,1701.0,1094.0,245.0,320.0,871.0,806.0,215.0,226.0,1378.0,1279.0,412.0,583.0,1112.0,286.0,1532.0,1330.0,839.0,971.0,393.0,1512.0,234.0,320.0,748.0,1104.0,422.0,456.0,254.0,1448.0,989.0,321.0,1368.0,675.0,241.0,391.0,453.0,1314.0,477.0,196.0,1167.0,1623.0,391.0,1369.0,845.0,1191.0,393.0,170.0,271.0,1238.0,722.0,1529.0,292.0,231.0,549.0,1521.0,573.0,391.0,831.0,258.0,1219.0,486.0,00000000000000000f4a,317.308659210731,C1207F02
563.0,1882.0,1238.0,292.0,368.0,969.0,895.0,268.0,273.0,1529.0,1403.0,480.0,655.0,1264.0,319.0,1686.0,1492.0,965.0,1077.0,459.0,1650.0,265.0,368.0,862.0,1250.0,500.0,524.0,302.0,1602.0,1094.0,364.0,1519.0,782.0,285.0,450.0,526.0,1431.0,548.0,236.0,1306.0,1758.0,456.0,1525.0,946.0,1286.0,456.0,207.0,311.0,1337.0,838.0,1693.0,348.0,263.0,630.0,1696.0,659.0,454.0,955.0,291.0,1320.0,554.0,00000000000000000f4c,235.461762899924,C1207F07
525.0,1758.0,1174.0,263.0,346.0,908.0,847.0,238.0,247.0,1444.0,1313.0,446.0,618.0,1178.0,318.0,1610.0,1397.0,889.0,999.0,435.0,1583.0,251.0,341.0,803.0,1184.0,459.0,482.0,272.0,1517.0,1020.0,366.0,1451.0,727.0,272.0,426.0,485.0,1360.0,511.0,217.0,1242.0,1710.0,426.0,1443.0,880.0,1241.0,416.0,185.0,296.0,1283.0,774.0,1607.0,310.0,254.0,571.0,1595.0,608.0,428.0,889.0,280.0,1277.0,520.0,00000000000000000f4d,633.412662962209,C1207F08
494.0,1573.0,1102.0,236.0,327.0,838.0,799.0,208.0,228.0,1359.0,1172.0,425.0,591.0,1082.0,316.0,1513.0,1271.0,806.0,901.0,415.0,1477.0,246.0,314.0,750.0,1120.0,413.0,418.0,246.0,1399.0,920.0,366.0,1378.0,665.0,253.0,386.0,452.0,1237.0,482.0,192.0,1171.0,1628.0,386.0,1369.0,801.0,1176.0,363.0,158.0,288.0,1189.0,710.0,1496.0,245.0,232.0,509.0,1480.0,565.0,386.0,809.0,263.0,1214.0,500.0,00000000000000000f4e,226.186369224337,C1207F09
535.0,1870.0,1186.0,339.0,326.0,1004.0,969.0,280.0,244.0,1607.0,1506.0,460.0,644.0,1268.0,307.0,1575.0,1481.0,925.0,1181.0,451.0,1694.0,253.0,371.0,852.0,1205.0,467.0,567.0,336.0,1567.0,1169.0,323.0,1540.0,750.0,289.0,446.0,571.0,1469.0,549.0,234.0,1261.0,1758.0,474.0,1512.0,1033.0,1461.0,464.0,214.0,300.0,1431.0,906.0,1631.0,369.0,287.0,692.0,1564.0,638.0,419.0,907.0,341.0,1385.0,530.0,00000000000000000f4f,202.797391227057,C1207F10
525.0,1965.0,1190.0,320.0,343.0,1000.0,915.0,252.0,266.0,1525.0,1524.0,422.0,654.0,1270.0,311.0,1665.0,1522.0,974.0,1166.0,410.0,1657.0,249.0,365.0,845.0,1205.0,463.0,591.0,331.0,1604.0,1156.0,309.0,1492.0,770.0,289.0,447.0,531.0,1541.0,547.0,232.0,1257.0,1742.0,480.0,1491.0,985.0,1375.0,486.0,189.0,315.0,1414.0,845.0,1660.0,353.0,267.0,688.0,1670.0,654.0,453.0,962.0,301.0,1384.0,531.0,00000000000000000f50,196.671347291716,C1207F11
524.0,1846.0,1180.0,271.0,351.0,948.0,870.0,241.0,251.0,1474.0,1402.0,442.0,629.0,1209.0,307.0,1643.0,1452.0,919.0,1071.0,422.0,1614.0,242.0,345.0,811.0,1194.0,462.0,515.0,286.0,1553.0,1076.0,333.0,1465.0,731.0,267.0,423.0,496.0,1423.0,521.0,219.0,1246.0,1716.0,433.0,1468.0,923.0,1276.0,439.0,183.0,283.0,1330.0,790.0,1640.0,317.0,248.0,613.0,1639.0,625.0,423.0,909.0,278.0,1306.0,526.0,00000000000000000f51,193.619804977938,C1207F12
492.0,1850.0,1116.0,311.0,322.0,946.0,860.0,244.0,256.0,1433.0,1459.0,404.0,608.0,1198.0,298.0,1589.0,1429.0,914.0,1084.0,384.0,1560.0,243.0,344.0,779.0,1146.0,432.0,544.0,313.0,1523.0,1075.0,283.0,1404.0,714.0,279.0,425.0,501.0,1475.0,512.0,227.0,1176.0,1639.0,454.0,1399.0,936.0,1312.0,454.0,188.0,300.0,1350.0,791.0,1556.0,350.0,258.0,649.0,1575.0,614.0,436.0,895.0,289.0,1321.0,499.0,00000000000000000f52,416.184639428542,C1207F13
580.0,1918.0,1308.0,446.0,385.0,1053.0,1043.0,336.0,268.0,1715.0,1646.0,481.0,701.0,1324.0,327.0,1583.0,1542.0,950.0,1233.0,486.0,1773.0,291.0,449.0,894.0,1278.0,476.0,731.0,423.0,1694.0,1228.0,321.0,1625.0,793.0,335.0,500.0,674.0,1540.0,624.0,252.0,1273.0,1747.0,559.0,1613.0,1126.0,1632.0,535.0,268.0,336.0,1502.0,1017.0,1686.0,438.0,340.0,808.0,1566.0,695.0,469.0,945.0,424.0,1390.0,581.0,00000000000000000f53,77.7438567709756,C1207F14
533.0,2003.0,1232.0,332.0,351.0,1011.0,911.0,283.0,291.0,1560.0,1548.0,461.0,650.0,1306.0,316.0,1740.0,1544.0,979.0,1136.0,437.0,1691.0,268.0,380.0,833.0,1271.0,485.0,570.0,338.0,1676.0,1135.0,306.0,1528.0,786.0,308.0,454.0,549.0,1553.0,560.0,259.0,1297.0,1761.0,474.0,1514.0,1002.0,1382.0,488.0,228.0,317.0,1420.0,858.0,1688.0,384.0,288.0,689.0,1727.0,662.0,463.0,965.0,308.0,1392.0,537.0,00000000000000000f54,452.170171148841,C1207F15
544.0,2015.0,1244.0,319.0,358.0,1018.0,932.0,277.0,285.0,1577.0,1550.0,458.0,662.0,1314.0,313.0,1755.0,1555.0,990.0,1158.0,440.0,1709.0,263.0,377.0,859.0,1266.0,490.0,569.0,328.0,1686.0,1155.0,307.0,1547.0,784.0,293.0,442.0,554.0,1561.0,571.0,243.0,1305.0,1789.0,463.0,1543.0,999.0,1376.0,486.0,210.0,317.0,1423.0,861.0,1723.0,367.0,273.0,693.0,1760.0,667.0,460.0,978.0,303.0,1396.0,553.0,00000000000000000f55,301.259928002913,C1207F16
565.0,1989.0,1256.0,368.0,362.0,1079.0,1033.0,303.0,268.0,1709.0,1600.0,491.0,697.0,1344.0,330.0,1678.0,1603.0,1005.0,1276.0,473.0,1781.0,269.0,395.0,905.0,1293.0,489.0,629.0,357.0,1682.0,1283.0,342.0,1647.0,804.0,320.0,481.0,607.0,1566.0,594.0,259.0,1325.0,1841.0,516.0,1616.0,1119.0,1532.0,506.0,227.0,333.0,1518.0,956.0,1747.0,419.0,311.0,751.0,1683.0,685.0,469.0,962.0,364.0,1459.0,566.0,00000000000000000f56,317.831924065131,C1207F17
578.0,2000.0,1283.0,380.0,367.0,1082.0,1048.0,318.0,271.0,1745.0,1607.0,502.0,700.0,1360.0,336.0,1687.0,1598.0,1005.0,1270.0,492.0,1809.0,281.0,408.0,922.0,1303.0,496.0,621.0,374.0,1696.0,1259.0,353.0,1667.0,814.0,324.0,485.0,625.0,1564.0,601.0,263.0,1354.0,1871.0,523.0,1637.0,1118.0,1558.0,505.0,241.0,336.0,1524.0,976.0,1762.0,417.0,317.0,757.0,1684.0,690.0,462.0,964.0,375.0,1475.0,582.0,00000000000000000f57,655.40495669273,C1207F18
510.0,1855.0,1131.0,299.0,324.0,954.0,887.0,230.0,245.0,1477.0,1444.0,407.0,623.0,1206.0,293.0,1571.0,1437.0,916.0,1121.0,397.0,1601.0,234.0,341.0,817.0,1134.0,438.0,553.0,309.0,1516.0,1108.0,300.0,1435.0,728.0,273.0,414.0,511.0,1470.0,525.0,212.0,1203.0,1678.0,435.0,1418.0,944.0,1336.0,449.0,180.0,299.0,1359.0,811.0,1580.0,320.0,252.0,646.0,1567.0,623.0,411.0,896.0,293.0,1336.0,511.0,00000000000000000f58,132.338161745164,C1207F19
518.0,1914.0,1146.0,322.0,327.0,966.0,879.0,220.0,257.0,1477.0,1471.0,408.0,640.0,1220.0,314.0,1615.0,1482.0,953.0,1143.0,384.0,1611.0,243.0,347.0,827.0,1160.0,446.0,588.0,327.0,1538.0,1132.0,295.0,1423.0,736.0,287.0,451.0,505.0,1482.0,517.0,207.0,1225.0,1699.0,477.0,1427.0,945.0,1308.0,475.0,173.0,322.0,1353.0,816.0,1620.0,333.0,256.0,659.0,1633.0,652.0,451.0,942.0,300.0,1329.0,510.0,00000000000000000f59,284.059254289891,C1207F20
542.0,2029.0,1229.0,332.0,358.0,1030.0,941.0,262.0,279.0,1581.0,1562.0,441.0,679.0,1311.0,324.0,1722.0,1567.0,1008.0,1195.0,425.0,1710.0,259.0,381.0,874.0,1252.0,480.0,610.0,341.0,1656.0,1179.0,322.0,1535.0,794.0,301.0,464.0,551.0,1581.0,568.0,240.0,1301.0,1799.0,496.0,1544.0,1009.0,1408.0,505.0,200.0,324.0,1448.0,873.0,1718.0,364.0,278.0,709.0,1735.0,680.0,472.0,998.0,313.0,1417.0,551.0,00000000000000000f5a,66.1955314856898,C1207F21
523.0,1930.0,1167.0,319.0,335.0,982.0,899.0,238.0,262.0,1506.0,1492.0,424.0,646.0,1243.0,308.0,1635.0,1490.0,956.0,1145.0,404.0,1635.0,247.0,358.0,834.0,1187.0,454.0,576.0,322.0,1567.0,1133.0,309.0,1457.0,753.0,285.0,443.0,524.0,1511.0,538.0,220.0,1243.0,1718.0,469.0,1461.0,962.0,1349.0,474.0,187.0,316.0,1384.0,833.0,1634.0,341.0,263.0,671.0,1647.0,651.0,446.0,946.0,296.0,1355.0,524.0,00000000000000000f5b,285.831592274818,C1207F22
577.0,2042.0,1293.0,336.0,388.0,1032.0,950.0,297.0,295.0,1622.0,1546.0,497.0,688.0,1352.0,325.0,1797.0,1589.0,1028.0,1165.0,467.0,1752.0,275.0,394.0,900.0,1313.0,521.0,576.0,336.0,1729.0,1165.0,330.0,1583.0,828.0,306.0,469.0,579.0,1556.0,589.0,258.0,1352.0,1830.0,480.0,1593.0,1013.0,1373.0,505.0,228.0,326.0,1425.0,891.0,1769.0,387.0,287.0,703.0,1805.0,691.0,479.0,1014.0,316.0,1402.0,579.0,00000000000000000f5c,274.261403754684,C1207F23
507.0,1943.0,1164.0,332.0,334.0,1019.0,908.0,263.0,271.0,1523.0,1538.0,431.0,636.0,1280.0,305.0,1668.0,1526.0,967.0,1145.0,411.0,1642.0,248.0,369.0,793.0,1244.0,453.0,583.0,327.0,1631.0,1139.0,287.0,1485.0,760.0,301.0,459.0,531.0,1539.0,541.0,243.0,1246.0,1711.0,490.0,1485.0,1009.0,1387.0,484.0,204.0,305.0,1417.0,849.0,1633.0,391.0,284.0,696.0,1670.0,652.0,460.0,940.0,311.0,1387.0,511.0,00000000000000000f5d,405.128606851585,C1207F24
526.0,1963.0,1194.0,329.0,347.0,1003.0,913.0,261.0,270.0,1529.0,1543.0,429.0,648.0,1276.0,317.0,1693.0,1528.0,978.0,1152.0,408.0,1656.0,258.0,369.0,834.0,1224.0,462.0,587.0,329.0,1616.0,1142.0,303.0,1499.0,762.0,295.0,449.0,533.0,1555.0,552.0,240.0,1263.0,1736.0,474.0,1483.0,992.0,1375.0,489.0,199.0,317.0,1415.0,844.0,1668.0,370.0,273.0,690.0,1688.0,655.0,461.0,957.0,306.0,1393.0,533.0,00000000000000000f5e,164.962538259625,C1207F25
596.0,1863.0,1270.0,331.0,389.0,965.0,891.0,291.0,311.0,1524.0,1371.0,519.0,670.0,1295.0,351.0,1665.0,1532.0,1013.0,1075.0,499.0,1627.0,296.0,389.0,905.0,1280.0,539.0,554.0,342.0,1588.0,1086.0,404.0,1518.0,820.0,317.0,499.0,543.0,1391.0,567.0,260.0,1335.0,1734.0,509.0,1523.0,946.0,1251.0,486.0,241.0,342.0,1298.0,880.0,1689.0,393.0,293.0,650.0,1699.0,702.0,510.0,1003.0,322.0,1280.0,567.0,00000000000000000f5f,101.451607705676,C1207F26
521.0,1834.0,1173.0,267.0,350.0,945.0,870.0,237.0,247.0,1469.0,1393.0,438.0,627.0,1202.0,309.0,1635.0,1445.0,915.0,1067.0,418.0,1610.0,242.0,346.0,807.0,1189.0,457.0,514.0,283.0,1547.0,1074.0,336.0,1462.0,727.0,267.0,423.0,491.0,1417.0,517.0,217.0,1244.0,1717.0,432.0,1464.0,920.0,1274.0,438.0,180.0,284.0,1329.0,785.0,1637.0,316.0,249.0,606.0,1632.0,622.0,423.0,905.0,279.0,1307.0,522.0,00000000000000000f60,341.139253406723,C1207F27
546.0,2037.0,1252.0,319.0,361.0,1030.0,941.0,280.0,285.0,1589.0,1572.0,456.0,664.0,1323.0,318.0,1764.0,1572.0,1000.0,1174.0,443.0,1721.0,263.0,381.0,862.0,1280.0,487.0,581.0,330.0,1694.0,1168.0,310.0,1559.0,789.0,298.0,451.0,560.0,1582.0,573.0,247.0,1313.0,1800.0,473.0,1545.0,1011.0,1399.0,493.0,208.0,319.0,1442.0,869.0,1732.0,375.0,278.0,702.0,1765.0,671.0,465.0,983.0,308.0,1419.0,552.0,00000000000000000f61,123.442524698781,C1207F28
500.0,1816.0,1123.0,288.0,328.0,929.0,858.0,224.0,245.0,1425.0,1406.0,412.0,624.0,1170.0,302.0,1578.0,1423.0,906.0,1081.0,391.0,1561.0,236.0,332.0,794.0,1134.0,445.0,528.0,297.0,1494.0,1077.0,306.0,1399.0,709.0,271.0,407.0,492.0,1426.0,510.0,209.0,1194.0,1660.0,426.0,1397.0,911.0,1274.0,439.0,178.0,290.0,1324.0,780.0,1569.0,307.0,241.0,624.0,1569.0,618.0,413.0,895.0,281.0,1296.0,510.0,00000000000000000f62,130.726723616439,C1207F29
485.0,1834.0,1107.0,309.0,315.0,956.0,859.0,248.0,259.0,1435.0,1459.0,408.0,598.0,1199.0,289.0,1583.0,1430.0,906.0,1084.0,389.0,1560.0,237.0,344.0,761.0,1158.0,429.0,544.0,313.0,1532.0,1079.0,277.0,1402.0,714.0,281.0,428.0,503.0,1463.0,513.0,231.0,1178.0,1627.0,454.0,1396.0,946.0,1316.0,454.0,195.0,292.0,1347.0,794.0,1547.0,358.0,266.0,651.0,1568.0,613.0,432.0,883.0,290.0,1316.0,488.0,00000000000000000f63,270.000310286762,C1207F31
603.0,2099.0,1340.0,354.0,403.0,1067.0,976.0,318.0,316.0,1668.0,1588.0,520.0,711.0,1405.0,344.0,1842.0,1650.0,1073.0,1203.0,491.0,1789.0,295.0,418.0,939.0,1363.0,543.0,609.0,360.0,1770.0,1203.0,352.0,1632.0,866.0,327.0,501.0,602.0,1596.0,616.0,277.0,1402.0,1866.0,517.0,1635.0,1047.0,1412.0,533.0,242.0,347.0,1460.0,935.0,1819.0,418.0,307.0,736.0,1859.0,723.0,515.0,1062.0,334.0,1436.0,601.0,00000000000000000f64,114.793396571063,C1207P01
551.0,1844.0,1224.0,418.0,363.0,1000.0,980.0,315.0,254.0,1625.0,1570.0,450.0,678.0,1261.0,311.0,1521.0,1491.0,914.0,1178.0,460.0,1676.0,276.0,416.0,847.0,1231.0,450.0,688.0,396.0,1626.0,1189.0,293.0,1550.0,750.0,322.0,473.0,639.0,1483.0,590.0,247.0,1218.0,1673.0,524.0,1522.0,1066.0,1543.0,506.0,254.0,319.0,1453.0,954.0,1614.0,413.0,332.0,778.0,1520.0,665.0,443.0,893.0,405.0,1352.0,550.0,00000000000000000f65,90.7338532572644,C1207P02
597.0,1850.0,1270.0,325.0,387.0,963.0,892.0,286.0,305.0,1525.0,1363.0,519.0,673.0,1292.0,348.0,1663.0,1522.0,1011.0,1066.0,498.0,1625.0,298.0,387.0,906.0,1280.0,536.0,546.0,335.0,1582.0,1084.0,404.0,1519.0,825.0,311.0,496.0,546.0,1390.0,566.0,259.0,1336.0,1735.0,501.0,1520.0,940.0,1253.0,479.0,238.0,344.0,1300.0,875.0,1687.0,388.0,291.0,646.0,1692.0,698.0,505.0,1001.0,319.0,1285.0,570.0,00000000000000000f66,66.3421349693339,C1207P04
523.0,1916.0,1161.0,307.0,338.0,976.0,905.0,240.0,258.0,1511.0,1481.0,426.0,643.0,1242.0,308.0,1626.0,1483.0,954.0,1141.0,406.0,1640.0,249.0,353.0,841.0,1179.0,456.0,564.0,316.0,1554.0,1131.0,310.0,1461.0,755.0,279.0,428.0,524.0,1504.0,535.0,224.0,1250.0,1728.0,450.0,1457.0,964.0,1352.0,464.0,193.0,307.0,1389.0,840.0,1626.0,330.0,258.0,664.0,1632.0,642.0,428.0,943.0,292.0,1360.0,524.0,00000000000000000f67,108.354858211603,C1207P05
498.0,1864.0,1122.0,309.0,325.0,953.0,873.0,241.0,250.0,1445.0,1463.0,403.0,616.0,1205.0,298.0,1582.0,1441.0,920.0,1107.0,388.0,1576.0,240.0,345.0,794.0,1140.0,438.0,559.0,316.0,1523.0,1102.0,289.0,1420.0,724.0,278.0,426.0,506.0,1476.0,517.0,223.0,1187.0,1655.0,457.0,1413.0,945.0,1322.0,459.0,183.0,304.0,1357.0,801.0,1571.0,342.0,256.0,655.0,1576.0,616.0,428.0,905.0,289.0,1328.0,505.0,00000000000000000f68,165.090304925581,C1207P06
549.0,1963.0,1237.0,310.0,373.0,1001.0,920.0,269.0,276.0,1554.0,1495.0,463.0,666.0,1290.0,311.0,1731.0,1540.0,981.0,1140.0,439.0,1697.0,254.0,373.0,861.0,1254.0,496.0,563.0,316.0,1655.0,1143.0,326.0,1528.0,782.0,285.0,445.0,539.0,1506.0,555.0,228.0,1303.0,1782.0,458.0,1537.0,979.0,1334.0,480.0,205.0,308.0,1389.0,847.0,1714.0,350.0,259.0,670.0,1733.0,669.0,454.0,966.0,289.0,1364.0,555.0,00000000000000000f69,681.430159650314,C1207W02
635.0,1792.0,1283.0,344.0,401.0,952.0,883.0,298.0,325.0,1507.0,1317.0,550.0,689.0,1295.0,380.0,1620.0,1517.0,1040.0,1040.0,530.0,1582.0,329.0,401.0,941.0,1294.0,572.0,543.0,354.0,1535.0,1066.0,444.0,1503.0,864.0,336.0,525.0,559.0,1354.0,577.0,288.0,1354.0,1691.0,529.0,1498.0,924.0,1226.0,479.0,261.0,373.0,1267.0,906.0,1665.0,418.0,317.0,653.0,1667.0,726.0,535.0,1035.0,346.0,1254.0,586.0,00000000000000000f6a,669.719994790452,C1207W03
584.0,1912.0,1269.0,315.0,382.0,983.0,910.0,285.0,295.0,1548.0,1416.0,506.0,668.0,1299.0,336.0,1703.0,1538.0,1000.0,1104.0,482.0,1667.0,275.0,382.0,891.0,1279.0,527.0,551.0,324.0,1624.0,1110.0,380.0,1538.0,806.0,307.0,479.0,540.0,1435.0,564.0,249.0,1335.0,1767.0,489.0,1547.0,964.0,1288.0,479.0,226.0,324.0,1340.0,871.0,1716.0,374.0,278.0,657.0,1726.0,690.0,489.0,990.0,307.0,1320.0,568.0,00000000000000000f6b,572.084052824066,C1207W05
596.0,1867.0,1271.0,328.0,388.0,967.0,893.0,290.0,308.0,1527.0,1375.0,518.0,670.0,1296.0,351.0,1670.0,1532.0,1013.0,1077.0,498.0,1632.0,294.0,388.0,905.0,1281.0,538.0,553.0,338.0,1592.0,1088.0,403.0,1521.0,821.0,317.0,498.0,543.0,1397.0,566.0,260.0,1337.0,1739.0,507.0,1526.0,947.0,1257.0,485.0,238.0,340.0,1303.0,879.0,1692.0,391.0,293.0,649.0,1701.0,700.0,508.0,1003.0,322.0,1286.0,567.0,00000000000000000f6c,279.549549512597,C1207W06
514.0,1613.0,1139.0,247.0,346.0,861.0,817.0,217.0,244.0,1399.0,1194.0,443.0,603.0,1111.0,336.0,1562.0,1298.0,828.0,912.0,436.0,1519.0,263.0,328.0,773.0,1156.0,430.0,433.0,258.0,1441.0,933.0,389.0,1418.0,687.0,264.0,402.0,465.0,1262.0,495.0,201.0,1201.0,1674.0,402.0,1413.0,819.0,1205.0,379.0,167.0,313.0,1218.0,730.0,1538.0,257.0,240.0,518.0,1527.0,583.0,402.0,834.0,275.0,1244.0,511.0,00000000000000000f6d,500.000202571558,C1207W07
642.0,2034.0,1462.0,488.0,434.0,1160.0,1160.0,385.0,292.0,1921.0,1782.0,538.0,756.0,1434.0,348.0,1663.0,1582.0,951.0,1315.0,553.0,2028.0,323.0,501.0,966.0,1328.0,534.0,792.0,477.0,1899.0,1256.0,364.0,1767.0,862.0,357.0,559.0,749.0,1654.0,696.0,274.0,1330.0,1921.0,608.0,1806.0,1262.0,1781.0,579.0,328.0,364.0,1604.0,1113.0,1808.0,451.0,367.0,846.0,1632.0,750.0,520.0,1016.0,454.0,1411.0,663.0,00000000000000000f6e,64.8619861166451,C1208C01
551.0,2064.0,1253.0,364.0,376.0,1114.0,1033.0,307.0,282.0,1685.0,1659.0,476.0,702.0,1396.0,329.0,1770.0,1667.0,1049.0,1272.0,456.0,1788.0,263.0,411.0,864.0,1358.0,495.0,653.0,355.0,1779.0,1272.0,318.0,1646.0,825.0,327.0,498.0,597.0,1634.0,588.0,273.0,1340.0,1841.0,542.0,1633.0,1130.0,1527.0,537.0,227.0,332.0,1558.0,949.0,1769.0,451.0,325.0,779.0,1781.0,693.0,498.0,1013.0,352.0,1497.0,551.0,00000000000000000f6f,185.559175735639,C1208C02
615.0,2062.0,1472.0,500.0,446.0,1222.0,1214.0,407.0,288.0,1953.0,1887.0,519.0,802.0,1421.0,355.0,1689.0,1552.0,921.0,1388.0,542.0,2088.0,321.0,541.0,920.0,1352.0,511.0,838.0,476.0,1946.0,1295.0,348.0,1812.0,800.0,375.0,569.0,800.0,1725.0,755.0,286.0,1275.0,1961.0,641.0,1865.0,1340.0,1850.0,616.0,339.0,362.0,1663.0,1113.0,1795.0,463.0,397.0,902.0,1633.0,752.0,529.0,1002.0,476.0,1389.0,694.0,00000000000000000f70,85.0703120787131,C1208C03
609.0,1989.0,1384.0,452.0,399.0,1091.0,1079.0,349.0,284.0,1823.0,1692.0,525.0,716.0,1385.0,339.0,1639.0,1589.0,991.0,1258.0,518.0,1847.0,314.0,459.0,951.0,1325.0,508.0,728.0,438.0,1750.0,1239.0,348.0,1702.0,841.0,350.0,528.0,696.0,1576.0,647.0,267.0,1341.0,1818.0,582.0,1685.0,1159.0,1684.0,539.0,284.0,347.0,1541.0,1064.0,1762.0,451.0,357.0,817.0,1623.0,720.0,491.0,993.0,432.0,1423.0,601.0,00000000000000000f71,89.6397323459525,C1208C04
602.0,1982.0,1391.0,472.0,410.0,1117.0,1110.0,366.0,283.0,1814.0,1721.0,511.0,726.0,1368.0,340.0,1633.0,1541.0,928.0,1274.0,512.0,1894.0,316.0,480.0,920.0,1300.0,502.0,767.0,452.0,1796.0,1243.0,343.0,1694.0,812.0,345.0,533.0,728.0,1606.0,679.0,264.0,1286.0,1837.0,587.0,1706.0,1199.0,1727.0,559.0,301.0,347.0,1546.0,1054.0,1722.0,444.0,355.0,835.0,1585.0,721.0,492.0,969.0,447.0,1397.0,622.0,00000000000000000f72,66.5935727544949,C1208C05
557.0,2090.0,1268.0,369.0,381.0,1134.0,1047.0,310.0,285.0,1713.0,1683.0,484.0,714.0,1421.0,335.0,1793.0,1700.0,1066.0,1291.0,463.0,1812.0,265.0,417.0,870.0,1390.0,502.0,664.0,358.0,1811.0,1290.0,317.0,1667.0,837.0,335.0,505.0,607.0,1656.0,596.0,280.0,1360.0,1861.0,550.0,1658.0,1149.0,1549.0,544.0,230.0,334.0,1584.0,964.0,1794.0,460.0,335.0,796.0,1810.0,705.0,505.0,1028.0,360.0,1516.0,556.0,00000000000000000f73,188.192709422739,C1208F01
549.0,1790.0,1208.0,275.0,363.0,927.0,864.0,250.0,262.0,1476.0,1329.0,470.0,636.0,1214.0,331.0,1642.0,1434.0,930.0,1014.0,457.0,1608.0,267.0,356.0,842.0,1218.0,482.0,496.0,285.0,1549.0,1038.0,389.0,1486.0,764.0,288.0,447.0,503.0,1378.0,531.0,229.0,1278.0,1738.0,447.0,1479.0,899.0,1256.0,430.0,196.0,308.0,1297.0,807.0,1641.0,329.0,268.0,589.0,1628.0,631.0,447.0,930.0,292.0,1295.0,540.0,00000000000000000f74,490.250467424299,C1208F03
559.0,1974.0,1265.0,348.0,347.0,1048.0,1019.0,303.0,250.0,1703.0,1568.0,486.0,674.0,1353.0,323.0,1667.0,1563.0,986.0,1237.0,476.0,1800.0,260.0,391.0,917.0,1283.0,491.0,592.0,340.0,1647.0,1217.0,339.0,1631.0,804.0,304.0,458.0,602.0,1541.0,579.0,245.0,1353.0,1868.0,485.0,1606.0,1080.0,1531.0,485.0,217.0,313.0,1497.0,963.0,1724.0,374.0,291.0,718.0,1658.0,666.0,435.0,971.0,350.0,1458.0,559.0,00000000000000000f75,195.16463984019,C1208F04
590.0,1973.0,1292.0,326.0,394.0,1012.0,937.0,300.0,302.0,1593.0,1469.0,509.0,684.0,1330.0,339.0,1751.0,1581.0,1025.0,1146.0,486.0,1713.0,282.0,397.0,909.0,1309.0,536.0,575.0,334.0,1671.0,1149.0,370.0,1574.0,831.0,315.0,482.0,560.0,1483.0,577.0,259.0,1359.0,1799.0,495.0,1577.0,991.0,1325.0,497.0,234.0,332.0,1377.0,893.0,1755.0,385.0,288.0,686.0,1772.0,704.0,495.0,1013.0,317.0,1357.0,582.0,00000000000000000f76,555.45432486257,C1208F05
613.0,2001.0,1419.0,481.0,422.0,1133.0,1125.0,372.0,283.0,1870.0,1751.0,520.0,741.0,1383.0,338.0,1638.0,1547.0,931.0,1292.0,524.0,1941.0,320.0,491.0,933.0,1312.0,513.0,783.0,461.0,1831.0,1248.0,352.0,1720.0,825.0,348.0,546.0,735.0,1622.0,686.0,269.0,1300.0,1865.0,603.0,1742.0,1222.0,1754.0,570.0,314.0,353.0,1564.0,1075.0,1747.0,445.0,358.0,840.0,1601.0,730.0,503.0,982.0,447.0,1399.0,636.0,00000000000000000f77,172.329807978581,C1208F07
548.0,1978.0,1252.0,335.0,338.0,1039.0,1010.0,295.0,244.0,1685.0,1558.0,477.0,667.0,1339.0,318.0,1668.0,1545.0,971.0,1225.0,467.0,1782.0,254.0,384.0,902.0,1264.0,486.0,577.0,333.0,1632.0,1201.0,326.0,1615.0,790.0,299.0,440.0,593.0,1541.0,576.0,242.0,1339.0,1859.0,468.0,1589.0,1064.0,1521.0,476.0,210.0,310.0,1484.0,941.0,1708.0,359.0,284.0,708.0,1651.0,660.0,419.0,957.0,341.0,1452.0,555.0,00000000000000000f78,180.25690188689,C1208F08
540.0,1971.0,1245.0,326.0,330.0,1035.0,999.0,285.0,243.0,1668.0,1539.0,471.0,656.0,1336.0,303.0,1660.0,1538.0,966.0,1218.0,457.0,1768.0,252.0,374.0,897.0,1256.0,483.0,562.0,324.0,1611.0,1190.0,327.0,1599.0,784.0,284.0,432.0,582.0,1531.0,567.0,228.0,1335.0,1853.0,457.0,1571.0,1050.0,1504.0,464.0,204.0,307.0,1467.0,932.0,1690.0,349.0,266.0,691.0,1647.0,656.0,414.0,959.0,319.0,1440.0,544.0,00000000000000000f79,206.221265102628,C1208F10
557.0,2018.0,1249.0,324.0,369.0,1050.0,979.0,274.0,267.0,1631.0,1570.0,454.0,677.0,1337.0,329.0,1715.0,1579.0,1007.0,1227.0,443.0,1756.0,259.0,384.0,901.0,1259.0,486.0,611.0,334.0,1661.0,1214.0,335.0,1587.0,808.0,308.0,458.0,565.0,1588.0,581.0,245.0,1330.0,1837.0,480.0,1571.0,1042.0,1453.0,503.0,205.0,324.0,1481.0,902.0,1741.0,360.0,287.0,707.0,1722.0,675.0,448.0,987.0,329.0,1454.0,562.0,00000000000000000f7a,254.026307483807,C1208P02
562.0,1964.0,1261.0,348.0,346.0,1044.0,1015.0,302.0,249.0,1706.0,1565.0,489.0,674.0,1349.0,323.0,1659.0,1558.0,983.0,1233.0,479.0,1797.0,259.0,389.0,914.0,1280.0,494.0,589.0,339.0,1643.0,1213.0,342.0,1632.0,802.0,305.0,462.0,603.0,1535.0,578.0,245.0,1349.0,1863.0,488.0,1607.0,1078.0,1529.0,482.0,216.0,310.0,1494.0,963.0,1725.0,377.0,291.0,719.0,1657.0,669.0,438.0,969.0,351.0,1455.0,558.0,00000000000000000f7b,229.508435930003,C1208P03
557.0,1889.0,1233.0,409.0,356.0,1018.0,988.0,312.0,258.0,1659.0,1571.0,471.0,666.0,1282.0,311.0,1563.0,1525.0,942.0,1202.0,463.0,1699.0,276.0,408.0,861.0,1250.0,456.0,668.0,391.0,1643.0,1213.0,302.0,1582.0,760.0,315.0,469.0,628.0,1508.0,588.0,245.0,1251.0,1720.0,512.0,1542.0,1081.0,1535.0,502.0,247.0,318.0,1472.0,945.0,1662.0,408.0,324.0,771.0,1564.0,669.0,440.0,901.0,384.0,1394.0,555.0,00000000000000000f7c,85.5275139943381,C1208P04
601.0,2031.0,1335.0,421.0,385.0,1099.0,1061.0,342.0,282.0,1802.0,1642.0,530.0,722.0,1394.0,350.0,1696.0,1636.0,1028.0,1277.0,510.0,1822.0,298.0,428.0,945.0,1354.0,515.0,678.0,400.0,1736.0,1281.0,346.0,1717.0,831.0,345.0,501.0,664.0,1587.0,625.0,274.0,1379.0,1876.0,541.0,1671.0,1147.0,1598.0,524.0,262.0,344.0,1546.0,1019.0,1811.0,431.0,345.0,796.0,1706.0,712.0,471.0,989.0,411.0,1491.0,600.0,00000000000000000f7d,539.732179557435,C1208W02
550.0,1986.0,1228.0,322.0,362.0,1032.0,964.0,272.0,265.0,1608.0,1550.0,451.0,668.0,1315.0,319.0,1689.0,1552.0,990.0,1206.0,441.0,1732.0,258.0,377.0,886.0,1239.0,482.0,598.0,332.0,1636.0,1193.0,332.0,1566.0,795.0,298.0,454.0,559.0,1565.0,576.0,238.0,1308.0,1811.0,475.0,1548.0,1027.0,1437.0,493.0,206.0,322.0,1462.0,890.0,1714.0,358.0,278.0,699.0,1694.0,667.0,443.0,970.0,319.0,1435.0,555.0,00000000000000000f7e,168.036183155261,C1208W03
595.0,2133.0,1316.0,395.0,396.0,1171.0,1082.0,346.0,304.0,1818.0,1702.0,526.0,748.0,1479.0,332.0,1817.0,1770.0,1123.0,1340.0,506.0,1869.0,283.0,453.0,893.0,1491.0,517.0,690.0,374.0,1912.0,1335.0,335.0,1778.0,888.0,359.0,533.0,665.0,1708.0,623.0,312.0,1414.0,1906.0,572.0,1728.0,1205.0,1582.0,570.0,272.0,338.0,1631.0,1038.0,1869.0,493.0,360.0,859.0,1903.0,747.0,523.0,1029.0,383.0,1550.0,585.0,00000000000000000f7f,148.554806610434,C1208W04
563.0,1810.0,1223.0,282.0,365.0,934.0,869.0,259.0,266.0,1490.0,1342.0,484.0,643.0,1237.0,332.0,1646.0,1455.0,947.0,1025.0,468.0,1607.0,270.0,363.0,858.0,1235.0,498.0,505.0,292.0,1559.0,1048.0,386.0,1494.0,780.0,293.0,455.0,514.0,1386.0,539.0,239.0,1294.0,1731.0,455.0,1488.0,907.0,1259.0,440.0,207.0,310.0,1299.0,823.0,1653.0,343.0,274.0,604.0,1646.0,650.0,458.0,945.0,296.0,1296.0,548.0,00000000000000000f80,760.825178937946,C1208W05
559.0,1819.0,1226.0,281.0,361.0,942.0,877.0,259.0,263.0,1496.0,1348.0,480.0,643.0,1240.0,325.0,1654.0,1458.0,947.0,1035.0,466.0,1615.0,268.0,361.0,856.0,1236.0,495.0,504.0,291.0,1567.0,1058.0,378.0,1498.0,779.0,288.0,449.0,515.0,1392.0,538.0,236.0,1295.0,1738.0,449.0,1492.0,914.0,1263.0,439.0,207.0,309.0,1305.0,823.0,1658.0,340.0,269.0,606.0,1653.0,647.0,454.0,943.0,292.0,1301.0,547.0,00000000000000000f81,877.478939075662,C1208W06
503.0,1757.0,1128.0,251.0,333.0,902.0,834.0,222.0,232.0,1420.0,1323.0,424.0,604.0,1150.0,299.0,1578.0,1379.0,873.0,1010.0,405.0,1557.0,237.0,333.0,775.0,1140.0,436.0,479.0,262.0,1492.0,1026.0,333.0,1411.0,699.0,253.0,409.0,467.0,1357.0,495.0,205.0,1204.0,1670.0,411.0,1412.0,875.0,1229.0,412.0,173.0,276.0,1279.0,749.0,1579.0,305.0,241.0,572.0,1570.0,594.0,409.0,863.0,270.0,1259.0,502.0,00000000000000000f82,1130.93790026075,C1209F01
485.0,1769.0,1096.0,275.0,319.0,905.0,834.0,215.0,235.0,1385.0,1367.0,401.0,606.0,1135.0,293.0,1545.0,1383.0,875.0,1047.0,381.0,1524.0,227.0,320.0,767.0,1106.0,431.0,507.0,284.0,1464.0,1047.0,299.0,1366.0,685.0,260.0,394.0,475.0,1389.0,496.0,198.0,1163.0,1623.0,410.0,1366.0,883.0,1238.0,423.0,170.0,277.0,1292.0,749.0,1535.0,294.0,229.0,604.0,1534.0,601.0,400.0,866.0,270.0,1264.0,496.0,00000000000000000f83,1348.43639861412,C1209F03
571.0,2098.0,1307.0,339.0,375.0,1063.0,968.0,300.0,298.0,1647.0,1613.0,488.0,690.0,1377.0,330.0,1831.0,1627.0,1031.0,1201.0,465.0,1779.0,277.0,400.0,893.0,1332.0,515.0,594.0,349.0,1757.0,1200.0,325.0,1617.0,829.0,317.0,474.0,585.0,1619.0,596.0,267.0,1371.0,1855.0,492.0,1602.0,1048.0,1439.0,509.0,231.0,330.0,1480.0,902.0,1793.0,397.0,297.0,726.0,1827.0,699.0,486.0,1020.0,319.0,1455.0,576.0,00000000000000000f84,1428.46809359104,C1209F04
596.0,2136.0,1317.0,395.0,395.0,1175.0,1083.0,344.0,304.0,1819.0,1705.0,527.0,749.0,1482.0,333.0,1820.0,1773.0,1125.0,1343.0,507.0,1871.0,283.0,452.0,894.0,1493.0,518.0,689.0,374.0,1913.0,1337.0,335.0,1779.0,889.0,359.0,533.0,664.0,1711.0,624.0,311.0,1416.0,1910.0,573.0,1731.0,1207.0,1585.0,569.0,272.0,337.0,1634.0,1038.0,1872.0,493.0,360.0,859.0,1906.0,749.0,523.0,1033.0,383.0,1554.0,586.0,00000000000000000f85,975.300466578728,C1209F05
534.0,1948.0,1189.0,348.0,343.0,1042.0,993.0,276.0,254.0,1599.0,1567.0,449.0,670.0,1304.0,311.0,1644.0,1575.0,986.0,1240.0,432.0,1712.0,249.0,374.0,849.0,1242.0,460.0,625.0,345.0,1649.0,1247.0,311.0,1565.0,769.0,300.0,463.0,569.0,1541.0,560.0,245.0,1264.0,1773.0,504.0,1535.0,1080.0,1472.0,501.0,207.0,319.0,1480.0,909.0,1680.0,409.0,294.0,739.0,1639.0,664.0,460.0,944.0,342.0,1421.0,532.0,00000000000000000f86,538.895540622405,C1209F06
598.0,2072.0,1320.0,357.0,398.0,1048.0,962.0,312.0,316.0,1648.0,1558.0,517.0,698.0,1379.0,335.0,1820.0,1616.0,1052.0,1181.0,487.0,1770.0,295.0,408.0,923.0,1341.0,538.0,592.0,357.0,1751.0,1181.0,345.0,1609.0,854.0,316.0,489.0,593.0,1567.0,603.0,268.0,1379.0,1848.0,500.0,1618.0,1029.0,1386.0,523.0,243.0,346.0,1433.0,914.0,1796.0,407.0,297.0,717.0,1836.0,709.0,500.0,1042.0,325.0,1414.0,593.0,00000000000000000f88,2518.57457624644,C1209F08
604.0,1840.0,1275.0,337.0,393.0,955.0,883.0,294.0,317.0,1516.0,1349.0,529.0,671.0,1295.0,361.0,1651.0,1525.0,1020.0,1058.0,509.0,1613.0,310.0,393.0,913.0,1285.0,548.0,552.0,347.0,1573.0,1073.0,415.0,1514.0,835.0,323.0,509.0,550.0,1373.0,569.0,269.0,1337.0,1719.0,518.0,1513.0,934.0,1237.0,485.0,249.0,351.0,1282.0,882.0,1678.0,403.0,304.0,649.0,1686.0,707.0,519.0,1010.0,332.0,1265.0,570.0,00000000000000000f89,1570.54611356414,C1209F10
477.0,1766.0,1074.0,287.0,295.0,908.0,862.0,234.0,225.0,1430.0,1379.0,397.0,591.0,1155.0,276.0,1497.0,1361.0,855.0,1076.0,391.0,1562.0,224.0,328.0,772.0,1085.0,417.0,522.0,292.0,1443.0,1060.0,282.0,1390.0,673.0,258.0,380.0,500.0,1381.0,498.0,204.0,1148.0,1640.0,400.0,1369.0,914.0,1312.0,423.0,177.0,283.0,1304.0,790.0,1492.0,304.0,240.0,618.0,1467.0,583.0,370.0,838.0,282.0,1279.0,485.0,00000000000000000f8a,1358.37836891003,C1209F11
499.0,1745.0,1119.0,265.0,320.0,900.0,838.0,217.0,236.0,1416.0,1329.0,411.0,604.0,1143.0,299.0,1555.0,1373.0,859.0,1018.0,398.0,1548.0,234.0,323.0,772.0,1134.0,425.0,480.0,273.0,1468.0,1020.0,330.0,1398.0,685.0,256.0,400.0,471.0,1368.0,493.0,205.0,1198.0,1662.0,410.0,1389.0,875.0,1248.0,405.0,169.0,283.0,1289.0,746.0,1562.0,294.0,235.0,576.0,1553.0,597.0,405.0,857.0,272.0,1275.0,499.0,00000000000000000f8b,571.466949493062,C1209F12
515.0,1990.0,1188.0,347.0,343.0,1049.0,936.0,271.0,277.0,1564.0,1574.0,442.0,657.0,1317.0,313.0,1708.0,1573.0,992.0,1178.0,421.0,1684.0,254.0,382.0,802.0,1287.0,463.0,599.0,336.0,1682.0,1170.0,293.0,1524.0,780.0,312.0,474.0,547.0,1571.0,555.0,250.0,1276.0,1750.0,508.0,1524.0,1042.0,1421.0,496.0,210.0,313.0,1451.0,874.0,1668.0,412.0,294.0,720.0,1713.0,669.0,474.0,962.0,324.0,1417.0,523.0,00000000000000000f8c,3353.74884834586,C1209F13
551.0,2049.0,1258.0,324.0,364.0,1038.0,948.0,283.0,289.0,1599.0,1581.0,459.0,669.0,1329.0,323.0,1772.0,1580.0,1007.0,1184.0,446.0,1729.0,267.0,385.0,866.0,1286.0,490.0,589.0,335.0,1701.0,1177.0,310.0,1569.0,793.0,303.0,452.0,564.0,1591.0,576.0,251.0,1319.0,1809.0,474.0,1553.0,1018.0,1408.0,498.0,210.0,323.0,1450.0,874.0,1743.0,376.0,282.0,708.0,1776.0,677.0,465.0,989.0,313.0,1428.0,555.0,00000000000000000f8d,538.515090087608,C1209W01
530.0,1978.0,1226.0,327.0,348.0,1008.0,915.0,282.0,285.0,1554.0,1545.0,453.0,646.0,1293.0,316.0,1722.0,1535.0,970.0,1136.0,433.0,1680.0,264.0,377.0,836.0,1252.0,476.0,567.0,337.0,1656.0,1136.0,308.0,1525.0,780.0,306.0,452.0,544.0,1554.0,560.0,258.0,1283.0,1755.0,472.0,1507.0,998.0,1383.0,482.0,222.0,316.0,1421.0,853.0,1686.0,380.0,287.0,684.0,1710.0,656.0,462.0,955.0,306.0,1393.0,534.0,00000000000000000f8e,1865.30693895553,C1209W02
570.0,1971.0,1275.0,352.0,357.0,1055.0,1023.0,309.0,256.0,1717.0,1569.0,497.0,682.0,1353.0,328.0,1666.0,1569.0,991.0,1240.0,487.0,1803.0,268.0,397.0,922.0,1294.0,497.0,601.0,343.0,1656.0,1224.0,349.0,1645.0,812.0,313.0,470.0,612.0,1539.0,586.0,257.0,1353.0,1862.0,500.0,1616.0,1090.0,1532.0,494.0,223.0,315.0,1499.0,971.0,1736.0,390.0,304.0,732.0,1665.0,680.0,450.0,977.0,360.0,1459.0,563.0,00000000000000000f8f,3275.153115133,C1209W03
626.0,2240.0,1395.0,417.0,415.0,1170.0,1053.0,357.0,358.0,1795.0,1718.0,559.0,765.0,1511.0,376.0,1939.0,1777.0,1156.0,1300.0,532.0,1902.0,329.0,469.0,941.0,1509.0,573.0,674.0,408.0,1924.0,1265.0,369.0,1742.0,931.0,386.0,556.0,656.0,1725.0,658.0,331.0,1495.0,1979.0,594.0,1716.0,1163.0,1552.0,585.0,293.0,386.0,1590.0,1031.0,1884.0,498.0,369.0,825.0,1962.0,781.0,562.0,1108.0,386.0,1554.0,618.0,00000000000000000f90,1673.1975358326,C1209W04
584.0,2141.0,1326.0,375.0,390.0,1092.0,969.0,318.0,332.0,1674.0,1623.0,513.0,709.0,1412.0,352.0,1859.0,1656.0,1073.0,1210.0,488.0,1804.0,305.0,420.0,902.0,1395.0,538.0,617.0,375.0,1798.0,1197.0,343.0,1630.0,868.0,346.0,508.0,600.0,1622.0,612.0,296.0,1407.0,1873.0,534.0,1619.0,1072.0,1448.0,538.0,262.0,352.0,1486.0,947.0,1794.0,439.0,326.0,752.0,1858.0,719.0,519.0,1053.0,346.0,1457.0,583.0,00000000000000000f91,953.372209861552,C1209W06
536.0,1811.0,1199.0,272.0,353.0,932.0,865.0,248.0,253.0,1481.0,1350.0,455.0,633.0,1210.0,314.0,1643.0,1438.0,915.0,1028.0,437.0,1616.0,261.0,353.0,826.0,1209.0,468.0,498.0,282.0,1554.0,1048.0,363.0,1476.0,748.0,269.0,436.0,501.0,1392.0,522.0,219.0,1270.0,1737.0,436.0,1474.0,904.0,1262.0,431.0,193.0,302.0,1308.0,796.0,1643.0,327.0,256.0,595.0,1634.0,626.0,436.0,913.0,283.0,1295.0,532.0,00000000000000000f92,1351.99871020779,C1209W07
533.0,1921.0,1182.0,304.0,344.0,986.0,916.0,248.0,259.0,1530.0,1488.0,441.0,650.0,1259.0,313.0,1647.0,1498.0,962.0,1143.0,422.0,1665.0,254.0,356.0,852.0,1198.0,469.0,557.0,314.0,1572.0,1133.0,321.0,1485.0,763.0,281.0,426.0,534.0,1512.0,544.0,227.0,1271.0,1759.0,443.0,1482.0,973.0,1371.0,460.0,198.0,307.0,1406.0,850.0,1645.0,327.0,257.0,665.0,1645.0,650.0,425.0,952.0,293.0,1380.0,536.0,00000000000000000f93,4038.09956047333,C1209W08
643.0,2261.0,1411.0,428.0,423.0,1185.0,1075.0,365.0,363.0,1830.0,1735.0,571.0,775.0,1532.0,379.0,1953.0,1811.0,1184.0,1328.0,548.0,1928.0,338.0,483.0,958.0,1539.0,582.0,693.0,417.0,1956.0,1289.0,379.0,1779.0,955.0,397.0,580.0,670.0,1745.0,670.0,338.0,1513.0,2007.0,615.0,1736.0,1190.0,1576.0,602.0,304.0,394.0,1615.0,1059.0,1913.0,517.0,385.0,849.0,1993.0,801.0,582.0,1124.0,397.0,1571.0,630.0,00000000000000000f94,813.176129155859,C1209W12
604.0,2004.0,1411.0,480.0,420.0,1134.0,1131.0,373.0,286.0,1861.0,1759.0,507.0,733.0,1387.0,344.0,1659.0,1554.0,928.0,1300.0,514.0,1936.0,317.0,492.0,924.0,1317.0,503.0,783.0,459.0,1837.0,1262.0,350.0,1723.0,817.0,355.0,549.0,739.0,1633.0,691.0,275.0,1295.0,1861.0,604.0,1741.0,1224.0,1766.0,569.0,314.0,348.0,1572.0,1071.0,1744.0,458.0,366.0,845.0,1610.0,723.0,504.0,974.0,456.0,1405.0,633.0,00000000000000000f95,74.4094609190926,C1210C01
549.0,1954.0,1237.0,394.0,363.0,1065.0,1012.0,313.0,249.0,1697.0,1599.0,465.0,681.0,1322.0,306.0,1620.0,1605.0,992.0,1257.0,456.0,1733.0,259.0,407.0,859.0,1309.0,447.0,673.0,373.0,1698.0,1286.0,297.0,1637.0,777.0,316.0,484.0,631.0,1556.0,580.0,251.0,1291.0,1769.0,536.0,1581.0,1124.0,1533.0,519.0,237.0,314.0,1518.0,958.0,1725.0,432.0,327.0,801.0,1646.0,674.0,462.0,916.0,382.0,1430.0,551.0,00000000000000000f96,114.766127137219,C1210C02
602.0,2032.0,1342.0,421.0,386.0,1101.0,1062.0,343.0,284.0,1807.0,1642.0,531.0,720.0,1398.0,351.0,1697.0,1635.0,1030.0,1275.0,512.0,1826.0,299.0,430.0,951.0,1357.0,518.0,678.0,401.0,1737.0,1276.0,350.0,1721.0,837.0,344.0,502.0,666.0,1585.0,625.0,274.0,1387.0,1877.0,540.0,1675.0,1145.0,1601.0,524.0,265.0,345.0,1545.0,1024.0,1812.0,431.0,345.0,794.0,1707.0,713.0,470.0,992.0,411.0,1489.0,603.0,00000000000000000f97,211.570854569253,C1210C03
533.0,1912.0,1186.0,376.0,347.0,1041.0,982.0,298.0,249.0,1638.0,1562.0,451.0,668.0,1296.0,296.0,1593.0,1576.0,971.0,1229.0,439.0,1686.0,248.0,393.0,826.0,1289.0,435.0,637.0,353.0,1672.0,1264.0,287.0,1598.0,763.0,308.0,469.0,605.0,1532.0,558.0,250.0,1255.0,1719.0,519.0,1545.0,1098.0,1481.0,503.0,231.0,304.0,1490.0,927.0,1688.0,426.0,320.0,779.0,1632.0,658.0,456.0,885.0,363.0,1405.0,529.0,00000000000000000f98,71.6817686770381,C1210C04
535.0,1941.0,1193.0,366.0,347.0,1052.0,998.0,293.0,255.0,1617.0,1576.0,460.0,674.0,1296.0,302.0,1632.0,1586.0,983.0,1237.0,444.0,1711.0,250.0,384.0,836.0,1280.0,450.0,625.0,355.0,1682.0,1261.0,299.0,1584.0,767.0,304.0,468.0,597.0,1532.0,562.0,249.0,1263.0,1750.0,516.0,1540.0,1103.0,1485.0,506.0,221.0,309.0,1492.0,922.0,1688.0,427.0,311.0,762.0,1646.0,665.0,460.0,918.0,361.0,1422.0,537.0,00000000000000000f99,82.4815095045092,C1210C05
592.0,2017.0,1309.0,374.0,369.0,1087.0,1049.0,322.0,272.0,1782.0,1603.0,516.0,702.0,1387.0,342.0,1703.0,1609.0,1019.0,1266.0,506.0,1834.0,283.0,414.0,943.0,1328.0,516.0,614.0,365.0,1702.0,1250.0,364.0,1696.0,834.0,326.0,490.0,633.0,1566.0,606.0,270.0,1386.0,1901.0,520.0,1666.0,1116.0,1566.0,502.0,244.0,330.0,1526.0,999.0,1786.0,411.0,324.0,751.0,1708.0,701.0,463.0,991.0,379.0,1479.0,584.0,00000000000000000f9a,198.180155878166,C1210F01
512.0,1908.0,1141.0,349.0,332.0,1031.0,962.0,283.0,263.0,1582.0,1550.0,445.0,649.0,1282.0,292.0,1627.0,1566.0,974.0,1197.0,426.0,1672.0,243.0,382.0,779.0,1285.0,437.0,609.0,335.0,1688.0,1193.0,284.0,1543.0,755.0,305.0,461.0,568.0,1538.0,543.0,257.0,1231.0,1712.0,500.0,1506.0,1066.0,1445.0,496.0,224.0,301.0,1480.0,891.0,1645.0,422.0,307.0,749.0,1660.0,656.0,458.0,898.0,334.0,1399.0,508.0,00000000000000000f9b,526.776397372145,C1210F02
546.0,2053.0,1244.0,358.0,374.0,1105.0,1012.0,303.0,283.0,1668.0,1649.0,475.0,692.0,1387.0,327.0,1767.0,1652.0,1038.0,1248.0,454.0,1768.0,261.0,407.0,849.0,1356.0,495.0,636.0,348.0,1767.0,1246.0,309.0,1622.0,820.0,327.0,492.0,589.0,1627.0,584.0,272.0,1333.0,1823.0,533.0,1621.0,1111.0,1508.0,527.0,225.0,325.0,1544.0,933.0,1754.0,443.0,322.0,767.0,1779.0,690.0,492.0,1008.0,345.0,1485.0,546.0,00000000000000000f9c,162.552527294368,C1210F04
592.0,1984.0,1312.0,424.0,376.0,1071.0,1033.0,332.0,274.0,1769.0,1623.0,516.0,699.0,1361.0,331.0,1643.0,1599.0,999.0,1247.0,498.0,1783.0,294.0,426.0,922.0,1320.0,499.0,684.0,404.0,1708.0,1246.0,337.0,1672.0,814.0,328.0,498.0,657.0,1556.0,610.0,259.0,1346.0,1818.0,535.0,1632.0,1123.0,1584.0,521.0,259.0,336.0,1516.0,999.0,1761.0,427.0,334.0,787.0,1652.0,704.0,466.0,962.0,396.0,1451.0,584.0,00000000000000000f9d,69.4532345341604,C1210F05
559.0,2105.0,1284.0,361.0,375.0,1091.0,973.0,308.0,309.0,1660.0,1635.0,494.0,694.0,1399.0,336.0,1821.0,1641.0,1049.0,1209.0,470.0,1776.0,283.0,411.0,859.0,1379.0,519.0,607.0,358.0,1789.0,1186.0,320.0,1619.0,840.0,339.0,493.0,591.0,1635.0,598.0,286.0,1373.0,1852.0,524.0,1608.0,1077.0,1465.0,526.0,246.0,337.0,1501.0,927.0,1760.0,434.0,319.0,746.0,1826.0,704.0,496.0,1023.0,339.0,1467.0,559.0,00000000000000000f9e,215.228501299478,C1210F12
519.0,1894.0,1161.0,352.0,333.0,1025.0,973.0,281.0,246.0,1570.0,1546.0,444.0,658.0,1260.0,292.0,1592.0,1545.0,960.0,1208.0,430.0,1667.0,240.0,371.0,815.0,1242.0,434.0,609.0,342.0,1637.0,1236.0,291.0,1543.0,748.0,295.0,456.0,579.0,1500.0,548.0,239.0,1226.0,1708.0,501.0,1497.0,1078.0,1453.0,492.0,211.0,301.0,1459.0,898.0,1643.0,416.0,300.0,743.0,1602.0,649.0,449.0,893.0,347.0,1388.0,521.0,00000000000000000f9f,109.391994561819,C1210P01
556.0,2109.0,1282.0,359.0,375.0,1115.0,996.0,308.0,302.0,1676.0,1658.0,490.0,698.0,1413.0,335.0,1826.0,1664.0,1063.0,1238.0,464.0,1790.0,275.0,412.0,862.0,1392.0,512.0,621.0,352.0,1807.0,1212.0,315.0,1639.0,844.0,340.0,496.0,597.0,1658.0,601.0,284.0,1378.0,1866.0,530.0,1631.0,1103.0,1492.0,530.0,241.0,333.0,1526.0,937.0,1777.0,439.0,321.0,759.0,1843.0,711.0,502.0,1028.0,342.0,1495.0,561.0,00000000000000000fa0,176.894413940766,C1210P06
527.0,1931.0,1179.0,363.0,339.0,1047.0,996.0,292.0,259.0,1601.0,1574.0,449.0,671.0,1294.0,301.0,1635.0,1594.0,991.0,1240.0,439.0,1711.0,248.0,387.0,822.0,1288.0,440.0,628.0,351.0,1694.0,1252.0,295.0,1575.0,766.0,309.0,470.0,592.0,1541.0,558.0,257.0,1257.0,1744.0,518.0,1534.0,1100.0,1478.0,513.0,221.0,307.0,1500.0,918.0,1678.0,437.0,315.0,768.0,1657.0,668.0,464.0,909.0,356.0,1422.0,531.0,00000000000000000fa1,112.054137556983,C1210P07
582.0,1909.0,1317.0,444.0,391.0,1053.0,1045.0,342.0,275.0,1734.0,1643.0,492.0,694.0,1327.0,329.0,1580.0,1526.0,938.0,1226.0,492.0,1774.0,296.0,452.0,895.0,1271.0,482.0,723.0,423.0,1694.0,1211.0,325.0,1624.0,797.0,338.0,501.0,681.0,1540.0,627.0,257.0,1271.0,1744.0,561.0,1615.0,1128.0,1639.0,532.0,276.0,338.0,1495.0,1021.0,1676.0,436.0,339.0,801.0,1556.0,693.0,471.0,945.0,422.0,1378.0,586.0,00000000000000000fa2,131.14662020935,C1210P09
524.0,1878.0,1168.0,368.0,342.0,1024.0,965.0,293.0,243.0,1611.0,1539.0,444.0,654.0,1272.0,292.0,1566.0,1547.0,954.0,1208.0,432.0,1659.0,243.0,386.0,814.0,1264.0,427.0,628.0,346.0,1641.0,1244.0,282.0,1571.0,749.0,304.0,461.0,594.0,1506.0,547.0,245.0,1233.0,1692.0,509.0,1519.0,1080.0,1461.0,494.0,226.0,298.0,1466.0,912.0,1659.0,417.0,315.0,763.0,1599.0,647.0,446.0,872.0,359.0,1382.0,521.0,00000000000000000fa3,131.841799345269,C1210P10
606.0,1985.0,1311.0,332.0,401.0,1015.0,941.0,314.0,311.0,1608.0,1467.0,527.0,690.0,1343.0,344.0,1763.0,1595.0,1037.0,1147.0,506.0,1719.0,293.0,407.0,922.0,1328.0,550.0,576.0,340.0,1679.0,1152.0,387.0,1589.0,845.0,324.0,496.0,569.0,1479.0,587.0,271.0,1378.0,1806.0,507.0,1586.0,996.0,1327.0,502.0,248.0,339.0,1375.0,905.0,1767.0,405.0,298.0,691.0,1786.0,715.0,507.0,1026.0,325.0,1356.0,589.0,00000000000000000fa4,291.554977403305,C1210W01
553.0,1954.0,1243.0,296.0,371.0,1001.0,922.0,267.0,275.0,1549.0,1476.0,469.0,664.0,1283.0,321.0,1723.0,1539.0,977.0,1131.0,447.0,1693.0,255.0,371.0,865.0,1262.0,500.0,556.0,307.0,1642.0,1140.0,338.0,1538.0,783.0,290.0,444.0,534.0,1487.0,554.0,228.0,1314.0,1784.0,454.0,1539.0,972.0,1327.0,474.0,201.0,307.0,1387.0,845.0,1722.0,338.0,259.0,663.0,1731.0,670.0,454.0,967.0,290.0,1358.0,564.0,00000000000000000fa5,286.05501611861,C1210W02
563.0,2078.0,1275.0,364.0,377.0,1110.0,1037.0,311.0,284.0,1690.0,1660.0,485.0,706.0,1401.0,339.0,1784.0,1668.0,1057.0,1273.0,464.0,1794.0,269.0,413.0,888.0,1353.0,504.0,646.0,359.0,1774.0,1273.0,327.0,1666.0,837.0,332.0,492.0,604.0,1642.0,599.0,279.0,1354.0,1859.0,536.0,1640.0,1129.0,1531.0,537.0,229.0,336.0,1552.0,956.0,1783.0,442.0,326.0,776.0,1787.0,701.0,492.0,1023.0,356.0,1505.0,565.0,00000000000000000fa6,121.74182976917,C1210W03
643.0,2226.0,1418.0,429.0,430.0,1140.0,1017.0,358.0,383.0,1761.0,1670.0,570.0,761.0,1498.0,392.0,1952.0,1746.0,1153.0,1255.0,544.0,1892.0,352.0,462.0,985.0,1475.0,597.0,662.0,429.0,1888.0,1238.0,389.0,1717.0,939.0,389.0,560.0,650.0,1666.0,668.0,336.0,1495.0,1964.0,593.0,1702.0,1115.0,1491.0,581.0,308.0,399.0,1530.0,1017.0,1893.0,488.0,367.0,800.0,1958.0,783.0,575.0,1133.0,389.0,1501.0,638.0,00000000000000000fa7,1002.7559720057,C1210W04
623.0,2019.0,1387.0,436.0,394.0,1107.0,1071.0,357.0,292.0,1867.0,1655.0,552.0,715.0,1428.0,355.0,1677.0,1629.0,1024.0,1270.0,542.0,1848.0,320.0,451.0,974.0,1368.0,542.0,705.0,417.0,1747.0,1260.0,372.0,1747.0,855.0,355.0,529.0,683.0,1576.0,638.0,287.0,1398.0,1869.0,568.0,1718.0,1155.0,1645.0,526.0,282.0,350.0,1536.0,1063.0,1812.0,451.0,354.0,798.0,1708.0,732.0,491.0,1015.0,431.0,1469.0,609.0,00000000000000000fa8,264.731231220106,C1210W05
540.0,1924.0,1213.0,387.0,356.0,1049.0,994.0,306.0,245.0,1665.0,1575.0,458.0,667.0,1299.0,302.0,1596.0,1580.0,978.0,1238.0,448.0,1703.0,255.0,398.0,843.0,1289.0,439.0,657.0,366.0,1672.0,1267.0,292.0,1609.0,764.0,313.0,474.0,617.0,1534.0,567.0,249.0,1270.0,1741.0,525.0,1552.0,1106.0,1506.0,509.0,232.0,310.0,1496.0,940.0,1697.0,423.0,324.0,785.0,1621.0,662.0,454.0,901.0,377.0,1411.0,539.0,00000000000000000fa9,157.296723475856,C1210X01
541.0,1953.0,1202.0,376.0,352.0,1067.0,1004.0,301.0,256.0,1664.0,1593.0,462.0,687.0,1327.0,303.0,1634.0,1622.0,1000.0,1262.0,446.0,1722.0,248.0,402.0,843.0,1321.0,443.0,647.0,355.0,1713.0,1301.0,294.0,1630.0,784.0,314.0,481.0,613.0,1562.0,567.0,257.0,1279.0,1751.0,532.0,1580.0,1124.0,1501.0,517.0,234.0,309.0,1522.0,949.0,1727.0,442.0,327.0,796.0,1680.0,673.0,471.0,908.0,368.0,1433.0,539.0,00000000000000000faa,68.188155548092,C1210X02
558.0,1909.0,1239.0,407.0,356.0,1028.0,1000.0,315.0,263.0,1670.0,1584.0,469.0,667.0,1287.0,315.0,1585.0,1544.0,950.0,1215.0,461.0,1720.0,276.0,412.0,866.0,1264.0,452.0,669.0,394.0,1666.0,1232.0,305.0,1602.0,763.0,318.0,474.0,631.0,1524.0,591.0,247.0,1261.0,1737.0,516.0,1551.0,1094.0,1547.0,508.0,246.0,319.0,1492.0,947.0,1683.0,416.0,328.0,776.0,1588.0,676.0,445.0,899.0,388.0,1412.0,560.0,00000000000000000fab,103.253866299346,C1211C01
602.0,1977.0,1346.0,431.0,382.0,1078.0,1050.0,341.0,279.0,1805.0,1636.0,527.0,701.0,1380.0,335.0,1635.0,1589.0,997.0,1243.0,517.0,1804.0,306.0,437.0,945.0,1326.0,513.0,694.0,415.0,1714.0,1236.0,349.0,1693.0,829.0,339.0,512.0,668.0,1553.0,625.0,270.0,1349.0,1820.0,556.0,1664.0,1130.0,1620.0,516.0,270.0,340.0,1511.0,1036.0,1764.0,436.0,343.0,787.0,1650.0,712.0,476.0,985.0,417.0,1440.0,591.0,00000000000000000fac,42.457607062656,C1211C02
496.0,1823.0,1096.0,289.0,319.0,926.0,858.0,226.0,246.0,1429.0,1415.0,404.0,609.0,1173.0,290.0,1549.0,1399.0,898.0,1080.0,385.0,1559.0,236.0,331.0,790.0,1115.0,434.0,528.0,298.0,1481.0,1071.0,290.0,1380.0,710.0,262.0,401.0,497.0,1435.0,507.0,212.0,1182.0,1645.0,421.0,1379.0,915.0,1288.0,435.0,184.0,289.0,1326.0,790.0,1537.0,310.0,242.0,629.0,1546.0,608.0,401.0,888.0,272.0,1297.0,497.0,00000000000000000fad,145.911255680366,C1211C03
511.0,1840.0,1129.0,292.0,329.0,944.0,875.0,235.0,251.0,1459.0,1431.0,421.0,625.0,1195.0,302.0,1583.0,1430.0,916.0,1095.0,400.0,1592.0,244.0,339.0,809.0,1143.0,451.0,532.0,302.0,1505.0,1085.0,305.0,1416.0,724.0,272.0,408.0,507.0,1451.0,517.0,218.0,1212.0,1686.0,425.0,1417.0,931.0,1312.0,440.0,187.0,296.0,1348.0,805.0,1577.0,311.0,248.0,634.0,1580.0,625.0,408.0,906.0,282.0,1322.0,514.0,00000000000000000fae,245.334601181788,C1211C04
536.0,1969.0,1206.0,304.0,334.0,1004.0,941.0,248.0,248.0,1571.0,1515.0,441.0,655.0,1293.0,307.0,1670.0,1532.0,973.0,1177.0,429.0,1708.0,248.0,356.0,869.0,1217.0,472.0,563.0,311.0,1597.0,1165.0,319.0,1525.0,771.0,281.0,427.0,542.0,1540.0,551.0,226.0,1295.0,1791.0,446.0,1510.0,996.0,1407.0,465.0,195.0,304.0,1431.0,873.0,1677.0,329.0,257.0,676.0,1666.0,654.0,425.0,960.0,301.0,1410.0,538.0,00000000000000000faf,123.939674849238,C1211C05
547.0,2013.0,1215.0,372.0,360.0,1101.0,1026.0,310.0,280.0,1697.0,1627.0,479.0,693.0,1378.0,307.0,1719.0,1668.0,1041.0,1276.0,459.0,1773.0,260.0,417.0,826.0,1386.0,471.0,651.0,351.0,1794.0,1269.0,304.0,1652.0,808.0,326.0,491.0,614.0,1621.0,578.0,277.0,1319.0,1814.0,530.0,1615.0,1135.0,1517.0,534.0,247.0,312.0,1564.0,959.0,1757.0,452.0,334.0,806.0,1778.0,696.0,482.0,961.0,356.0,1481.0,547.0,00000000000000000fb0,292.362168260901,C1211F01
522.0,1948.0,1185.0,332.0,342.0,1030.0,946.0,278.0,267.0,1552.0,1552.0,445.0,647.0,1292.0,309.0,1672.0,1535.0,975.0,1173.0,425.0,1664.0,251.0,376.0,821.0,1243.0,464.0,590.0,331.0,1639.0,1173.0,302.0,1527.0,771.0,300.0,457.0,549.0,1546.0,553.0,250.0,1257.0,1736.0,494.0,1510.0,1035.0,1419.0,492.0,209.0,309.0,1439.0,869.0,1654.0,396.0,290.0,706.0,1665.0,652.0,457.0,946.0,315.0,1408.0,523.0,00000000000000000fb1,211.913237737597,C1211F03
546.0,2029.0,1235.0,340.0,369.0,1059.0,973.0,275.0,271.0,1612.0,1581.0,456.0,678.0,1334.0,328.0,1717.0,1584.0,1007.0,1224.0,440.0,1737.0,265.0,391.0,876.0,1257.0,488.0,623.0,346.0,1662.0,1218.0,325.0,1582.0,799.0,312.0,475.0,567.0,1591.0,578.0,253.0,1317.0,1816.0,504.0,1568.0,1054.0,1450.0,513.0,213.0,334.0,1475.0,898.0,1728.0,385.0,290.0,716.0,1718.0,679.0,470.0,991.0,329.0,1443.0,557.0,00000000000000000fb2,83.9407815603191,C1211F04
498.0,1897.0,1147.0,320.0,330.0,987.0,883.0,259.0,268.0,1482.0,1503.0,423.0,618.0,1246.0,299.0,1640.0,1484.0,939.0,1112.0,404.0,1611.0,246.0,360.0,784.0,1209.0,449.0,560.0,323.0,1592.0,1104.0,284.0,1451.0,743.0,293.0,445.0,521.0,1507.0,531.0,242.0,1222.0,1674.0,469.0,1447.0,975.0,1352.0,470.0,206.0,304.0,1387.0,825.0,1596.0,377.0,275.0,671.0,1627.0,635.0,449.0,920.0,300.0,1355.0,503.0,00000000000000000fb3,613.797563261913,C1211F05
526.0,1917.0,1174.0,297.0,332.0,979.0,913.0,241.0,245.0,1524.0,1482.0,432.0,639.0,1254.0,303.0,1633.0,1492.0,952.0,1141.0,419.0,1662.0,244.0,347.0,847.0,1186.0,463.0,547.0,304.0,1559.0,1131.0,313.0,1480.0,753.0,275.0,420.0,527.0,1505.0,538.0,221.0,1262.0,1748.0,436.0,1468.0,968.0,1369.0,452.0,191.0,298.0,1398.0,849.0,1635.0,322.0,250.0,657.0,1628.0,643.0,417.0,942.0,292.0,1376.0,525.0,00000000000000000fb4,164.931807879599,C1211F06
489.0,1836.0,1093.0,324.0,316.0,978.0,922.0,250.0,235.0,1479.0,1492.0,413.0,624.0,1219.0,285.0,1554.0,1481.0,929.0,1154.0,393.0,1606.0,223.0,346.0,764.0,1177.0,422.0,585.0,313.0,1577.0,1155.0,280.0,1455.0,715.0,279.0,438.0,525.0,1467.0,515.0,227.0,1173.0,1649.0,480.0,1427.0,1012.0,1387.0,469.0,190.0,291.0,1406.0,842.0,1564.0,396.0,279.0,699.0,1553.0,624.0,438.0,879.0,317.0,1348.0,485.0,00000000000000000fb5,180.344770097726,C1211F07
523.0,1909.0,1159.0,318.0,336.0,974.0,894.0,235.0,259.0,1502.0,1477.0,425.0,640.0,1231.0,308.0,1618.0,1477.0,949.0,1135.0,403.0,1628.0,248.0,358.0,835.0,1178.0,447.0,571.0,319.0,1548.0,1125.0,316.0,1452.0,751.0,286.0,440.0,523.0,1498.0,533.0,220.0,1241.0,1709.0,462.0,1451.0,954.0,1346.0,470.0,189.0,318.0,1376.0,834.0,1623.0,338.0,264.0,661.0,1632.0,643.0,440.0,938.0,297.0,1346.0,523.0,00000000000000000fb6,284.741948416961,C1211F08
509.0,1894.0,1140.0,334.0,333.0,1009.0,951.0,267.0,249.0,1529.0,1532.0,432.0,641.0,1261.0,298.0,1612.0,1521.0,957.0,1182.0,412.0,1652.0,237.0,362.0,797.0,1215.0,445.0,593.0,325.0,1620.0,1182.0,295.0,1508.0,746.0,291.0,450.0,545.0,1509.0,537.0,239.0,1217.0,1702.0,492.0,1480.0,1039.0,1421.0,483.0,202.0,303.0,1440.0,867.0,1618.0,406.0,289.0,714.0,1610.0,641.0,450.0,914.0,324.0,1387.0,507.0,00000000000000000fb7,96.9036228141864,C1211F09
520.0,1919.0,1156.0,365.0,339.0,1043.0,979.0,292.0,257.0,1618.0,1563.0,447.0,673.0,1294.0,291.0,1616.0,1595.0,987.0,1232.0,433.0,1698.0,241.0,392.0,798.0,1299.0,436.0,633.0,345.0,1701.0,1244.0,282.0,1576.0,762.0,312.0,476.0,592.0,1545.0,550.0,261.0,1247.0,1713.0,523.0,1536.0,1090.0,1461.0,510.0,226.0,303.0,1509.0,916.0,1677.0,440.0,322.0,784.0,1667.0,664.0,463.0,893.0,354.0,1413.0,517.0,00000000000000000fb8,236.218636196896,C1211F10
523.0,2012.0,1204.0,349.0,350.0,1064.0,952.0,278.0,278.0,1592.0,1595.0,450.0,668.0,1337.0,315.0,1728.0,1597.0,1007.0,1195.0,429.0,1707.0,256.0,390.0,814.0,1308.0,471.0,610.0,338.0,1708.0,1187.0,295.0,1550.0,792.0,315.0,478.0,557.0,1589.0,563.0,254.0,1293.0,1772.0,513.0,1549.0,1058.0,1442.0,505.0,213.0,315.0,1474.0,889.0,1693.0,418.0,299.0,734.0,1737.0,677.0,478.0,975.0,328.0,1436.0,530.0,00000000000000000fb9,191.118305251519,C1211F12
504.0,1952.0,1169.0,331.0,339.0,1019.0,904.0,268.0,273.0,1525.0,1535.0,436.0,635.0,1291.0,303.0,1681.0,1529.0,965.0,1133.0,415.0,1649.0,251.0,371.0,787.0,1260.0,465.0,571.0,326.0,1651.0,1122.0,284.0,1493.0,763.0,304.0,457.0,536.0,1535.0,544.0,251.0,1254.0,1710.0,482.0,1496.0,1005.0,1380.0,482.0,215.0,310.0,1414.0,850.0,1631.0,397.0,285.0,692.0,1680.0,651.0,457.0,944.0,308.0,1385.0,510.0,00000000000000000fba,334.827828523071,C1211F13
509.0,1850.0,1127.0,294.0,328.0,944.0,874.0,232.0,252.0,1458.0,1436.0,416.0,628.0,1193.0,300.0,1583.0,1434.0,921.0,1101.0,394.0,1589.0,243.0,339.0,810.0,1140.0,451.0,539.0,304.0,1504.0,1091.0,304.0,1412.0,725.0,272.0,416.0,506.0,1453.0,516.0,217.0,1210.0,1682.0,435.0,1415.0,932.0,1307.0,444.0,183.0,296.0,1345.0,808.0,1579.0,317.0,249.0,638.0,1585.0,626.0,416.0,911.0,282.0,1317.0,513.0,00000000000000000fbb,653.9130083753,C1211F14
581.0,2009.0,1298.0,374.0,362.0,1082.0,1045.0,314.0,271.0,1760.0,1599.0,506.0,693.0,1379.0,334.0,1696.0,1601.0,1011.0,1265.0,497.0,1829.0,284.0,406.0,937.0,1318.0,508.0,610.0,366.0,1690.0,1250.0,361.0,1681.0,826.0,318.0,489.0,622.0,1563.0,597.0,262.0,1377.0,1894.0,519.0,1651.0,1113.0,1560.0,500.0,241.0,332.0,1523.0,992.0,1774.0,408.0,314.0,743.0,1698.0,692.0,463.0,989.0,370.0,1478.0,574.0,00000000000000000fbc,61.4815632933124,C1211F15
543.0,2029.0,1222.0,363.0,360.0,1091.0,1006.0,312.0,283.0,1670.0,1615.0,480.0,685.0,1365.0,317.0,1735.0,1642.0,1040.0,1239.0,461.0,1758.0,263.0,407.0,826.0,1369.0,485.0,629.0,348.0,1782.0,1225.0,308.0,1636.0,817.0,331.0,482.0,600.0,1615.0,577.0,278.0,1313.0,1806.0,520.0,1591.0,1113.0,1491.0,520.0,242.0,318.0,1529.0,939.0,1740.0,443.0,326.0,775.0,1770.0,696.0,482.0,968.0,345.0,1463.0,539.0,00000000000000000fbd,162.322615834704,C1211F16
518.0,1951.0,1179.0,316.0,339.0,989.0,903.0,252.0,267.0,1513.0,1511.0,421.0,649.0,1258.0,306.0,1656.0,1502.0,962.0,1149.0,409.0,1642.0,247.0,361.0,833.0,1198.0,461.0,576.0,326.0,1595.0,1133.0,306.0,1474.0,760.0,285.0,441.0,526.0,1530.0,545.0,230.0,1243.0,1729.0,473.0,1480.0,971.0,1363.0,478.0,190.0,307.0,1402.0,833.0,1643.0,349.0,264.0,680.0,1659.0,652.0,449.0,951.0,296.0,1372.0,526.0,00000000000000000fbe,154.621025992378,C1211F17
527.0,1995.0,1203.0,350.0,357.0,1070.0,976.0,290.0,277.0,1615.0,1603.0,459.0,669.0,1340.0,314.0,1716.0,1601.0,1004.0,1207.0,439.0,1716.0,255.0,391.0,817.0,1316.0,477.0,610.0,339.0,1718.0,1203.0,298.0,1571.0,792.0,315.0,475.0,569.0,1585.0,564.0,262.0,1290.0,1770.0,514.0,1566.0,1075.0,1465.0,505.0,220.0,316.0,1500.0,901.0,1699.0,428.0,309.0,743.0,1728.0,671.0,475.0,971.0,332.0,1444.0,528.0,00000000000000000fc0,249.558054736614,C1211F19
548.0,2040.0,1248.0,346.0,367.0,1046.0,952.0,279.0,287.0,1594.0,1597.0,451.0,674.0,1334.0,336.0,1760.0,1594.0,1023.0,1198.0,429.0,1724.0,272.0,392.0,873.0,1280.0,482.0,617.0,348.0,1684.0,1189.0,320.0,1563.0,800.0,315.0,476.0,556.0,1610.0,573.0,258.0,1317.0,1807.0,504.0,1549.0,1036.0,1428.0,515.0,213.0,334.0,1469.0,886.0,1735.0,394.0,292.0,718.0,1756.0,682.0,488.0,1001.0,325.0,1443.0,554.0,00000000000000000fc1,165.108601447303,C1211F20
489.0,1805.0,1088.0,293.0,309.0,924.0,854.0,218.0,237.0,1415.0,1406.0,386.0,603.0,1159.0,285.0,1526.0,1394.0,889.0,1088.0,376.0,1541.0,226.0,330.0,785.0,1091.0,420.0,543.0,304.0,1469.0,1081.0,287.0,1381.0,701.0,264.0,407.0,492.0,1430.0,502.0,204.0,1156.0,1617.0,432.0,1365.0,915.0,1288.0,438.0,170.0,293.0,1313.0,778.0,1528.0,314.0,243.0,630.0,1521.0,602.0,407.0,872.0,282.0,1291.0,492.0,00000000000000000fc2,363.204640416003,C1211F21
547.0,2056.0,1243.0,365.0,362.0,1107.0,1029.0,313.0,282.0,1693.0,1643.0,487.0,696.0,1371.0,320.0,1763.0,1670.0,1046.0,1261.0,467.0,1784.0,261.0,411.0,841.0,1380.0,487.0,637.0,355.0,1804.0,1251.0,314.0,1663.0,821.0,330.0,487.0,608.0,1634.0,588.0,280.0,1331.0,1832.0,528.0,1607.0,1135.0,1526.0,529.0,240.0,323.0,1556.0,949.0,1770.0,447.0,329.0,785.0,1790.0,705.0,487.0,977.0,350.0,1487.0,549.0,00000000000000000fc3,224.41851410552,C1211F22
562.0,2112.0,1291.0,365.0,378.0,1118.0,1002.0,316.0,310.0,1689.0,1664.0,499.0,703.0,1420.0,336.0,1834.0,1669.0,1072.0,1242.0,470.0,1796.0,279.0,416.0,866.0,1406.0,514.0,622.0,356.0,1821.0,1208.0,319.0,1651.0,853.0,344.0,496.0,604.0,1664.0,605.0,286.0,1389.0,1880.0,535.0,1635.0,1108.0,1499.0,534.0,247.0,335.0,1530.0,943.0,1782.0,443.0,324.0,763.0,1856.0,714.0,505.0,1027.0,344.0,1499.0,566.0,00000000000000000fc4,89.3813350300763,C1211F23
528.0,1930.0,1172.0,308.0,340.0,984.0,913.0,242.0,258.0,1523.0,1493.0,430.0,649.0,1254.0,312.0,1637.0,1497.0,962.0,1152.0,411.0,1652.0,250.0,356.0,849.0,1189.0,461.0,571.0,317.0,1565.0,1141.0,314.0,1474.0,761.0,282.0,432.0,529.0,1516.0,540.0,227.0,1261.0,1741.0,454.0,1468.0,972.0,1364.0,469.0,193.0,308.0,1400.0,848.0,1639.0,333.0,261.0,671.0,1643.0,648.0,432.0,951.0,296.0,1372.0,529.0,00000000000000000fc5,96.2295068931458,C1211P01
582.0,1925.0,1297.0,425.0,373.0,1045.0,1018.0,325.0,267.0,1738.0,1609.0,502.0,683.0,1325.0,319.0,1583.0,1545.0,961.0,1212.0,492.0,1746.0,290.0,423.0,905.0,1281.0,483.0,684.0,413.0,1671.0,1209.0,325.0,1629.0,796.0,328.0,494.0,654.0,1526.0,607.0,257.0,1294.0,1761.0,542.0,1600.0,1101.0,1584.0,508.0,258.0,330.0,1480.0,996.0,1704.0,422.0,337.0,778.0,1585.0,692.0,462.0,945.0,409.0,1399.0,569.0,00000000000000000fc6,418.261408619395,C1211P02
602.0,1999.0,1338.0,425.0,381.0,1083.0,1047.0,336.0,275.0,1800.0,1640.0,525.0,703.0,1380.0,340.0,1655.0,1609.0,1007.0,1255.0,511.0,1808.0,297.0,433.0,938.0,1334.0,510.0,691.0,406.0,1725.0,1250.0,344.0,1697.0,829.0,338.0,504.0,665.0,1567.0,618.0,268.0,1363.0,1835.0,542.0,1660.0,1133.0,1609.0,523.0,262.0,337.0,1525.0,1020.0,1780.0,431.0,344.0,791.0,1668.0,716.0,471.0,978.0,411.0,1458.0,591.0,00000000000000000fc7,64.0914780350748,C1211P03
553.0,1927.0,1227.0,388.0,353.0,1041.0,1003.0,315.0,257.0,1662.0,1581.0,467.0,670.0,1294.0,310.0,1606.0,1561.0,969.0,1218.0,464.0,1720.0,267.0,401.0,860.0,1276.0,457.0,621.0,377.0,1664.0,1243.0,311.0,1602.0,771.0,317.0,468.0,621.0,1523.0,576.0,257.0,1275.0,1761.0,515.0,1548.0,1097.0,1519.0,505.0,233.0,319.0,1494.0,942.0,1697.0,416.0,324.0,770.0,1616.0,672.0,446.0,905.0,377.0,1426.0,555.0,00000000000000000fc8,61.9459346564011,C1211P04
518.0,1920.0,1156.0,356.0,331.0,1037.0,980.0,286.0,262.0,1583.0,1569.0,442.0,662.0,1284.0,301.0,1633.0,1586.0,987.0,1221.0,431.0,1695.0,241.0,385.0,797.0,1287.0,432.0,623.0,345.0,1693.0,1220.0,284.0,1552.0,761.0,311.0,468.0,576.0,1547.0,552.0,259.0,1242.0,1730.0,514.0,1512.0,1083.0,1469.0,507.0,219.0,303.0,1497.0,903.0,1658.0,432.0,315.0,765.0,1660.0,669.0,464.0,903.0,347.0,1415.0,517.0,00000000000000000fc9,38.0727960504675,C1211P05
499.0,1786.0,1116.0,279.0,324.0,919.0,850.0,226.0,239.0,1416.0,1384.0,415.0,617.0,1159.0,302.0,1564.0,1405.0,893.0,1063.0,394.0,1553.0,234.0,330.0,787.0,1126.0,441.0,512.0,285.0,1479.0,1057.0,311.0,1398.0,701.0,267.0,400.0,489.0,1408.0,509.0,206.0,1188.0,1652.0,415.0,1388.0,900.0,1270.0,428.0,178.0,284.0,1313.0,774.0,1558.0,301.0,237.0,612.0,1554.0,614.0,404.0,883.0,277.0,1289.0,509.0,00000000000000000fca,231.160835457904,C1211W02
527.0,1917.0,1170.0,303.0,339.0,980.0,911.0,244.0,256.0,1519.0,1483.0,433.0,645.0,1251.0,311.0,1635.0,1490.0,957.0,1142.0,414.0,1653.0,250.0,353.0,846.0,1187.0,463.0,558.0,313.0,1561.0,1132.0,314.0,1473.0,757.0,279.0,423.0,528.0,1507.0,539.0,226.0,1260.0,1744.0,442.0,1467.0,968.0,1361.0,460.0,195.0,304.0,1397.0,845.0,1634.0,326.0,257.0,663.0,1635.0,644.0,423.0,946.0,293.0,1371.0,529.0,00000000000000000fcb,71.3051864290236,C1211W05
508.0,1752.0,1139.0,260.0,335.0,905.0,842.0,225.0,239.0,1438.0,1314.0,428.0,608.0,1155.0,305.0,1584.0,1380.0,870.0,1007.0,409.0,1565.0,247.0,335.0,783.0,1151.0,434.0,481.0,269.0,1492.0,1020.0,351.0,1428.0,701.0,257.0,415.0,473.0,1362.0,500.0,209.0,1219.0,1687.0,417.0,1418.0,876.0,1245.0,413.0,179.0,288.0,1284.0,750.0,1586.0,303.0,242.0,567.0,1576.0,598.0,416.0,865.0,276.0,1274.0,509.0,00000000000000000fcc,169.223539932519,C1211W06
560.0,1758.0,1192.0,283.0,360.0,910.0,847.0,250.0,272.0,1445.0,1300.0,482.0,628.0,1203.0,324.0,1601.0,1417.0,930.0,994.0,463.0,1563.0,272.0,352.0,843.0,1203.0,492.0,489.0,293.0,1515.0,1020.0,379.0,1452.0,767.0,284.0,442.0,501.0,1346.0,526.0,230.0,1261.0,1685.0,442.0,1450.0,883.0,1223.0,425.0,207.0,312.0,1260.0,805.0,1606.0,332.0,265.0,584.0,1599.0,639.0,444.0,930.0,286.0,1258.0,535.0,00000000000000000fce,183.314339231466,C1211W08
513.0,1588.0,1125.0,233.0,342.0,854.0,808.0,212.0,233.0,1382.0,1173.0,443.0,596.0,1096.0,337.0,1550.0,1274.0,818.0,892.0,432.0,1501.0,255.0,324.0,769.0,1145.0,423.0,416.0,244.0,1425.0,920.0,386.0,1402.0,684.0,264.0,397.0,460.0,1241.0,487.0,201.0,1185.0,1656.0,397.0,1402.0,808.0,1193.0,370.0,159.0,307.0,1202.0,722.0,1518.0,250.0,243.0,506.0,1508.0,574.0,396.0,826.0,275.0,1232.0,506.0,00000000000000000fcf,70.5359125064692,C1211X01
508.0,1583.0,1123.0,231.0,339.0,849.0,803.0,211.0,232.0,1375.0,1169.0,440.0,590.0,1092.0,339.0,1549.0,1267.0,813.0,886.0,430.0,1497.0,254.0,320.0,764.0,1141.0,421.0,410.0,243.0,1425.0,913.0,386.0,1397.0,681.0,265.0,396.0,455.0,1237.0,482.0,202.0,1179.0,1652.0,395.0,1399.0,803.0,1191.0,366.0,159.0,306.0,1198.0,718.0,1510.0,248.0,244.0,500.0,1502.0,569.0,395.0,821.0,276.0,1229.0,500.0,00000000000000000fd0,190.728878055877,C1211X02
602.0,1998.0,1353.0,426.0,383.0,1085.0,1053.0,344.0,283.0,1816.0,1636.0,532.0,702.0,1392.0,346.0,1659.0,1603.0,1009.0,1248.0,521.0,1821.0,307.0,439.0,950.0,1339.0,521.0,690.0,407.0,1722.0,1240.0,355.0,1710.0,838.0,343.0,507.0,665.0,1561.0,622.0,275.0,1375.0,1846.0,542.0,1676.0,1130.0,1615.0,520.0,269.0,342.0,1521.0,1033.0,1786.0,431.0,344.0,781.0,1675.0,715.0,470.0,989.0,415.0,1459.0,596.0,00000000000000000fd1,51.4197454162873,C1212C01
622.0,1997.0,1430.0,479.0,431.0,1146.0,1147.0,383.0,282.0,1874.0,1776.0,514.0,748.0,1393.0,346.0,1635.0,1547.0,914.0,1309.0,534.0,1995.0,313.0,499.0,925.0,1295.0,514.0,795.0,458.0,1869.0,1244.0,354.0,1729.0,827.0,356.0,550.0,748.0,1647.0,692.0,268.0,1286.0,1879.0,609.0,1767.0,1251.0,1776.0,575.0,323.0,354.0,1590.0,1081.0,1758.0,443.0,365.0,843.0,1594.0,731.0,511.0,982.0,454.0,1386.0,653.0,00000000000000000fd2,94.1369122022582,C1212C04
606.0,1997.0,1407.0,481.0,422.0,1135.0,1126.0,373.0,283.0,1865.0,1751.0,509.0,738.0,1378.0,338.0,1644.0,1545.0,923.0,1297.0,516.0,1933.0,316.0,492.0,922.0,1310.0,506.0,786.0,460.0,1827.0,1253.0,351.0,1717.0,814.0,348.0,549.0,738.0,1624.0,690.0,268.0,1292.0,1858.0,602.0,1735.0,1221.0,1759.0,571.0,313.0,347.0,1565.0,1066.0,1739.0,451.0,358.0,844.0,1601.0,725.0,502.0,971.0,447.0,1400.0,633.0,00000000000000000fd3,72.7609131258356,C1212C06
557.0,1884.0,1238.0,415.0,360.0,1017.0,986.0,310.0,254.0,1661.0,1576.0,469.0,668.0,1286.0,310.0,1553.0,1521.0,938.0,1203.0,464.0,1696.0,275.0,411.0,860.0,1248.0,456.0,682.0,394.0,1644.0,1210.0,298.0,1579.0,761.0,317.0,473.0,635.0,1506.0,593.0,245.0,1246.0,1710.0,520.0,1547.0,1080.0,1543.0,504.0,251.0,318.0,1467.0,952.0,1652.0,411.0,328.0,781.0,1552.0,669.0,444.0,906.0,391.0,1383.0,556.0,00000000000000000fd4,119.442380801308,C1212F01
527.0,1923.0,1178.0,364.0,345.0,1045.0,990.0,294.0,254.0,1613.0,1566.0,453.0,670.0,1292.0,299.0,1621.0,1589.0,983.0,1234.0,439.0,1704.0,247.0,387.0,822.0,1284.0,446.0,624.0,350.0,1685.0,1250.0,294.0,1575.0,765.0,305.0,468.0,592.0,1533.0,555.0,255.0,1258.0,1731.0,517.0,1539.0,1093.0,1474.0,507.0,224.0,304.0,1497.0,918.0,1679.0,434.0,314.0,766.0,1650.0,662.0,459.0,909.0,358.0,1417.0,530.0,00000000000000000fd5,135.70794431557,C1212F02
600.0,2103.0,1334.0,358.0,398.0,1064.0,971.0,319.0,320.0,1665.0,1589.0,518.0,705.0,1398.0,338.0,1848.0,1643.0,1062.0,1197.0,489.0,1791.0,299.0,416.0,926.0,1361.0,540.0,601.0,367.0,1772.0,1197.0,350.0,1631.0,860.0,326.0,499.0,598.0,1595.0,612.0,278.0,1397.0,1862.0,514.0,1628.0,1045.0,1416.0,524.0,251.0,348.0,1460.0,929.0,1813.0,417.0,307.0,733.0,1852.0,720.0,510.0,1048.0,329.0,1436.0,594.0,00000000000000000fd6,590.801848236909,C1212F03
546.0,1941.0,1224.0,387.0,359.0,1058.0,1004.0,310.0,247.0,1680.0,1589.0,462.0,675.0,1311.0,305.0,1613.0,1595.0,987.0,1249.0,453.0,1719.0,256.0,403.0,852.0,1301.0,444.0,659.0,367.0,1687.0,1279.0,297.0,1625.0,773.0,315.0,479.0,623.0,1546.0,573.0,251.0,1282.0,1757.0,531.0,1568.0,1116.0,1519.0,515.0,233.0,312.0,1509.0,949.0,1715.0,429.0,326.0,792.0,1639.0,669.0,460.0,909.0,378.0,1425.0,547.0,00000000000000000fd8,161.264974507465,C1212F05
541.0,1905.0,1199.0,370.0,346.0,1027.0,984.0,302.0,251.0,1640.0,1552.0,470.0,662.0,1284.0,306.0,1587.0,1529.0,950.0,1201.0,455.0,1699.0,260.0,386.0,847.0,1243.0,460.0,604.0,359.0,1640.0,1220.0,304.0,1570.0,761.0,307.0,458.0,601.0,1501.0,570.0,249.0,1253.0,1738.0,505.0,1536.0,1075.0,1488.0,486.0,228.0,309.0,1466.0,923.0,1664.0,408.0,315.0,749.0,1586.0,656.0,437.0,898.0,365.0,1398.0,543.0,00000000000000000fd9,303.166777869436,C1212F06
525.0,1942.0,1165.0,365.0,342.0,1055.0,991.0,294.0,267.0,1628.0,1581.0,455.0,673.0,1314.0,299.0,1651.0,1609.0,998.0,1234.0,438.0,1714.0,250.0,400.0,796.0,1323.0,445.0,634.0,347.0,1728.0,1234.0,287.0,1584.0,772.0,316.0,473.0,590.0,1565.0,555.0,266.0,1261.0,1744.0,519.0,1550.0,1098.0,1475.0,518.0,232.0,308.0,1521.0,919.0,1689.0,435.0,324.0,781.0,1696.0,672.0,465.0,915.0,351.0,1433.0,525.0,00000000000000000fda,170.7584813153,C1212F07
619.0,2010.0,1431.0,477.0,434.0,1139.0,1145.0,386.0,283.0,1882.0,1777.0,514.0,746.0,1402.0,345.0,1656.0,1551.0,921.0,1310.0,532.0,1983.0,313.0,510.0,936.0,1310.0,514.0,803.0,456.0,1875.0,1255.0,353.0,1734.0,836.0,356.0,552.0,746.0,1641.0,699.0,276.0,1298.0,1880.0,609.0,1769.0,1242.0,1780.0,581.0,322.0,352.0,1589.0,1092.0,1760.0,453.0,366.0,851.0,1608.0,729.0,510.0,986.0,455.0,1398.0,649.0,00000000000000000fdb,86.5748315414037,C1212F08
616.0,1994.0,1416.0,480.0,418.0,1127.0,1120.0,369.0,283.0,1863.0,1740.0,525.0,739.0,1380.0,339.0,1630.0,1540.0,929.0,1282.0,528.0,1942.0,321.0,487.0,932.0,1304.0,515.0,774.0,462.0,1828.0,1238.0,353.0,1714.0,827.0,349.0,545.0,732.0,1612.0,684.0,270.0,1297.0,1862.0,602.0,1739.0,1217.0,1741.0,565.0,314.0,355.0,1556.0,1073.0,1745.0,443.0,359.0,836.0,1594.0,731.0,505.0,981.0,448.0,1390.0,638.0,00000000000000000fdc,197.071116795122,C1212F10
610.0,1974.0,1398.0,476.0,415.0,1112.0,1104.0,365.0,281.0,1840.0,1723.0,521.0,730.0,1364.0,337.0,1613.0,1524.0,922.0,1264.0,522.0,1906.0,321.0,482.0,923.0,1292.0,511.0,765.0,456.0,1800.0,1224.0,347.0,1694.0,817.0,346.0,532.0,721.0,1599.0,673.0,267.0,1286.0,1839.0,589.0,1715.0,1198.0,1723.0,560.0,310.0,353.0,1540.0,1060.0,1727.0,433.0,355.0,825.0,1580.0,725.0,493.0,972.0,444.0,1384.0,627.0,00000000000000000fdd,198.751390044266,C1212F11
674.0,2273.0,1452.0,467.0,457.0,1168.0,1043.0,387.0,418.0,1803.0,1694.0,604.0,792.0,1545.0,419.0,1987.0,1805.0,1203.0,1283.0,579.0,1930.0,387.0,490.0,1019.0,1528.0,632.0,690.0,467.0,1937.0,1251.0,419.0,1758.0,984.0,423.0,599.0,681.0,1698.0,697.0,371.0,1541.0,2005.0,632.0,1742.0,1143.0,1522.0,610.0,342.0,433.0,1561.0,1071.0,1923.0,534.0,402.0,836.0,1998.0,824.0,607.0,1178.0,423.0,1532.0,663.0,00000000000000000fde,321.306767074278,C1212F12
598.0,1974.0,1388.0,468.0,413.0,1115.0,1108.0,365.0,279.0,1821.0,1725.0,506.0,726.0,1362.0,338.0,1628.0,1530.0,916.0,1274.0,510.0,1899.0,311.0,481.0,912.0,1295.0,500.0,768.0,448.0,1800.0,1237.0,344.0,1689.0,805.0,347.0,535.0,728.0,1604.0,680.0,267.0,1278.0,1833.0,589.0,1704.0,1199.0,1730.0,560.0,303.0,342.0,1545.0,1050.0,1714.0,444.0,357.0,833.0,1578.0,717.0,492.0,960.0,447.0,1387.0,624.0,00000000000000000fdf,135.090800908278,C1212F13
562.0,1870.0,1244.0,424.0,369.0,1015.0,994.0,318.0,258.0,1659.0,1587.0,464.0,685.0,1280.0,314.0,1538.0,1512.0,931.0,1193.0,469.0,1695.0,280.0,420.0,865.0,1248.0,459.0,693.0,404.0,1641.0,1200.0,301.0,1574.0,764.0,324.0,482.0,648.0,1499.0,598.0,249.0,1243.0,1698.0,533.0,1546.0,1080.0,1558.0,510.0,256.0,324.0,1465.0,969.0,1644.0,419.0,334.0,786.0,1542.0,675.0,451.0,912.0,409.0,1369.0,558.0,00000000000000000fe0,46.5795779084941,C1212P01
543.0,1923.0,1226.0,402.0,362.0,1043.0,1005.0,312.0,256.0,1680.0,1593.0,460.0,679.0,1309.0,304.0,1588.0,1560.0,959.0,1232.0,451.0,1723.0,258.0,413.0,853.0,1272.0,450.0,684.0,380.0,1675.0,1259.0,294.0,1613.0,764.0,314.0,484.0,640.0,1542.0,581.0,251.0,1253.0,1741.0,534.0,1574.0,1109.0,1545.0,513.0,245.0,312.0,1504.0,960.0,1690.0,433.0,325.0,799.0,1603.0,675.0,454.0,901.0,387.0,1408.0,551.0,00000000000000000fe1,67.2039292464896,C1212P02
554.0,1961.0,1241.0,386.0,358.0,1066.0,1025.0,319.0,263.0,1678.0,1602.0,467.0,680.0,1321.0,309.0,1646.0,1598.0,994.0,1253.0,465.0,1749.0,263.0,406.0,867.0,1304.0,456.0,626.0,366.0,1705.0,1276.0,316.0,1632.0,783.0,319.0,475.0,621.0,1547.0,581.0,260.0,1299.0,1778.0,524.0,1584.0,1122.0,1533.0,511.0,234.0,315.0,1517.0,954.0,1728.0,427.0,329.0,785.0,1654.0,673.0,457.0,916.0,376.0,1440.0,562.0,00000000000000000fe2,55.6581670901025,C1212P03
545.0,1998.0,1215.0,352.0,356.0,1065.0,1014.0,283.0,259.0,1631.0,1601.0,457.0,683.0,1337.0,317.0,1689.0,1618.0,1018.0,1270.0,437.0,1750.0,252.0,385.0,866.0,1273.0,471.0,644.0,351.0,1692.0,1269.0,318.0,1599.0,789.0,306.0,476.0,583.0,1578.0,576.0,249.0,1293.0,1811.0,521.0,1568.0,1103.0,1496.0,521.0,210.0,325.0,1509.0,930.0,1721.0,423.0,300.0,762.0,1688.0,680.0,475.0,974.0,347.0,1451.0,544.0,00000000000000000fe3,113.116815556625,C1212P06
547.0,1974.0,1216.0,379.0,357.0,1079.0,1015.0,306.0,259.0,1681.0,1607.0,466.0,693.0,1341.0,306.0,1655.0,1644.0,1019.0,1277.0,450.0,1747.0,249.0,408.0,855.0,1334.0,452.0,656.0,357.0,1733.0,1312.0,299.0,1643.0,796.0,318.0,489.0,618.0,1575.0,572.0,261.0,1295.0,1770.0,540.0,1598.0,1134.0,1513.0,525.0,237.0,313.0,1538.0,962.0,1744.0,451.0,330.0,804.0,1700.0,683.0,478.0,927.0,371.0,1445.0,545.0,00000000000000000fe4,147.040951418337,C1212P07
551.0,1945.0,1232.0,381.0,356.0,1055.0,1017.0,317.0,260.0,1667.0,1589.0,466.0,673.0,1309.0,307.0,1631.0,1578.0,980.0,1240.0,463.0,1736.0,261.0,402.0,860.0,1287.0,456.0,620.0,363.0,1688.0,1259.0,315.0,1616.0,775.0,316.0,470.0,616.0,1533.0,578.0,258.0,1288.0,1767.0,518.0,1571.0,1110.0,1523.0,505.0,231.0,312.0,1504.0,944.0,1711.0,422.0,325.0,776.0,1635.0,667.0,451.0,909.0,373.0,1429.0,558.0,00000000000000000fe5,116.298396022363,C1212P08
617.0,2017.0,1450.0,483.0,429.0,1150.0,1161.0,385.0,284.0,1899.0,1805.0,509.0,753.0,1417.0,340.0,1667.0,1559.0,917.0,1321.0,533.0,2007.0,313.0,511.0,925.0,1317.0,509.0,803.0,457.0,1894.0,1272.0,352.0,1755.0,825.0,356.0,562.0,757.0,1662.0,712.0,276.0,1293.0,1891.0,623.0,1794.0,1268.0,1804.0,583.0,325.0,351.0,1603.0,1097.0,1764.0,464.0,370.0,860.0,1610.0,731.0,522.0,986.0,453.0,1394.0,660.0,00000000000000000fe6,112.375481941304,C1212P09
513.0,1904.0,1151.0,332.0,335.0,1013.0,956.0,270.0,249.0,1537.0,1536.0,436.0,643.0,1268.0,298.0,1623.0,1525.0,960.0,1185.0,416.0,1658.0,238.0,364.0,803.0,1220.0,449.0,590.0,324.0,1625.0,1185.0,297.0,1517.0,750.0,290.0,448.0,549.0,1514.0,542.0,240.0,1226.0,1712.0,490.0,1488.0,1042.0,1424.0,483.0,202.0,303.0,1442.0,869.0,1627.0,404.0,288.0,715.0,1619.0,643.0,448.0,918.0,322.0,1392.0,512.0,00000000000000000fe7,244.467570353416,C1212W04
606.0,1995.0,1407.0,481.0,421.0,1131.0,1123.0,372.0,284.0,1858.0,1747.0,510.0,736.0,1378.0,338.0,1642.0,1546.0,925.0,1293.0,516.0,1927.0,317.0,490.0,923.0,1310.0,506.0,783.0,460.0,1823.0,1251.0,348.0,1714.0,815.0,347.0,544.0,736.0,1621.0,688.0,268.0,1293.0,1855.0,597.0,1731.0,1218.0,1753.0,569.0,313.0,349.0,1562.0,1066.0,1737.0,448.0,357.0,842.0,1599.0,725.0,498.0,972.0,447.0,1399.0,632.0,00000000000000000fe8,137.707421743152,C1212W05
650.0,2261.0,1426.0,443.0,442.0,1174.0,1046.0,369.0,388.0,1799.0,1704.0,583.0,782.0,1536.0,400.0,1965.0,1791.0,1183.0,1291.0,555.0,1915.0,360.0,482.0,980.0,1532.0,607.0,688.0,442.0,1930.0,1256.0,393.0,1741.0,966.0,407.0,587.0,668.0,1711.0,677.0,354.0,1525.0,1993.0,621.0,1737.0,1153.0,1534.0,605.0,315.0,412.0,1574.0,1058.0,1894.0,522.0,386.0,834.0,1978.0,805.0,591.0,1153.0,407.0,1544.0,630.0,00000000000000000fe9,562.189813464824,C1212W06
565.0,1962.0,1246.0,369.0,354.0,1062.0,1027.0,302.0,262.0,1697.0,1577.0,487.0,683.0,1328.0,326.0,1657.0,1569.0,984.0,1253.0,476.0,1771.0,271.0,393.0,895.0,1269.0,483.0,609.0,361.0,1661.0,1247.0,342.0,1624.0,790.0,314.0,474.0,602.0,1540.0,584.0,256.0,1316.0,1832.0,512.0,1594.0,1098.0,1523.0,493.0,230.0,331.0,1498.0,946.0,1721.0,410.0,306.0,739.0,1649.0,676.0,454.0,942.0,363.0,1446.0,562.0,00000000000000000fea,375.875422341269,C1212W08
560.0,2085.0,1269.0,348.0,381.0,1097.0,1014.0,296.0,279.0,1654.0,1631.0,468.0,699.0,1377.0,338.0,1770.0,1637.0,1039.0,1268.0,452.0,1783.0,267.0,405.0,895.0,1303.0,493.0,645.0,354.0,1726.0,1260.0,327.0,1635.0,827.0,321.0,483.0,588.0,1634.0,598.0,271.0,1345.0,1859.0,525.0,1616.0,1100.0,1500.0,534.0,221.0,335.0,1523.0,929.0,1772.0,410.0,306.0,755.0,1762.0,694.0,489.0,1014.0,345.0,1484.0,570.0,00000000000000000fec,118.939811805294,C1212X01
623.0,2020.0,1388.0,436.0,395.0,1110.0,1073.0,357.0,292.0,1870.0,1655.0,552.0,715.0,1429.0,355.0,1678.0,1631.0,1029.0,1273.0,543.0,1849.0,320.0,451.0,979.0,1369.0,543.0,704.0,417.0,1748.0,1264.0,372.0,1749.0,860.0,354.0,529.0,684.0,1576.0,638.0,288.0,1399.0,1869.0,568.0,1720.0,1158.0,1645.0,526.0,282.0,350.0,1536.0,1069.0,1813.0,451.0,354.0,799.0,1710.0,732.0,491.0,1020.0,431.0,1468.0,609.0,00000000000000000fed,90.7158899949862,C1212X02
622.0,2152.0,1499.0,524.0,433.0,1231.0,1237.0,445.0,323.0,2020.0,1897.0,494.0,775.0,1591.0,340.0,1806.0,1698.0,981.0,1445.0,524.0,2132.0,338.0,572.0,938.0,1470.0,491.0,845.0,484.0,2041.0,1483.0,313.0,1907.0,874.0,389.0,584.0,824.0,1834.0,771.0,342.0,1353.0,1959.0,638.0,1902.0,1373.0,1864.0,602.0,358.0,368.0,1725.0,1135.0,1854.0,541.0,447.0,970.0,1817.0,759.0,541.0,1015.0,496.0,1495.0,731.0,00000000000000000fee,71.4230076828228,C1302C01
575.0,2133.0,1295.0,411.0,395.0,1170.0,1112.0,366.0,299.0,1829.0,1700.0,491.0,759.0,1473.0,313.0,1799.0,1772.0,1075.0,1374.0,489.0,1903.0,279.0,468.0,898.0,1475.0,485.0,705.0,386.0,1910.0,1392.0,297.0,1781.0,876.0,356.0,529.0,712.0,1733.0,637.0,308.0,1385.0,1879.0,564.0,1735.0,1226.0,1617.0,564.0,282.0,331.0,1645.0,1030.0,1855.0,491.0,374.0,908.0,1864.0,721.0,508.0,988.0,397.0,1511.0,604.0,00000000000000000fef,88.8730618566289,C1302C02
629.0,2070.0,1519.0,512.0,438.0,1194.0,1211.0,412.0,303.0,1979.0,1906.0,514.0,759.0,1491.0,348.0,1735.0,1596.0,943.0,1383.0,544.0,2109.0,324.0,555.0,926.0,1387.0,504.0,837.0,477.0,1981.0,1372.0,343.0,1853.0,819.0,372.0,582.0,791.0,1735.0,759.0,302.0,1302.0,1957.0,664.0,1884.0,1340.0,1878.0,605.0,342.0,362.0,1681.0,1137.0,1811.0,507.0,412.0,916.0,1673.0,758.0,544.0,1020.0,482.0,1429.0,695.0,00000000000000000ff0,195.872809762651,C1302C04
684.0,2202.0,1665.0,563.0,502.0,1347.0,1342.0,494.0,344.0,2152.0,2076.0,550.0,830.0,1645.0,392.0,1861.0,1657.0,1011.0,1509.0,591.0,2332.0,373.0,654.0,973.0,1506.0,532.0,923.0,513.0,2154.0,1534.0,362.0,2060.0,865.0,434.0,623.0,880.0,1891.0,871.0,373.0,1385.0,2144.0,721.0,2083.0,1501.0,1983.0,679.0,393.0,405.0,1842.0,1211.0,1959.0,568.0,504.0,1017.0,1821.0,824.0,590.0,1101.0,548.0,1570.0,821.0,00000000000000000ff1,99.1092946960826,C1302C05
664.0,2157.0,1611.0,540.0,481.0,1312.0,1298.0,460.0,319.0,2072.0,2025.0,540.0,813.0,1560.0,375.0,1814.0,1614.0,975.0,1466.0,578.0,2270.0,349.0,615.0,956.0,1451.0,522.0,887.0,500.0,2094.0,1460.0,357.0,1987.0,827.0,412.0,602.0,854.0,1831.0,839.0,334.0,1346.0,2091.0,699.0,2012.0,1445.0,1949.0,655.0,369.0,389.0,1791.0,1177.0,1911.0,528.0,469.0,991.0,1741.0,802.0,562.0,1071.0,520.0,1516.0,780.0,00000000000000000ff2,134.367616179947,C1302F01
689.0,2215.0,1678.0,569.0,509.0,1362.0,1357.0,501.0,348.0,2173.0,2094.0,553.0,839.0,1658.0,394.0,1873.0,1668.0,1020.0,1526.0,595.0,2347.0,377.0,663.0,982.0,1519.0,535.0,935.0,518.0,2168.0,1552.0,367.0,2080.0,872.0,436.0,631.0,890.0,1908.0,881.0,375.0,1395.0,2157.0,730.0,2103.0,1518.0,2000.0,688.0,397.0,410.0,1860.0,1222.0,1978.0,574.0,508.0,1030.0,1838.0,829.0,597.0,1111.0,550.0,1585.0,832.0,00000000000000000ff3,138.08870576549,C1302F02
593.0,1995.0,1431.0,534.0,409.0,1153.0,1164.0,425.0,309.0,1913.0,1825.0,455.0,729.0,1494.0,331.0,1660.0,1555.0,896.0,1363.0,485.0,2030.0,329.0,559.0,867.0,1351.0,445.0,834.0,484.0,1920.0,1401.0,294.0,1799.0,796.0,382.0,557.0,789.0,1728.0,748.0,325.0,1234.0,1847.0,622.0,1797.0,1312.0,1780.0,578.0,354.0,360.0,1632.0,1075.0,1713.0,517.0,445.0,923.0,1675.0,729.0,527.0,952.0,502.0,1396.0,713.0,00000000000000000ff4,117.563492300741,C1302F03
646.0,2249.0,1543.0,521.0,457.0,1288.0,1283.0,466.0,340.0,2106.0,1947.0,524.0,809.0,1659.0,351.0,1904.0,1795.0,1047.0,1506.0,547.0,2195.0,349.0,586.0,985.0,1554.0,519.0,854.0,478.0,2126.0,1557.0,331.0,1999.0,933.0,402.0,591.0,855.0,1909.0,793.0,360.0,1434.0,2040.0,642.0,1975.0,1422.0,1904.0,623.0,368.0,378.0,1793.0,1169.0,1958.0,554.0,453.0,1007.0,1934.0,778.0,554.0,1056.0,495.0,1585.0,756.0,00000000000000000ff5,89.7168611337593,C1302F04
648.0,2130.0,1589.0,546.0,465.0,1257.0,1266.0,466.0,330.0,2045.0,1968.0,522.0,777.0,1594.0,375.0,1807.0,1637.0,974.0,1443.0,552.0,2193.0,358.0,599.0,946.0,1459.0,513.0,873.0,498.0,2078.0,1463.0,352.0,1956.0,852.0,406.0,595.0,833.0,1823.0,812.0,348.0,1353.0,2019.0,681.0,1973.0,1411.0,1920.0,636.0,378.0,388.0,1752.0,1164.0,1864.0,547.0,463.0,956.0,1785.0,783.0,566.0,1049.0,519.0,1505.0,765.0,00000000000000000ff6,89.3327203406546,C1302F05
618.0,2026.0,1511.0,564.0,447.0,1241.0,1232.0,458.0,333.0,1978.0,1924.0,484.0,774.0,1534.0,355.0,1675.0,1545.0,929.0,1424.0,514.0,2119.0,361.0,599.0,891.0,1394.0,465.0,870.0,505.0,1968.0,1453.0,310.0,1874.0,805.0,404.0,574.0,840.0,1774.0,811.0,346.0,1251.0,1929.0,648.0,1891.0,1402.0,1829.0,617.0,383.0,392.0,1704.0,1126.0,1762.0,527.0,473.0,966.0,1689.0,761.0,536.0,1003.0,520.0,1452.0,783.0,00000000000000000ff7,86.5157230395777,C1302P01
614.0,2165.0,1461.0,492.0,426.0,1215.0,1216.0,432.0,317.0,2002.0,1857.0,494.0,779.0,1571.0,338.0,1826.0,1724.0,1006.0,1431.0,517.0,2084.0,323.0,549.0,940.0,1480.0,493.0,819.0,456.0,2034.0,1485.0,312.0,1898.0,884.0,385.0,567.0,805.0,1816.0,743.0,338.0,1367.0,1948.0,613.0,1875.0,1346.0,1827.0,593.0,342.0,356.0,1714.0,1113.0,1872.0,528.0,429.0,958.0,1843.0,743.0,530.0,1003.0,473.0,1511.0,705.0,00000000000000000ff8,74.5630870921958,C1302P02
612.0,2199.0,1429.0,462.0,427.0,1226.0,1209.0,418.0,311.0,1983.0,1828.0,501.0,788.0,1561.0,328.0,1863.0,1783.0,1048.0,1439.0,516.0,2059.0,308.0,521.0,956.0,1515.0,501.0,781.0,425.0,2037.0,1493.0,311.0,1898.0,910.0,372.0,552.0,791.0,1826.0,717.0,328.0,1407.0,1958.0,586.0,1864.0,1329.0,1786.0,583.0,326.0,348.0,1733.0,1097.0,1910.0,517.0,407.0,957.0,1902.0,732.0,517.0,1006.0,440.0,1555.0,683.0,00000000000000000ff9,80.6626259680293,C1302P03
625.0,2038.0,1527.0,571.0,456.0,1261.0,1255.0,468.0,340.0,1989.0,1941.0,492.0,786.0,1545.0,368.0,1690.0,1551.0,942.0,1440.0,527.0,2135.0,368.0,615.0,904.0,1406.0,473.0,878.0,512.0,1979.0,1469.0,317.0,1896.0,812.0,412.0,581.0,850.0,1791.0,824.0,353.0,1263.0,1952.0,654.0,1913.0,1418.0,1847.0,627.0,391.0,399.0,1724.0,1139.0,1783.0,534.0,487.0,986.0,1700.0,767.0,543.0,1016.0,528.0,1468.0,796.0,00000000000000000ffb,60.6688192312676,C1302P06
630.0,2108.0,1520.0,556.0,438.0,1227.0,1240.0,455.0,327.0,2033.0,1918.0,488.0,774.0,1590.0,349.0,1760.0,1654.0,957.0,1446.0,519.0,2142.0,348.0,594.0,927.0,1442.0,478.0,879.0,506.0,2029.0,1485.0,314.0,1912.0,855.0,401.0,589.0,836.0,1823.0,791.0,345.0,1318.0,1952.0,653.0,1909.0,1392.0,1871.0,614.0,375.0,380.0,1719.0,1142.0,1824.0,546.0,465.0,975.0,1787.0,770.0,556.0,1014.0,524.0,1478.0,758.0,00000000000000000ffd,363.436180314381,C1303F02
712.0,2415.0,1526.0,520.0,495.0,1337.0,1286.0,475.0,396.0,2092.0,1908.0,614.0,892.0,1724.0,410.0,2059.0,2027.0,1255.0,1557.0,622.0,2180.0,375.0,591.0,1076.0,1722.0,613.0,845.0,489.0,2181.0,1566.0,391.0,2030.0,1059.0,459.0,654.0,862.0,1955.0,783.0,410.0,1613.0,2139.0,692.0,1997.0,1395.0,1836.0,679.0,385.0,418.0,1847.0,1219.0,2106.0,612.0,479.0,1061.0,2129.0,863.0,622.0,1159.0,500.0,1702.0,744.0,00000000000000000ffe,56.1941185078684,C1304C01
715.0,2413.0,1518.0,513.0,498.0,1337.0,1276.0,476.0,395.0,2082.0,1895.0,626.0,892.0,1717.0,412.0,2061.0,2033.0,1271.0,1552.0,628.0,2171.0,374.0,587.0,1079.0,1720.0,621.0,842.0,490.0,2181.0,1554.0,402.0,2025.0,1066.0,462.0,664.0,853.0,1942.0,778.0,412.0,1618.0,2141.0,697.0,1973.0,1386.0,1815.0,686.0,375.0,425.0,1833.0,1228.0,2104.0,622.0,482.0,1056.0,2130.0,873.0,635.0,1179.0,502.0,1696.0,737.0,00000000000000000fff,35.1409374125973,C1304C02
633.0,2267.0,1387.0,445.0,434.0,1243.0,1178.0,405.0,333.0,1947.0,1784.0,537.0,806.0,1580.0,345.0,1913.0,1886.0,1155.0,1456.0,543.0,2026.0,312.0,512.0,969.0,1581.0,537.0,749.0,424.0,2036.0,1469.0,334.0,1897.0,955.0,393.0,581.0,763.0,1829.0,685.0,345.0,1482.0,1991.0,611.0,1832.0,1295.0,1703.0,609.0,312.0,363.0,1726.0,1112.0,1970.0,541.0,412.0,969.0,1986.0,782.0,555.0,1067.0,431.0,1590.0,649.0,00000000000000001000,64.1384462445461,C1304C04
721.0,2424.0,1547.0,526.0,504.0,1353.0,1300.0,486.0,397.0,2120.0,1925.0,619.0,902.0,1746.0,412.0,2061.0,2038.0,1262.0,1576.0,626.0,2197.0,378.0,602.0,1090.0,1738.0,619.0,857.0,492.0,2196.0,1587.0,397.0,2052.0,1073.0,461.0,666.0,878.0,1971.0,794.0,414.0,1623.0,2146.0,702.0,2018.0,1417.0,1849.0,685.0,388.0,419.0,1858.0,1237.0,2114.0,621.0,487.0,1072.0,2143.0,872.0,630.0,1173.0,509.0,1710.0,759.0,00000000000000001001,44.4820144988181,C1304C05
645.0,2286.0,1408.0,461.0,443.0,1258.0,1173.0,414.0,349.0,1957.0,1793.0,570.0,812.0,1598.0,367.0,1946.0,1898.0,1193.0,1446.0,564.0,2030.0,328.0,521.0,979.0,1606.0,570.0,755.0,432.0,2058.0,1447.0,358.0,1908.0,977.0,407.0,604.0,764.0,1833.0,694.0,359.0,1507.0,2033.0,634.0,1848.0,1290.0,1697.0,626.0,328.0,380.0,1732.0,1134.0,1986.0,562.0,425.0,963.0,2023.0,804.0,582.0,1103.0,444.0,1613.0,655.0,00000000000000001002,30.033047777697,C1304C06
714.0,2420.0,1522.0,514.0,499.0,1340.0,1281.0,478.0,396.0,2087.0,1904.0,628.0,892.0,1722.0,413.0,2068.0,2035.0,1268.0,1555.0,630.0,2179.0,375.0,589.0,1078.0,1723.0,621.0,844.0,491.0,2188.0,1557.0,403.0,2029.0,1066.0,462.0,662.0,854.0,1952.0,780.0,413.0,1621.0,2148.0,695.0,1980.0,1389.0,1826.0,686.0,377.0,426.0,1844.0,1227.0,2108.0,621.0,482.0,1055.0,2135.0,873.0,632.0,1176.0,502.0,1705.0,740.0,00000000000000001003,33.4914089915704,C1304C07
717.0,2419.0,1541.0,524.0,503.0,1348.0,1296.0,485.0,396.0,2113.0,1921.0,616.0,902.0,1740.0,410.0,2057.0,2034.0,1260.0,1570.0,623.0,2190.0,376.0,601.0,1087.0,1733.0,615.0,858.0,491.0,2190.0,1582.0,394.0,2046.0,1070.0,458.0,662.0,877.0,1967.0,793.0,412.0,1619.0,2140.0,698.0,2013.0,1411.0,1846.0,686.0,386.0,417.0,1855.0,1233.0,2110.0,618.0,484.0,1072.0,2139.0,867.0,627.0,1169.0,506.0,1707.0,757.0,00000000000000001004,55.3466756988634,C1304C09
713.0,2413.0,1535.0,524.0,501.0,1344.0,1292.0,484.0,396.0,2104.0,1914.0,612.0,897.0,1733.0,409.0,2051.0,2030.0,1257.0,1566.0,620.0,2183.0,375.0,600.0,1083.0,1728.0,611.0,857.0,491.0,2182.0,1577.0,390.0,2040.0,1065.0,458.0,657.0,871.0,1960.0,788.0,412.0,1615.0,2134.0,693.0,2007.0,1406.0,1840.0,685.0,386.0,417.0,1850.0,1228.0,2106.0,613.0,483.0,1066.0,2133.0,863.0,623.0,1164.0,504.0,1701.0,751.0,00000000000000001005,62.5601139467581,C1304C10
639.0,2237.0,1380.0,446.0,432.0,1227.0,1135.0,388.0,342.0,1910.0,1758.0,566.0,783.0,1559.0,370.0,1905.0,1856.0,1184.0,1403.0,552.0,1969.0,317.0,496.0,949.0,1573.0,562.0,734.0,416.0,2007.0,1399.0,364.0,1866.0,949.0,396.0,585.0,721.0,1786.0,666.0,347.0,1488.0,1996.0,623.0,1802.0,1259.0,1642.0,612.0,312.0,374.0,1685.0,1105.0,1948.0,543.0,407.0,919.0,1989.0,799.0,572.0,1084.0,429.0,1595.0,627.0,00000000000000001006,198.488231230022,C1304F01
595.0,2105.0,1405.0,470.0,413.0,1168.0,1168.0,409.0,304.0,1925.0,1797.0,485.0,756.0,1508.0,323.0,1779.0,1681.0,978.0,1376.0,504.0,2004.0,309.0,526.0,910.0,1434.0,480.0,786.0,432.0,1968.0,1431.0,303.0,1834.0,855.0,369.0,551.0,774.0,1760.0,707.0,323.0,1328.0,1889.0,592.0,1806.0,1286.0,1764.0,575.0,328.0,342.0,1659.0,1073.0,1816.0,510.0,406.0,922.0,1789.0,723.0,514.0,965.0,451.0,1472.0,671.0,00000000000000001007,132.525283313153,C1304F02
684.0,2361.0,1535.0,511.0,485.0,1339.0,1296.0,480.0,366.0,2115.0,1910.0,582.0,867.0,1719.0,393.0,1996.0,1974.0,1201.0,1559.0,587.0,2171.0,356.0,589.0,1065.0,1690.0,577.0,849.0,476.0,2157.0,1586.0,372.0,2029.0,1046.0,440.0,640.0,871.0,1944.0,781.0,393.0,1569.0,2086.0,669.0,1996.0,1423.0,1853.0,656.0,376.0,396.0,1830.0,1215.0,2067.0,600.0,478.0,1048.0,2092.0,829.0,601.0,1133.0,505.0,1669.0,752.0,00000000000000001008,87.040778657968,C1304F03
643.0,2275.0,1398.0,461.0,439.0,1246.0,1165.0,410.0,348.0,1947.0,1786.0,564.0,803.0,1588.0,363.0,1933.0,1888.0,1179.0,1437.0,560.0,2023.0,328.0,516.0,972.0,1595.0,564.0,748.0,433.0,2047.0,1440.0,353.0,1898.0,968.0,404.0,597.0,757.0,1827.0,686.0,356.0,1497.0,2018.0,628.0,1837.0,1281.0,1693.0,619.0,328.0,379.0,1725.0,1125.0,1974.0,556.0,423.0,954.0,2008.0,799.0,575.0,1091.0,442.0,1603.0,647.0,00000000000000001009,153.023004594895,C1304F07
674.0,2179.0,1633.0,548.0,492.0,1335.0,1318.0,477.0,328.0,2104.0,2051.0,544.0,823.0,1591.0,379.0,1838.0,1626.0,988.0,1488.0,583.0,2307.0,358.0,636.0,960.0,1473.0,525.0,903.0,505.0,2121.0,1492.0,361.0,2021.0,836.0,422.0,613.0,869.0,1858.0,855.0,349.0,1361.0,2120.0,710.0,2046.0,1473.0,1966.0,666.0,377.0,396.0,1818.0,1189.0,1936.0,541.0,485.0,1005.0,1772.0,809.0,574.0,1083.0,530.0,1542.0,802.0,0000000000000000100a,85.5196020797268,C1304F09
545.0,1943.0,1234.0,402.0,363.0,1052.0,1034.0,335.0,263.0,1705.0,1615.0,459.0,686.0,1329.0,299.0,1630.0,1583.0,952.0,1248.0,459.0,1770.0,263.0,428.0,855.0,1309.0,443.0,675.0,381.0,1741.0,1288.0,284.0,1648.0,784.0,319.0,488.0,661.0,1584.0,598.0,271.0,1248.0,1737.0,533.0,1605.0,1125.0,1573.0,518.0,264.0,312.0,1532.0,966.0,1708.0,440.0,339.0,822.0,1644.0,665.0,461.0,893.0,386.0,1394.0,561.0,0000000000000000100b,215.067164103862,C1304F92
575.0,2025.0,1305.0,432.0,388.0,1099.0,1088.0,359.0,277.0,1791.0,1688.0,475.0,721.0,1395.0,309.0,1701.0,1651.0,982.0,1310.0,480.0,1877.0,278.0,465.0,896.0,1368.0,469.0,726.0,402.0,1835.0,1339.0,303.0,1719.0,828.0,339.0,529.0,708.0,1646.0,638.0,281.0,1302.0,1805.0,570.0,1681.0,1188.0,1662.0,548.0,284.0,325.0,1597.0,1027.0,1772.0,473.0,367.0,866.0,1700.0,704.0,499.0,939.0,418.0,1432.0,595.0,0000000000000000100c,94.9182479251147,C1304F98
590.0,1974.0,1346.0,451.0,403.0,1090.0,1093.0,368.0,272.0,1768.0,1702.0,489.0,727.0,1368.0,328.0,1652.0,1579.0,947.0,1280.0,499.0,1854.0,302.0,481.0,904.0,1323.0,483.0,767.0,427.0,1783.0,1275.0,327.0,1672.0,808.0,347.0,529.0,717.0,1604.0,657.0,275.0,1290.0,1793.0,582.0,1668.0,1182.0,1706.0,553.0,290.0,335.0,1554.0,1041.0,1722.0,463.0,360.0,847.0,1617.0,706.0,495.0,951.0,440.0,1399.0,608.0,0000000000000000100d,195.067976494651,C1304P01
641.0,2246.0,1514.0,497.0,448.0,1277.0,1268.0,457.0,332.0,2086.0,1916.0,523.0,812.0,1636.0,350.0,1911.0,1802.0,1054.0,1495.0,541.0,2160.0,336.0,569.0,984.0,1553.0,518.0,833.0,460.0,2119.0,1554.0,330.0,1987.0,935.0,399.0,578.0,844.0,1894.0,778.0,355.0,1436.0,2026.0,618.0,1949.0,1403.0,1878.0,610.0,354.0,368.0,1786.0,1150.0,1960.0,542.0,444.0,996.0,1942.0,765.0,542.0,1044.0,481.0,1592.0,742.0,0000000000000000100e,29.668221592668,C1304P02
632.0,2233.0,1494.0,480.0,440.0,1260.0,1251.0,448.0,324.0,2055.0,1889.0,519.0,810.0,1618.0,346.0,1903.0,1798.0,1050.0,1475.0,537.0,2127.0,325.0,555.0,976.0,1547.0,518.0,814.0,447.0,2097.0,1537.0,326.0,1963.0,926.0,391.0,569.0,830.0,1874.0,763.0,347.0,1432.0,2006.0,605.0,1926.0,1381.0,1856.0,598.0,343.0,360.0,1771.0,1130.0,1947.0,534.0,432.0,983.0,1929.0,753.0,534.0,1030.0,470.0,1584.0,728.0,0000000000000000100f,37.7134670886252,C1304P03
634.0,2215.0,1500.0,499.0,443.0,1259.0,1252.0,452.0,329.0,2061.0,1901.0,515.0,796.0,1619.0,345.0,1880.0,1773.0,1034.0,1475.0,534.0,2141.0,335.0,565.0,968.0,1530.0,510.0,828.0,461.0,2092.0,1531.0,325.0,1960.0,918.0,395.0,574.0,832.0,1873.0,769.0,351.0,1413.0,2002.0,617.0,1927.0,1387.0,1862.0,604.0,354.0,366.0,1764.0,1137.0,1929.0,538.0,441.0,982.0,1909.0,759.0,538.0,1031.0,478.0,1567.0,733.0,00000000000000001010,85.2963412663381,C1304P04
606.0,2208.0,1350.0,430.0,416.0,1212.0,1149.0,385.0,318.0,1901.0,1751.0,517.0,787.0,1535.0,330.0,1865.0,1840.0,1126.0,1421.0,517.0,1972.0,298.0,491.0,938.0,1538.0,515.0,730.0,407.0,1982.0,1437.0,317.0,1852.0,921.0,375.0,560.0,740.0,1789.0,662.0,328.0,1442.0,1945.0,590.0,1792.0,1267.0,1663.0,590.0,298.0,348.0,1693.0,1078.0,1928.0,520.0,395.0,942.0,1941.0,756.0,538.0,1038.0,414.0,1561.0,630.0,00000000000000001011,77.7042754302067,C1304P05
745.0,2465.0,1571.0,547.0,523.0,1371.0,1309.0,502.0,423.0,2139.0,1940.0,656.0,922.0,1774.0,431.0,2107.0,2074.0,1305.0,1585.0,657.0,2227.0,401.0,617.0,1116.0,1770.0,650.0,876.0,521.0,2236.0,1589.0,425.0,2075.0,1105.0,481.0,692.0,887.0,1986.0,810.0,434.0,1660.0,2191.0,724.0,2023.0,1425.0,1858.0,710.0,406.0,454.0,1874.0,1269.0,2144.0,650.0,505.0,1087.0,2180.0,908.0,660.0,1216.0,529.0,1733.0,773.0,00000000000000001012,22.4839583310552,C1305C01
653.0,2305.0,1443.0,473.0,455.0,1284.0,1234.0,441.0,350.0,1996.0,1832.0,555.0,843.0,1636.0,366.0,1955.0,1945.0,1187.0,1505.0,564.0,2077.0,329.0,548.0,1017.0,1639.0,554.0,799.0,443.0,2074.0,1522.0,349.0,1947.0,996.0,415.0,606.0,812.0,1879.0,733.0,372.0,1534.0,2026.0,645.0,1903.0,1342.0,1760.0,633.0,337.0,381.0,1774.0,1154.0,2016.0,566.0,441.0,1015.0,2028.0,802.0,576.0,1099.0,468.0,1624.0,693.0,00000000000000001013,50.7263640175359,C1305C02
709.0,2405.0,1530.0,520.0,498.0,1341.0,1289.0,482.0,391.0,2100.0,1908.0,606.0,893.0,1728.0,407.0,2041.0,2025.0,1251.0,1563.0,615.0,2176.0,371.0,597.0,1080.0,1723.0,606.0,854.0,488.0,2175.0,1576.0,389.0,2035.0,1061.0,456.0,657.0,867.0,1956.0,784.0,410.0,1609.0,2124.0,693.0,2002.0,1404.0,1835.0,681.0,381.0,412.0,1844.0,1224.0,2097.0,612.0,483.0,1062.0,2126.0,859.0,622.0,1160.0,504.0,1695.0,749.0,00000000000000001014,39.9693330817151,C1305C03
593.0,2151.0,1310.0,414.0,402.0,1175.0,1094.0,361.0,307.0,1840.0,1712.0,518.0,750.0,1484.0,335.0,1822.0,1780.0,1118.0,1357.0,506.0,1896.0,287.0,466.0,897.0,1497.0,514.0,700.0,386.0,1933.0,1358.0,327.0,1795.0,892.0,365.0,538.0,686.0,1731.0,631.0,317.0,1412.0,1917.0,576.0,1731.0,1218.0,1601.0,574.0,284.0,341.0,1643.0,1047.0,1875.0,499.0,373.0,885.0,1909.0,749.0,527.0,1018.0,400.0,1547.0,592.0,00000000000000001015,86.3776894242953,C1305C04
703.0,2398.0,1530.0,518.0,494.0,1343.0,1287.0,483.0,385.0,2107.0,1914.0,597.0,892.0,1727.0,402.0,2026.0,2013.0,1235.0,1563.0,605.0,2177.0,366.0,592.0,1074.0,1717.0,596.0,846.0,486.0,2175.0,1579.0,383.0,2038.0,1056.0,451.0,650.0,871.0,1960.0,785.0,410.0,1600.0,2114.0,681.0,2002.0,1410.0,1837.0,671.0,376.0,407.0,1846.0,1221.0,2084.0,603.0,487.0,1060.0,2120.0,852.0,612.0,1153.0,507.0,1693.0,754.0,00000000000000001016,52.9937000355922,C1305C05
667.0,2190.0,1637.0,557.0,497.0,1355.0,1336.0,485.0,333.0,2113.0,2076.0,543.0,833.0,1590.0,383.0,1834.0,1619.0,993.0,1507.0,587.0,2328.0,362.0,649.0,964.0,1483.0,524.0,915.0,510.0,2128.0,1506.0,363.0,2033.0,832.0,430.0,619.0,884.0,1880.0,868.0,353.0,1350.0,2139.0,719.0,2062.0,1495.0,1974.0,680.0,382.0,402.0,1841.0,1195.0,1942.0,548.0,497.0,1025.0,1774.0,816.0,580.0,1089.0,538.0,1552.0,818.0,00000000000000001017,136.781367066,C1305F02
607.0,2151.0,1439.0,480.0,425.0,1199.0,1194.0,418.0,305.0,1961.0,1831.0,494.0,773.0,1530.0,331.0,1807.0,1723.0,1004.0,1412.0,514.0,2043.0,313.0,537.0,939.0,1460.0,492.0,816.0,441.0,1998.0,1455.0,316.0,1869.0,882.0,376.0,573.0,793.0,1790.0,722.0,326.0,1358.0,1927.0,619.0,1839.0,1318.0,1801.0,593.0,331.0,350.0,1684.0,1109.0,1857.0,524.0,413.0,946.0,1817.0,742.0,534.0,993.0,462.0,1490.0,680.0,00000000000000001018,237.21689026784,C1305F03
661.0,2177.0,1621.0,543.0,491.0,1340.0,1321.0,474.0,323.0,2090.0,2058.0,541.0,833.0,1568.0,378.0,1816.0,1605.0,981.0,1492.0,581.0,2308.0,352.0,633.0,953.0,1462.0,522.0,903.0,500.0,2108.0,1481.0,359.0,2007.0,820.0,421.0,609.0,872.0,1857.0,859.0,342.0,1337.0,2127.0,713.0,2041.0,1476.0,1961.0,674.0,372.0,392.0,1818.0,1183.0,1929.0,533.0,483.0,1013.0,1746.0,811.0,569.0,1077.0,529.0,1528.0,805.0,00000000000000001019,118.91048842119,C1305F04
604.0,1999.0,1405.0,475.0,416.0,1128.0,1126.0,368.0,288.0,1825.0,1742.0,513.0,728.0,1385.0,340.0,1660.0,1561.0,935.0,1290.0,513.0,1910.0,319.0,485.0,925.0,1316.0,503.0,773.0,454.0,1818.0,1261.0,346.0,1714.0,817.0,348.0,536.0,736.0,1624.0,687.0,268.0,1299.0,1852.0,593.0,1724.0,1213.0,1744.0,565.0,307.0,350.0,1565.0,1062.0,1743.0,453.0,358.0,843.0,1606.0,725.0,495.0,974.0,449.0,1409.0,629.0,0000000000000000101a,176.110790899959,C1305F06
558.0,1924.0,1318.0,476.0,372.0,1070.0,1077.0,372.0,278.0,1763.0,1701.0,435.0,687.0,1373.0,297.0,1596.0,1506.0,864.0,1266.0,464.0,1896.0,294.0,491.0,832.0,1278.0,435.0,757.0,435.0,1810.0,1291.0,274.0,1667.0,759.0,337.0,531.0,721.0,1622.0,670.0,281.0,1183.0,1745.0,586.0,1664.0,1197.0,1680.0,533.0,309.0,321.0,1530.0,1009.0,1633.0,476.0,385.0,853.0,1570.0,684.0,493.0,897.0,438.0,1313.0,620.0,0000000000000000101c,149.692255535207,C1305F08
651.0,2143.0,1591.0,530.0,478.0,1309.0,1290.0,457.0,314.0,2051.0,2020.0,533.0,818.0,1536.0,368.0,1787.0,1584.0,960.0,1460.0,571.0,2264.0,342.0,612.0,937.0,1432.0,514.0,882.0,491.0,2070.0,1443.0,352.0,1967.0,804.0,405.0,598.0,854.0,1822.0,839.0,327.0,1318.0,2088.0,698.0,2000.0,1441.0,1933.0,657.0,363.0,383.0,1782.0,1162.0,1895.0,518.0,461.0,990.0,1710.0,795.0,557.0,1057.0,512.0,1498.0,781.0,0000000000000000101d,69.5596422531345,C1305F10
605.0,2020.0,1414.0,481.0,418.0,1137.0,1144.0,394.0,293.0,1867.0,1778.0,487.0,735.0,1432.0,331.0,1691.0,1597.0,930.0,1323.0,512.0,1980.0,311.0,517.0,906.0,1351.0,487.0,795.0,451.0,1881.0,1330.0,324.0,1754.0,812.0,359.0,556.0,752.0,1668.0,703.0,291.0,1292.0,1856.0,618.0,1751.0,1251.0,1774.0,573.0,317.0,345.0,1602.0,1072.0,1756.0,491.0,388.0,882.0,1642.0,724.0,514.0,969.0,455.0,1394.0,647.0,0000000000000000101f,97.9634681591916,C1305F12
563.0,1933.0,1276.0,431.0,386.0,1059.0,1059.0,354.0,270.0,1709.0,1648.0,461.0,702.0,1324.0,306.0,1615.0,1560.0,917.0,1250.0,472.0,1816.0,282.0,462.0,861.0,1292.0,454.0,722.0,405.0,1754.0,1266.0,296.0,1631.0,786.0,336.0,511.0,699.0,1581.0,628.0,274.0,1241.0,1736.0,559.0,1603.0,1149.0,1636.0,536.0,280.0,319.0,1528.0,994.0,1680.0,450.0,356.0,837.0,1595.0,680.0,478.0,901.0,418.0,1360.0,581.0,00000000000000001020,158.178424559992,C1305F14
668.0,2182.0,1629.0,544.0,492.0,1345.0,1326.0,477.0,324.0,2102.0,2062.0,544.0,830.0,1580.0,379.0,1827.0,1614.0,987.0,1498.0,586.0,2315.0,353.0,637.0,958.0,1471.0,525.0,905.0,500.0,2118.0,1492.0,359.0,2019.0,827.0,422.0,611.0,874.0,1863.0,860.0,346.0,1347.0,2130.0,712.0,2050.0,1483.0,1965.0,673.0,373.0,393.0,1824.0,1189.0,1936.0,537.0,486.0,1014.0,1761.0,815.0,571.0,1083.0,530.0,1538.0,807.0,00000000000000001021,117.783425684008,C1305F15
562.0,1917.0,1357.0,503.0,383.0,1087.0,1102.0,392.0,284.0,1800.0,1748.0,429.0,684.0,1401.0,311.0,1589.0,1483.0,845.0,1291.0,464.0,1944.0,305.0,524.0,825.0,1273.0,424.0,792.0,461.0,1840.0,1319.0,278.0,1702.0,745.0,357.0,534.0,740.0,1641.0,698.0,296.0,1169.0,1768.0,606.0,1702.0,1238.0,1715.0,553.0,326.0,336.0,1557.0,1020.0,1637.0,491.0,417.0,870.0,1567.0,694.0,505.0,906.0,468.0,1316.0,656.0,00000000000000001022,253.995376792361,C1305F16
682.0,2310.0,1440.0,480.0,469.0,1268.0,1170.0,419.0,374.0,1972.0,1800.0,609.0,827.0,1631.0,398.0,1961.0,1936.0,1253.0,1444.0,597.0,2030.0,351.0,538.0,1014.0,1642.0,608.0,781.0,457.0,2069.0,1443.0,398.0,1923.0,1014.0,428.0,638.0,765.0,1837.0,705.0,377.0,1552.0,2052.0,671.0,1871.0,1297.0,1681.0,652.0,349.0,406.0,1722.0,1170.0,2004.0,587.0,438.0,967.0,2052.0,848.0,618.0,1158.0,458.0,1625.0,665.0,00000000000000001023,412.31835206192,C1305F19
628.0,2060.0,1508.0,548.0,439.0,1203.0,1221.0,448.0,322.0,1995.0,1902.0,480.0,752.0,1552.0,350.0,1726.0,1596.0,933.0,1405.0,519.0,2124.0,344.0,588.0,902.0,1397.0,469.0,872.0,496.0,2001.0,1451.0,314.0,1882.0,822.0,399.0,582.0,819.0,1777.0,782.0,338.0,1287.0,1938.0,660.0,1884.0,1378.0,1847.0,616.0,364.0,374.0,1698.0,1122.0,1790.0,541.0,461.0,953.0,1720.0,760.0,550.0,1003.0,520.0,1456.0,744.0,00000000000000001024,228.318741846707,C1305F20
556.0,1915.0,1322.0,480.0,370.0,1067.0,1079.0,374.0,280.0,1762.0,1704.0,429.0,683.0,1373.0,299.0,1585.0,1494.0,853.0,1264.0,462.0,1903.0,293.0,494.0,825.0,1273.0,429.0,756.0,440.0,1808.0,1290.0,273.0,1663.0,750.0,338.0,530.0,722.0,1619.0,675.0,281.0,1174.0,1743.0,586.0,1663.0,1198.0,1684.0,533.0,310.0,321.0,1531.0,1005.0,1623.0,474.0,391.0,852.0,1559.0,681.0,492.0,893.0,444.0,1307.0,627.0,00000000000000001025,158.888019871675,C1305F29
625.0,2054.0,1498.0,502.0,437.0,1199.0,1206.0,401.0,293.0,1946.0,1877.0,515.0,776.0,1449.0,348.0,1702.0,1569.0,931.0,1369.0,545.0,2078.0,318.0,542.0,922.0,1357.0,512.0,835.0,471.0,1947.0,1321.0,348.0,1822.0,810.0,373.0,570.0,790.0,1711.0,755.0,294.0,1285.0,1940.0,643.0,1861.0,1328.0,1858.0,608.0,336.0,359.0,1651.0,1125.0,1789.0,480.0,398.0,902.0,1634.0,758.0,530.0,1007.0,475.0,1402.0,688.0,00000000000000001026,76.9491557844072,C1305P01
567.0,2108.0,1295.0,406.0,390.0,1163.0,1115.0,366.0,290.0,1809.0,1702.0,479.0,745.0,1456.0,309.0,1776.0,1740.0,1040.0,1369.0,482.0,1902.0,275.0,462.0,895.0,1452.0,473.0,709.0,385.0,1904.0,1395.0,291.0,1769.0,864.0,346.0,516.0,708.0,1716.0,642.0,303.0,1357.0,1856.0,553.0,1733.0,1226.0,1643.0,551.0,279.0,325.0,1640.0,1024.0,1836.0,480.0,368.0,897.0,1830.0,704.0,494.0,967.0,396.0,1494.0,601.0,00000000000000001027,47.3814350116423,C1305P02
710.0,2406.0,1541.0,528.0,503.0,1353.0,1296.0,492.0,392.0,2119.0,1924.0,605.0,902.0,1739.0,404.0,2036.0,2020.0,1244.0,1573.0,611.0,2189.0,374.0,601.0,1083.0,1726.0,602.0,859.0,496.0,2186.0,1588.0,391.0,2048.0,1067.0,452.0,660.0,881.0,1969.0,796.0,411.0,1609.0,2125.0,691.0,2013.0,1421.0,1847.0,681.0,385.0,416.0,1854.0,1231.0,2093.0,614.0,488.0,1070.0,2130.0,859.0,621.0,1163.0,508.0,1701.0,765.0,00000000000000001028,60.1197145442128,C1305P03
600.0,2014.0,1458.0,517.0,418.0,1159.0,1169.0,425.0,306.0,1916.0,1841.0,473.0,727.0,1494.0,339.0,1687.0,1562.0,901.0,1357.0,502.0,2052.0,327.0,558.0,881.0,1361.0,464.0,829.0,477.0,1946.0,1386.0,312.0,1812.0,795.0,379.0,562.0,782.0,1722.0,746.0,319.0,1257.0,1879.0,639.0,1814.0,1311.0,1803.0,586.0,346.0,356.0,1643.0,1081.0,1745.0,514.0,438.0,911.0,1668.0,735.0,533.0,967.0,488.0,1397.0,699.0,00000000000000001029,81.9772245168355,C1305P06
574.0,2049.0,1304.0,420.0,386.0,1115.0,1096.0,357.0,275.0,1802.0,1691.0,483.0,725.0,1407.0,316.0,1719.0,1676.0,1009.0,1322.0,484.0,1867.0,275.0,457.0,906.0,1387.0,467.0,718.0,397.0,1837.0,1364.0,301.0,1742.0,833.0,338.0,518.0,699.0,1662.0,632.0,288.0,1320.0,1830.0,565.0,1697.0,1191.0,1648.0,551.0,277.0,326.0,1607.0,1024.0,1805.0,468.0,360.0,869.0,1739.0,701.0,489.0,947.0,408.0,1460.0,593.0,0000000000000000102a,51.2661076333782,C1305P07
565.0,2101.0,1274.0,397.0,386.0,1154.0,1101.0,359.0,286.0,1797.0,1685.0,480.0,745.0,1445.0,308.0,1765.0,1732.0,1047.0,1359.0,480.0,1877.0,269.0,451.0,881.0,1443.0,471.0,697.0,377.0,1884.0,1380.0,291.0,1753.0,857.0,345.0,516.0,694.0,1705.0,628.0,299.0,1356.0,1850.0,554.0,1722.0,1213.0,1615.0,550.0,269.0,325.0,1632.0,1011.0,1825.0,479.0,364.0,890.0,1829.0,707.0,497.0,962.0,392.0,1492.0,590.0,0000000000000000102b,77.0279532315822,C1305P09
623.0,2080.0,1509.0,525.0,436.0,1198.0,1211.0,437.0,312.0,1980.0,1892.0,491.0,753.0,1543.0,349.0,1746.0,1619.0,938.0,1401.0,521.0,2117.0,337.0,575.0,914.0,1410.0,485.0,849.0,484.0,2008.0,1430.0,325.0,1874.0,826.0,388.0,581.0,805.0,1770.0,768.0,329.0,1307.0,1940.0,660.0,1879.0,1353.0,1855.0,604.0,353.0,363.0,1690.0,1119.0,1809.0,532.0,448.0,936.0,1726.0,756.0,551.0,1002.0,502.0,1443.0,721.0,0000000000000000102c,92.0098234641798,C1305P10
664.0,2340.0,1446.0,479.0,457.0,1284.0,1235.0,437.0,359.0,2009.0,1841.0,567.0,842.0,1634.0,376.0,1982.0,1944.0,1192.0,1504.0,576.0,2099.0,339.0,544.0,1016.0,1642.0,566.0,785.0,450.0,2107.0,1513.0,362.0,1959.0,997.0,423.0,611.0,812.0,1888.0,735.0,376.0,1542.0,2060.0,651.0,1906.0,1341.0,1765.0,638.0,341.0,387.0,1782.0,1153.0,2029.0,572.0,442.0,1007.0,2049.0,811.0,582.0,1103.0,461.0,1639.0,696.0,0000000000000000102d,438.415037797998,C1305W01
728.0,2411.0,1527.0,534.0,507.0,1335.0,1245.0,475.0,411.0,2069.0,1884.0,642.0,894.0,1726.0,429.0,2048.0,2038.0,1312.0,1533.0,642.0,2140.0,388.0,589.0,1091.0,1727.0,643.0,836.0,502.0,2169.0,1533.0,425.0,2017.0,1082.0,472.0,692.0,842.0,1924.0,770.0,420.0,1630.0,2138.0,726.0,1956.0,1374.0,1776.0,692.0,389.0,445.0,1806.0,1242.0,2097.0,638.0,484.0,1052.0,2137.0,898.0,669.0,1218.0,505.0,1685.0,728.0,0000000000000000102e,1113.61236422535,C1305W06
582.0,2119.0,1291.0,401.0,392.0,1157.0,1079.0,349.0,299.0,1809.0,1692.0,509.0,739.0,1456.0,325.0,1794.0,1753.0,1098.0,1341.0,496.0,1865.0,279.0,453.0,880.0,1471.0,502.0,690.0,375.0,1899.0,1344.0,320.0,1767.0,871.0,355.0,527.0,670.0,1704.0,618.0,308.0,1389.0,1887.0,565.0,1706.0,1203.0,1578.0,564.0,273.0,335.0,1623.0,1025.0,1849.0,488.0,362.0,867.0,1878.0,738.0,516.0,996.0,388.0,1528.0,580.0,0000000000000000102f,104.017293538459,C1305W07
681.0,2333.0,1454.0,483.0,472.0,1293.0,1216.0,442.0,368.0,2011.0,1835.0,590.0,847.0,1647.0,383.0,1984.0,1964.0,1229.0,1498.0,591.0,2085.0,347.0,551.0,1028.0,1654.0,590.0,790.0,461.0,2104.0,1500.0,374.0,1961.0,1019.0,431.0,630.0,806.0,1876.0,727.0,382.0,1555.0,2064.0,661.0,1893.0,1334.0,1747.0,651.0,347.0,399.0,1768.0,1179.0,2038.0,588.0,450.0,1009.0,2061.0,835.0,607.0,1139.0,470.0,1641.0,687.0,00000000000000001030,1526.50794326428,C1306F01
672.0,2315.0,1438.0,478.0,463.0,1273.0,1181.0,424.0,367.0,1979.0,1809.0,598.0,828.0,1631.0,389.0,1969.0,1934.0,1235.0,1455.0,589.0,2046.0,346.0,538.0,1008.0,1640.0,599.0,778.0,451.0,2080.0,1455.0,383.0,1929.0,1007.0,425.0,629.0,774.0,1849.0,708.0,375.0,1544.0,2059.0,661.0,1874.0,1303.0,1701.0,647.0,346.0,399.0,1740.0,1165.0,2009.0,582.0,439.0,975.0,2053.0,836.0,609.0,1144.0,459.0,1630.0,668.0,00000000000000001031,1847.73939982492,C1306F02
635.0,2266.0,1389.0,459.0,434.0,1242.0,1160.0,405.0,346.0,1940.0,1780.0,559.0,801.0,1579.0,364.0,1927.0,1877.0,1171.0,1431.0,553.0,2013.0,325.0,511.0,961.0,1587.0,559.0,744.0,430.0,2039.0,1433.0,349.0,1891.0,959.0,404.0,592.0,753.0,1820.0,683.0,356.0,1488.0,2014.0,623.0,1829.0,1275.0,1686.0,616.0,325.0,376.0,1721.0,1116.0,1967.0,552.0,423.0,951.0,2002.0,792.0,570.0,1083.0,443.0,1601.0,644.0,00000000000000001032,1811.06935317507,C1306F05
697.0,2381.0,1492.0,502.0,484.0,1319.0,1259.0,461.0,383.0,2054.0,1875.0,604.0,872.0,1687.0,394.0,2028.0,2002.0,1245.0,1535.0,608.0,2138.0,362.0,572.0,1056.0,1692.0,601.0,821.0,477.0,2149.0,1539.0,386.0,2000.0,1042.0,443.0,644.0,837.0,1921.0,759.0,394.0,1590.0,2107.0,679.0,1946.0,1369.0,1796.0,669.0,364.0,412.0,1813.0,1202.0,2077.0,603.0,463.0,1037.0,2099.0,850.0,616.0,1153.0,482.0,1675.0,719.0,00000000000000001033,1920.41371704798,C1306F06
722.0,2429.0,1530.0,523.0,502.0,1342.0,1284.0,482.0,404.0,2094.0,1911.0,637.0,899.0,1731.0,416.0,2078.0,2044.0,1275.0,1557.0,639.0,2189.0,383.0,592.0,1085.0,1732.0,629.0,849.0,500.0,2198.0,1559.0,406.0,2035.0,1073.0,466.0,664.0,859.0,1960.0,787.0,416.0,1630.0,2158.0,696.0,1987.0,1392.0,1832.0,690.0,384.0,435.0,1851.0,1234.0,2114.0,623.0,486.0,1062.0,2142.0,883.0,634.0,1183.0,506.0,1712.0,747.0,00000000000000001034,191.166710587482,C1306W01
731.0,2440.0,1573.0,538.0,519.0,1370.0,1314.0,504.0,403.0,2153.0,1951.0,629.0,920.0,1772.0,418.0,2074.0,2051.0,1272.0,1593.0,632.0,2224.0,386.0,617.0,1105.0,1757.0,626.0,876.0,503.0,2221.0,1604.0,406.0,2078.0,1092.0,467.0,678.0,899.0,1993.0,814.0,423.0,1639.0,2164.0,710.0,2044.0,1440.0,1871.0,697.0,396.0,427.0,1877.0,1257.0,2128.0,633.0,499.0,1091.0,2164.0,882.0,639.0,1188.0,523.0,1726.0,782.0,00000000000000001035,2505.08014904482,C1306W02
774.0,2499.0,1634.0,580.0,550.0,1411.0,1354.0,536.0,440.0,2217.0,2002.0,671.0,962.0,1835.0,450.0,2131.0,2105.0,1322.0,1636.0,671.0,2286.0,422.0,651.0,1153.0,1814.0,669.0,916.0,543.0,2284.0,1648.0,437.0,2136.0,1142.0,500.0,714.0,942.0,2041.0,856.0,455.0,1692.0,2223.0,744.0,2102.0,1485.0,1920.0,730.0,433.0,464.0,1922.0,1315.0,2180.0,668.0,536.0,1134.0,2223.0,928.0,673.0,1242.0,561.0,1771.0,825.0,00000000000000001036,1629.44540162824,C1306W04
650.0,2291.0,1413.0,468.0,443.0,1260.0,1174.0,414.0,354.0,1961.0,1798.0,577.0,813.0,1603.0,373.0,1951.0,1902.0,1197.0,1447.0,569.0,2033.0,333.0,521.0,980.0,1611.0,577.0,754.0,437.0,2062.0,1447.0,359.0,1911.0,979.0,412.0,604.0,764.0,1837.0,694.0,364.0,1512.0,2040.0,635.0,1852.0,1291.0,1700.0,626.0,333.0,385.0,1737.0,1137.0,1990.0,562.0,431.0,962.0,2028.0,811.0,583.0,1107.0,450.0,1619.0,655.0,00000000000000001037,2418.38989137852,C1306W10
571.0,2124.0,1295.0,403.0,391.0,1171.0,1119.0,364.0,289.0,1821.0,1707.0,484.0,755.0,1465.0,314.0,1786.0,1754.0,1059.0,1378.0,485.0,1904.0,274.0,459.0,898.0,1462.0,475.0,710.0,383.0,1909.0,1401.0,294.0,1778.0,870.0,352.0,522.0,708.0,1724.0,640.0,306.0,1371.0,1870.0,560.0,1744.0,1231.0,1640.0,556.0,275.0,328.0,1650.0,1030.0,1848.0,484.0,372.0,904.0,1849.0,713.0,502.0,978.0,400.0,1507.0,601.0,00000000000000001038,51.3951388880747,C1307C01
604.0,2160.0,1406.0,453.0,418.0,1198.0,1184.0,409.0,305.0,1948.0,1798.0,494.0,772.0,1529.0,325.0,1832.0,1746.0,1025.0,1409.0,509.0,2027.0,304.0,510.0,940.0,1483.0,492.0,765.0,419.0,2004.0,1464.0,309.0,1867.0,890.0,367.0,545.0,775.0,1792.0,703.0,323.0,1379.0,1928.0,580.0,1832.0,1304.0,1761.0,571.0,320.0,341.0,1705.0,1077.0,1876.0,510.0,401.0,936.0,1862.0,723.0,512.0,985.0,437.0,1527.0,669.0,00000000000000001039,59.0383130523294,C1307C02
657.0,2166.0,1610.0,543.0,490.0,1358.0,1323.0,471.0,317.0,2077.0,2074.0,540.0,851.0,1544.0,375.0,1796.0,1574.0,977.0,1495.0,579.0,2317.0,347.0,633.0,942.0,1458.0,520.0,901.0,497.0,2091.0,1473.0,357.0,1999.0,806.0,420.0,609.0,882.0,1857.0,857.0,332.0,1323.0,2140.0,711.0,2038.0,1487.0,1954.0,676.0,373.0,393.0,1829.0,1175.0,1919.0,525.0,475.0,1015.0,1725.0,817.0,564.0,1069.0,523.0,1507.0,811.0,0000000000000000103a,92.2467929116484,C1307C03
592.0,2173.0,1362.0,437.0,412.0,1210.0,1174.0,402.0,305.0,1905.0,1768.0,496.0,774.0,1525.0,321.0,1831.0,1781.0,1054.0,1416.0,505.0,1986.0,294.0,499.0,934.0,1504.0,496.0,745.0,405.0,1978.0,1450.0,303.0,1836.0,904.0,365.0,542.0,762.0,1787.0,682.0,321.0,1399.0,1911.0,570.0,1805.0,1279.0,1714.0,565.0,310.0,340.0,1692.0,1066.0,1879.0,504.0,398.0,937.0,1890.0,721.0,508.0,995.0,426.0,1528.0,652.0,0000000000000000103b,18.9317309973996,C1307C04
678.0,2333.0,1452.0,482.0,468.0,1293.0,1220.0,439.0,366.0,2010.0,1834.0,583.0,848.0,1646.0,378.0,1980.0,1964.0,1222.0,1503.0,587.0,2086.0,345.0,549.0,1025.0,1653.0,583.0,789.0,460.0,2102.0,1507.0,369.0,1960.0,1014.0,427.0,625.0,808.0,1876.0,727.0,378.0,1552.0,2059.0,657.0,1892.0,1337.0,1749.0,648.0,345.0,397.0,1769.0,1175.0,2036.0,584.0,447.0,1012.0,2055.0,831.0,601.0,1131.0,467.0,1638.0,687.0,0000000000000000103c,15.3822902748955,C1307C05
575.0,2130.0,1294.0,412.0,394.0,1171.0,1114.0,369.0,299.0,1826.0,1699.0,491.0,759.0,1472.0,311.0,1798.0,1768.0,1069.0,1375.0,490.0,1904.0,280.0,468.0,899.0,1473.0,483.0,702.0,387.0,1910.0,1393.0,295.0,1779.0,876.0,354.0,525.0,714.0,1733.0,640.0,308.0,1382.0,1877.0,560.0,1739.0,1227.0,1621.0,560.0,284.0,332.0,1646.0,1027.0,1850.0,487.0,373.0,908.0,1860.0,719.0,502.0,983.0,398.0,1509.0,605.0,0000000000000000103d,87.8106671288506,C1307C07
599.0,2200.0,1379.0,444.0,415.0,1225.0,1189.0,406.0,311.0,1930.0,1786.0,502.0,787.0,1546.0,327.0,1853.0,1806.0,1069.0,1433.0,511.0,2009.0,299.0,504.0,948.0,1525.0,502.0,751.0,412.0,2001.0,1469.0,308.0,1860.0,918.0,372.0,552.0,775.0,1807.0,692.0,327.0,1418.0,1933.0,580.0,1827.0,1295.0,1731.0,570.0,315.0,346.0,1709.0,1082.0,1903.0,513.0,406.0,952.0,1915.0,730.0,516.0,1009.0,433.0,1544.0,662.0,0000000000000000103f,60.176378986061,C1307C12
673.0,2342.0,1474.0,493.0,466.0,1303.0,1252.0,453.0,366.0,2033.0,1860.0,571.0,860.0,1668.0,376.0,1982.0,1967.0,1201.0,1523.0,581.0,2114.0,346.0,560.0,1035.0,1667.0,571.0,809.0,462.0,2112.0,1539.0,364.0,1977.0,1015.0,425.0,625.0,834.0,1908.0,752.0,383.0,1557.0,2059.0,661.0,1936.0,1364.0,1788.0,642.0,354.0,393.0,1799.0,1175.0,2037.0,582.0,454.0,1031.0,2059.0,821.0,591.0,1115.0,477.0,1649.0,716.0,00000000000000001040,55.9628924735899,C1307C95
696.0,2382.0,1563.0,524.0,500.0,1354.0,1313.0,498.0,377.0,2147.0,1935.0,598.0,882.0,1748.0,403.0,2020.0,1996.0,1219.0,1577.0,599.0,2197.0,367.0,604.0,1081.0,1715.0,589.0,868.0,486.0,2181.0,1603.0,386.0,2056.0,1063.0,450.0,651.0,887.0,1966.0,801.0,404.0,1591.0,2114.0,680.0,2026.0,1443.0,1876.0,672.0,385.0,407.0,1852.0,1234.0,2088.0,612.0,488.0,1063.0,2117.0,842.0,612.0,1150.0,515.0,1691.0,772.0,00000000000000001041,52.5635937370882,C1307C97
581.0,2161.0,1309.0,411.0,396.0,1189.0,1131.0,369.0,298.0,1852.0,1724.0,495.0,768.0,1490.0,313.0,1818.0,1791.0,1085.0,1398.0,494.0,1925.0,278.0,466.0,907.0,1491.0,486.0,707.0,388.0,1933.0,1417.0,297.0,1804.0,886.0,354.0,528.0,716.0,1756.0,645.0,306.0,1402.0,1902.0,566.0,1769.0,1246.0,1646.0,565.0,280.0,335.0,1673.0,1040.0,1878.0,490.0,372.0,917.0,1888.0,727.0,506.0,993.0,400.0,1532.0,607.0,00000000000000001042,76.6429056865058,C1307C98
603.0,2008.0,1464.0,541.0,423.0,1185.0,1192.0,442.0,321.0,1957.0,1860.0,468.0,742.0,1524.0,343.0,1674.0,1562.0,914.0,1384.0,498.0,2066.0,341.0,577.0,881.0,1375.0,458.0,843.0,491.0,1943.0,1426.0,300.0,1834.0,813.0,391.0,562.0,808.0,1756.0,770.0,338.0,1255.0,1878.0,625.0,1834.0,1345.0,1793.0,591.0,371.0,371.0,1662.0,1092.0,1737.0,522.0,459.0,938.0,1699.0,741.0,529.0,973.0,507.0,1427.0,747.0,00000000000000001043,235.734273607956,C1307F01
653.0,2272.0,1550.0,518.0,463.0,1302.0,1295.0,472.0,341.0,2126.0,1957.0,532.0,816.0,1671.0,354.0,1927.0,1820.0,1063.0,1522.0,552.0,2209.0,350.0,591.0,998.0,1574.0,525.0,857.0,473.0,2150.0,1576.0,336.0,2022.0,950.0,407.0,593.0,862.0,1926.0,798.0,362.0,1452.0,2058.0,640.0,1988.0,1432.0,1911.0,628.0,368.0,378.0,1811.0,1176.0,1984.0,557.0,454.0,1012.0,1964.0,783.0,557.0,1064.0,492.0,1609.0,760.0,00000000000000001044,106.932318934129,C1307F02
620.0,2044.0,1494.0,508.0,431.0,1176.0,1192.0,405.0,300.0,1948.0,1877.0,507.0,748.0,1469.0,342.0,1713.0,1578.0,930.0,1362.0,536.0,2077.0,322.0,543.0,915.0,1367.0,497.0,822.0,473.0,1953.0,1352.0,336.0,1823.0,810.0,366.0,572.0,779.0,1712.0,747.0,296.0,1287.0,1929.0,651.0,1852.0,1319.0,1852.0,594.0,338.0,359.0,1657.0,1121.0,1786.0,498.0,404.0,902.0,1648.0,746.0,535.0,1005.0,474.0,1411.0,684.0,00000000000000001045,183.783375295877,C1307F03
667.0,2173.0,1630.0,552.0,483.0,1298.0,1305.0,473.0,333.0,2104.0,2021.0,542.0,804.0,1622.0,385.0,1841.0,1656.0,999.0,1477.0,580.0,2259.0,363.0,629.0,964.0,1485.0,530.0,901.0,503.0,2121.0,1490.0,362.0,2017.0,863.0,418.0,610.0,856.0,1857.0,839.0,356.0,1378.0,2083.0,701.0,2040.0,1456.0,1959.0,659.0,383.0,393.0,1794.0,1193.0,1925.0,557.0,481.0,988.0,1814.0,804.0,580.0,1079.0,531.0,1542.0,788.0,00000000000000001046,82.2115879629914,C1307F04
615.0,2058.0,1500.0,526.0,432.0,1192.0,1203.0,438.0,312.0,1962.0,1885.0,487.0,744.0,1530.0,348.0,1728.0,1594.0,926.0,1391.0,516.0,2101.0,335.0,572.0,904.0,1395.0,478.0,847.0,484.0,1992.0,1418.0,322.0,1860.0,815.0,386.0,573.0,799.0,1759.0,765.0,327.0,1290.0,1926.0,653.0,1865.0,1347.0,1844.0,603.0,355.0,365.0,1681.0,1110.0,1788.0,524.0,445.0,928.0,1709.0,751.0,544.0,994.0,498.0,1432.0,718.0,00000000000000001047,270.774017847129,C1307F05
650.0,2129.0,1583.0,541.0,460.0,1256.0,1262.0,448.0,319.0,2050.0,1969.0,526.0,783.0,1571.0,366.0,1798.0,1625.0,974.0,1437.0,563.0,2199.0,349.0,599.0,948.0,1448.0,516.0,873.0,493.0,2068.0,1439.0,348.0,1949.0,843.0,404.0,593.0,830.0,1810.0,809.0,337.0,1344.0,2028.0,679.0,1978.0,1406.0,1921.0,633.0,370.0,380.0,1749.0,1167.0,1873.0,534.0,452.0,958.0,1759.0,785.0,561.0,1051.0,509.0,1496.0,754.0,00000000000000001048,142.465493997639,C1307F06
660.0,2319.0,1497.0,491.0,463.0,1312.0,1273.0,458.0,349.0,2076.0,1887.0,557.0,846.0,1675.0,375.0,1959.0,1923.0,1161.0,1527.0,566.0,2135.0,342.0,567.0,1035.0,1647.0,554.0,816.0,458.0,2121.0,1557.0,353.0,1994.0,1013.0,421.0,615.0,852.0,1916.0,764.0,375.0,1529.0,2048.0,646.0,1959.0,1394.0,1833.0,628.0,358.0,378.0,1806.0,1181.0,2028.0,577.0,458.0,1027.0,2047.0,800.0,577.0,1099.0,488.0,1644.0,735.0,00000000000000001049,344.273087895094,C1307F07
573.0,1945.0,1373.0,495.0,397.0,1101.0,1111.0,397.0,284.0,1807.0,1760.0,449.0,699.0,1418.0,316.0,1624.0,1512.0,870.0,1296.0,478.0,1963.0,305.0,525.0,842.0,1297.0,440.0,783.0,455.0,1860.0,1324.0,292.0,1721.0,767.0,355.0,534.0,744.0,1653.0,708.0,297.0,1203.0,1794.0,600.0,1722.0,1241.0,1731.0,553.0,324.0,334.0,1576.0,1038.0,1666.0,488.0,411.0,871.0,1591.0,697.0,506.0,917.0,460.0,1336.0,654.0,0000000000000000104a,214.649472327633,C1307F08
603.0,2038.0,1443.0,515.0,410.0,1153.0,1167.0,411.0,300.0,1904.0,1828.0,472.0,730.0,1485.0,324.0,1700.0,1596.0,919.0,1358.0,503.0,2050.0,320.0,542.0,894.0,1365.0,467.0,818.0,472.0,1942.0,1383.0,307.0,1802.0,810.0,368.0,565.0,776.0,1720.0,736.0,304.0,1268.0,1876.0,633.0,1803.0,1298.0,1803.0,577.0,339.0,346.0,1638.0,1094.0,1750.0,513.0,420.0,909.0,1669.0,733.0,533.0,972.0,475.0,1392.0,680.0,0000000000000000104c,97.8037541716672,C1307F10
622.0,2057.0,1515.0,556.0,442.0,1225.0,1233.0,457.0,329.0,2008.0,1920.0,484.0,762.0,1554.0,358.0,1707.0,1579.0,937.0,1425.0,514.0,2135.0,352.0,602.0,899.0,1403.0,471.0,874.0,502.0,1996.0,1467.0,311.0,1890.0,819.0,404.0,585.0,826.0,1790.0,794.0,345.0,1277.0,1945.0,656.0,1896.0,1399.0,1841.0,616.0,379.0,383.0,1707.0,1126.0,1783.0,538.0,472.0,959.0,1719.0,766.0,548.0,1007.0,522.0,1458.0,767.0,0000000000000000104d,77.3616912565064,C1307F11
574.0,2125.0,1315.0,411.0,396.0,1174.0,1131.0,372.0,292.0,1833.0,1724.0,483.0,750.0,1471.0,313.0,1793.0,1753.0,1045.0,1383.0,488.0,1924.0,279.0,470.0,906.0,1465.0,480.0,724.0,389.0,1924.0,1411.0,294.0,1787.0,872.0,350.0,522.0,720.0,1729.0,652.0,308.0,1369.0,1873.0,562.0,1754.0,1240.0,1667.0,557.0,285.0,326.0,1658.0,1037.0,1853.0,485.0,373.0,906.0,1843.0,710.0,501.0,977.0,403.0,1504.0,610.0,0000000000000000104e,44.9279133294262,C1307F12
605.0,2181.0,1329.0,418.0,406.0,1194.0,1110.0,366.0,311.0,1868.0,1730.0,528.0,759.0,1509.0,340.0,1849.0,1807.0,1135.0,1376.0,516.0,1924.0,290.0,472.0,911.0,1521.0,525.0,705.0,390.0,1962.0,1377.0,336.0,1821.0,908.0,369.0,551.0,696.0,1753.0,640.0,321.0,1435.0,1945.0,591.0,1755.0,1235.0,1619.0,579.0,288.0,343.0,1660.0,1065.0,1902.0,511.0,377.0,897.0,1938.0,763.0,541.0,1035.0,405.0,1565.0,601.0,0000000000000000104f,41.3779513502927,C1307F13
653.0,2154.0,1600.0,551.0,468.0,1269.0,1278.0,470.0,331.0,2069.0,1981.0,524.0,786.0,1612.0,376.0,1823.0,1661.0,984.0,1462.0,554.0,2214.0,358.0,606.0,958.0,1474.0,514.0,888.0,503.0,2098.0,1485.0,351.0,1975.0,863.0,409.0,602.0,843.0,1839.0,818.0,349.0,1366.0,2035.0,688.0,1989.0,1426.0,1934.0,642.0,379.0,389.0,1765.0,1178.0,1886.0,552.0,468.0,970.0,1806.0,791.0,572.0,1060.0,524.0,1513.0,770.0,00000000000000001050,106.895915583144,C1307F14
569.0,2097.0,1298.0,410.0,392.0,1156.0,1116.0,366.0,288.0,1813.0,1707.0,479.0,743.0,1453.0,311.0,1770.0,1730.0,1036.0,1364.0,481.0,1899.0,277.0,464.0,897.0,1445.0,474.0,723.0,386.0,1899.0,1392.0,293.0,1766.0,861.0,348.0,520.0,710.0,1707.0,644.0,304.0,1350.0,1850.0,561.0,1735.0,1223.0,1651.0,552.0,282.0,326.0,1641.0,1027.0,1831.0,483.0,369.0,895.0,1822.0,706.0,500.0,969.0,400.0,1490.0,602.0,00000000000000001051,105.301256762766,C1307F17
685.0,2228.0,1678.0,577.0,522.0,1417.0,1383.0,512.0,351.0,2164.0,2136.0,559.0,872.0,1629.0,404.0,1870.0,1641.0,1024.0,1559.0,598.0,2390.0,380.0,678.0,986.0,1527.0,533.0,941.0,527.0,2164.0,1569.0,379.0,2077.0,855.0,453.0,644.0,922.0,1933.0,898.0,374.0,1385.0,2203.0,737.0,2111.0,1555.0,2016.0,702.0,400.0,419.0,1896.0,1231.0,1985.0,574.0,522.0,1059.0,1810.0,845.0,599.0,1114.0,561.0,1600.0,861.0,00000000000000001052,120.596533031673,C1307F18
613.0,2049.0,1494.0,528.0,429.0,1187.0,1197.0,436.0,313.0,1956.0,1880.0,486.0,741.0,1525.0,347.0,1720.0,1587.0,921.0,1386.0,515.0,2093.0,335.0,569.0,900.0,1389.0,476.0,844.0,485.0,1984.0,1413.0,321.0,1854.0,811.0,385.0,572.0,797.0,1754.0,763.0,326.0,1283.0,1918.0,652.0,1858.0,1341.0,1839.0,600.0,355.0,366.0,1676.0,1105.0,1781.0,523.0,444.0,926.0,1704.0,751.0,543.0,990.0,496.0,1427.0,716.0,00000000000000001053,83.4644895803706,C1307F21
616.0,2050.0,1449.0,494.0,424.0,1160.0,1170.0,406.0,301.0,1912.0,1817.0,490.0,745.0,1467.0,337.0,1716.0,1622.0,942.0,1349.0,520.0,2036.0,318.0,530.0,919.0,1375.0,490.0,809.0,462.0,1925.0,1359.0,326.0,1795.0,824.0,367.0,569.0,769.0,1701.0,722.0,301.0,1309.0,1891.0,636.0,1792.0,1283.0,1806.0,582.0,329.0,352.0,1634.0,1093.0,1785.0,503.0,403.0,900.0,1669.0,736.0,523.0,988.0,467.0,1408.0,665.0,00000000000000001054,92.2545135452174,C1307F22
598.0,2007.0,1402.0,477.0,416.0,1126.0,1126.0,380.0,287.0,1833.0,1751.0,494.0,727.0,1401.0,331.0,1676.0,1569.0,931.0,1299.0,508.0,1928.0,317.0,505.0,912.0,1329.0,491.0,786.0,450.0,1842.0,1292.0,333.0,1726.0,811.0,354.0,542.0,741.0,1641.0,691.0,276.0,1289.0,1844.0,601.0,1729.0,1225.0,1758.0,571.0,307.0,342.0,1570.0,1068.0,1740.0,471.0,370.0,861.0,1620.0,717.0,504.0,966.0,446.0,1398.0,634.0,00000000000000001055,36.3680838767455,C1307F23
654.0,2311.0,1463.0,480.0,456.0,1297.0,1252.0,447.0,350.0,2031.0,1852.0,552.0,843.0,1650.0,363.0,1950.0,1939.0,1169.0,1514.0,562.0,2101.0,333.0,555.0,1026.0,1639.0,552.0,811.0,454.0,2093.0,1543.0,345.0,1964.0,999.0,411.0,611.0,828.0,1889.0,740.0,366.0,1528.0,2029.0,642.0,1922.0,1365.0,1791.0,629.0,346.0,379.0,1784.0,1166.0,2017.0,567.0,444.0,1019.0,2030.0,800.0,573.0,1093.0,472.0,1622.0,705.0,00000000000000001056,132.566661001464,C1307F24
552.0,2061.0,1238.0,388.0,375.0,1127.0,1069.0,345.0,280.0,1755.0,1648.0,470.0,728.0,1409.0,301.0,1728.0,1699.0,1033.0,1327.0,468.0,1829.0,262.0,438.0,857.0,1412.0,460.0,673.0,367.0,1838.0,1346.0,283.0,1711.0,837.0,337.0,506.0,673.0,1672.0,606.0,290.0,1331.0,1813.0,543.0,1676.0,1181.0,1569.0,539.0,261.0,318.0,1599.0,986.0,1786.0,468.0,355.0,867.0,1793.0,693.0,487.0,943.0,381.0,1466.0,572.0,00000000000000001057,85.0025827320239,C1307F25
615.0,2027.0,1502.0,556.0,441.0,1223.0,1222.0,456.0,330.0,1986.0,1911.0,482.0,764.0,1536.0,356.0,1682.0,1556.0,929.0,1415.0,510.0,2115.0,355.0,597.0,891.0,1393.0,465.0,863.0,501.0,1970.0,1453.0,307.0,1872.0,811.0,403.0,575.0,828.0,1777.0,796.0,345.0,1260.0,1923.0,645.0,1880.0,1391.0,1826.0,610.0,380.0,385.0,1698.0,1118.0,1764.0,531.0,470.0,957.0,1699.0,758.0,537.0,1000.0,518.0,1451.0,772.0,00000000000000001058,223.409115004222,C1307F26
596.0,2012.0,1444.0,540.0,413.0,1162.0,1172.0,427.0,306.0,1932.0,1842.0,453.0,734.0,1507.0,330.0,1667.0,1566.0,901.0,1379.0,484.0,2052.0,327.0,566.0,871.0,1357.0,443.0,854.0,488.0,1935.0,1418.0,294.0,1813.0,795.0,382.0,565.0,795.0,1735.0,755.0,322.0,1237.0,1863.0,634.0,1813.0,1328.0,1796.0,586.0,352.0,359.0,1640.0,1090.0,1725.0,525.0,447.0,934.0,1681.0,738.0,535.0,961.0,507.0,1397.0,718.0,00000000000000001059,250.77913517633,C1307F27
611.0,2056.0,1468.0,519.0,423.0,1168.0,1182.0,420.0,304.0,1929.0,1852.0,481.0,739.0,1507.0,334.0,1722.0,1607.0,927.0,1372.0,510.0,2076.0,327.0,556.0,901.0,1382.0,475.0,827.0,477.0,1968.0,1398.0,315.0,1830.0,818.0,375.0,568.0,786.0,1738.0,748.0,313.0,1287.0,1902.0,640.0,1833.0,1316.0,1824.0,587.0,346.0,354.0,1658.0,1103.0,1773.0,519.0,429.0,918.0,1691.0,739.0,538.0,981.0,484.0,1412.0,694.0,0000000000000000105a,49.5553248403404,C1307F28
619.0,2033.0,1485.0,498.0,431.0,1179.0,1192.0,397.0,292.0,1930.0,1862.0,510.0,757.0,1444.0,346.0,1691.0,1559.0,926.0,1352.0,540.0,2058.0,314.0,536.0,913.0,1348.0,505.0,824.0,467.0,1933.0,1316.0,343.0,1806.0,806.0,370.0,565.0,775.0,1695.0,742.0,295.0,1276.0,1918.0,637.0,1845.0,1313.0,1845.0,601.0,333.0,354.0,1638.0,1117.0,1774.0,480.0,398.0,889.0,1625.0,750.0,525.0,999.0,473.0,1396.0,677.0,0000000000000000105b,62.5862292318216,C1307F30
634.0,2257.0,1485.0,473.0,443.0,1272.0,1256.0,444.0,324.0,2048.0,1880.0,529.0,814.0,1627.0,348.0,1918.0,1835.0,1081.0,1486.0,543.0,2119.0,323.0,548.0,989.0,1576.0,527.0,797.0,437.0,2096.0,1538.0,327.0,1963.0,949.0,392.0,570.0,827.0,1881.0,751.0,348.0,1460.0,2014.0,605.0,1931.0,1376.0,1839.0,599.0,339.0,358.0,1782.0,1135.0,1968.0,535.0,427.0,985.0,1964.0,760.0,535.0,1042.0,465.0,1605.0,719.0,0000000000000000105d,104.122297788961,C1307F32
619.0,2171.0,1478.0,501.0,431.0,1227.0,1228.0,440.0,323.0,2021.0,1876.0,496.0,778.0,1589.0,339.0,1831.0,1723.0,1005.0,1442.0,521.0,2111.0,330.0,556.0,943.0,1486.0,495.0,823.0,464.0,2047.0,1493.0,315.0,1914.0,888.0,387.0,572.0,814.0,1833.0,755.0,342.0,1372.0,1962.0,622.0,1894.0,1362.0,1842.0,595.0,350.0,361.0,1728.0,1122.0,1879.0,535.0,435.0,965.0,1851.0,748.0,535.0,1012.0,478.0,1519.0,718.0,0000000000000000105e,490.704419193574,C1307F33
586.0,1992.0,1405.0,508.0,402.0,1127.0,1139.0,404.0,292.0,1851.0,1794.0,457.0,715.0,1453.0,321.0,1660.0,1554.0,894.0,1330.0,488.0,2007.0,311.0,534.0,865.0,1331.0,449.0,800.0,466.0,1901.0,1358.0,297.0,1760.0,788.0,361.0,552.0,761.0,1689.0,722.0,301.0,1233.0,1834.0,618.0,1760.0,1270.0,1767.0,565.0,331.0,341.0,1608.0,1065.0,1705.0,501.0,419.0,892.0,1631.0,713.0,521.0,942.0,469.0,1363.0,668.0,0000000000000000105f,60.1340444996651,C1307F34
657.0,2101.0,1588.0,590.0,491.0,1326.0,1317.0,493.0,361.0,2050.0,2018.0,526.0,828.0,1590.0,395.0,1756.0,1597.0,985.0,1495.0,563.0,2212.0,391.0,651.0,947.0,1457.0,507.0,906.0,530.0,2045.0,1524.0,350.0,1965.0,846.0,433.0,606.0,894.0,1856.0,866.0,376.0,1318.0,2034.0,688.0,1984.0,1484.0,1916.0,668.0,411.0,421.0,1791.0,1182.0,1854.0,558.0,509.0,1027.0,1752.0,798.0,568.0,1067.0,548.0,1532.0,838.0,00000000000000001061,91.3211898089661,C1307F36
559.0,1899.0,1347.0,509.0,383.0,1083.0,1093.0,395.0,288.0,1799.0,1737.0,424.0,686.0,1401.0,311.0,1573.0,1468.0,841.0,1287.0,454.0,1931.0,308.0,528.0,814.0,1266.0,415.0,797.0,463.0,1824.0,1322.0,275.0,1694.0,741.0,360.0,530.0,741.0,1637.0,700.0,300.0,1155.0,1755.0,597.0,1694.0,1236.0,1699.0,548.0,329.0,339.0,1547.0,1015.0,1619.0,491.0,420.0,872.0,1568.0,691.0,501.0,898.0,479.0,1313.0,662.0,00000000000000001062,434.91107304089,C1307F37
669.0,2175.0,1638.0,563.0,487.0,1308.0,1315.0,480.0,343.0,2113.0,2033.0,540.0,809.0,1637.0,390.0,1843.0,1656.0,1002.0,1486.0,580.0,2270.0,373.0,635.0,964.0,1491.0,526.0,907.0,512.0,2125.0,1509.0,361.0,2028.0,866.0,424.0,613.0,863.0,1870.0,847.0,365.0,1377.0,2092.0,702.0,2049.0,1471.0,1962.0,663.0,392.0,402.0,1805.0,1198.0,1926.0,564.0,493.0,996.0,1820.0,806.0,582.0,1081.0,540.0,1552.0,800.0,00000000000000001063,96.0298882062019,C1307F38
619.0,2044.0,1482.0,506.0,427.0,1171.0,1182.0,409.0,301.0,1933.0,1862.0,500.0,738.0,1479.0,341.0,1713.0,1581.0,926.0,1358.0,529.0,2068.0,323.0,546.0,911.0,1369.0,490.0,819.0,466.0,1952.0,1365.0,326.0,1821.0,814.0,373.0,567.0,778.0,1717.0,744.0,304.0,1288.0,1914.0,646.0,1839.0,1312.0,1835.0,589.0,339.0,355.0,1652.0,1107.0,1778.0,506.0,413.0,902.0,1661.0,744.0,534.0,994.0,481.0,1411.0,689.0,00000000000000001064,103.830978768376,C1307F41
619.0,2042.0,1465.0,493.0,425.0,1159.0,1178.0,395.0,292.0,1928.0,1832.0,515.0,742.0,1445.0,344.0,1711.0,1589.0,934.0,1345.0,531.0,2015.0,322.0,517.0,933.0,1349.0,507.0,811.0,468.0,1925.0,1319.0,349.0,1776.0,832.0,364.0,567.0,762.0,1680.0,724.0,287.0,1307.0,1899.0,630.0,1819.0,1284.0,1836.0,585.0,333.0,353.0,1618.0,1118.0,1777.0,486.0,380.0,870.0,1644.0,739.0,528.0,998.0,464.0,1416.0,659.0,00000000000000001065,256.227889520847,C1307F43
657.0,2145.0,1605.0,551.0,474.0,1271.0,1281.0,470.0,334.0,2067.0,1989.0,530.0,787.0,1609.0,383.0,1820.0,1641.0,985.0,1454.0,565.0,2218.0,363.0,614.0,951.0,1468.0,520.0,886.0,501.0,2095.0,1476.0,356.0,1983.0,857.0,414.0,601.0,844.0,1838.0,824.0,356.0,1361.0,2043.0,687.0,2001.0,1431.0,1933.0,646.0,382.0,392.0,1769.0,1175.0,1887.0,553.0,477.0,971.0,1800.0,792.0,571.0,1060.0,530.0,1524.0,778.0,00000000000000001066,151.135099231229,C1307F44
653.0,2137.0,1596.0,533.0,475.0,1293.0,1280.0,451.0,313.0,2050.0,2005.0,532.0,805.0,1542.0,370.0,1794.0,1603.0,965.0,1449.0,571.0,2242.0,343.0,606.0,945.0,1438.0,517.0,877.0,493.0,2068.0,1442.0,354.0,1963.0,819.0,404.0,599.0,845.0,1814.0,829.0,326.0,1333.0,2066.0,697.0,1989.0,1425.0,1933.0,646.0,363.0,383.0,1773.0,1164.0,1890.0,524.0,457.0,980.0,1723.0,793.0,560.0,1058.0,510.0,1499.0,768.0,00000000000000001067,187.363038161328,C1307F45
651.0,2140.0,1592.0,543.0,461.0,1260.0,1265.0,447.0,318.0,2047.0,1976.0,528.0,785.0,1578.0,363.0,1804.0,1639.0,978.0,1444.0,563.0,2200.0,349.0,595.0,953.0,1455.0,518.0,876.0,494.0,2076.0,1447.0,351.0,1952.0,849.0,403.0,600.0,832.0,1815.0,809.0,334.0,1351.0,2033.0,685.0,1984.0,1408.0,1929.0,634.0,369.0,379.0,1749.0,1174.0,1878.0,539.0,451.0,959.0,1766.0,789.0,566.0,1056.0,510.0,1498.0,752.0,00000000000000001069,123.315490416881,C1307F48
637.0,2100.0,1549.0,522.0,455.0,1244.0,1242.0,427.0,303.0,1999.0,1947.0,524.0,788.0,1503.0,358.0,1753.0,1588.0,951.0,1416.0,557.0,2173.0,336.0,578.0,934.0,1402.0,514.0,859.0,486.0,2015.0,1395.0,346.0,1899.0,816.0,384.0,583.0,820.0,1770.0,795.0,313.0,1309.0,2006.0,673.0,1933.0,1382.0,1900.0,628.0,353.0,372.0,1719.0,1149.0,1844.0,503.0,429.0,947.0,1687.0,779.0,544.0,1036.0,492.0,1450.0,733.0,0000000000000000106a,41.5025146022352,C1307F51
666.0,2123.0,1606.0,595.0,500.0,1343.0,1332.0,500.0,367.0,2071.0,2040.0,534.0,840.0,1605.0,401.0,1777.0,1613.0,998.0,1511.0,572.0,2237.0,397.0,661.0,960.0,1475.0,516.0,916.0,535.0,2067.0,1539.0,360.0,1985.0,856.0,440.0,615.0,905.0,1876.0,877.0,382.0,1334.0,2058.0,700.0,2005.0,1501.0,1934.0,680.0,416.0,426.0,1810.0,1195.0,1874.0,567.0,516.0,1037.0,1769.0,807.0,577.0,1082.0,554.0,1550.0,849.0,0000000000000000106b,185.016611311763,C1307F52
594.0,1992.0,1438.0,537.0,415.0,1157.0,1169.0,428.0,310.0,1922.0,1833.0,454.0,727.0,1495.0,333.0,1655.0,1543.0,894.0,1364.0,485.0,2041.0,331.0,565.0,863.0,1344.0,444.0,843.0,486.0,1923.0,1406.0,294.0,1804.0,789.0,384.0,559.0,790.0,1723.0,752.0,326.0,1229.0,1855.0,629.0,1804.0,1323.0,1779.0,585.0,356.0,362.0,1634.0,1077.0,1713.0,519.0,448.0,924.0,1665.0,731.0,528.0,955.0,504.0,1395.0,720.0,0000000000000000106c,119.667863027926,C1307F53
636.0,2088.0,1545.0,524.0,449.0,1232.0,1232.0,428.0,303.0,2002.0,1938.0,519.0,773.0,1520.0,348.0,1755.0,1590.0,950.0,1404.0,549.0,2151.0,333.0,573.0,931.0,1407.0,509.0,849.0,484.0,2018.0,1402.0,341.0,1898.0,823.0,385.0,584.0,817.0,1768.0,790.0,316.0,1310.0,1985.0,664.0,1927.0,1375.0,1888.0,620.0,353.0,365.0,1712.0,1143.0,1831.0,514.0,432.0,939.0,1708.0,774.0,545.0,1028.0,490.0,1454.0,733.0,0000000000000000106e,156.261969678736,C1307F58
625.0,2240.0,1456.0,462.0,434.0,1255.0,1235.0,429.0,314.0,2018.0,1856.0,517.0,804.0,1600.0,337.0,1898.0,1822.0,1072.0,1469.0,531.0,2092.0,311.0,532.0,975.0,1555.0,516.0,787.0,425.0,2072.0,1520.0,318.0,1934.0,934.0,382.0,562.0,810.0,1860.0,733.0,337.0,1442.0,1992.0,595.0,1902.0,1354.0,1812.0,590.0,328.0,350.0,1761.0,1118.0,1947.0,526.0,417.0,975.0,1946.0,749.0,526.0,1029.0,451.0,1585.0,701.0,0000000000000000106f,84.2542451098503,C1307F60
573.0,2029.0,1318.0,439.0,394.0,1114.0,1104.0,372.0,284.0,1802.0,1710.0,471.0,725.0,1405.0,310.0,1707.0,1649.0,964.0,1324.0,480.0,1897.0,287.0,477.0,891.0,1375.0,470.0,746.0,406.0,1854.0,1354.0,300.0,1726.0,830.0,349.0,532.0,728.0,1669.0,652.0,293.0,1295.0,1810.0,575.0,1693.0,1213.0,1682.0,552.0,295.0,327.0,1600.0,1029.0,1762.0,483.0,374.0,883.0,1703.0,699.0,501.0,932.0,426.0,1418.0,610.0,00000000000000001070,224.759834805527,C1307F61
632.0,2097.0,1513.0,524.0,440.0,1201.0,1218.0,433.0,313.0,1983.0,1892.0,498.0,758.0,1546.0,345.0,1762.0,1637.0,949.0,1405.0,527.0,2124.0,341.0,574.0,921.0,1419.0,495.0,842.0,484.0,2016.0,1434.0,326.0,1880.0,835.0,384.0,581.0,805.0,1774.0,767.0,325.0,1322.0,1947.0,657.0,1888.0,1355.0,1862.0,603.0,353.0,363.0,1694.0,1124.0,1822.0,532.0,442.0,936.0,1736.0,759.0,551.0,1006.0,499.0,1451.0,718.0,00000000000000001071,92.7979388481433,C1307F62
679.0,2201.0,1652.0,556.0,499.0,1358.0,1339.0,486.0,333.0,2130.0,2079.0,549.0,834.0,1609.0,386.0,1851.0,1637.0,1000.0,1511.0,590.0,2336.0,362.0,649.0,969.0,1493.0,530.0,915.0,510.0,2141.0,1517.0,362.0,2047.0,843.0,432.0,620.0,881.0,1883.0,868.0,358.0,1370.0,2146.0,719.0,2072.0,1499.0,1983.0,677.0,382.0,402.0,1844.0,1202.0,1956.0,548.0,498.0,1021.0,1792.0,820.0,580.0,1096.0,540.0,1560.0,818.0,00000000000000001072,48.2940282682404,C1307F67
697.0,2381.0,1547.0,521.0,495.0,1349.0,1302.0,489.0,377.0,2127.0,1923.0,595.0,883.0,1736.0,398.0,2015.0,1996.0,1221.0,1569.0,599.0,2186.0,366.0,597.0,1077.0,1710.0,589.0,857.0,487.0,2175.0,1592.0,383.0,2044.0,1060.0,446.0,650.0,879.0,1959.0,792.0,402.0,1590.0,2107.0,680.0,2012.0,1430.0,1858.0,667.0,382.0,406.0,1844.0,1227.0,2081.0,609.0,484.0,1060.0,2111.0,843.0,611.0,1149.0,509.0,1686.0,763.0,00000000000000001073,60.6206772894566,C1307F91
641.0,2128.0,1565.0,571.0,456.0,1269.0,1277.0,476.0,339.0,2084.0,1975.0,499.0,790.0,1616.0,366.0,1760.0,1646.0,975.0,1479.0,530.0,2201.0,360.0,626.0,936.0,1458.0,487.0,907.0,518.0,2060.0,1529.0,318.0,1955.0,856.0,416.0,605.0,859.0,1853.0,820.0,356.0,1326.0,1999.0,674.0,1955.0,1449.0,1894.0,636.0,392.0,392.0,1760.0,1166.0,1846.0,558.0,487.0,997.0,1788.0,792.0,565.0,1045.0,537.0,1505.0,800.0,00000000000000001074,38.4742835302694,C1307P03
620.0,2055.0,1478.0,506.0,430.0,1171.0,1181.0,412.0,301.0,1934.0,1856.0,499.0,739.0,1481.0,339.0,1719.0,1594.0,931.0,1359.0,529.0,2068.0,322.0,543.0,918.0,1371.0,489.0,822.0,466.0,1951.0,1370.0,324.0,1818.0,822.0,371.0,567.0,778.0,1716.0,741.0,301.0,1297.0,1916.0,647.0,1829.0,1311.0,1833.0,589.0,334.0,353.0,1652.0,1109.0,1789.0,508.0,410.0,903.0,1662.0,741.0,536.0,998.0,480.0,1411.0,686.0,00000000000000001075,216.776466706419,C1307P04
654.0,2146.0,1597.0,545.0,464.0,1266.0,1271.0,451.0,320.0,2059.0,1983.0,530.0,790.0,1584.0,366.0,1810.0,1643.0,983.0,1450.0,566.0,2210.0,350.0,601.0,957.0,1460.0,520.0,882.0,496.0,2083.0,1453.0,352.0,1961.0,852.0,405.0,602.0,837.0,1821.0,814.0,337.0,1356.0,2041.0,688.0,1993.0,1416.0,1934.0,639.0,371.0,381.0,1756.0,1178.0,1886.0,541.0,454.0,965.0,1773.0,792.0,568.0,1061.0,513.0,1503.0,758.0,00000000000000001076,51.3635377161403,C1307P05
628.0,2062.0,1521.0,515.0,441.0,1209.0,1213.0,419.0,299.0,1969.0,1912.0,514.0,758.0,1496.0,346.0,1729.0,1572.0,938.0,1383.0,543.0,2117.0,326.0,562.0,919.0,1386.0,504.0,838.0,477.0,1988.0,1375.0,341.0,1864.0,813.0,379.0,579.0,799.0,1743.0,771.0,312.0,1293.0,1955.0,657.0,1896.0,1350.0,1870.0,611.0,347.0,360.0,1686.0,1130.0,1804.0,507.0,424.0,919.0,1679.0,764.0,540.0,1015.0,485.0,1433.0,713.0,00000000000000001077,57.2870394823463,C1307P07
567.0,2076.0,1290.0,412.0,389.0,1141.0,1109.0,365.0,288.0,1806.0,1697.0,475.0,733.0,1437.0,310.0,1759.0,1706.0,1021.0,1349.0,478.0,1882.0,278.0,464.0,888.0,1428.0,474.0,717.0,384.0,1882.0,1376.0,291.0,1745.0,852.0,347.0,515.0,708.0,1695.0,641.0,304.0,1337.0,1833.0,559.0,1722.0,1210.0,1641.0,547.0,287.0,323.0,1632.0,1014.0,1809.0,478.0,368.0,886.0,1800.0,697.0,496.0,957.0,404.0,1474.0,599.0,00000000000000001078,144.633816326945,C1307P08
626.0,2072.0,1496.0,514.0,430.0,1184.0,1195.0,420.0,312.0,1958.0,1874.0,499.0,745.0,1515.0,343.0,1739.0,1610.0,940.0,1378.0,528.0,2094.0,333.0,562.0,919.0,1397.0,490.0,828.0,473.0,1986.0,1398.0,327.0,1851.0,832.0,382.0,574.0,791.0,1745.0,755.0,315.0,1308.0,1927.0,653.0,1862.0,1330.0,1844.0,599.0,352.0,362.0,1666.0,1114.0,1793.0,524.0,423.0,921.0,1705.0,753.0,544.0,999.0,490.0,1427.0,708.0,00000000000000001079,72.2349457056537,C1307P09
574.0,2136.0,1315.0,411.0,396.0,1180.0,1132.0,373.0,295.0,1835.0,1725.0,485.0,755.0,1478.0,313.0,1800.0,1767.0,1054.0,1389.0,489.0,1928.0,279.0,470.0,908.0,1475.0,479.0,718.0,391.0,1929.0,1415.0,294.0,1795.0,877.0,351.0,523.0,719.0,1740.0,652.0,309.0,1378.0,1881.0,560.0,1758.0,1244.0,1664.0,559.0,284.0,329.0,1662.0,1038.0,1862.0,485.0,374.0,909.0,1856.0,712.0,499.0,980.0,402.0,1512.0,610.0,0000000000000000107a,81.8856632034605,C1307P10
625.0,2064.0,1518.0,519.0,436.0,1195.0,1207.0,416.0,304.0,1963.0,1902.0,508.0,753.0,1501.0,344.0,1733.0,1583.0,938.0,1380.0,538.0,2107.0,330.0,559.0,919.0,1389.0,499.0,835.0,475.0,1988.0,1379.0,338.0,1856.0,816.0,378.0,579.0,795.0,1743.0,765.0,310.0,1297.0,1951.0,658.0,1889.0,1339.0,1867.0,601.0,350.0,363.0,1678.0,1128.0,1797.0,511.0,422.0,917.0,1684.0,757.0,541.0,1012.0,485.0,1436.0,708.0,0000000000000000107b,72.1348992934307,C1307P12
554.0,1900.0,1320.0,485.0,367.0,1061.0,1076.0,372.0,280.0,1752.0,1700.0,426.0,677.0,1366.0,298.0,1572.0,1479.0,843.0,1258.0,459.0,1902.0,295.0,493.0,819.0,1262.0,425.0,753.0,444.0,1800.0,1282.0,272.0,1653.0,741.0,337.0,526.0,719.0,1609.0,675.0,278.0,1164.0,1736.0,584.0,1656.0,1195.0,1680.0,530.0,312.0,322.0,1524.0,1001.0,1610.0,470.0,391.0,846.0,1541.0,677.0,489.0,889.0,444.0,1295.0,625.0,0000000000000000107c,62.3143633495701,C1307P13
573.0,2100.0,1280.0,397.0,385.0,1145.0,1068.0,343.0,296.0,1791.0,1679.0,502.0,730.0,1440.0,323.0,1777.0,1738.0,1088.0,1328.0,488.0,1847.0,276.0,445.0,871.0,1456.0,494.0,680.0,371.0,1880.0,1332.0,317.0,1749.0,861.0,353.0,522.0,661.0,1688.0,611.0,305.0,1375.0,1869.0,559.0,1689.0,1191.0,1564.0,555.0,269.0,333.0,1610.0,1015.0,1832.0,483.0,360.0,856.0,1859.0,728.0,510.0,986.0,385.0,1515.0,573.0,0000000000000000107d,96.6545942768867,C1307P18
606.0,2170.0,1407.0,458.0,420.0,1203.0,1189.0,411.0,307.0,1943.0,1805.0,501.0,781.0,1527.0,330.0,1834.0,1758.0,1031.0,1420.0,512.0,2028.0,309.0,516.0,953.0,1485.0,495.0,775.0,426.0,2001.0,1466.0,318.0,1871.0,898.0,372.0,557.0,782.0,1790.0,707.0,323.0,1389.0,1934.0,594.0,1834.0,1307.0,1775.0,579.0,320.0,347.0,1707.0,1090.0,1885.0,515.0,407.0,943.0,1860.0,734.0,525.0,992.0,452.0,1525.0,670.0,0000000000000000107e,156.576746553468,C1307P20
672.0,2198.0,1647.0,556.0,498.0,1359.0,1340.0,486.0,333.0,2123.0,2078.0,546.0,835.0,1602.0,385.0,1844.0,1631.0,996.0,1511.0,588.0,2335.0,362.0,649.0,965.0,1490.0,526.0,916.0,510.0,2137.0,1513.0,363.0,2041.0,837.0,431.0,619.0,883.0,1882.0,869.0,356.0,1362.0,2146.0,719.0,2069.0,1499.0,1980.0,680.0,382.0,402.0,1843.0,1198.0,1951.0,547.0,498.0,1024.0,1784.0,817.0,579.0,1092.0,540.0,1556.0,818.0,0000000000000000107f,83.3371495864163,C1307P22
677.0,2191.0,1650.0,553.0,496.0,1341.0,1331.0,483.0,333.0,2129.0,2063.0,549.0,826.0,1616.0,385.0,1850.0,1646.0,999.0,1498.0,587.0,2315.0,363.0,641.0,968.0,1488.0,529.0,912.0,507.0,2137.0,1508.0,363.0,2039.0,852.0,426.0,616.0,871.0,1872.0,860.0,358.0,1376.0,2131.0,714.0,2064.0,1485.0,1977.0,672.0,383.0,399.0,1825.0,1201.0,1950.0,553.0,491.0,1008.0,1797.0,816.0,580.0,1092.0,537.0,1553.0,806.0,00000000000000001080,70.3359147234067,C1307P23
674.0,2354.0,1504.0,496.0,472.0,1326.0,1275.0,462.0,361.0,2079.0,1885.0,568.0,867.0,1694.0,382.0,1982.0,1976.0,1197.0,1544.0,578.0,2142.0,345.0,573.0,1051.0,1680.0,568.0,828.0,467.0,2136.0,1569.0,360.0,2008.0,1030.0,431.0,629.0,856.0,1926.0,764.0,387.0,1564.0,2066.0,659.0,1968.0,1396.0,1819.0,645.0,360.0,387.0,1814.0,1196.0,2054.0,585.0,468.0,1043.0,2079.0,821.0,590.0,1123.0,493.0,1655.0,734.0,00000000000000001081,56.2724139641814,C1307P24
638.0,2097.0,1543.0,527.0,448.0,1218.0,1227.0,439.0,315.0,1992.0,1920.0,509.0,762.0,1551.0,354.0,1768.0,1622.0,953.0,1408.0,543.0,2142.0,344.0,580.0,925.0,1426.0,504.0,850.0,482.0,2030.0,1426.0,335.0,1901.0,834.0,392.0,581.0,808.0,1781.0,781.0,329.0,1326.0,1973.0,664.0,1922.0,1366.0,1880.0,614.0,359.0,369.0,1707.0,1135.0,1834.0,532.0,444.0,937.0,1737.0,768.0,552.0,1020.0,502.0,1466.0,730.0,00000000000000001082,109.448893946446,C1307P25
691.0,2213.0,1678.0,575.0,511.0,1361.0,1357.0,503.0,350.0,2168.0,2093.0,550.0,838.0,1659.0,398.0,1870.0,1662.0,1019.0,1524.0,595.0,2346.0,380.0,666.0,981.0,1519.0,535.0,933.0,520.0,2170.0,1557.0,367.0,2079.0,869.0,439.0,632.0,892.0,1908.0,883.0,378.0,1390.0,2155.0,731.0,2099.0,1519.0,1996.0,689.0,400.0,412.0,1865.0,1220.0,1973.0,574.0,514.0,1033.0,1836.0,828.0,596.0,1112.0,554.0,1587.0,839.0,00000000000000001083,115.925834400479,C1307P27
632.0,2087.0,1537.0,516.0,451.0,1233.0,1233.0,423.0,300.0,1986.0,1934.0,520.0,781.0,1494.0,359.0,1740.0,1583.0,945.0,1406.0,551.0,2152.0,331.0,572.0,929.0,1393.0,510.0,855.0,481.0,2001.0,1382.0,346.0,1883.0,814.0,384.0,581.0,812.0,1758.0,785.0,313.0,1303.0,1988.0,668.0,1918.0,1370.0,1891.0,626.0,348.0,367.0,1705.0,1145.0,1833.0,500.0,427.0,937.0,1677.0,771.0,542.0,1029.0,493.0,1440.0,723.0,00000000000000001084,110.770602701189,C1307P29
661.0,2322.0,1456.0,481.0,458.0,1291.0,1242.0,446.0,356.0,2011.0,1843.0,561.0,846.0,1650.0,366.0,1968.0,1954.0,1190.0,1512.0,571.0,2095.0,336.0,552.0,1023.0,1651.0,561.0,802.0,450.0,2090.0,1529.0,354.0,1960.0,1003.0,414.0,613.0,818.0,1891.0,739.0,373.0,1544.0,2040.0,652.0,1918.0,1349.0,1773.0,633.0,344.0,386.0,1784.0,1161.0,2026.0,572.0,442.0,1019.0,2040.0,809.0,582.0,1103.0,468.0,1633.0,700.0,00000000000000001085,69.2593668417401,C1307X01
614.0,2188.0,1428.0,459.0,428.0,1213.0,1202.0,419.0,307.0,1973.0,1824.0,505.0,786.0,1549.0,329.0,1854.0,1770.0,1035.0,1431.0,519.0,2054.0,308.0,525.0,956.0,1501.0,500.0,788.0,426.0,2028.0,1484.0,316.0,1895.0,901.0,371.0,556.0,790.0,1810.0,716.0,325.0,1399.0,1954.0,593.0,1859.0,1323.0,1791.0,588.0,323.0,346.0,1724.0,1096.0,1902.0,517.0,407.0,951.0,1881.0,739.0,523.0,999.0,448.0,1541.0,679.0,00000000000000001086,80.2367304422603,C1308C01
654.0,2324.0,1447.0,481.0,456.0,1283.0,1235.0,440.0,357.0,2003.0,1837.0,556.0,842.0,1637.0,371.0,1968.0,1944.0,1187.0,1503.0,566.0,2090.0,337.0,547.0,1016.0,1642.0,556.0,791.0,450.0,2092.0,1517.0,351.0,1953.0,997.0,419.0,601.0,813.0,1885.0,734.0,374.0,1539.0,2043.0,639.0,1904.0,1341.0,1764.0,635.0,342.0,387.0,1779.0,1153.0,2021.0,561.0,442.0,1010.0,2038.0,801.0,571.0,1099.0,464.0,1631.0,696.0,00000000000000001087,68.9611589572391,C1308C02
756.0,2484.0,1581.0,557.0,529.0,1375.0,1311.0,509.0,431.0,2151.0,1949.0,668.0,932.0,1784.0,437.0,2124.0,2082.0,1321.0,1587.0,668.0,2244.0,409.0,624.0,1130.0,1780.0,662.0,882.0,530.0,2255.0,1591.0,433.0,2086.0,1119.0,487.0,703.0,896.0,1994.0,819.0,441.0,1669.0,2210.0,734.0,2031.0,1428.0,1865.0,716.0,414.0,464.0,1880.0,1284.0,2153.0,660.0,512.0,1097.0,2192.0,924.0,671.0,1233.0,537.0,1741.0,783.0,00000000000000001088,78.9715325982332,C1308C03
683.0,2205.0,1666.0,562.0,502.0,1351.0,1342.0,492.0,342.0,2153.0,2079.0,553.0,833.0,1637.0,388.0,1863.0,1658.0,1011.0,1509.0,591.0,2334.0,371.0,652.0,974.0,1505.0,533.0,921.0,514.0,2152.0,1527.0,364.0,2061.0,863.0,431.0,624.0,880.0,1890.0,870.0,368.0,1387.0,2147.0,722.0,2086.0,1499.0,1988.0,678.0,391.0,406.0,1841.0,1212.0,1966.0,565.0,499.0,1016.0,1820.0,824.0,590.0,1102.0,543.0,1569.0,818.0,0000000000000000108a,64.5515112202504,C1308C05
565.0,1980.0,1275.0,419.0,374.0,1072.0,1054.0,344.0,266.0,1751.0,1652.0,466.0,700.0,1362.0,302.0,1663.0,1613.0,970.0,1280.0,469.0,1827.0,267.0,447.0,878.0,1335.0,459.0,705.0,390.0,1791.0,1307.0,296.0,1682.0,808.0,328.0,515.0,680.0,1610.0,617.0,270.0,1275.0,1770.0,556.0,1645.0,1153.0,1623.0,534.0,274.0,318.0,1565.0,1005.0,1738.0,456.0,356.0,838.0,1664.0,690.0,487.0,923.0,406.0,1413.0,579.0,0000000000000000108b,72.5807465577977,C1308C10
682.0,2208.0,1667.0,574.0,521.0,1408.0,1374.0,512.0,354.0,2147.0,2125.0,556.0,871.0,1622.0,404.0,1855.0,1628.0,1019.0,1550.0,596.0,2366.0,383.0,675.0,981.0,1518.0,530.0,934.0,524.0,2146.0,1561.0,381.0,2061.0,856.0,453.0,640.0,916.0,1924.0,895.0,377.0,1378.0,2184.0,735.0,2095.0,1543.0,2003.0,697.0,403.0,421.0,1890.0,1222.0,1967.0,572.0,521.0,1053.0,1799.0,837.0,599.0,1106.0,560.0,1591.0,862.0,0000000000000000108c,240.210999195615,C1308F01
650.0,2133.0,1579.0,527.0,473.0,1299.0,1280.0,452.0,311.0,2041.0,2007.0,531.0,811.0,1520.0,368.0,1776.0,1576.0,954.0,1450.0,570.0,2250.0,339.0,607.0,932.0,1422.0,514.0,878.0,488.0,2057.0,1430.0,345.0,1954.0,800.0,403.0,590.0,847.0,1812.0,831.0,324.0,1308.0,2075.0,687.0,1986.0,1429.0,1922.0,652.0,361.0,380.0,1771.0,1157.0,1882.0,510.0,457.0,982.0,1698.0,794.0,549.0,1052.0,511.0,1488.0,772.0,0000000000000000108d,146.293211931769,C1308F02
665.0,2189.0,1632.0,551.0,497.0,1370.0,1341.0,480.0,325.0,2104.0,2090.0,546.0,852.0,1573.0,383.0,1820.0,1601.0,989.0,1513.0,587.0,2339.0,354.0,644.0,956.0,1478.0,525.0,913.0,504.0,2119.0,1497.0,363.0,2025.0,819.0,429.0,617.0,889.0,1879.0,868.0,344.0,1343.0,2156.0,720.0,2063.0,1504.0,1974.0,684.0,378.0,398.0,1847.0,1189.0,1943.0,537.0,489.0,1027.0,1754.0,824.0,574.0,1084.0,534.0,1535.0,822.0,0000000000000000108e,126.506477414695,C1308F03
648.0,2135.0,1576.0,523.0,472.0,1300.0,1281.0,449.0,308.0,2043.0,2008.0,530.0,815.0,1512.0,367.0,1770.0,1578.0,950.0,1453.0,569.0,2247.0,333.0,606.0,930.0,1421.0,514.0,882.0,483.0,2051.0,1427.0,343.0,1952.0,798.0,398.0,594.0,849.0,1813.0,831.0,319.0,1304.0,2075.0,689.0,1983.0,1431.0,1923.0,655.0,358.0,377.0,1770.0,1157.0,1879.0,511.0,450.0,984.0,1692.0,794.0,550.0,1051.0,507.0,1483.0,770.0,0000000000000000108f,62.5277446614216,C1308F04
612.0,2089.0,1479.0,533.0,424.0,1205.0,1215.0,443.0,320.0,1977.0,1872.0,482.0,759.0,1554.0,340.0,1750.0,1640.0,943.0,1414.0,511.0,2095.0,341.0,575.0,914.0,1427.0,475.0,840.0,490.0,1997.0,1446.0,310.0,1866.0,847.0,389.0,581.0,817.0,1801.0,769.0,339.0,1308.0,1916.0,631.0,1865.0,1350.0,1839.0,594.0,361.0,369.0,1694.0,1116.0,1797.0,534.0,448.0,951.0,1763.0,748.0,535.0,992.0,498.0,1457.0,730.0,00000000000000001090,172.963199865613,C1308F06
606.0,2076.0,1465.0,530.0,416.0,1192.0,1202.0,435.0,314.0,1959.0,1859.0,475.0,751.0,1538.0,334.0,1734.0,1624.0,932.0,1401.0,505.0,2083.0,335.0,569.0,903.0,1410.0,466.0,837.0,488.0,1985.0,1432.0,306.0,1848.0,835.0,384.0,575.0,809.0,1785.0,761.0,332.0,1292.0,1901.0,628.0,1848.0,1337.0,1827.0,588.0,355.0,365.0,1678.0,1107.0,1780.0,529.0,443.0,945.0,1741.0,742.0,531.0,983.0,495.0,1440.0,722.0,00000000000000001091,87.7925241080894,C1308P01
615.0,2186.0,1450.0,471.0,429.0,1218.0,1214.0,425.0,313.0,2002.0,1847.0,503.0,791.0,1570.0,335.0,1859.0,1759.0,1028.0,1435.0,521.0,2074.0,313.0,536.0,953.0,1506.0,499.0,799.0,435.0,2046.0,1498.0,318.0,1909.0,899.0,380.0,564.0,803.0,1826.0,732.0,335.0,1395.0,1961.0,600.0,1877.0,1338.0,1812.0,589.0,331.0,350.0,1731.0,1106.0,1900.0,527.0,418.0,959.0,1882.0,738.0,527.0,1006.0,459.0,1545.0,696.0,00000000000000001092,128.677322021234,C1308P02
578.0,2110.0,1312.0,415.0,396.0,1161.0,1129.0,370.0,289.0,1838.0,1722.0,484.0,747.0,1463.0,313.0,1787.0,1737.0,1043.0,1374.0,486.0,1912.0,279.0,472.0,905.0,1454.0,483.0,732.0,387.0,1912.0,1402.0,298.0,1776.0,868.0,350.0,527.0,719.0,1718.0,652.0,305.0,1360.0,1863.0,573.0,1753.0,1233.0,1665.0,557.0,288.0,326.0,1656.0,1035.0,1842.0,489.0,370.0,900.0,1832.0,713.0,508.0,977.0,406.0,1496.0,608.0,00000000000000001093,53.8077638408412,C1308P03
579.0,2083.0,1315.0,427.0,394.0,1136.0,1115.0,365.0,284.0,1828.0,1712.0,487.0,738.0,1434.0,320.0,1753.0,1706.0,1027.0,1347.0,487.0,1893.0,281.0,466.0,912.0,1417.0,475.0,731.0,402.0,1873.0,1386.0,304.0,1767.0,849.0,347.0,527.0,711.0,1689.0,644.0,297.0,1341.0,1853.0,575.0,1729.0,1213.0,1664.0,559.0,285.0,332.0,1632.0,1034.0,1831.0,481.0,368.0,886.0,1783.0,710.0,501.0,963.0,414.0,1481.0,602.0,00000000000000001094,83.6942689915593,C1308P04
646.0,2117.0,1578.0,578.0,464.0,1300.0,1292.0,483.0,348.0,2081.0,1985.0,507.0,811.0,1624.0,370.0,1763.0,1646.0,990.0,1504.0,538.0,2200.0,370.0,630.0,951.0,1483.0,487.0,906.0,526.0,2057.0,1543.0,320.0,1963.0,862.0,420.0,600.0,880.0,1861.0,848.0,360.0,1330.0,2002.0,668.0,1971.0,1468.0,1903.0,641.0,400.0,401.0,1780.0,1182.0,1854.0,553.0,491.0,1025.0,1792.0,794.0,561.0,1061.0,539.0,1522.0,815.0,00000000000000001095,185.05848448362,C1308P05
756.0,2478.0,1593.0,556.0,532.0,1381.0,1320.0,512.0,425.0,2175.0,1972.0,658.0,933.0,1795.0,434.0,2112.0,2072.0,1299.0,1598.0,658.0,2252.0,404.0,630.0,1122.0,1781.0,657.0,885.0,520.0,2255.0,1608.0,425.0,2102.0,1111.0,483.0,700.0,908.0,2013.0,822.0,437.0,1662.0,2201.0,731.0,2055.0,1444.0,1885.0,712.0,414.0,450.0,1895.0,1279.0,2155.0,652.0,512.0,1101.0,2196.0,914.0,663.0,1216.0,540.0,1750.0,791.0,00000000000000001096,139.552037886306,C1308W02
723.0,2428.0,1545.0,529.0,506.0,1351.0,1299.0,486.0,403.0,2113.0,1923.0,623.0,903.0,1745.0,416.0,2069.0,2043.0,1270.0,1573.0,630.0,2196.0,382.0,605.0,1092.0,1739.0,622.0,862.0,496.0,2196.0,1583.0,398.0,2048.0,1075.0,465.0,666.0,876.0,1969.0,793.0,416.0,1627.0,2151.0,704.0,2015.0,1411.0,1849.0,691.0,392.0,424.0,1859.0,1238.0,2119.0,622.0,488.0,1073.0,2145.0,874.0,633.0,1176.0,510.0,1712.0,756.0,00000000000000001097,566.865652392728,C1308W03
643.0,2277.0,1417.0,459.0,442.0,1263.0,1207.0,418.0,340.0,1971.0,1804.0,548.0,831.0,1607.0,354.0,1929.0,1920.0,1183.0,1480.0,551.0,2042.0,319.0,526.0,999.0,1610.0,547.0,775.0,434.0,2049.0,1498.0,342.0,1922.0,977.0,403.0,597.0,788.0,1845.0,708.0,355.0,1509.0,2007.0,632.0,1867.0,1321.0,1721.0,623.0,321.0,371.0,1745.0,1138.0,1997.0,556.0,424.0,995.0,2009.0,796.0,572.0,1093.0,446.0,1605.0,673.0,00000000000000001098,534.855009281136,C1308W04
725.0,2442.0,1545.0,527.0,507.0,1350.0,1293.0,487.0,406.0,2112.0,1926.0,635.0,903.0,1745.0,420.0,2086.0,2044.0,1273.0,1565.0,638.0,2206.0,385.0,601.0,1090.0,1741.0,631.0,855.0,500.0,2212.0,1571.0,405.0,2049.0,1077.0,470.0,665.0,870.0,1973.0,793.0,422.0,1632.0,2169.0,699.0,2004.0,1405.0,1847.0,691.0,390.0,433.0,1861.0,1238.0,2120.0,624.0,492.0,1067.0,2151.0,883.0,634.0,1183.0,515.0,1720.0,756.0,00000000000000001099,376.093181457512,C1308W05
746.0,2469.0,1581.0,554.0,526.0,1374.0,1314.0,507.0,424.0,2157.0,1957.0,650.0,928.0,1782.0,431.0,2106.0,2066.0,1295.0,1591.0,651.0,2239.0,403.0,625.0,1115.0,1771.0,648.0,880.0,520.0,2244.0,1599.0,418.0,2086.0,1104.0,480.0,688.0,900.0,2000.0,817.0,434.0,1655.0,2193.0,720.0,2040.0,1435.0,1873.0,709.0,412.0,451.0,1884.0,1269.0,2145.0,643.0,507.0,1095.0,2183.0,903.0,653.0,1209.0,534.0,1740.0,784.0,0000000000000000109a,615.493826988321,C1308W06
566.0,2018.0,1289.0,413.0,382.0,1103.0,1064.0,342.0,272.0,1771.0,1667.0,467.0,708.0,1380.0,315.0,1681.0,1642.0,1007.0,1301.0,475.0,1814.0,272.0,434.0,888.0,1355.0,465.0,710.0,391.0,1778.0,1333.0,305.0,1715.0,812.0,336.0,508.0,668.0,1616.0,616.0,276.0,1322.0,1821.0,558.0,1666.0,1177.0,1608.0,543.0,261.0,326.0,1575.0,1003.0,1783.0,457.0,347.0,839.0,1710.0,697.0,486.0,944.0,404.0,1467.0,577.0,0000000000000000109b,76.3512696324538,C1309C01
577.0,2133.0,1322.0,414.0,397.0,1180.0,1137.0,378.0,296.0,1840.0,1729.0,485.0,751.0,1476.0,314.0,1803.0,1758.0,1044.0,1389.0,493.0,1932.0,281.0,476.0,909.0,1472.0,484.0,718.0,392.0,1932.0,1417.0,295.0,1795.0,878.0,351.0,523.0,725.0,1743.0,658.0,313.0,1374.0,1878.0,562.0,1761.0,1244.0,1674.0,558.0,290.0,326.0,1664.0,1037.0,1859.0,486.0,377.0,910.0,1850.0,708.0,499.0,974.0,407.0,1506.0,615.0,0000000000000000109c,88.7219776797222,C1309C02
573.0,1924.0,1303.0,440.0,391.0,1062.0,1054.0,350.0,263.0,1697.0,1664.0,473.0,710.0,1322.0,322.0,1609.0,1542.0,934.0,1242.0,483.0,1798.0,292.0,461.0,875.0,1284.0,473.0,731.0,409.0,1740.0,1243.0,311.0,1631.0,787.0,332.0,501.0,689.0,1558.0,633.0,259.0,1256.0,1761.0,562.0,1621.0,1147.0,1654.0,541.0,272.0,325.0,1520.0,1009.0,1688.0,441.0,353.0,825.0,1584.0,693.0,481.0,923.0,426.0,1385.0,585.0,0000000000000000109d,181.2316761071,C1309C03
665.0,2193.0,1636.0,552.0,497.0,1362.0,1340.0,481.0,327.0,2110.0,2083.0,545.0,844.0,1581.0,381.0,1826.0,1613.0,991.0,1512.0,587.0,2333.0,357.0,643.0,961.0,1480.0,525.0,913.0,506.0,2124.0,1500.0,363.0,2027.0,824.0,425.0,617.0,883.0,1878.0,867.0,344.0,1346.0,2150.0,722.0,2063.0,1499.0,1976.0,683.0,378.0,398.0,1841.0,1193.0,1946.0,540.0,488.0,1025.0,1761.0,820.0,576.0,1087.0,533.0,1541.0,817.0,0000000000000000109e,71.5122360999946,C1309C05
644.0,2255.0,1523.0,501.0,451.0,1284.0,1274.0,460.0,334.0,2096.0,1925.0,526.0,814.0,1645.0,349.0,1918.0,1810.0,1057.0,1502.0,544.0,2171.0,339.0,573.0,988.0,1561.0,520.0,837.0,462.0,2128.0,1561.0,332.0,1996.0,939.0,399.0,582.0,849.0,1902.0,783.0,355.0,1443.0,2035.0,623.0,1959.0,1410.0,1885.0,613.0,357.0,370.0,1793.0,1155.0,1967.0,546.0,444.0,1000.0,1950.0,769.0,546.0,1048.0,481.0,1598.0,747.0,0000000000000000109f,102.258911500562,C1309C08
583.0,2072.0,1349.0,450.0,403.0,1145.0,1135.0,387.0,292.0,1850.0,1741.0,481.0,743.0,1442.0,316.0,1743.0,1682.0,984.0,1356.0,490.0,1940.0,297.0,493.0,912.0,1409.0,480.0,762.0,415.0,1898.0,1387.0,308.0,1771.0,853.0,357.0,545.0,750.0,1707.0,672.0,302.0,1324.0,1848.0,586.0,1736.0,1245.0,1713.0,564.0,306.0,336.0,1630.0,1053.0,1800.0,494.0,384.0,903.0,1748.0,712.0,512.0,952.0,434.0,1446.0,631.0,000000000000000010a0,164.787812491737,C1309F01
598.0,1988.0,1370.0,463.0,410.0,1104.0,1110.0,374.0,281.0,1796.0,1719.0,498.0,730.0,1382.0,331.0,1663.0,1577.0,944.0,1289.0,507.0,1881.0,311.0,489.0,914.0,1327.0,490.0,780.0,442.0,1801.0,1277.0,334.0,1690.0,813.0,350.0,534.0,728.0,1617.0,672.0,276.0,1296.0,1813.0,587.0,1692.0,1198.0,1727.0,561.0,302.0,343.0,1562.0,1054.0,1731.0,463.0,361.0,851.0,1617.0,713.0,496.0,962.0,443.0,1401.0,619.0,000000000000000010a1,165.71503068705,C1309F02
556.0,1913.0,1253.0,419.0,367.0,1041.0,1014.0,326.0,259.0,1669.0,1613.0,453.0,674.0,1305.0,311.0,1597.0,1549.0,946.0,1231.0,465.0,1739.0,274.0,426.0,864.0,1276.0,456.0,695.0,397.0,1703.0,1246.0,302.0,1618.0,769.0,321.0,485.0,652.0,1539.0,603.0,253.0,1253.0,1738.0,536.0,1580.0,1109.0,1581.0,518.0,257.0,323.0,1508.0,972.0,1682.0,426.0,335.0,796.0,1595.0,679.0,459.0,905.0,398.0,1408.0,561.0,000000000000000010a2,299.270945013438,C1309F03
579.0,2043.0,1347.0,459.0,401.0,1126.0,1120.0,380.0,287.0,1832.0,1735.0,468.0,732.0,1422.0,317.0,1705.0,1646.0,961.0,1336.0,488.0,1923.0,291.0,495.0,895.0,1373.0,468.0,781.0,423.0,1871.0,1363.0,305.0,1743.0,832.0,354.0,551.0,744.0,1683.0,670.0,297.0,1292.0,1825.0,595.0,1713.0,1235.0,1710.0,567.0,305.0,333.0,1601.0,1050.0,1766.0,492.0,382.0,894.0,1699.0,711.0,513.0,945.0,437.0,1411.0,620.0,000000000000000010a3,103.589520025639,C1309F04
582.0,1949.0,1320.0,447.0,397.0,1077.0,1074.0,360.0,269.0,1734.0,1680.0,481.0,716.0,1343.0,323.0,1629.0,1560.0,936.0,1262.0,491.0,1828.0,297.0,472.0,888.0,1303.0,477.0,750.0,419.0,1762.0,1261.0,317.0,1649.0,797.0,341.0,516.0,705.0,1584.0,644.0,269.0,1269.0,1772.0,571.0,1640.0,1165.0,1677.0,547.0,283.0,329.0,1535.0,1024.0,1701.0,452.0,358.0,837.0,1600.0,700.0,486.0,934.0,433.0,1385.0,595.0,000000000000000010a4,256.891127195749,C1309F05
605.0,2218.0,1390.0,445.0,423.0,1238.0,1201.0,414.0,315.0,1947.0,1799.0,508.0,793.0,1561.0,331.0,1869.0,1828.0,1082.0,1448.0,517.0,2025.0,302.0,514.0,959.0,1542.0,508.0,763.0,416.0,2015.0,1484.0,313.0,1877.0,927.0,376.0,561.0,781.0,1822.0,697.0,331.0,1434.0,1949.0,589.0,1841.0,1307.0,1744.0,581.0,316.0,349.0,1724.0,1093.0,1922.0,520.0,409.0,961.0,1932.0,738.0,524.0,1019.0,436.0,1558.0,665.0,000000000000000010a5,75.0932911937413,C1309F07
663.0,2156.0,1618.0,551.0,481.0,1296.0,1298.0,469.0,332.0,2090.0,2016.0,538.0,802.0,1599.0,382.0,1824.0,1633.0,988.0,1464.0,576.0,2254.0,362.0,623.0,957.0,1468.0,523.0,893.0,504.0,2103.0,1475.0,357.0,1999.0,850.0,418.0,603.0,849.0,1842.0,835.0,353.0,1361.0,2078.0,696.0,2023.0,1446.0,1946.0,655.0,382.0,394.0,1786.0,1183.0,1912.0,548.0,479.0,982.0,1784.0,800.0,572.0,1071.0,529.0,1528.0,782.0,000000000000000010a6,35.8180232299247,C1309P01
618.0,2034.0,1475.0,499.0,428.0,1160.0,1179.0,390.0,292.0,1930.0,1842.0,508.0,752.0,1444.0,344.0,1696.0,1577.0,924.0,1337.0,538.0,2032.0,321.0,522.0,921.0,1336.0,507.0,817.0,468.0,1919.0,1308.0,343.0,1785.0,819.0,364.0,566.0,764.0,1687.0,727.0,287.0,1298.0,1908.0,630.0,1825.0,1298.0,1838.0,597.0,333.0,354.0,1619.0,1115.0,1770.0,477.0,386.0,872.0,1623.0,739.0,526.0,995.0,464.0,1402.0,667.0,000000000000000010a7,255.587092614729,C1309P02
608.0,2051.0,1462.0,521.0,420.0,1168.0,1182.0,420.0,300.0,1922.0,1853.0,473.0,738.0,1507.0,331.0,1712.0,1602.0,921.0,1377.0,505.0,2074.0,323.0,559.0,894.0,1377.0,467.0,833.0,479.0,1965.0,1407.0,309.0,1827.0,812.0,373.0,570.0,788.0,1740.0,748.0,313.0,1275.0,1894.0,643.0,1829.0,1321.0,1822.0,588.0,342.0,352.0,1657.0,1100.0,1766.0,522.0,433.0,922.0,1686.0,740.0,540.0,976.0,486.0,1407.0,696.0,000000000000000010a8,175.506440184031,C1309P04
627.0,2243.0,1468.0,472.0,438.0,1260.0,1243.0,437.0,322.0,2029.0,1866.0,521.0,807.0,1608.0,343.0,1905.0,1820.0,1072.0,1473.0,535.0,2104.0,321.0,540.0,979.0,1559.0,519.0,791.0,436.0,2082.0,1525.0,322.0,1945.0,939.0,386.0,564.0,818.0,1867.0,742.0,343.0,1445.0,2000.0,598.0,1912.0,1363.0,1824.0,594.0,337.0,357.0,1769.0,1124.0,1952.0,529.0,421.0,978.0,1948.0,751.0,529.0,1032.0,458.0,1592.0,710.0,000000000000000010a9,100.290087776499,C1309P05
646.0,2254.0,1539.0,517.0,455.0,1290.0,1283.0,464.0,339.0,2107.0,1943.0,524.0,810.0,1658.0,353.0,1910.0,1801.0,1053.0,1508.0,546.0,2193.0,347.0,583.0,989.0,1558.0,518.0,849.0,475.0,2130.0,1562.0,330.0,2001.0,938.0,405.0,587.0,854.0,1909.0,791.0,361.0,1438.0,2042.0,635.0,1972.0,1422.0,1900.0,620.0,366.0,377.0,1795.0,1169.0,1963.0,550.0,454.0,1005.0,1941.0,776.0,550.0,1057.0,494.0,1590.0,754.0,000000000000000010aa,74.9064721811001,C1309P09
595.0,2016.0,1436.0,519.0,409.0,1146.0,1161.0,413.0,296.0,1893.0,1828.0,458.0,723.0,1480.0,325.0,1677.0,1571.0,898.0,1356.0,492.0,2041.0,319.0,550.0,874.0,1349.0,453.0,825.0,477.0,1933.0,1385.0,298.0,1794.0,792.0,369.0,560.0,776.0,1716.0,734.0,308.0,1245.0,1860.0,634.0,1796.0,1300.0,1795.0,580.0,339.0,349.0,1631.0,1078.0,1730.0,514.0,430.0,910.0,1654.0,728.0,531.0,957.0,483.0,1383.0,687.0,000000000000000010ab,189.558999600549,C1309W01
565.0,2100.0,1278.0,401.0,387.0,1155.0,1104.0,359.0,288.0,1798.0,1688.0,479.0,746.0,1447.0,307.0,1765.0,1732.0,1045.0,1360.0,479.0,1882.0,272.0,453.0,885.0,1443.0,470.0,702.0,381.0,1886.0,1383.0,291.0,1755.0,857.0,345.0,516.0,698.0,1704.0,632.0,299.0,1354.0,1849.0,553.0,1723.0,1215.0,1622.0,550.0,273.0,327.0,1633.0,1015.0,1826.0,478.0,364.0,893.0,1827.0,706.0,497.0,964.0,392.0,1492.0,593.0,000000000000000010ad,131.415289544749,C1309W03
607.0,2183.0,1342.0,412.0,407.0,1198.0,1114.0,361.0,313.0,1867.0,1740.0,534.0,765.0,1511.0,343.0,1853.0,1813.0,1146.0,1380.0,517.0,1916.0,291.0,469.0,914.0,1527.0,527.0,711.0,388.0,1958.0,1378.0,338.0,1824.0,909.0,372.0,544.0,692.0,1751.0,641.0,323.0,1445.0,1946.0,584.0,1763.0,1240.0,1619.0,585.0,284.0,349.0,1665.0,1067.0,1910.0,505.0,375.0,892.0,1945.0,766.0,535.0,1042.0,403.0,1576.0,601.0,000000000000000010ae,120.489311591954,C1309W05
595.0,1985.0,1353.0,455.0,408.0,1098.0,1104.0,374.0,276.0,1788.0,1710.0,494.0,729.0,1380.0,329.0,1663.0,1585.0,948.0,1290.0,504.0,1868.0,304.0,488.0,911.0,1332.0,488.0,777.0,433.0,1794.0,1285.0,330.0,1683.0,813.0,350.0,533.0,723.0,1615.0,664.0,278.0,1295.0,1800.0,584.0,1682.0,1191.0,1719.0,558.0,297.0,339.0,1562.0,1049.0,1731.0,467.0,360.0,853.0,1625.0,710.0,497.0,957.0,442.0,1401.0,613.0,000000000000000010af,82.2807679963479,C1310C01
600.0,2014.0,1413.0,479.0,416.0,1130.0,1131.0,382.0,287.0,1845.0,1760.0,495.0,729.0,1408.0,329.0,1681.0,1569.0,930.0,1302.0,510.0,1942.0,317.0,509.0,913.0,1331.0,493.0,789.0,451.0,1854.0,1295.0,332.0,1736.0,812.0,354.0,544.0,747.0,1647.0,699.0,275.0,1289.0,1852.0,603.0,1740.0,1233.0,1768.0,573.0,308.0,340.0,1572.0,1075.0,1743.0,472.0,372.0,867.0,1621.0,720.0,504.0,970.0,446.0,1397.0,641.0,000000000000000010b0,199.61833760548,C1310C03
780.0,2503.0,1633.0,581.0,552.0,1408.0,1349.0,537.0,444.0,2217.0,2004.0,677.0,962.0,1835.0,451.0,2136.0,2107.0,1323.0,1632.0,677.0,2288.0,423.0,652.0,1151.0,1815.0,676.0,916.0,544.0,2287.0,1642.0,440.0,2137.0,1141.0,501.0,717.0,942.0,2044.0,855.0,455.0,1693.0,2227.0,748.0,2102.0,1481.0,1920.0,732.0,434.0,466.0,1924.0,1313.0,2182.0,671.0,535.0,1135.0,2226.0,934.0,676.0,1242.0,561.0,1775.0,825.0,000000000000000010b1,53.3320931844586,C1310C04
682.0,2370.0,1478.0,497.0,474.0,1308.0,1254.0,453.0,377.0,2042.0,1869.0,588.0,862.0,1671.0,388.0,2016.0,1981.0,1224.0,1525.0,595.0,2130.0,356.0,564.0,1042.0,1675.0,586.0,810.0,469.0,2137.0,1532.0,373.0,1987.0,1026.0,436.0,625.0,830.0,1917.0,752.0,388.0,1573.0,2095.0,662.0,1940.0,1361.0,1794.0,657.0,360.0,404.0,1810.0,1183.0,2063.0,585.0,455.0,1027.0,2084.0,831.0,596.0,1131.0,474.0,1668.0,713.0,000000000000000010b3,61.3694099353087,C1310C06
568.0,1888.0,1285.0,440.0,377.0,1035.0,1025.0,330.0,265.0,1679.0,1621.0,470.0,692.0,1303.0,321.0,1560.0,1519.0,930.0,1214.0,476.0,1744.0,288.0,440.0,875.0,1259.0,466.0,718.0,418.0,1671.0,1211.0,313.0,1595.0,775.0,329.0,491.0,663.0,1519.0,613.0,249.0,1251.0,1719.0,549.0,1583.0,1108.0,1607.0,526.0,265.0,332.0,1483.0,994.0,1655.0,430.0,335.0,795.0,1542.0,682.0,461.0,923.0,417.0,1372.0,570.0,000000000000000010b5,187.856625502969,C1310F03
592.0,2136.0,1312.0,396.0,394.0,1170.0,1087.0,347.0,303.0,1821.0,1706.0,523.0,748.0,1473.0,331.0,1814.0,1769.0,1118.0,1347.0,504.0,1871.0,282.0,453.0,891.0,1489.0,514.0,690.0,374.0,1913.0,1344.0,332.0,1781.0,885.0,359.0,531.0,670.0,1711.0,623.0,312.0,1410.0,1903.0,570.0,1724.0,1212.0,1584.0,568.0,273.0,340.0,1632.0,1038.0,1868.0,491.0,360.0,865.0,1901.0,747.0,521.0,1017.0,386.0,1546.0,584.0,000000000000000010b6,102.34266037636,C1310F05
585.0,2157.0,1346.0,422.0,404.0,1198.0,1160.0,387.0,300.0,1878.0,1755.0,492.0,760.0,1497.0,317.0,1829.0,1771.0,1053.0,1406.0,502.0,1962.0,289.0,485.0,925.0,1488.0,492.0,733.0,395.0,1961.0,1435.0,302.0,1818.0,891.0,354.0,533.0,741.0,1767.0,668.0,317.0,1392.0,1904.0,575.0,1788.0,1262.0,1699.0,564.0,299.0,329.0,1688.0,1053.0,1879.0,496.0,382.0,924.0,1873.0,713.0,510.0,988.0,414.0,1524.0,631.0,000000000000000010b7,118.406488989498,C1310F09
705.0,2361.0,1481.0,506.0,490.0,1301.0,1207.0,451.0,391.0,2019.0,1840.0,625.0,857.0,1677.0,411.0,2007.0,1985.0,1281.0,1485.0,620.0,2088.0,369.0,566.0,1052.0,1684.0,628.0,812.0,479.0,2121.0,1485.0,407.0,1968.0,1049.0,450.0,665.0,800.0,1880.0,734.0,398.0,1587.0,2098.0,697.0,1911.0,1333.0,1730.0,676.0,369.0,424.0,1768.0,1208.0,2049.0,613.0,462.0,1008.0,2092.0,875.0,643.0,1187.0,483.0,1654.0,693.0,000000000000000010b8,257.888232648097,C1310F10
595.0,1980.0,1382.0,463.0,409.0,1109.0,1112.0,366.0,281.0,1798.0,1724.0,502.0,723.0,1375.0,333.0,1652.0,1557.0,933.0,1281.0,506.0,1885.0,312.0,482.0,914.0,1312.0,493.0,768.0,443.0,1800.0,1259.0,340.0,1692.0,810.0,347.0,531.0,727.0,1612.0,676.0,270.0,1289.0,1823.0,588.0,1698.0,1199.0,1727.0,557.0,302.0,343.0,1555.0,1052.0,1725.0,456.0,357.0,840.0,1599.0,712.0,492.0,963.0,443.0,1396.0,621.0,000000000000000010ba,64.0966176967196,C1310P01
588.0,1982.0,1387.0,486.0,398.0,1114.0,1125.0,388.0,289.0,1841.0,1762.0,463.0,719.0,1419.0,316.0,1652.0,1567.0,902.0,1308.0,493.0,1969.0,305.0,510.0,879.0,1324.0,463.0,786.0,450.0,1865.0,1322.0,302.0,1729.0,790.0,352.0,550.0,743.0,1656.0,698.0,289.0,1248.0,1816.0,612.0,1729.0,1240.0,1748.0,558.0,317.0,336.0,1583.0,1055.0,1711.0,490.0,392.0,877.0,1613.0,710.0,510.0,948.0,456.0,1357.0,641.0,000000000000000010bb,168.162169320968,C1310P02
580.0,2145.0,1340.0,425.0,403.0,1188.0,1153.0,384.0,300.0,1872.0,1749.0,489.0,759.0,1486.0,318.0,1821.0,1759.0,1047.0,1397.0,497.0,1952.0,291.0,483.0,921.0,1476.0,488.0,736.0,396.0,1951.0,1425.0,302.0,1808.0,884.0,354.0,531.0,740.0,1755.0,667.0,317.0,1384.0,1896.0,576.0,1781.0,1254.0,1695.0,564.0,301.0,331.0,1683.0,1048.0,1871.0,494.0,380.0,921.0,1861.0,708.0,512.0,984.0,416.0,1518.0,629.0,000000000000000010bc,111.747005623542,C1310P03
578.0,2122.0,1294.0,412.0,393.0,1158.0,1081.0,353.0,301.0,1819.0,1694.0,503.0,745.0,1458.0,324.0,1788.0,1764.0,1103.0,1354.0,493.0,1874.0,280.0,457.0,888.0,1472.0,493.0,700.0,381.0,1898.0,1364.0,313.0,1775.0,874.0,359.0,539.0,678.0,1706.0,622.0,310.0,1388.0,1886.0,573.0,1716.0,1211.0,1584.0,568.0,276.0,337.0,1632.0,1031.0,1856.0,498.0,375.0,877.0,1876.0,737.0,523.0,1001.0,395.0,1524.0,582.0,000000000000000010bd,105.055134213252,C1310P04
685.0,2374.0,1485.0,499.0,475.0,1310.0,1259.0,455.0,377.0,2045.0,1871.0,588.0,866.0,1678.0,394.0,2018.0,1987.0,1226.0,1529.0,597.0,2134.0,357.0,567.0,1047.0,1682.0,588.0,815.0,469.0,2139.0,1538.0,376.0,1990.0,1029.0,443.0,632.0,835.0,1919.0,757.0,394.0,1578.0,2097.0,671.0,1947.0,1366.0,1799.0,659.0,362.0,403.0,1813.0,1186.0,2065.0,592.0,462.0,1033.0,2085.0,834.0,603.0,1132.0,481.0,1669.0,718.0,000000000000000010be,80.3986598005429,C1310P05
741.0,2456.0,1578.0,548.0,522.0,1372.0,1316.0,503.0,415.0,2157.0,1954.0,640.0,923.0,1778.0,426.0,2090.0,2061.0,1280.0,1596.0,643.0,2232.0,395.0,621.0,1106.0,1764.0,639.0,879.0,510.0,2231.0,1606.0,408.0,2083.0,1093.0,475.0,680.0,900.0,1996.0,813.0,426.0,1646.0,2177.0,713.0,2047.0,1437.0,1871.0,703.0,405.0,436.0,1881.0,1261.0,2141.0,632.0,502.0,1094.0,2175.0,893.0,642.0,1194.0,528.0,1733.0,780.0,000000000000000010bf,177.981819294504,C1310W03
659.0,2311.0,1438.0,479.0,454.0,1275.0,1225.0,432.0,357.0,1993.0,1822.0,561.0,838.0,1626.0,369.0,1955.0,1939.0,1195.0,1495.0,569.0,2070.0,336.0,540.0,1016.0,1633.0,561.0,785.0,450.0,2079.0,1507.0,357.0,1944.0,996.0,417.0,609.0,804.0,1868.0,725.0,369.0,1534.0,2033.0,648.0,1886.0,1333.0,1743.0,637.0,336.0,388.0,1764.0,1154.0,2015.0,569.0,437.0,1003.0,2032.0,809.0,581.0,1106.0,457.0,1621.0,688.0,000000000000000010c0,312.799359324282,C1310W04
620.0,2038.0,1484.0,500.0,432.0,1178.0,1190.0,394.0,292.0,1930.0,1852.0,510.0,767.0,1439.0,342.0,1691.0,1566.0,928.0,1347.0,540.0,2049.0,315.0,531.0,918.0,1345.0,509.0,825.0,468.0,1929.0,1305.0,346.0,1800.0,811.0,368.0,566.0,779.0,1691.0,742.0,290.0,1281.0,1918.0,635.0,1839.0,1308.0,1841.0,601.0,333.0,354.0,1631.0,1117.0,1773.0,478.0,391.0,888.0,1624.0,749.0,526.0,998.0,469.0,1394.0,676.0,000000000000000010c1,130.984930478359,C1310W05
724.0,2435.0,1559.0,535.0,512.0,1362.0,1307.0,495.0,403.0,2135.0,1938.0,622.0,912.0,1758.0,416.0,2070.0,2042.0,1266.0,1584.0,627.0,2213.0,384.0,610.0,1096.0,1746.0,621.0,867.0,501.0,2211.0,1595.0,399.0,2064.0,1081.0,465.0,669.0,889.0,1981.0,804.0,419.0,1629.0,2157.0,702.0,2029.0,1428.0,1859.0,692.0,395.0,425.0,1867.0,1246.0,2120.0,623.0,494.0,1082.0,2153.0,874.0,632.0,1179.0,517.0,1718.0,771.0,000000000000000010c2,347.292535869315,C1310W09
592.0,2068.0,1348.0,444.0,405.0,1134.0,1128.0,375.0,286.0,1831.0,1739.0,484.0,742.0,1426.0,318.0,1737.0,1686.0,995.0,1350.0,493.0,1931.0,288.0,484.0,919.0,1396.0,481.0,765.0,415.0,1880.0,1377.0,308.0,1755.0,848.0,354.0,543.0,737.0,1681.0,662.0,293.0,1326.0,1847.0,592.0,1723.0,1234.0,1714.0,569.0,295.0,331.0,1628.0,1060.0,1806.0,490.0,376.0,898.0,1728.0,720.0,513.0,964.0,434.0,1443.0,614.0,000000000000000010c4,65.5934405810241,C1311C01
578.0,2145.0,1298.0,410.0,393.0,1178.0,1119.0,364.0,297.0,1838.0,1712.0,493.0,765.0,1478.0,313.0,1805.0,1779.0,1079.0,1385.0,491.0,1910.0,277.0,464.0,899.0,1480.0,485.0,705.0,385.0,1918.0,1404.0,295.0,1790.0,878.0,354.0,527.0,713.0,1743.0,640.0,306.0,1391.0,1889.0,564.0,1748.0,1235.0,1629.0,564.0,279.0,332.0,1659.0,1033.0,1865.0,489.0,373.0,913.0,1875.0,726.0,506.0,989.0,398.0,1522.0,605.0,000000000000000010c5,72.1928460612272,C1311C02
611.0,2154.0,1467.0,499.0,423.0,1212.0,1219.0,432.0,315.0,2001.0,1863.0,486.0,772.0,1575.0,337.0,1804.0,1700.0,989.0,1427.0,514.0,2097.0,324.0,552.0,929.0,1465.0,486.0,824.0,461.0,2028.0,1476.0,308.0,1890.0,872.0,385.0,571.0,807.0,1809.0,749.0,337.0,1350.0,1942.0,625.0,1877.0,1350.0,1834.0,591.0,344.0,354.0,1711.0,1115.0,1855.0,533.0,432.0,960.0,1820.0,744.0,533.0,1002.0,478.0,1492.0,711.0,000000000000000010c6,72.7918271193137,C1311C03
567.0,2107.0,1288.0,405.0,389.0,1163.0,1111.0,360.0,289.0,1808.0,1700.0,481.0,749.0,1455.0,311.0,1771.0,1741.0,1051.0,1369.0,481.0,1893.0,275.0,454.0,894.0,1449.0,471.0,711.0,385.0,1896.0,1394.0,293.0,1767.0,864.0,348.0,520.0,703.0,1710.0,636.0,301.0,1359.0,1857.0,558.0,1732.0,1224.0,1635.0,552.0,275.0,329.0,1641.0,1026.0,1837.0,482.0,367.0,898.0,1834.0,710.0,501.0,973.0,395.0,1500.0,598.0,000000000000000010c7,82.8173355494865,C1311C05
575.0,2072.0,1308.0,417.0,390.0,1132.0,1095.0,355.0,278.0,1811.0,1696.0,483.0,731.0,1421.0,322.0,1732.0,1700.0,1033.0,1335.0,485.0,1868.0,275.0,451.0,910.0,1404.0,471.0,720.0,393.0,1841.0,1374.0,305.0,1756.0,841.0,344.0,519.0,692.0,1667.0,630.0,291.0,1347.0,1852.0,567.0,1707.0,1201.0,1636.0,555.0,271.0,328.0,1615.0,1025.0,1827.0,472.0,361.0,870.0,1767.0,706.0,495.0,960.0,408.0,1485.0,592.0,000000000000000010c8,81.441658661846,C1311C07
602.0,2022.0,1403.0,477.0,417.0,1136.0,1142.0,392.0,291.0,1863.0,1772.0,486.0,740.0,1430.0,331.0,1693.0,1612.0,937.0,1327.0,511.0,1969.0,307.0,512.0,910.0,1356.0,486.0,796.0,449.0,1876.0,1333.0,325.0,1750.0,817.0,359.0,554.0,746.0,1666.0,696.0,293.0,1298.0,1849.0,613.0,1744.0,1246.0,1768.0,572.0,313.0,345.0,1604.0,1071.0,1764.0,492.0,385.0,883.0,1649.0,722.0,515.0,971.0,457.0,1399.0,639.0,000000000000000010c9,103.243303202213,C1311F01
672.0,2183.0,1636.0,553.0,482.0,1314.0,1314.0,468.0,328.0,2112.0,2035.0,545.0,813.0,1606.0,382.0,1843.0,1654.0,997.0,1484.0,584.0,2278.0,359.0,625.0,973.0,1484.0,530.0,900.0,508.0,2124.0,1485.0,365.0,2015.0,855.0,421.0,614.0,856.0,1855.0,842.0,348.0,1377.0,2100.0,710.0,2039.0,1460.0,1969.0,659.0,380.0,395.0,1805.0,1198.0,1935.0,550.0,476.0,994.0,1792.0,809.0,579.0,1086.0,529.0,1537.0,785.0,000000000000000010ca,134.424838698545,C1311F02
666.0,2123.0,1606.0,595.0,500.0,1343.0,1332.0,500.0,367.0,2071.0,2040.0,534.0,840.0,1605.0,401.0,1777.0,1613.0,998.0,1511.0,572.0,2237.0,397.0,661.0,960.0,1475.0,516.0,916.0,535.0,2067.0,1539.0,360.0,1985.0,856.0,440.0,615.0,905.0,1876.0,877.0,382.0,1334.0,2058.0,700.0,2005.0,1501.0,1934.0,680.0,416.0,426.0,1810.0,1195.0,1874.0,567.0,516.0,1037.0,1769.0,807.0,577.0,1082.0,554.0,1550.0,849.0,000000000000000010cb,282.192094467153,C1311F03
664.0,2163.0,1621.0,548.0,480.0,1298.0,1300.0,467.0,328.0,2094.0,2017.0,539.0,804.0,1599.0,379.0,1828.0,1640.0,989.0,1468.0,577.0,2256.0,358.0,623.0,961.0,1472.0,525.0,895.0,501.0,2107.0,1474.0,359.0,2000.0,850.0,416.0,606.0,850.0,1843.0,835.0,348.0,1365.0,2080.0,699.0,2024.0,1447.0,1952.0,655.0,378.0,391.0,1789.0,1186.0,1917.0,547.0,473.0,984.0,1785.0,801.0,573.0,1074.0,524.0,1528.0,780.0,000000000000000010cc,53.7123893736014,C1311F05
677.0,2203.0,1657.0,568.0,513.0,1403.0,1367.0,502.0,343.0,2138.0,2119.0,553.0,864.0,1606.0,396.0,1847.0,1618.0,1010.0,1540.0,591.0,2369.0,372.0,667.0,972.0,1507.0,527.0,928.0,519.0,2140.0,1547.0,374.0,2053.0,839.0,445.0,636.0,912.0,1912.0,886.0,366.0,1367.0,2183.0,728.0,2089.0,1538.0,1997.0,694.0,393.0,412.0,1878.0,1213.0,1964.0,562.0,513.0,1047.0,1785.0,837.0,590.0,1100.0,552.0,1580.0,849.0,000000000000000010cd,200.457921304842,C1311F06
674.0,2184.0,1650.0,555.0,495.0,1329.0,1329.0,485.0,340.0,2133.0,2059.0,548.0,822.0,1631.0,386.0,1848.0,1652.0,1003.0,1492.0,587.0,2306.0,369.0,641.0,966.0,1490.0,529.0,913.0,507.0,2135.0,1510.0,361.0,2038.0,861.0,425.0,614.0,869.0,1876.0,859.0,366.0,1378.0,2124.0,711.0,2066.0,1481.0,1974.0,670.0,389.0,399.0,1818.0,1202.0,1943.0,564.0,492.0,1001.0,1809.0,817.0,584.0,1089.0,540.0,1557.0,804.0,000000000000000010ce,153.205370943267,C1311F07
667.0,2171.0,1630.0,551.0,484.0,1303.0,1308.0,473.0,333.0,2103.0,2026.0,542.0,804.0,1618.0,383.0,1839.0,1650.0,998.0,1477.0,580.0,2264.0,363.0,628.0,963.0,1482.0,529.0,900.0,503.0,2120.0,1491.0,362.0,2014.0,860.0,417.0,610.0,854.0,1858.0,839.0,355.0,1374.0,2088.0,702.0,2038.0,1458.0,1960.0,658.0,383.0,394.0,1797.0,1192.0,1923.0,557.0,480.0,986.0,1806.0,805.0,580.0,1079.0,530.0,1542.0,787.0,000000000000000010cf,66.5579225259789,C1311F08
647.0,2121.0,1574.0,535.0,457.0,1252.0,1256.0,442.0,312.0,2040.0,1963.0,526.0,780.0,1559.0,361.0,1789.0,1618.0,968.0,1431.0,559.0,2187.0,343.0,591.0,945.0,1438.0,516.0,867.0,489.0,2057.0,1431.0,348.0,1935.0,839.0,400.0,594.0,826.0,1800.0,802.0,332.0,1337.0,2017.0,677.0,1965.0,1401.0,1914.0,630.0,363.0,373.0,1740.0,1162.0,1863.0,530.0,448.0,951.0,1747.0,784.0,559.0,1046.0,507.0,1485.0,747.0,000000000000000010d0,164.158055022076,C1311F10
654.0,2153.0,1592.0,577.0,462.0,1302.0,1302.0,482.0,348.0,2124.0,2000.0,504.0,811.0,1660.0,367.0,1796.0,1692.0,1001.0,1510.0,543.0,2223.0,369.0,630.0,960.0,1501.0,492.0,908.0,525.0,2083.0,1559.0,322.0,1988.0,888.0,418.0,610.0,881.0,1888.0,841.0,357.0,1360.0,2024.0,670.0,1988.0,1471.0,1920.0,640.0,400.0,400.0,1786.0,1193.0,1880.0,570.0,488.0,1022.0,1838.0,805.0,569.0,1062.0,539.0,1541.0,820.0,000000000000000010d1,108.281953179703,C1311F12
668.0,2169.0,1634.0,550.0,488.0,1310.0,1312.0,477.0,334.0,2107.0,2034.0,543.0,809.0,1618.0,383.0,1836.0,1646.0,996.0,1478.0,581.0,2273.0,364.0,632.0,961.0,1481.0,527.0,903.0,502.0,2119.0,1493.0,361.0,2018.0,857.0,418.0,610.0,858.0,1859.0,845.0,357.0,1372.0,2095.0,704.0,2042.0,1463.0,1959.0,662.0,383.0,394.0,1800.0,1192.0,1926.0,558.0,483.0,990.0,1800.0,807.0,579.0,1079.0,532.0,1543.0,792.0,000000000000000010d3,78.5084461890646,C1311F16
653.0,2140.0,1598.0,542.0,466.0,1264.0,1270.0,459.0,324.0,2052.0,1980.0,527.0,783.0,1592.0,375.0,1812.0,1639.0,981.0,1446.0,564.0,2207.0,354.0,603.0,951.0,1462.0,518.0,877.0,493.0,2085.0,1457.0,353.0,1966.0,853.0,410.0,598.0,832.0,1824.0,814.0,346.0,1356.0,2037.0,687.0,1991.0,1415.0,1929.0,638.0,374.0,384.0,1758.0,1173.0,1881.0,547.0,462.0,960.0,1781.0,787.0,569.0,1058.0,519.0,1509.0,762.0,000000000000000010d4,196.603339936656,C1311F18
682.0,2205.0,1654.0,585.0,523.0,1429.0,1382.0,514.0,356.0,2139.0,2148.0,561.0,895.0,1614.0,408.0,1849.0,1599.0,1009.0,1561.0,597.0,2377.0,386.0,676.0,971.0,1523.0,533.0,935.0,535.0,2154.0,1565.0,383.0,2054.0,844.0,454.0,644.0,924.0,1935.0,896.0,377.0,1364.0,2211.0,734.0,2101.0,1561.0,2010.0,705.0,415.0,426.0,1912.0,1210.0,1961.0,564.0,521.0,1055.0,1796.0,844.0,596.0,1104.0,559.0,1592.0,877.0,000000000000000010d5,131.10252512745,C1311F21
672.0,2180.0,1645.0,552.0,492.0,1325.0,1324.0,480.0,336.0,2123.0,2051.0,546.0,818.0,1623.0,385.0,1844.0,1649.0,1001.0,1488.0,585.0,2295.0,365.0,636.0,966.0,1486.0,528.0,908.0,504.0,2129.0,1503.0,361.0,2030.0,859.0,423.0,613.0,864.0,1868.0,853.0,361.0,1375.0,2115.0,709.0,2056.0,1475.0,1969.0,667.0,385.0,397.0,1812.0,1199.0,1938.0,560.0,488.0,997.0,1802.0,814.0,581.0,1087.0,537.0,1550.0,798.0,000000000000000010d6,112.668023522496,C1311F22
670.0,2192.0,1644.0,564.0,506.0,1391.0,1356.0,493.0,337.0,2120.0,2107.0,549.0,854.0,1593.0,391.0,1833.0,1604.0,999.0,1527.0,589.0,2357.0,367.0,657.0,963.0,1494.0,523.0,918.0,514.0,2131.0,1525.0,370.0,2038.0,827.0,440.0,628.0,899.0,1898.0,874.0,359.0,1357.0,2171.0,723.0,2077.0,1524.0,1984.0,688.0,390.0,410.0,1867.0,1198.0,1952.0,552.0,505.0,1034.0,1770.0,829.0,583.0,1092.0,544.0,1562.0,837.0,000000000000000010d7,156.176833629528,C1311F24
676.0,2191.0,1654.0,554.0,495.0,1332.0,1330.0,483.0,336.0,2133.0,2060.0,550.0,823.0,1629.0,388.0,1853.0,1658.0,1005.0,1495.0,589.0,2306.0,366.0,639.0,972.0,1494.0,532.0,914.0,507.0,2140.0,1509.0,364.0,2040.0,862.0,426.0,616.0,868.0,1875.0,858.0,362.0,1383.0,2125.0,713.0,2066.0,1481.0,1978.0,671.0,386.0,398.0,1820.0,1205.0,1949.0,561.0,491.0,1003.0,1810.0,818.0,584.0,1092.0,540.0,1556.0,802.0,000000000000000010d8,214.292493687448,C1311F25
682.0,2224.0,1667.0,575.0,521.0,1435.0,1389.0,510.0,346.0,2154.0,2160.0,563.0,892.0,1614.0,406.0,1858.0,1612.0,1016.0,1567.0,596.0,2399.0,376.0,677.0,978.0,1526.0,533.0,939.0,526.0,2162.0,1562.0,380.0,2069.0,841.0,450.0,645.0,927.0,1941.0,898.0,369.0,1373.0,2222.0,740.0,2114.0,1567.0,2019.0,706.0,403.0,417.0,1912.0,1219.0,1982.0,559.0,518.0,1060.0,1800.0,847.0,596.0,1110.0,557.0,1592.0,871.0,000000000000000010d9,137.655929290504,C1311F26
664.0,2168.0,1625.0,553.0,481.0,1294.0,1301.0,470.0,332.0,2098.0,2015.0,539.0,802.0,1614.0,383.0,1836.0,1651.0,996.0,1472.0,577.0,2254.0,363.0,626.0,963.0,1480.0,527.0,899.0,504.0,2115.0,1483.0,360.0,2007.0,859.0,418.0,607.0,852.0,1851.0,835.0,354.0,1373.0,2078.0,698.0,2031.0,1450.0,1955.0,656.0,383.0,394.0,1790.0,1190.0,1919.0,553.0,478.0,985.0,1804.0,801.0,577.0,1076.0,530.0,1536.0,783.0,000000000000000010da,80.4061823027945,C1311F27
613.0,2021.0,1505.0,563.0,444.0,1236.0,1228.0,458.0,334.0,1974.0,1914.0,480.0,771.0,1535.0,356.0,1673.0,1550.0,930.0,1422.0,511.0,2111.0,360.0,599.0,892.0,1396.0,461.0,868.0,507.0,1962.0,1453.0,307.0,1868.0,806.0,405.0,572.0,837.0,1774.0,807.0,346.0,1252.0,1920.0,643.0,1881.0,1396.0,1824.0,614.0,385.0,390.0,1701.0,1124.0,1757.0,527.0,475.0,968.0,1688.0,755.0,535.0,1002.0,522.0,1450.0,780.0,000000000000000010db,74.8382493825924,C1311P01
603.0,2125.0,1446.0,494.0,417.0,1193.0,1199.0,425.0,312.0,1972.0,1840.0,481.0,761.0,1550.0,331.0,1781.0,1678.0,974.0,1405.0,507.0,2066.0,321.0,543.0,915.0,1444.0,481.0,811.0,456.0,2000.0,1453.0,303.0,1864.0,859.0,378.0,563.0,795.0,1788.0,736.0,331.0,1332.0,1915.0,616.0,1850.0,1328.0,1811.0,583.0,340.0,351.0,1689.0,1097.0,1831.0,524.0,424.0,944.0,1796.0,735.0,526.0,985.0,470.0,1474.0,699.0,000000000000000010dc,61.3026553212097,C1311P02
633.0,2061.0,1546.0,578.0,461.0,1278.0,1270.0,473.0,344.0,2011.0,1962.0,498.0,797.0,1565.0,372.0,1709.0,1572.0,955.0,1459.0,535.0,2159.0,372.0,622.0,917.0,1424.0,479.0,888.0,519.0,2001.0,1488.0,320.0,1917.0,823.0,416.0,588.0,863.0,1811.0,836.0,357.0,1279.0,1974.0,662.0,1933.0,1435.0,1867.0,634.0,396.0,403.0,1743.0,1155.0,1803.0,540.0,493.0,1001.0,1719.0,778.0,550.0,1030.0,534.0,1484.0,807.0,000000000000000010dd,136.156821951157,C1311P03
622.0,2068.0,1514.0,554.0,438.0,1228.0,1234.0,457.0,330.0,2020.0,1917.0,484.0,767.0,1571.0,352.0,1719.0,1606.0,945.0,1433.0,514.0,2132.0,350.0,599.0,910.0,1418.0,472.0,872.0,503.0,2001.0,1478.0,310.0,1894.0,837.0,402.0,584.0,834.0,1805.0,795.0,346.0,1292.0,1937.0,650.0,1894.0,1396.0,1844.0,612.0,381.0,381.0,1711.0,1130.0,1792.0,541.0,471.0,968.0,1746.0,766.0,548.0,1009.0,520.0,1467.0,773.0,000000000000000010de,92.0468293408321,C1311P04
642.0,2123.0,1567.0,546.0,456.0,1243.0,1253.0,460.0,325.0,2035.0,1950.0,510.0,773.0,1587.0,367.0,1791.0,1639.0,965.0,1439.0,541.0,2180.0,351.0,596.0,939.0,1447.0,500.0,878.0,498.0,2064.0,1465.0,340.0,1936.0,847.0,403.0,594.0,831.0,1814.0,803.0,343.0,1339.0,2000.0,678.0,1947.0,1402.0,1904.0,630.0,371.0,382.0,1738.0,1157.0,1849.0,546.0,463.0,960.0,1773.0,781.0,564.0,1039.0,519.0,1487.0,757.0,000000000000000010df,140.992108168995,C1311P05
611.0,2137.0,1473.0,511.0,425.0,1211.0,1218.0,435.0,318.0,1996.0,1871.0,486.0,767.0,1571.0,334.0,1791.0,1683.0,976.0,1424.0,515.0,2104.0,330.0,558.0,926.0,1455.0,485.0,828.0,471.0,2020.0,1467.0,308.0,1885.0,865.0,382.0,576.0,810.0,1811.0,756.0,336.0,1339.0,1938.0,632.0,1878.0,1351.0,1839.0,592.0,350.0,360.0,1708.0,1117.0,1840.0,535.0,435.0,958.0,1802.0,747.0,535.0,1001.0,483.0,1483.0,716.0,000000000000000010e0,175.150949723316,C1311P06
575.0,2102.0,1311.0,417.0,397.0,1152.0,1123.0,371.0,289.0,1834.0,1718.0,480.0,747.0,1458.0,313.0,1781.0,1730.0,1036.0,1364.0,482.0,1907.0,280.0,473.0,901.0,1448.0,480.0,733.0,387.0,1905.0,1393.0,298.0,1769.0,863.0,350.0,528.0,721.0,1712.0,654.0,304.0,1356.0,1857.0,575.0,1748.0,1225.0,1663.0,556.0,289.0,326.0,1652.0,1030.0,1833.0,489.0,370.0,900.0,1822.0,707.0,508.0,972.0,408.0,1490.0,609.0,000000000000000010e1,216.25459752664,C1311P07
667.0,2142.0,1622.0,608.0,492.0,1354.0,1343.0,503.0,364.0,2096.0,2051.0,527.0,844.0,1634.0,395.0,1778.0,1637.0,1005.0,1534.0,567.0,2250.0,394.0,663.0,965.0,1487.0,508.0,936.0,545.0,2083.0,1564.0,340.0,2004.0,864.0,437.0,619.0,915.0,1892.0,885.0,376.0,1338.0,2062.0,699.0,2023.0,1514.0,1951.0,675.0,417.0,426.0,1821.0,1215.0,1887.0,569.0,518.0,1059.0,1789.0,818.0,579.0,1085.0,559.0,1549.0,854.0,000000000000000010e2,74.0139997349166,C1311P09
621.0,2068.0,1509.0,551.0,436.0,1220.0,1230.0,455.0,326.0,2015.0,1911.0,483.0,763.0,1567.0,351.0,1718.0,1605.0,941.0,1428.0,512.0,2127.0,347.0,595.0,907.0,1411.0,473.0,872.0,500.0,2000.0,1472.0,310.0,1890.0,833.0,401.0,582.0,830.0,1800.0,792.0,346.0,1290.0,1933.0,651.0,1890.0,1390.0,1841.0,610.0,377.0,377.0,1706.0,1126.0,1789.0,539.0,470.0,965.0,1744.0,764.0,548.0,1004.0,520.0,1460.0,767.0,000000000000000010e3,71.7043564757476,C1311P10
685.0,2232.0,1678.0,578.0,521.0,1398.0,1372.0,511.0,353.0,2168.0,2112.0,560.0,855.0,1642.0,405.0,1879.0,1659.0,1022.0,1550.0,599.0,2374.0,382.0,675.0,983.0,1528.0,541.0,936.0,528.0,2176.0,1561.0,376.0,2082.0,860.0,453.0,637.0,911.0,1929.0,893.0,377.0,1389.0,2184.0,734.0,2110.0,1541.0,2006.0,695.0,402.0,420.0,1881.0,1231.0,1986.0,579.0,520.0,1052.0,1826.0,836.0,598.0,1117.0,559.0,1601.0,855.0,000000000000000010e4,83.3414136982943,C1311P18
724.0,2435.0,1559.0,535.0,512.0,1362.0,1307.0,495.0,403.0,2135.0,1938.0,622.0,912.0,1758.0,416.0,2070.0,2042.0,1266.0,1584.0,627.0,2213.0,384.0,610.0,1096.0,1746.0,621.0,867.0,501.0,2211.0,1595.0,399.0,2064.0,1081.0,465.0,669.0,889.0,1981.0,804.0,419.0,1629.0,2157.0,702.0,2029.0,1428.0,1859.0,692.0,395.0,425.0,1867.0,1246.0,2120.0,623.0,494.0,1082.0,2153.0,874.0,632.0,1179.0,517.0,1718.0,771.0,000000000000000010e5,197.435670459197,C1312W01
690.0,2359.0,1568.0,525.0,491.0,1351.0,1325.0,491.0,368.0,2151.0,1949.0,581.0,868.0,1735.0,389.0,2003.0,1959.0,1181.0,1568.0,594.0,2201.0,366.0,601.0,1067.0,1689.0,577.0,858.0,487.0,2179.0,1608.0,372.0,2067.0,1040.0,440.0,638.0,884.0,1962.0,808.0,393.0,1566.0,2105.0,674.0,2024.0,1451.0,1896.0,659.0,378.0,397.0,1852.0,1228.0,2076.0,599.0,477.0,1055.0,2087.0,833.0,599.0,1135.0,513.0,1680.0,775.0,000000000000000010e6,715.619674584567,C1312W03
708.0,2380.0,1496.0,513.0,490.0,1315.0,1225.0,459.0,393.0,2038.0,1863.0,625.0,871.0,1691.0,413.0,2020.0,2000.0,1285.0,1511.0,624.0,2109.0,371.0,570.0,1065.0,1693.0,626.0,812.0,481.0,2139.0,1511.0,406.0,1988.0,1056.0,453.0,665.0,819.0,1903.0,747.0,402.0,1599.0,2111.0,698.0,1928.0,1353.0,1755.0,673.0,371.0,426.0,1786.0,1213.0,2068.0,613.0,465.0,1025.0,2109.0,876.0,644.0,1191.0,485.0,1667.0,706.0,000000000000000010e7,1874.08064419884,C1312W04
711.0,2385.0,1499.0,513.0,494.0,1315.0,1225.0,463.0,393.0,2041.0,1865.0,627.0,874.0,1694.0,413.0,2024.0,2003.0,1288.0,1511.0,627.0,2113.0,372.0,574.0,1069.0,1695.0,628.0,817.0,481.0,2144.0,1511.0,409.0,1991.0,1059.0,453.0,668.0,822.0,1905.0,750.0,403.0,1602.0,2114.0,701.0,1931.0,1353.0,1756.0,676.0,372.0,426.0,1787.0,1216.0,2072.0,615.0,464.0,1028.0,2112.0,878.0,647.0,1194.0,484.0,1667.0,709.0,000000000000000010e8,2206.43576527655,C1312W05
769.0,2507.0,1619.0,572.0,545.0,1399.0,1337.0,527.0,439.0,2203.0,1997.0,669.0,953.0,1821.0,443.0,2138.0,2093.0,1316.0,1617.0,669.0,2284.0,418.0,645.0,1140.0,1805.0,669.0,901.0,535.0,2287.0,1626.0,436.0,2126.0,1130.0,492.0,711.0,929.0,2037.0,843.0,448.0,1684.0,2230.0,741.0,2081.0,1466.0,1909.0,724.0,428.0,464.0,1918.0,1299.0,2174.0,664.0,523.0,1121.0,2220.0,926.0,672.0,1235.0,551.0,1772.0,813.0,000000000000000010e9,2326.94986832164,C1312W06
744.0,2475.0,1577.0,550.0,523.0,1372.0,1309.0,503.0,424.0,2150.0,1957.0,653.0,925.0,1778.0,430.0,2114.0,2066.0,1298.0,1584.0,654.0,2240.0,403.0,619.0,1114.0,1771.0,650.0,872.0,520.0,2248.0,1591.0,421.0,2083.0,1103.0,480.0,686.0,892.0,2001.0,813.0,435.0,1657.0,2201.0,718.0,2031.0,1429.0,1872.0,705.0,410.0,454.0,1885.0,1266.0,2144.0,644.0,506.0,1088.0,2184.0,905.0,654.0,1212.0,532.0,1744.0,779.0,000000000000000010ea,148.222325658942,C1313C01
739.0,2461.0,1569.0,542.0,522.0,1369.0,1309.0,502.0,416.0,2143.0,1950.0,645.0,923.0,1769.0,427.0,2100.0,2055.0,1285.0,1584.0,647.0,2230.0,395.0,619.0,1105.0,1760.0,643.0,873.0,510.0,2235.0,1592.0,416.0,2074.0,1094.0,476.0,683.0,893.0,1993.0,812.0,430.0,1646.0,2186.0,715.0,2027.0,1428.0,1866.0,704.0,403.0,442.0,1878.0,1257.0,2135.0,639.0,502.0,1089.0,2173.0,896.0,649.0,1199.0,528.0,1735.0,778.0,000000000000000010eb,71.8726970807736,C1313C02
645.0,2129.0,1571.0,522.0,470.0,1293.0,1274.0,446.0,306.0,2037.0,2001.0,527.0,813.0,1505.0,364.0,1764.0,1575.0,948.0,1446.0,566.0,2238.0,332.0,603.0,928.0,1416.0,513.0,879.0,482.0,2044.0,1420.0,343.0,1945.0,797.0,395.0,593.0,847.0,1808.0,829.0,316.0,1301.0,2066.0,688.0,1975.0,1422.0,1917.0,652.0,356.0,376.0,1764.0,1155.0,1872.0,510.0,445.0,981.0,1687.0,790.0,550.0,1049.0,503.0,1478.0,767.0,000000000000000010ec,170.545169764855,C1313C03
749.0,2481.0,1585.0,552.0,529.0,1380.0,1316.0,509.0,425.0,2162.0,1964.0,656.0,933.0,1786.0,434.0,2118.0,2066.0,1298.0,1592.0,657.0,2249.0,404.0,626.0,1118.0,1776.0,654.0,879.0,520.0,2256.0,1600.0,422.0,2092.0,1107.0,484.0,689.0,903.0,2006.0,821.0,440.0,1659.0,2206.0,720.0,2040.0,1439.0,1878.0,709.0,413.0,454.0,1889.0,1271.0,2148.0,646.0,512.0,1098.0,2191.0,910.0,656.0,1215.0,540.0,1747.0,789.0,000000000000000010ed,96.7574720367312,C1313C05
750.0,2478.0,1587.0,554.0,531.0,1379.0,1317.0,511.0,425.0,2164.0,1962.0,654.0,933.0,1789.0,434.0,2114.0,2069.0,1300.0,1594.0,655.0,2248.0,404.0,629.0,1120.0,1777.0,653.0,884.0,520.0,2254.0,1603.0,422.0,2092.0,1109.0,484.0,692.0,905.0,2003.0,822.0,439.0,1660.0,2202.0,724.0,2044.0,1440.0,1876.0,713.0,413.0,452.0,1887.0,1274.0,2149.0,647.0,512.0,1100.0,2190.0,909.0,657.0,1216.0,540.0,1744.0,789.0,000000000000000010ee,183.024989920073,C1313C06
652.0,2288.0,1413.0,468.0,445.0,1257.0,1167.0,410.0,357.0,1957.0,1794.0,581.0,813.0,1603.0,377.0,1948.0,1903.0,1207.0,1438.0,571.0,2024.0,336.0,520.0,983.0,1613.0,581.0,756.0,440.0,2057.0,1438.0,369.0,1908.0,983.0,413.0,612.0,760.0,1832.0,694.0,364.0,1516.0,2037.0,643.0,1851.0,1286.0,1689.0,628.0,335.0,388.0,1729.0,1141.0,1987.0,568.0,430.0,959.0,2030.0,814.0,592.0,1116.0,450.0,1618.0,654.0,000000000000000010ef,412.48639991666,C1313F01
732.0,2444.0,1568.0,546.0,521.0,1364.0,1310.0,501.0,414.0,2142.0,1941.0,631.0,917.0,1768.0,426.0,2080.0,2058.0,1282.0,1588.0,635.0,2217.0,394.0,621.0,1107.0,1757.0,630.0,881.0,509.0,2216.0,1598.0,406.0,2071.0,1092.0,476.0,679.0,892.0,1985.0,807.0,427.0,1642.0,2165.0,714.0,2036.0,1428.0,1862.0,705.0,404.0,435.0,1871.0,1259.0,2134.0,633.0,501.0,1088.0,2165.0,883.0,643.0,1192.0,526.0,1724.0,772.0,000000000000000010f0,350.546550613974,C1313F02
757.0,2486.0,1602.0,565.0,538.0,1387.0,1325.0,518.0,431.0,2185.0,1981.0,658.0,943.0,1803.0,433.0,2118.0,2075.0,1303.0,1605.0,658.0,2263.0,410.0,637.0,1128.0,1786.0,658.0,893.0,526.0,2266.0,1615.0,426.0,2108.0,1118.0,482.0,700.0,920.0,2020.0,832.0,436.0,1665.0,2209.0,731.0,2063.0,1452.0,1892.0,717.0,421.0,455.0,1901.0,1287.0,2158.0,652.0,512.0,1113.0,2201.0,914.0,662.0,1222.0,541.0,1756.0,802.0,000000000000000010f1,303.180550489632,C1313F03
694.0,2358.0,1476.0,503.0,480.0,1301.0,1213.0,450.0,384.0,2020.0,1849.0,613.0,856.0,1670.0,403.0,2002.0,1976.0,1264.0,1496.0,611.0,2091.0,362.0,560.0,1046.0,1672.0,613.0,799.0,471.0,2121.0,1497.0,395.0,1970.0,1038.0,444.0,649.0,806.0,1888.0,734.0,394.0,1578.0,2092.0,681.0,1909.0,1339.0,1743.0,662.0,362.0,416.0,1774.0,1195.0,2050.0,599.0,456.0,1009.0,2089.0,859.0,628.0,1171.0,476.0,1655.0,694.0,000000000000000010f2,296.868300033799,C1313F05
642.0,2243.0,1387.0,444.0,432.0,1229.0,1135.0,386.0,344.0,1913.0,1761.0,570.0,783.0,1563.0,373.0,1911.0,1861.0,1196.0,1404.0,554.0,1970.0,317.0,495.0,955.0,1579.0,564.0,735.0,415.0,2009.0,1398.0,368.0,1870.0,955.0,396.0,585.0,719.0,1786.0,666.0,347.0,1495.0,2002.0,624.0,1805.0,1259.0,1641.0,614.0,310.0,376.0,1686.0,1113.0,1954.0,544.0,407.0,916.0,1995.0,803.0,573.0,1092.0,428.0,1600.0,627.0,000000000000000010f3,326.26527355297,C1313F07
627.0,2230.0,1486.0,476.0,441.0,1255.0,1245.0,449.0,326.0,2033.0,1872.0,523.0,807.0,1612.0,347.0,1901.0,1800.0,1054.0,1463.0,540.0,2113.0,326.0,551.0,974.0,1551.0,523.0,797.0,440.0,2087.0,1523.0,321.0,1953.0,931.0,390.0,558.0,824.0,1864.0,754.0,347.0,1436.0,1999.0,592.0,1918.0,1367.0,1835.0,594.0,343.0,361.0,1765.0,1122.0,1946.0,524.0,424.0,973.0,1930.0,747.0,524.0,1026.0,466.0,1587.0,720.0,000000000000000010f4,72.0128673716829,C1313P01
648.0,2292.0,1542.0,493.0,459.0,1304.0,1295.0,465.0,339.0,2111.0,1937.0,540.0,837.0,1670.0,357.0,1957.0,1856.0,1085.0,1519.0,558.0,2181.0,339.0,574.0,1009.0,1600.0,536.0,829.0,457.0,2152.0,1582.0,335.0,2023.0,963.0,401.0,579.0,860.0,1926.0,788.0,361.0,1484.0,2060.0,615.0,1983.0,1422.0,1900.0,617.0,357.0,371.0,1823.0,1167.0,2005.0,544.0,444.0,1013.0,1990.0,773.0,544.0,1063.0,483.0,1633.0,756.0,000000000000000010f5,142.474323753718,C1313P02
638.0,2262.0,1513.0,486.0,451.0,1279.0,1269.0,458.0,334.0,2070.0,1903.0,534.0,823.0,1641.0,353.0,1930.0,1831.0,1071.0,1490.0,551.0,2145.0,334.0,563.0,992.0,1578.0,532.0,812.0,450.0,2118.0,1550.0,328.0,1988.0,948.0,396.0,568.0,841.0,1895.0,770.0,354.0,1462.0,2029.0,603.0,1951.0,1392.0,1866.0,606.0,351.0,368.0,1795.0,1143.0,1978.0,534.0,432.0,992.0,1962.0,761.0,534.0,1045.0,474.0,1612.0,736.0,000000000000000010f6,138.803994907734,C1313P04
649.0,2283.0,1535.0,488.0,458.0,1297.0,1288.0,464.0,335.0,2101.0,1926.0,540.0,832.0,1662.0,355.0,1949.0,1848.0,1081.0,1512.0,558.0,2171.0,335.0,572.0,1004.0,1593.0,537.0,827.0,453.0,2142.0,1574.0,334.0,2014.0,959.0,399.0,579.0,854.0,1916.0,783.0,358.0,1477.0,2051.0,615.0,1975.0,1414.0,1890.0,615.0,353.0,368.0,1813.0,1161.0,1997.0,544.0,440.0,1007.0,1982.0,773.0,544.0,1059.0,480.0,1625.0,750.0,000000000000000010f7,102.047017693639,C1313P05
750.0,2482.0,1584.0,551.0,529.0,1380.0,1316.0,509.0,425.0,2159.0,1961.0,658.0,932.0,1786.0,435.0,2119.0,2071.0,1303.0,1592.0,659.0,2248.0,403.0,626.0,1120.0,1778.0,656.0,880.0,520.0,2256.0,1600.0,425.0,2091.0,1109.0,485.0,693.0,900.0,2004.0,820.0,440.0,1662.0,2207.0,724.0,2038.0,1438.0,1875.0,711.0,412.0,454.0,1887.0,1273.0,2149.0,650.0,512.0,1096.0,2191.0,912.0,660.0,1219.0,539.0,1746.0,787.0,000000000000000010f8,2148.6431413538,C1313W01
642.0,2240.0,1385.0,444.0,432.0,1228.0,1133.0,385.0,346.0,1908.0,1760.0,570.0,783.0,1558.0,374.0,1911.0,1856.0,1198.0,1402.0,552.0,1966.0,317.0,493.0,954.0,1576.0,563.0,735.0,413.0,2005.0,1394.0,369.0,1867.0,954.0,396.0,584.0,717.0,1783.0,666.0,347.0,1494.0,2001.0,623.0,1801.0,1258.0,1638.0,616.0,309.0,377.0,1684.0,1112.0,1953.0,543.0,406.0,914.0,1993.0,802.0,573.0,1092.0,427.0,1602.0,627.0,000000000000000010f9,419.066784322066,C1313W02
645.0,2276.0,1403.0,460.0,442.0,1252.0,1163.0,408.0,349.0,1947.0,1786.0,574.0,803.0,1592.0,370.0,1939.0,1891.0,1196.0,1434.0,563.0,2015.0,328.0,517.0,974.0,1602.0,574.0,752.0,431.0,2048.0,1433.0,363.0,1898.0,974.0,405.0,603.0,750.0,1823.0,685.0,357.0,1506.0,2029.0,635.0,1840.0,1282.0,1683.0,625.0,327.0,380.0,1722.0,1131.0,1977.0,560.0,422.0,948.0,2018.0,806.0,584.0,1105.0,442.0,1611.0,646.0,000000000000000010fa,724.78770274948,C1313W03
709.0,2420.0,1521.0,515.0,494.0,1338.0,1283.0,475.0,396.0,2086.0,1904.0,621.0,892.0,1720.0,412.0,2068.0,2027.0,1258.0,1554.0,625.0,2182.0,375.0,586.0,1074.0,1720.0,615.0,839.0,490.0,2188.0,1558.0,396.0,2026.0,1060.0,461.0,652.0,856.0,1952.0,782.0,413.0,1615.0,2148.0,686.0,1984.0,1390.0,1828.0,679.0,379.0,423.0,1844.0,1219.0,2104.0,612.0,481.0,1056.0,2131.0,864.0,622.0,1166.0,501.0,1703.0,742.0,000000000000000010fb,562.263639133807,C1313W04
524.0,1813.0,1255.0,466.0,357.0,1012.0,1025.0,364.0,268.0,1671.0,1632.0,404.0,645.0,1303.0,291.0,1504.0,1401.0,796.0,1199.0,435.0,1821.0,283.0,479.0,773.0,1200.0,402.0,725.0,427.0,1724.0,1225.0,259.0,1581.0,704.0,332.0,499.0,689.0,1546.0,648.0,276.0,1103.0,1660.0,555.0,1581.0,1142.0,1608.0,509.0,302.0,312.0,1466.0,946.0,1532.0,452.0,388.0,808.0,1473.0,643.0,464.0,840.0,435.0,1244.0,604.0,000000000000000010fc,169.995101561375,C1313W05
620.0,2187.0,1470.0,489.0,430.0,1226.0,1225.0,433.0,318.0,2019.0,1866.0,501.0,788.0,1584.0,340.0,1850.0,1749.0,1020.0,1444.0,523.0,2096.0,322.0,550.0,951.0,1499.0,499.0,821.0,454.0,2054.0,1502.0,319.0,1918.0,894.0,387.0,574.0,810.0,1831.0,745.0,340.0,1387.0,1966.0,617.0,1891.0,1355.0,1835.0,596.0,341.0,357.0,1729.0,1119.0,1895.0,535.0,431.0,965.0,1870.0,749.0,536.0,1011.0,474.0,1530.0,708.0,000000000000000010fd,159.479770282507,C1313W80
566.0,2066.0,1268.0,401.0,381.0,1132.0,1070.0,335.0,273.0,1773.0,1664.0,476.0,727.0,1407.0,314.0,1719.0,1710.0,1049.0,1333.0,473.0,1829.0,268.0,435.0,885.0,1407.0,466.0,692.0,375.0,1822.0,1364.0,303.0,1732.0,838.0,336.0,514.0,664.0,1651.0,608.0,282.0,1353.0,1837.0,561.0,1678.0,1188.0,1576.0,549.0,254.0,322.0,1598.0,1003.0,1821.0,471.0,353.0,855.0,1783.0,701.0,497.0,954.0,390.0,1492.0,573.0,000000000000000010fe,78.269916721416,C1314C01
663.0,2328.0,1443.0,479.0,456.0,1276.0,1224.0,435.0,358.0,2001.0,1832.0,565.0,843.0,1630.0,373.0,1970.0,1945.0,1194.0,1494.0,574.0,2085.0,337.0,542.0,1015.0,1639.0,565.0,783.0,450.0,2096.0,1503.0,355.0,1952.0,997.0,421.0,602.0,811.0,1878.0,732.0,373.0,1541.0,2048.0,640.0,1892.0,1331.0,1753.0,639.0,337.0,389.0,1772.0,1154.0,2022.0,563.0,440.0,1008.0,2041.0,811.0,574.0,1106.0,460.0,1630.0,693.0,000000000000000010ff,77.0812675209668,C1314C02
714.0,2408.0,1516.0,514.0,496.0,1334.0,1271.0,473.0,395.0,2079.0,1895.0,625.0,888.0,1715.0,410.0,2056.0,2032.0,1270.0,1548.0,627.0,2164.0,373.0,584.0,1077.0,1719.0,620.0,837.0,490.0,2176.0,1550.0,400.0,2023.0,1064.0,460.0,661.0,850.0,1942.0,774.0,410.0,1616.0,2135.0,695.0,1969.0,1381.0,1815.0,683.0,375.0,425.0,1833.0,1227.0,2102.0,620.0,481.0,1053.0,2127.0,873.0,633.0,1178.0,501.0,1696.0,733.0,00000000000000001100,57.0828933104188,C1314C03
710.0,2411.0,1515.0,514.0,494.0,1332.0,1273.0,473.0,395.0,2080.0,1894.0,621.0,888.0,1714.0,409.0,2059.0,2027.0,1262.0,1547.0,624.0,2170.0,374.0,584.0,1073.0,1716.0,616.0,837.0,490.0,2179.0,1550.0,396.0,2022.0,1060.0,458.0,654.0,850.0,1942.0,775.0,409.0,1614.0,2139.0,687.0,1974.0,1382.0,1816.0,680.0,376.0,424.0,1834.0,1221.0,2101.0,613.0,478.0,1052.0,2126.0,867.0,624.0,1170.0,498.0,1695.0,735.0,00000000000000001101,30.4966312965073,C1314C04
577.0,2141.0,1326.0,418.0,399.0,1185.0,1141.0,378.0,298.0,1846.0,1736.0,485.0,755.0,1483.0,317.0,1807.0,1768.0,1050.0,1395.0,492.0,1938.0,283.0,477.0,912.0,1479.0,483.0,726.0,396.0,1938.0,1423.0,295.0,1803.0,880.0,355.0,524.0,726.0,1747.0,659.0,315.0,1380.0,1885.0,563.0,1768.0,1250.0,1680.0,563.0,291.0,331.0,1670.0,1042.0,1868.0,487.0,380.0,914.0,1859.0,710.0,500.0,980.0,410.0,1514.0,616.0,00000000000000001102,68.9953606679647,C1314C06
575.0,2057.0,1304.0,413.0,390.0,1125.0,1073.0,342.0,271.0,1793.0,1677.0,474.0,717.0,1404.0,320.0,1710.0,1679.0,1040.0,1321.0,477.0,1832.0,272.0,440.0,901.0,1389.0,473.0,709.0,384.0,1800.0,1357.0,314.0,1741.0,829.0,340.0,511.0,670.0,1639.0,613.0,278.0,1360.0,1856.0,563.0,1686.0,1195.0,1606.0,551.0,253.0,326.0,1594.0,1012.0,1822.0,460.0,350.0,847.0,1752.0,707.0,491.0,960.0,398.0,1501.0,580.0,00000000000000001103,70.2600518541704,C1314C07
617.0,2228.0,1437.0,459.0,431.0,1249.0,1224.0,425.0,313.0,1995.0,1839.0,511.0,798.0,1587.0,337.0,1884.0,1816.0,1070.0,1462.0,524.0,2070.0,309.0,527.0,967.0,1547.0,510.0,780.0,422.0,2053.0,1508.0,317.0,1914.0,930.0,382.0,562.0,800.0,1847.0,721.0,337.0,1435.0,1975.0,594.0,1883.0,1341.0,1791.0,587.0,326.0,349.0,1748.0,1108.0,1934.0,526.0,417.0,968.0,1938.0,742.0,526.0,1023.0,449.0,1575.0,691.0,00000000000000001104,51.506356924317,C1314C09
654.0,2324.0,1447.0,481.0,456.0,1283.0,1235.0,440.0,357.0,2003.0,1837.0,556.0,842.0,1637.0,371.0,1968.0,1944.0,1187.0,1503.0,566.0,2090.0,337.0,547.0,1016.0,1642.0,556.0,791.0,450.0,2092.0,1517.0,351.0,1953.0,997.0,419.0,601.0,813.0,1885.0,734.0,374.0,1539.0,2043.0,639.0,1904.0,1341.0,1764.0,635.0,342.0,387.0,1779.0,1153.0,2021.0,561.0,442.0,1010.0,2038.0,801.0,571.0,1099.0,464.0,1631.0,696.0,00000000000000001105,31.1793670536256,C1314C10
578.0,1968.0,1400.0,516.0,395.0,1123.0,1136.0,406.0,292.0,1859.0,1794.0,441.0,706.0,1448.0,319.0,1631.0,1526.0,872.0,1332.0,475.0,1999.0,314.0,541.0,849.0,1314.0,435.0,816.0,472.0,1890.0,1364.0,286.0,1755.0,769.0,367.0,548.0,763.0,1685.0,721.0,305.0,1204.0,1818.0,621.0,1755.0,1279.0,1757.0,567.0,335.0,345.0,1597.0,1053.0,1683.0,505.0,429.0,897.0,1618.0,714.0,519.0,934.0,483.0,1353.0,679.0,00000000000000001106,83.8362876771843,C1314F01
559.0,1981.0,1315.0,451.0,386.0,1092.0,1084.0,373.0,279.0,1783.0,1693.0,450.0,708.0,1386.0,308.0,1652.0,1574.0,915.0,1290.0,475.0,1875.0,287.0,483.0,858.0,1323.0,450.0,756.0,414.0,1827.0,1322.0,291.0,1699.0,801.0,344.0,531.0,724.0,1645.0,658.0,294.0,1237.0,1771.0,576.0,1672.0,1204.0,1667.0,543.0,304.0,326.0,1551.0,1016.0,1696.0,480.0,377.0,867.0,1643.0,688.0,494.0,910.0,427.0,1365.0,611.0,00000000000000001107,100.043669169405,C1314F02
568.0,2084.0,1271.0,390.0,380.0,1136.0,1060.0,337.0,292.0,1775.0,1672.0,499.0,726.0,1424.0,319.0,1764.0,1725.0,1081.0,1320.0,485.0,1829.0,272.0,438.0,864.0,1442.0,490.0,676.0,365.0,1863.0,1324.0,315.0,1736.0,851.0,348.0,514.0,652.0,1675.0,606.0,300.0,1364.0,1856.0,553.0,1678.0,1183.0,1554.0,552.0,263.0,332.0,1601.0,1005.0,1821.0,475.0,354.0,848.0,1846.0,724.0,504.0,976.0,378.0,1509.0,568.0,00000000000000001108,166.383335484456,C1314F03
553.0,1875.0,1261.0,424.0,372.0,1023.0,1020.0,333.0,263.0,1643.0,1611.0,456.0,683.0,1284.0,308.0,1580.0,1506.0,912.0,1204.0,467.0,1741.0,274.0,437.0,846.0,1256.0,458.0,686.0,395.0,1690.0,1214.0,298.0,1590.0,761.0,318.0,479.0,656.0,1521.0,610.0,249.0,1229.0,1716.0,535.0,1569.0,1102.0,1599.0,515.0,263.0,316.0,1493.0,963.0,1645.0,421.0,337.0,795.0,1549.0,669.0,459.0,891.0,405.0,1367.0,564.0,00000000000000001109,211.236870715796,C1314F04
689.0,2363.0,1562.0,520.0,491.0,1347.0,1315.0,489.0,368.0,2142.0,1940.0,584.0,869.0,1735.0,391.0,2004.0,1968.0,1190.0,1565.0,593.0,2194.0,362.0,598.0,1068.0,1693.0,579.0,857.0,483.0,2174.0,1600.0,374.0,2056.0,1044.0,440.0,639.0,882.0,1960.0,801.0,394.0,1570.0,2103.0,672.0,2017.0,1442.0,1885.0,659.0,377.0,397.0,1848.0,1225.0,2074.0,600.0,478.0,1054.0,2091.0,833.0,600.0,1137.0,510.0,1680.0,769.0,0000000000000000110a,86.4991408709323,C1314F05
626.0,2063.0,1508.0,510.0,440.0,1208.0,1213.0,408.0,297.0,1958.0,1898.0,517.0,775.0,1461.0,352.0,1711.0,1569.0,933.0,1381.0,547.0,2105.0,326.0,552.0,921.0,1366.0,510.0,841.0,478.0,1963.0,1340.0,347.0,1843.0,808.0,374.0,573.0,795.0,1727.0,763.0,300.0,1288.0,1955.0,652.0,1882.0,1340.0,1869.0,614.0,342.0,365.0,1670.0,1132.0,1806.0,486.0,407.0,914.0,1646.0,762.0,533.0,1014.0,479.0,1412.0,699.0,0000000000000000110b,122.9107212406,C1314F06
558.0,1918.0,1261.0,419.0,372.0,1040.0,1026.0,336.0,262.0,1673.0,1621.0,454.0,681.0,1310.0,306.0,1613.0,1547.0,936.0,1230.0,469.0,1763.0,271.0,435.0,861.0,1282.0,459.0,684.0,395.0,1728.0,1248.0,303.0,1626.0,775.0,320.0,487.0,661.0,1549.0,610.0,259.0,1248.0,1739.0,535.0,1593.0,1115.0,1597.0,519.0,264.0,321.0,1518.0,972.0,1681.0,429.0,341.0,804.0,1602.0,676.0,466.0,901.0,401.0,1399.0,565.0,0000000000000000110c,182.298769997709,C1314F07
621.0,2053.0,1515.0,555.0,439.0,1235.0,1235.0,458.0,333.0,2020.0,1917.0,481.0,771.0,1573.0,353.0,1710.0,1602.0,947.0,1434.0,515.0,2128.0,353.0,600.0,909.0,1424.0,467.0,865.0,504.0,1991.0,1481.0,306.0,1892.0,837.0,401.0,580.0,838.0,1805.0,800.0,343.0,1290.0,1933.0,641.0,1892.0,1400.0,1839.0,609.0,383.0,383.0,1711.0,1130.0,1788.0,542.0,469.0,973.0,1742.0,766.0,542.0,1009.0,518.0,1472.0,781.0,0000000000000000110d,360.505435410519,C1314F08
576.0,2039.0,1376.0,470.0,399.0,1134.0,1136.0,401.0,296.0,1869.0,1762.0,463.0,724.0,1461.0,315.0,1709.0,1612.0,934.0,1332.0,484.0,1961.0,306.0,517.0,874.0,1372.0,463.0,774.0,432.0,1908.0,1376.0,292.0,1775.0,819.0,361.0,541.0,754.0,1712.0,694.0,314.0,1270.0,1833.0,589.0,1753.0,1254.0,1735.0,559.0,325.0,334.0,1606.0,1048.0,1745.0,497.0,401.0,895.0,1708.0,704.0,504.0,933.0,447.0,1413.0,658.0,0000000000000000110e,141.038198672509,C1314F09
647.0,2122.0,1582.0,528.0,469.0,1273.0,1264.0,441.0,308.0,2029.0,1981.0,529.0,799.0,1529.0,364.0,1781.0,1604.0,965.0,1438.0,567.0,2215.0,338.0,596.0,945.0,1430.0,518.0,871.0,488.0,2046.0,1430.0,344.0,1939.0,821.0,394.0,590.0,838.0,1796.0,818.0,319.0,1324.0,2040.0,685.0,1968.0,1409.0,1923.0,637.0,358.0,377.0,1754.0,1160.0,1871.0,513.0,443.0,969.0,1711.0,792.0,550.0,1052.0,500.0,1480.0,754.0,0000000000000000110f,80.5046903780305,C1314F11
607.0,2173.0,1410.0,452.0,418.0,1207.0,1191.0,409.0,305.0,1954.0,1805.0,497.0,777.0,1538.0,327.0,1842.0,1759.0,1033.0,1418.0,512.0,2034.0,303.0,510.0,945.0,1493.0,496.0,765.0,418.0,2012.0,1471.0,310.0,1874.0,896.0,370.0,549.0,779.0,1801.0,706.0,326.0,1389.0,1936.0,584.0,1840.0,1309.0,1766.0,572.0,319.0,341.0,1713.0,1082.0,1886.0,513.0,405.0,942.0,1874.0,727.0,515.0,991.0,440.0,1535.0,671.0,00000000000000001110,70.7423881029324,C1314F12
578.0,2067.0,1333.0,439.0,397.0,1140.0,1126.0,388.0,293.0,1841.0,1727.0,479.0,742.0,1443.0,313.0,1744.0,1669.0,977.0,1346.0,488.0,1929.0,297.0,488.0,905.0,1407.0,473.0,735.0,408.0,1901.0,1384.0,305.0,1773.0,852.0,353.0,532.0,743.0,1711.0,670.0,305.0,1318.0,1841.0,568.0,1738.0,1237.0,1699.0,548.0,306.0,334.0,1631.0,1035.0,1790.0,490.0,385.0,895.0,1762.0,702.0,502.0,940.0,429.0,1456.0,634.0,00000000000000001111,86.839173262929,C1314F13
546.0,1879.0,1311.0,486.0,372.0,1055.0,1069.0,378.0,274.0,1741.0,1698.0,417.0,669.0,1360.0,299.0,1557.0,1456.0,827.0,1254.0,451.0,1893.0,293.0,504.0,805.0,1243.0,414.0,762.0,445.0,1792.0,1281.0,268.0,1650.0,731.0,344.0,520.0,718.0,1602.0,676.0,285.0,1143.0,1722.0,583.0,1650.0,1196.0,1671.0,533.0,313.0,323.0,1519.0,991.0,1593.0,476.0,402.0,845.0,1528.0,671.0,488.0,877.0,451.0,1285.0,632.0,00000000000000001112,91.3478171550187,C1314F17
605.0,2153.0,1410.0,465.0,421.0,1199.0,1189.0,412.0,304.0,1943.0,1804.0,501.0,773.0,1514.0,330.0,1815.0,1744.0,1018.0,1414.0,511.0,2024.0,311.0,522.0,948.0,1473.0,498.0,790.0,428.0,1985.0,1449.0,321.0,1856.0,892.0,375.0,565.0,786.0,1780.0,705.0,322.0,1377.0,1923.0,603.0,1820.0,1302.0,1775.0,586.0,322.0,349.0,1689.0,1094.0,1872.0,514.0,406.0,938.0,1833.0,736.0,529.0,987.0,453.0,1502.0,668.0,00000000000000001113,79.1897647650447,C1314F18
555.0,2069.0,1245.0,390.0,375.0,1130.0,1068.0,338.0,277.0,1758.0,1657.0,472.0,728.0,1410.0,304.0,1729.0,1714.0,1045.0,1331.0,468.0,1833.0,264.0,435.0,865.0,1415.0,462.0,676.0,368.0,1839.0,1353.0,287.0,1717.0,839.0,336.0,515.0,671.0,1668.0,602.0,287.0,1340.0,1819.0,554.0,1671.0,1183.0,1571.0,544.0,257.0,317.0,1604.0,994.0,1804.0,475.0,355.0,866.0,1799.0,698.0,495.0,953.0,383.0,1477.0,572.0,00000000000000001114,138.966103251208,C1314F19
653.0,2145.0,1586.0,573.0,462.0,1297.0,1297.0,482.0,348.0,2111.0,1991.0,506.0,809.0,1652.0,367.0,1791.0,1684.0,997.0,1502.0,543.0,2214.0,368.0,628.0,958.0,1496.0,493.0,901.0,522.0,2074.0,1550.0,322.0,1978.0,885.0,417.0,603.0,878.0,1880.0,838.0,357.0,1357.0,2016.0,662.0,1978.0,1463.0,1914.0,638.0,399.0,399.0,1780.0,1187.0,1874.0,564.0,486.0,1016.0,1829.0,802.0,562.0,1058.0,535.0,1539.0,816.0,00000000000000001115,143.219759076382,C1314F20
552.0,2034.0,1233.0,390.0,373.0,1117.0,1053.0,336.0,273.0,1737.0,1635.0,466.0,718.0,1388.0,303.0,1696.0,1689.0,1026.0,1313.0,466.0,1815.0,262.0,430.0,864.0,1391.0,456.0,677.0,363.0,1809.0,1340.0,285.0,1698.0,830.0,332.0,506.0,662.0,1636.0,601.0,284.0,1320.0,1790.0,544.0,1652.0,1164.0,1552.0,533.0,259.0,313.0,1579.0,980.0,1776.0,467.0,351.0,851.0,1758.0,686.0,487.0,933.0,379.0,1451.0,566.0,00000000000000001116,265.262149158533,C1314F21
659.0,2279.0,1573.0,532.0,467.0,1311.0,1306.0,478.0,347.0,2140.0,1976.0,535.0,824.0,1689.0,359.0,1931.0,1821.0,1066.0,1530.0,558.0,2228.0,357.0,599.0,1004.0,1579.0,529.0,871.0,488.0,2155.0,1582.0,340.0,2031.0,952.0,410.0,603.0,872.0,1936.0,810.0,369.0,1457.0,2070.0,655.0,2009.0,1447.0,1930.0,636.0,376.0,386.0,1818.0,1192.0,1985.0,566.0,463.0,1024.0,1964.0,793.0,566.0,1077.0,507.0,1608.0,773.0,00000000000000001117,193.073699609394,C1314F22
619.0,2253.0,1413.0,451.0,431.0,1258.0,1220.0,422.0,325.0,1978.0,1818.0,522.0,808.0,1590.0,342.0,1901.0,1869.0,1110.0,1471.0,532.0,2052.0,310.0,525.0,982.0,1575.0,522.0,775.0,427.0,2043.0,1506.0,322.0,1909.0,949.0,388.0,575.0,796.0,1845.0,710.0,342.0,1468.0,1979.0,603.0,1867.0,1327.0,1762.0,595.0,323.0,356.0,1747.0,1117.0,1959.0,532.0,419.0,980.0,1966.0,758.0,537.0,1041.0,448.0,1581.0,675.0,00000000000000001118,107.875805263262,C1314F24
659.0,2248.0,1405.0,449.0,442.0,1229.0,1127.0,394.0,355.0,1905.0,1757.0,588.0,795.0,1576.0,380.0,1918.0,1870.0,1222.0,1398.0,571.0,1961.0,330.0,504.0,970.0,1591.0,582.0,747.0,421.0,2002.0,1380.0,382.0,1864.0,975.0,407.0,596.0,717.0,1775.0,675.0,355.0,1517.0,2007.0,638.0,1806.0,1256.0,1625.0,627.0,318.0,387.0,1677.0,1125.0,1959.0,555.0,409.0,913.0,2010.0,823.0,591.0,1121.0,426.0,1602.0,636.0,00000000000000001119,93.5147054074004,C1314F25
551.0,1875.0,1254.0,417.0,372.0,1021.0,1016.0,334.0,259.0,1640.0,1604.0,453.0,679.0,1282.0,307.0,1580.0,1506.0,913.0,1203.0,465.0,1738.0,269.0,436.0,846.0,1254.0,455.0,683.0,390.0,1690.0,1215.0,299.0,1590.0,761.0,318.0,479.0,654.0,1518.0,607.0,252.0,1226.0,1713.0,534.0,1567.0,1099.0,1589.0,515.0,260.0,313.0,1489.0,961.0,1644.0,422.0,338.0,793.0,1553.0,666.0,460.0,889.0,403.0,1366.0,561.0,0000000000000000111a,215.668225866657,C1314F26
555.0,1888.0,1257.0,421.0,371.0,1028.0,1016.0,332.0,261.0,1648.0,1609.0,454.0,678.0,1291.0,308.0,1587.0,1521.0,924.0,1212.0,468.0,1739.0,273.0,433.0,854.0,1263.0,458.0,687.0,396.0,1696.0,1225.0,303.0,1599.0,764.0,318.0,483.0,653.0,1526.0,606.0,251.0,1236.0,1722.0,536.0,1571.0,1103.0,1590.0,516.0,261.0,319.0,1498.0,965.0,1655.0,424.0,336.0,792.0,1567.0,673.0,461.0,895.0,401.0,1383.0,561.0,0000000000000000111b,343.054972643153,C1314F27
635.0,2096.0,1539.0,515.0,452.0,1237.0,1238.0,423.0,298.0,1993.0,1937.0,524.0,788.0,1492.0,360.0,1743.0,1586.0,947.0,1412.0,555.0,2159.0,332.0,573.0,933.0,1393.0,514.0,860.0,482.0,2004.0,1382.0,349.0,1887.0,816.0,383.0,582.0,814.0,1762.0,787.0,312.0,1306.0,1996.0,671.0,1925.0,1375.0,1896.0,629.0,347.0,367.0,1707.0,1151.0,1842.0,498.0,424.0,941.0,1679.0,775.0,543.0,1034.0,492.0,1439.0,725.0,0000000000000000111c,99.5294052411975,C1314F28
565.0,1964.0,1272.0,420.0,376.0,1066.0,1058.0,348.0,268.0,1736.0,1650.0,466.0,702.0,1351.0,300.0,1649.0,1597.0,951.0,1269.0,470.0,1828.0,272.0,452.0,871.0,1321.0,457.0,704.0,393.0,1782.0,1294.0,293.0,1664.0,803.0,329.0,511.0,688.0,1600.0,622.0,272.0,1262.0,1756.0,554.0,1630.0,1152.0,1628.0,533.0,278.0,318.0,1556.0,1001.0,1717.0,455.0,354.0,839.0,1639.0,688.0,483.0,914.0,405.0,1393.0,580.0,0000000000000000111e,456.657349922312,C1314F30
699.0,2200.0,1682.0,613.0,535.0,1432.0,1403.0,535.0,389.0,2169.0,2130.0,570.0,897.0,1668.0,428.0,1855.0,1658.0,1046.0,1584.0,608.0,2347.0,419.0,699.0,1007.0,1555.0,548.0,960.0,559.0,2149.0,1611.0,388.0,2064.0,889.0,476.0,650.0,953.0,1946.0,924.0,399.0,1396.0,2166.0,737.0,2102.0,1577.0,2012.0,716.0,439.0,449.0,1899.0,1240.0,1961.0,590.0,544.0,1088.0,1835.0,858.0,611.0,1123.0,583.0,1613.0,895.0,0000000000000000111f,134.245700787133,C1314F31
579.0,1915.0,1311.0,441.0,387.0,1054.0,1055.0,351.0,267.0,1715.0,1658.0,482.0,704.0,1325.0,325.0,1599.0,1528.0,926.0,1236.0,489.0,1793.0,294.0,460.0,882.0,1277.0,476.0,738.0,418.0,1721.0,1228.0,317.0,1620.0,787.0,334.0,503.0,689.0,1551.0,636.0,262.0,1259.0,1745.0,559.0,1618.0,1142.0,1655.0,536.0,279.0,330.0,1509.0,1013.0,1674.0,441.0,346.0,812.0,1562.0,691.0,473.0,930.0,426.0,1372.0,588.0,00000000000000001120,542.840218927891,C1314F32
592.0,2052.0,1427.0,511.0,405.0,1159.0,1172.0,415.0,300.0,1907.0,1824.0,461.0,736.0,1492.0,320.0,1708.0,1607.0,917.0,1371.0,493.0,2049.0,316.0,539.0,889.0,1380.0,461.0,815.0,469.0,1947.0,1402.0,296.0,1802.0,814.0,367.0,569.0,782.0,1739.0,733.0,308.0,1266.0,1872.0,628.0,1800.0,1302.0,1798.0,573.0,336.0,347.0,1647.0,1078.0,1751.0,517.0,426.0,917.0,1693.0,726.0,524.0,961.0,476.0,1405.0,686.0,00000000000000001122,649.62612397244,C1314F34
594.0,2105.0,1402.0,471.0,413.0,1171.0,1163.0,404.0,297.0,1908.0,1790.0,483.0,755.0,1487.0,326.0,1764.0,1684.0,980.0,1380.0,504.0,1995.0,306.0,518.0,919.0,1423.0,483.0,796.0,432.0,1948.0,1416.0,310.0,1820.0,862.0,368.0,562.0,774.0,1748.0,702.0,317.0,1326.0,1883.0,606.0,1788.0,1287.0,1760.0,577.0,323.0,345.0,1646.0,1083.0,1812.0,511.0,404.0,924.0,1767.0,728.0,523.0,969.0,452.0,1454.0,660.0,00000000000000001123,259.24130610099,C1314F35
700.0,2195.0,1677.0,612.0,540.0,1429.0,1401.0,540.0,395.0,2157.0,2127.0,583.0,898.0,1657.0,434.0,1860.0,1648.0,1044.0,1575.0,616.0,2340.0,424.0,698.0,1007.0,1552.0,557.0,948.0,559.0,2140.0,1600.0,393.0,2055.0,888.0,480.0,645.0,950.0,1945.0,923.0,406.0,1401.0,2169.0,729.0,2092.0,1569.0,2010.0,716.0,443.0,453.0,1900.0,1233.0,1956.0,586.0,545.0,1080.0,1830.0,855.0,608.0,1119.0,583.0,1619.0,895.0,00000000000000001124,113.353687495646,C1314F37
697.0,2191.0,1673.0,613.0,531.0,1426.0,1397.0,531.0,387.0,2156.0,2127.0,570.0,893.0,1653.0,426.0,1848.0,1644.0,1038.0,1574.0,608.0,2343.0,417.0,694.0,1000.0,1541.0,545.0,954.0,557.0,2137.0,1597.0,387.0,2051.0,879.0,475.0,647.0,946.0,1938.0,917.0,397.0,1390.0,2163.0,734.0,2089.0,1569.0,2006.0,713.0,437.0,447.0,1895.0,1234.0,1952.0,585.0,542.0,1079.0,1819.0,852.0,609.0,1115.0,581.0,1604.0,888.0,00000000000000001125,193.772772531881,C1314F38
540.0,1955.0,1220.0,392.0,363.0,1061.0,1030.0,333.0,262.0,1699.0,1606.0,457.0,688.0,1334.0,298.0,1638.0,1600.0,965.0,1252.0,457.0,1767.0,259.0,424.0,850.0,1322.0,442.0,669.0,370.0,1746.0,1291.0,282.0,1648.0,790.0,320.0,487.0,653.0,1588.0,593.0,274.0,1256.0,1740.0,530.0,1604.0,1124.0,1551.0,517.0,260.0,308.0,1533.0,958.0,1713.0,444.0,338.0,822.0,1665.0,663.0,462.0,895.0,378.0,1400.0,556.0,00000000000000001126,420.595399126383,C1314F39
558.0,1954.0,1256.0,417.0,368.0,1057.0,1040.0,340.0,264.0,1730.0,1634.0,461.0,693.0,1344.0,296.0,1641.0,1591.0,954.0,1263.0,462.0,1807.0,265.0,443.0,864.0,1316.0,452.0,697.0,387.0,1769.0,1289.0,290.0,1659.0,797.0,324.0,508.0,675.0,1594.0,611.0,266.0,1255.0,1744.0,548.0,1623.0,1138.0,1607.0,527.0,274.0,315.0,1549.0,993.0,1713.0,451.0,352.0,830.0,1640.0,682.0,480.0,910.0,400.0,1393.0,573.0,00000000000000001127,188.521725962316,C1314F42
620.0,2036.0,1489.0,500.0,431.0,1170.0,1189.0,397.0,294.0,1944.0,1868.0,510.0,751.0,1455.0,348.0,1703.0,1573.0,927.0,1351.0,540.0,2057.0,319.0,536.0,916.0,1351.0,505.0,822.0,469.0,1938.0,1328.0,344.0,1807.0,812.0,368.0,573.0,771.0,1701.0,738.0,294.0,1290.0,1922.0,645.0,1846.0,1311.0,1852.0,599.0,335.0,355.0,1642.0,1121.0,1777.0,488.0,398.0,886.0,1635.0,746.0,533.0,1001.0,473.0,1409.0,675.0,00000000000000001128,69.9928229383905,C1314F45
631.0,2092.0,1530.0,555.0,445.0,1244.0,1249.0,464.0,336.0,2044.0,1927.0,491.0,782.0,1601.0,357.0,1753.0,1644.0,963.0,1449.0,525.0,2143.0,356.0,601.0,929.0,1452.0,483.0,871.0,505.0,2022.0,1491.0,314.0,1917.0,862.0,405.0,585.0,846.0,1830.0,805.0,352.0,1323.0,1953.0,641.0,1916.0,1404.0,1862.0,615.0,386.0,384.0,1729.0,1144.0,1820.0,546.0,471.0,981.0,1789.0,773.0,549.0,1018.0,522.0,1494.0,782.0,00000000000000001129,258.345575344129,C1314F46
580.0,2065.0,1321.0,423.0,392.0,1131.0,1089.0,349.0,278.0,1812.0,1698.0,477.0,724.0,1414.0,324.0,1719.0,1683.0,1036.0,1334.0,485.0,1853.0,278.0,444.0,911.0,1389.0,476.0,726.0,398.0,1816.0,1366.0,314.0,1756.0,833.0,345.0,520.0,682.0,1647.0,628.0,283.0,1358.0,1865.0,572.0,1705.0,1207.0,1636.0,556.0,265.0,333.0,1605.0,1028.0,1828.0,468.0,356.0,857.0,1753.0,713.0,499.0,970.0,414.0,1499.0,590.0,0000000000000000112a,50.6458748366326,C1314F47
675.0,2309.0,1434.0,477.0,466.0,1265.0,1171.0,422.0,368.0,1972.0,1802.0,602.0,823.0,1627.0,392.0,1962.0,1930.0,1237.0,1443.0,592.0,2035.0,347.0,539.0,1006.0,1637.0,602.0,779.0,452.0,2072.0,1443.0,390.0,1922.0,1006.0,425.0,634.0,766.0,1841.0,703.0,375.0,1542.0,2052.0,666.0,1869.0,1294.0,1690.0,649.0,347.0,399.0,1729.0,1162.0,2001.0,585.0,438.0,967.0,2048.0,840.0,613.0,1146.0,458.0,1625.0,663.0,0000000000000000112b,51.1274377170659,C1314F64
685.0,2345.0,1463.0,492.0,473.0,1294.0,1209.0,444.0,376.0,2009.0,1841.0,601.0,848.0,1655.0,391.0,1992.0,1963.0,1244.0,1491.0,600.0,2084.0,354.0,552.0,1033.0,1659.0,601.0,790.0,463.0,2110.0,1492.0,384.0,1959.0,1024.0,434.0,635.0,801.0,1881.0,728.0,384.0,1564.0,2079.0,666.0,1897.0,1332.0,1741.0,653.0,354.0,407.0,1769.0,1181.0,2038.0,588.0,448.0,1003.0,2072.0,845.0,614.0,1152.0,468.0,1648.0,687.0,0000000000000000112c,249.398263691827,C1314F78
576.0,2135.0,1317.0,410.0,396.0,1179.0,1132.0,375.0,294.0,1831.0,1725.0,484.0,752.0,1476.0,313.0,1799.0,1763.0,1048.0,1388.0,491.0,1930.0,278.0,473.0,907.0,1474.0,481.0,717.0,391.0,1930.0,1416.0,294.0,1793.0,877.0,350.0,524.0,721.0,1739.0,655.0,310.0,1374.0,1877.0,561.0,1756.0,1243.0,1668.0,559.0,285.0,326.0,1660.0,1037.0,1859.0,487.0,375.0,909.0,1850.0,711.0,499.0,975.0,403.0,1507.0,611.0,0000000000000000112d,81.0569932115924,C1314F82
688.0,2344.0,1463.0,491.0,475.0,1297.0,1217.0,446.0,375.0,2016.0,1844.0,598.0,852.0,1656.0,388.0,1994.0,1971.0,1240.0,1499.0,599.0,2092.0,354.0,555.0,1035.0,1662.0,598.0,793.0,467.0,2113.0,1500.0,381.0,1967.0,1025.0,435.0,636.0,809.0,1884.0,731.0,385.0,1564.0,2076.0,667.0,1900.0,1336.0,1752.0,655.0,354.0,407.0,1775.0,1185.0,2045.0,593.0,452.0,1011.0,2071.0,844.0,615.0,1149.0,472.0,1650.0,691.0,0000000000000000112e,242.854323230974,C1314F87
579.0,2079.0,1324.0,436.0,400.0,1132.0,1121.0,375.0,286.0,1833.0,1721.0,482.0,741.0,1431.0,318.0,1751.0,1686.0,999.0,1344.0,491.0,1922.0,287.0,478.0,915.0,1408.0,480.0,734.0,406.0,1888.0,1382.0,311.0,1769.0,852.0,349.0,537.0,732.0,1696.0,657.0,293.0,1330.0,1845.0,576.0,1725.0,1225.0,1693.0,551.0,289.0,326.0,1635.0,1039.0,1810.0,490.0,379.0,893.0,1761.0,712.0,508.0,953.0,427.0,1471.0,612.0,0000000000000000112f,48.0917838246939,C1314P01
591.0,2176.0,1327.0,420.0,405.0,1196.0,1135.0,373.0,308.0,1871.0,1733.0,506.0,776.0,1508.0,321.0,1837.0,1814.0,1107.0,1403.0,503.0,1940.0,288.0,478.0,919.0,1512.0,502.0,720.0,396.0,1950.0,1422.0,307.0,1822.0,900.0,365.0,548.0,728.0,1767.0,649.0,317.0,1418.0,1918.0,581.0,1765.0,1253.0,1643.0,578.0,288.0,339.0,1675.0,1058.0,1899.0,509.0,384.0,929.0,1909.0,742.0,528.0,1019.0,404.0,1544.0,620.0,00000000000000001130,112.855523630782,C1314P02
559.0,1905.0,1327.0,485.0,372.0,1066.0,1079.0,374.0,279.0,1762.0,1707.0,433.0,681.0,1370.0,298.0,1580.0,1485.0,848.0,1261.0,464.0,1909.0,298.0,497.0,826.0,1264.0,432.0,761.0,444.0,1806.0,1282.0,275.0,1661.0,745.0,339.0,529.0,722.0,1611.0,679.0,278.0,1171.0,1743.0,589.0,1665.0,1199.0,1687.0,533.0,313.0,321.0,1527.0,1008.0,1619.0,474.0,388.0,849.0,1545.0,683.0,494.0,896.0,444.0,1297.0,626.0,00000000000000001131,64.811770243413,C1314P03
572.0,2013.0,1331.0,456.0,393.0,1109.0,1103.0,374.0,283.0,1806.0,1713.0,461.0,720.0,1404.0,313.0,1678.0,1615.0,941.0,1314.0,483.0,1898.0,288.0,488.0,879.0,1349.0,461.0,769.0,420.0,1847.0,1342.0,299.0,1718.0,817.0,349.0,543.0,734.0,1662.0,663.0,294.0,1268.0,1799.0,587.0,1690.0,1219.0,1689.0,556.0,303.0,329.0,1576.0,1035.0,1733.0,485.0,378.0,881.0,1669.0,703.0,504.0,930.0,432.0,1388.0,613.0,00000000000000001132,66.6755284070166,C1314P04
623.0,2221.0,1476.0,472.0,435.0,1245.0,1237.0,437.0,319.0,2028.0,1868.0,514.0,802.0,1598.0,339.0,1892.0,1791.0,1048.0,1457.0,531.0,2105.0,319.0,541.0,969.0,1537.0,513.0,795.0,436.0,2078.0,1519.0,319.0,1942.0,921.0,382.0,559.0,816.0,1857.0,746.0,339.0,1424.0,1991.0,594.0,1907.0,1361.0,1832.0,591.0,337.0,355.0,1760.0,1117.0,1936.0,524.0,417.0,970.0,1918.0,742.0,524.0,1019.0,457.0,1578.0,710.0,00000000000000001133,90.0747118970795,C1314P05
622.0,2213.0,1475.0,477.0,434.0,1243.0,1235.0,441.0,323.0,2028.0,1868.0,513.0,802.0,1597.0,343.0,1886.0,1782.0,1043.0,1456.0,531.0,2102.0,323.0,545.0,966.0,1532.0,513.0,800.0,444.0,2075.0,1518.0,320.0,1940.0,918.0,386.0,558.0,819.0,1855.0,751.0,343.0,1419.0,1986.0,593.0,1905.0,1361.0,1835.0,590.0,341.0,359.0,1756.0,1117.0,1929.0,524.0,424.0,971.0,1911.0,742.0,524.0,1019.0,463.0,1572.0,715.0,00000000000000001134,60.9118236175247,C1314P06
631.0,2235.0,1493.0,479.0,440.0,1259.0,1250.0,449.0,324.0,2053.0,1887.0,520.0,810.0,1617.0,347.0,1905.0,1800.0,1052.0,1473.0,538.0,2125.0,324.0,554.0,976.0,1548.0,520.0,812.0,446.0,2097.0,1536.0,326.0,1963.0,927.0,391.0,567.0,829.0,1873.0,761.0,348.0,1434.0,2006.0,603.0,1927.0,1379.0,1854.0,598.0,342.0,360.0,1771.0,1129.0,1949.0,532.0,431.0,982.0,1931.0,752.0,532.0,1030.0,470.0,1586.0,726.0,00000000000000001135,49.6837166887636,C1314P07
582.0,2063.0,1393.0,475.0,403.0,1149.0,1152.0,406.0,300.0,1895.0,1781.0,468.0,735.0,1484.0,318.0,1729.0,1630.0,946.0,1351.0,490.0,1987.0,309.0,522.0,885.0,1392.0,468.0,781.0,437.0,1932.0,1396.0,294.0,1798.0,830.0,365.0,544.0,765.0,1732.0,705.0,318.0,1287.0,1855.0,593.0,1777.0,1273.0,1753.0,564.0,329.0,338.0,1627.0,1060.0,1768.0,502.0,405.0,909.0,1733.0,711.0,508.0,946.0,451.0,1430.0,669.0,00000000000000001136,42.5265087663442,C1314P08
555.0,2023.0,1244.0,393.0,368.0,1102.0,1044.0,318.0,263.0,1733.0,1636.0,469.0,711.0,1375.0,309.0,1681.0,1671.0,1026.0,1302.0,462.0,1779.0,262.0,419.0,863.0,1373.0,455.0,674.0,368.0,1777.0,1333.0,301.0,1692.0,811.0,325.0,500.0,641.0,1617.0,593.0,271.0,1327.0,1808.0,549.0,1635.0,1161.0,1546.0,536.0,242.0,315.0,1568.0,979.0,1785.0,456.0,342.0,830.0,1741.0,688.0,486.0,930.0,382.0,1476.0,556.0,00000000000000001137,79.9143817788,C1314X01
560.0,2043.0,1254.0,396.0,377.0,1118.0,1056.0,333.0,270.0,1753.0,1646.0,470.0,717.0,1392.0,309.0,1700.0,1688.0,1033.0,1314.0,469.0,1813.0,265.0,431.0,874.0,1391.0,462.0,684.0,369.0,1803.0,1346.0,298.0,1711.0,827.0,332.0,508.0,658.0,1634.0,601.0,280.0,1336.0,1814.0,552.0,1659.0,1173.0,1561.0,540.0,253.0,317.0,1582.0,988.0,1795.0,465.0,349.0,846.0,1759.0,694.0,490.0,940.0,384.0,1473.0,567.0,00000000000000001138,81.7209191796531,C1314X05
578.0,2128.0,1324.0,418.0,400.0,1178.0,1141.0,378.0,295.0,1849.0,1734.0,486.0,752.0,1474.0,317.0,1803.0,1751.0,1046.0,1388.0,492.0,1931.0,284.0,478.0,912.0,1467.0,485.0,731.0,392.0,1931.0,1416.0,297.0,1793.0,877.0,354.0,524.0,727.0,1739.0,658.0,314.0,1373.0,1878.0,568.0,1765.0,1245.0,1678.0,561.0,293.0,328.0,1669.0,1041.0,1857.0,487.0,378.0,910.0,1848.0,710.0,504.0,980.0,412.0,1508.0,617.0,0000000000000000113a,63.5591085483162,C1315C03
589.0,2117.0,1344.0,443.0,408.0,1156.0,1140.0,385.0,297.0,1863.0,1743.0,491.0,755.0,1465.0,322.0,1786.0,1724.0,1020.0,1371.0,499.0,1949.0,295.0,489.0,926.0,1443.0,488.0,747.0,413.0,1925.0,1409.0,314.0,1801.0,869.0,356.0,544.0,743.0,1725.0,669.0,304.0,1359.0,1877.0,585.0,1762.0,1247.0,1709.0,563.0,299.0,336.0,1662.0,1051.0,1843.0,501.0,386.0,909.0,1808.0,723.0,517.0,970.0,431.0,1496.0,625.0,0000000000000000113c,36.9660521034651,C1315C05
588.0,2116.0,1341.0,442.0,408.0,1156.0,1139.0,383.0,296.0,1861.0,1741.0,490.0,754.0,1463.0,323.0,1786.0,1726.0,1023.0,1371.0,498.0,1945.0,293.0,488.0,923.0,1443.0,488.0,748.0,412.0,1921.0,1407.0,312.0,1798.0,868.0,356.0,542.0,740.0,1724.0,667.0,304.0,1359.0,1875.0,584.0,1760.0,1244.0,1705.0,564.0,298.0,336.0,1662.0,1050.0,1844.0,498.0,385.0,909.0,1809.0,722.0,516.0,971.0,430.0,1496.0,622.0,0000000000000000113d,44.0127286151431,C1315C06
605.0,2201.0,1401.0,449.0,421.0,1230.0,1200.0,412.0,307.0,1951.0,1805.0,502.0,787.0,1557.0,327.0,1856.0,1798.0,1061.0,1440.0,513.0,2029.0,300.0,511.0,950.0,1524.0,502.0,764.0,412.0,2017.0,1482.0,308.0,1875.0,917.0,372.0,551.0,782.0,1818.0,702.0,327.0,1415.0,1942.0,581.0,1845.0,1312.0,1754.0,574.0,318.0,344.0,1719.0,1088.0,1905.0,515.0,408.0,953.0,1914.0,731.0,516.0,1010.0,437.0,1550.0,672.0,0000000000000000113e,33.9651438171714,C1315C10
594.0,1983.0,1441.0,534.0,417.0,1166.0,1173.0,435.0,317.0,1928.0,1834.0,461.0,731.0,1502.0,339.0,1655.0,1542.0,900.0,1363.0,490.0,2037.0,337.0,568.0,869.0,1354.0,451.0,831.0,485.0,1919.0,1403.0,296.0,1808.0,802.0,387.0,553.0,796.0,1733.0,759.0,336.0,1238.0,1852.0,616.0,1808.0,1323.0,1770.0,583.0,366.0,366.0,1640.0,1076.0,1713.0,514.0,454.0,925.0,1679.0,728.0,521.0,957.0,502.0,1408.0,735.0,0000000000000000113f,216.056889354887,C1315F01
603.0,2138.0,1407.0,464.0,418.0,1190.0,1184.0,409.0,302.0,1938.0,1803.0,497.0,769.0,1511.0,328.0,1805.0,1726.0,1006.0,1404.0,510.0,2019.0,308.0,521.0,938.0,1464.0,494.0,786.0,426.0,1980.0,1445.0,316.0,1846.0,882.0,374.0,560.0,783.0,1775.0,705.0,322.0,1364.0,1913.0,597.0,1813.0,1297.0,1771.0,582.0,321.0,346.0,1682.0,1088.0,1855.0,512.0,406.0,934.0,1820.0,732.0,523.0,981.0,452.0,1495.0,668.0,00000000000000001140,293.875706025313,C1315F02
573.0,2086.0,1298.0,415.0,392.0,1142.0,1107.0,362.0,284.0,1815.0,1701.0,482.0,739.0,1439.0,317.0,1755.0,1719.0,1036.0,1350.0,482.0,1886.0,277.0,461.0,902.0,1428.0,473.0,725.0,390.0,1876.0,1384.0,299.0,1761.0,853.0,348.0,525.0,703.0,1689.0,638.0,300.0,1346.0,1847.0,569.0,1725.0,1211.0,1641.0,555.0,281.0,328.0,1630.0,1025.0,1828.0,483.0,367.0,886.0,1801.0,707.0,502.0,965.0,405.0,1483.0,597.0,00000000000000001141,52.7940732736264,C1315F03
596.0,2148.0,1311.0,409.0,399.0,1174.0,1092.0,356.0,307.0,1835.0,1711.0,522.0,748.0,1482.0,337.0,1821.0,1778.0,1118.0,1353.0,507.0,1889.0,286.0,461.0,895.0,1496.0,517.0,696.0,383.0,1928.0,1353.0,330.0,1791.0,890.0,365.0,536.0,681.0,1726.0,628.0,317.0,1413.0,1914.0,575.0,1728.0,1215.0,1595.0,572.0,281.0,342.0,1639.0,1045.0,1873.0,497.0,370.0,879.0,1908.0,752.0,526.0,1017.0,399.0,1547.0,590.0,00000000000000001142,19.6523371821077,C1315F04
607.0,2151.0,1439.0,480.0,425.0,1199.0,1194.0,418.0,305.0,1961.0,1831.0,494.0,773.0,1530.0,331.0,1807.0,1723.0,1004.0,1412.0,514.0,2043.0,313.0,537.0,939.0,1460.0,492.0,816.0,441.0,1998.0,1455.0,316.0,1869.0,882.0,376.0,573.0,793.0,1790.0,722.0,326.0,1358.0,1927.0,619.0,1839.0,1318.0,1801.0,593.0,331.0,350.0,1684.0,1109.0,1857.0,524.0,413.0,946.0,1817.0,742.0,534.0,993.0,462.0,1490.0,680.0,00000000000000001143,48.9171813440673,C1315F05
569.0,1985.0,1366.0,487.0,392.0,1117.0,1125.0,401.0,293.0,1844.0,1757.0,448.0,711.0,1447.0,312.0,1658.0,1551.0,888.0,1317.0,476.0,1970.0,308.0,517.0,854.0,1337.0,448.0,775.0,449.0,1882.0,1351.0,282.0,1741.0,790.0,359.0,538.0,752.0,1685.0,703.0,308.0,1227.0,1805.0,592.0,1737.0,1250.0,1728.0,547.0,328.0,337.0,1596.0,1031.0,1695.0,496.0,411.0,885.0,1650.0,698.0,496.0,922.0,458.0,1370.0,663.0,00000000000000001144,244.082784602765,C1315F06
563.0,2068.0,1266.0,403.0,384.0,1136.0,1079.0,349.0,279.0,1783.0,1670.0,476.0,731.0,1420.0,310.0,1729.0,1714.0,1038.0,1335.0,476.0,1856.0,269.0,445.0,886.0,1416.0,466.0,705.0,375.0,1846.0,1365.0,292.0,1736.0,845.0,340.0,515.0,681.0,1666.0,621.0,292.0,1338.0,1824.0,554.0,1691.0,1189.0,1594.0,547.0,270.0,320.0,1608.0,1004.0,1808.0,475.0,359.0,870.0,1787.0,699.0,494.0,952.0,390.0,1472.0,582.0,00000000000000001146,41.9771628365404,C1315F08
604.0,2038.0,1413.0,482.0,423.0,1142.0,1143.0,390.0,291.0,1862.0,1770.0,495.0,740.0,1431.0,336.0,1707.0,1610.0,949.0,1327.0,513.0,1956.0,317.0,516.0,924.0,1363.0,495.0,802.0,454.0,1872.0,1328.0,334.0,1753.0,825.0,363.0,555.0,752.0,1668.0,699.0,287.0,1311.0,1863.0,613.0,1753.0,1243.0,1778.0,580.0,313.0,348.0,1597.0,1082.0,1772.0,489.0,381.0,883.0,1658.0,725.0,518.0,977.0,455.0,1416.0,641.0,00000000000000001147,68.3512517245438,C1315P01
572.0,2116.0,1307.0,409.0,394.0,1170.0,1126.0,367.0,290.0,1823.0,1716.0,483.0,748.0,1465.0,313.0,1783.0,1748.0,1045.0,1379.0,485.0,1915.0,278.0,464.0,904.0,1458.0,476.0,725.0,388.0,1915.0,1407.0,295.0,1781.0,868.0,351.0,523.0,713.0,1718.0,646.0,305.0,1362.0,1865.0,562.0,1746.0,1237.0,1659.0,556.0,281.0,327.0,1650.0,1035.0,1847.0,486.0,371.0,902.0,1838.0,713.0,503.0,977.0,401.0,1502.0,605.0,00000000000000001148,2.7851161652932,C1315P02
645.0,2117.0,1579.0,579.0,464.0,1300.0,1293.0,483.0,348.0,2080.0,1988.0,506.0,811.0,1624.0,371.0,1762.0,1645.0,990.0,1503.0,538.0,2202.0,370.0,631.0,950.0,1481.0,487.0,907.0,525.0,2057.0,1542.0,320.0,1963.0,861.0,421.0,600.0,881.0,1861.0,849.0,361.0,1329.0,2004.0,670.0,1971.0,1469.0,1904.0,641.0,400.0,401.0,1779.0,1184.0,1853.0,554.0,493.0,1025.0,1790.0,794.0,561.0,1061.0,541.0,1521.0,817.0,00000000000000001149,53.2698436454438,C1315P03
721.0,2254.0,1730.0,635.0,557.0,1477.0,1447.0,557.0,406.0,2229.0,2174.0,591.0,923.0,1720.0,442.0,1903.0,1710.0,1081.0,1634.0,630.0,2400.0,436.0,723.0,1042.0,1604.0,571.0,987.0,577.0,2205.0,1663.0,401.0,2122.0,924.0,491.0,664.0,982.0,1994.0,953.0,413.0,1439.0,2215.0,751.0,2161.0,1624.0,2056.0,735.0,456.0,466.0,1944.0,1276.0,2015.0,605.0,560.0,1119.0,1896.0,886.0,625.0,1159.0,599.0,1657.0,923.0,0000000000000000114a,60.2560434567551,C1315P05
796.0,2419.0,1848.0,651.0,612.0,1527.0,1518.0,631.0,447.0,2376.0,2201.0,666.0,980.0,1895.0,472.0,2070.0,1933.0,1193.0,1715.0,694.0,2485.0,466.0,770.0,1155.0,1771.0,648.0,1030.0,605.0,2353.0,1752.0,434.0,2263.0,1071.0,517.0,696.0,1045.0,2097.0,1008.0,463.0,1619.0,2297.0,759.0,2272.0,1677.0,2126.0,779.0,494.0,494.0,2013.0,1371.0,2165.0,651.0,581.0,1186.0,2111.0,936.0,660.0,1249.0,626.0,1768.0,980.0,0000000000000000114b,33.4671242610809,C1401C01
845.0,2494.0,1917.0,688.0,659.0,1583.0,1574.0,677.0,483.0,2442.0,2265.0,714.0,1025.0,1966.0,511.0,2143.0,2005.0,1244.0,1775.0,743.0,2559.0,501.0,818.0,1207.0,1842.0,696.0,1080.0,641.0,2426.0,1809.0,471.0,2335.0,1123.0,558.0,734.0,1090.0,2157.0,1053.0,503.0,1689.0,2369.0,797.0,2343.0,1733.0,2190.0,827.0,529.0,529.0,2073.0,1422.0,2239.0,689.0,622.0,1230.0,2180.0,986.0,697.0,1301.0,668.0,1827.0,1025.0,0000000000000000114c,53.3352773273998,C1401C02
812.0,2439.0,1871.0,663.0,629.0,1549.0,1544.0,647.0,457.0,2402.0,2225.0,681.0,996.0,1915.0,483.0,2089.0,1949.0,1210.0,1743.0,713.0,2509.0,476.0,788.0,1172.0,1790.0,662.0,1052.0,616.0,2373.0,1776.0,443.0,2289.0,1087.0,529.0,708.0,1062.0,2117.0,1029.0,474.0,1637.0,2320.0,772.0,2298.0,1701.0,2149.0,798.0,504.0,504.0,2036.0,1388.0,2190.0,663.0,592.0,1204.0,2129.0,952.0,672.0,1270.0,638.0,1791.0,996.0,0000000000000000114d,26.5129677105015,C1401C03
785.0,2446.0,1769.0,640.0,581.0,1464.0,1455.0,600.0,455.0,2346.0,2140.0,653.0,971.0,1885.0,463.0,2089.0,2001.0,1228.0,1685.0,681.0,2407.0,464.0,722.0,1152.0,1770.0,652.0,993.0,600.0,2324.0,1741.0,430.0,2234.0,1106.0,510.0,695.0,1018.0,2102.0,952.0,473.0,1637.0,2248.0,741.0,2206.0,1602.0,2073.0,759.0,484.0,494.0,1996.0,1342.0,2179.0,659.0,575.0,1170.0,2161.0,926.0,659.0,1228.0,612.0,1778.0,933.0,0000000000000000114e,10.7212195738738,C1401C04
804.0,2475.0,1793.0,653.0,598.0,1486.0,1477.0,617.0,468.0,2368.0,2161.0,676.0,990.0,1910.0,479.0,2118.0,2027.0,1243.0,1708.0,700.0,2434.0,476.0,738.0,1170.0,1796.0,672.0,1007.0,611.0,2356.0,1765.0,445.0,2261.0,1124.0,525.0,709.0,1037.0,2123.0,974.0,488.0,1663.0,2279.0,757.0,2233.0,1625.0,2095.0,775.0,496.0,506.0,2019.0,1358.0,2204.0,673.0,590.0,1189.0,2186.0,944.0,673.0,1245.0,626.0,1802.0,952.0,0000000000000000114f,31.8259514654454,C1401C06
903.0,2509.0,1989.0,736.0,731.0,1671.0,1650.0,741.0,531.0,2493.0,2361.0,770.0,1109.0,2011.0,574.0,2162.0,2026.0,1298.0,1847.0,808.0,2617.0,559.0,898.0,1257.0,1894.0,751.0,1153.0,689.0,2449.0,1875.0,527.0,2394.0,1162.0,620.0,781.0,1164.0,2222.0,1131.0,564.0,1736.0,2430.0,853.0,2412.0,1815.0,2263.0,911.0,577.0,583.0,2161.0,1484.0,2294.0,730.0,694.0,1297.0,2201.0,1055.0,742.0,1367.0,731.0,1893.0,1099.0,00000000000000001150,27.8109464897314,C1401F02
821.0,2457.0,1861.0,666.0,622.0,1525.0,1522.0,641.0,464.0,2382.0,2211.0,684.0,992.0,1929.0,484.0,2107.0,1986.0,1218.0,1726.0,718.0,2503.0,479.0,776.0,1174.0,1800.0,675.0,1041.0,618.0,2377.0,1768.0,449.0,2282.0,1098.0,534.0,717.0,1056.0,2119.0,1012.0,483.0,1657.0,2318.0,776.0,2279.0,1677.0,2137.0,790.0,507.0,507.0,2030.0,1385.0,2188.0,679.0,599.0,1195.0,2141.0,960.0,676.0,1267.0,645.0,1793.0,987.0,00000000000000001151,258.20672226022,C1401F03
867.0,2445.0,1956.0,733.0,717.0,1690.0,1633.0,708.0,519.0,2402.0,2391.0,762.0,1116.0,1918.0,572.0,2115.0,1870.0,1234.0,1802.0,790.0,2644.0,548.0,881.0,1187.0,1814.0,723.0,1171.0,684.0,2398.0,1821.0,528.0,2300.0,1074.0,620.0,767.0,1153.0,2190.0,1116.0,534.0,1673.0,2465.0,841.0,2365.0,1802.0,2267.0,900.0,577.0,587.0,2162.0,1422.0,2198.0,693.0,686.0,1273.0,2039.0,1031.0,721.0,1310.0,724.0,1866.0,1107.0,00000000000000001152,159.871873538539,C1401F05
913.0,2518.0,2005.0,743.0,742.0,1693.0,1665.0,752.0,536.0,2510.0,2380.0,779.0,1125.0,2023.0,583.0,2169.0,2032.0,1309.0,1861.0,817.0,2640.0,564.0,913.0,1264.0,1909.0,760.0,1164.0,696.0,2461.0,1890.0,535.0,2406.0,1168.0,629.0,790.0,1181.0,2236.0,1144.0,573.0,1747.0,2452.0,863.0,2428.0,1834.0,2275.0,923.0,583.0,592.0,2179.0,1492.0,2310.0,735.0,704.0,1311.0,2209.0,1066.0,747.0,1378.0,742.0,1902.0,1116.0,00000000000000001153,96.0994667429424,C1401F07
867.0,2451.0,1960.0,734.0,717.0,1692.0,1636.0,707.0,518.0,2407.0,2395.0,761.0,1116.0,1922.0,571.0,2120.0,1875.0,1235.0,1805.0,790.0,2650.0,548.0,881.0,1188.0,1818.0,723.0,1172.0,685.0,2404.0,1824.0,527.0,2304.0,1075.0,619.0,767.0,1153.0,2194.0,1116.0,533.0,1676.0,2470.0,841.0,2369.0,1805.0,2270.0,901.0,577.0,586.0,2165.0,1424.0,2202.0,693.0,685.0,1274.0,2043.0,1031.0,721.0,1311.0,723.0,1867.0,1107.0,00000000000000001154,33.5917501417116,C1401F09
822.0,2439.0,1881.0,674.0,639.0,1563.0,1559.0,658.0,466.0,2407.0,2239.0,691.0,1005.0,1919.0,492.0,2090.0,1948.0,1213.0,1758.0,728.0,2516.0,485.0,799.0,1176.0,1794.0,672.0,1063.0,627.0,2373.0,1786.0,447.0,2299.0,1087.0,538.0,709.0,1071.0,2124.0,1043.0,483.0,1643.0,2328.0,775.0,2308.0,1712.0,2162.0,811.0,514.0,514.0,2049.0,1391.0,2195.0,664.0,605.0,1212.0,2129.0,963.0,673.0,1278.0,649.0,1803.0,1005.0,00000000000000001155,87.2537615376804,C1401F10
736.0,2382.0,1715.0,607.0,539.0,1420.0,1418.0,556.0,416.0,2294.0,2098.0,601.0,920.0,1826.0,425.0,2026.0,1929.0,1159.0,1635.0,630.0,2357.0,424.0,679.0,1097.0,1700.0,601.0,959.0,559.0,2266.0,1684.0,391.0,2175.0,1050.0,472.0,669.0,976.0,2051.0,908.0,427.0,1572.0,2191.0,715.0,2154.0,1566.0,2039.0,709.0,445.0,455.0,1935.0,1300.0,2111.0,631.0,539.0,1123.0,2086.0,871.0,624.0,1182.0,576.0,1714.0,881.0,00000000000000001156,56.79002425085,C1401F11
909.0,2504.0,2018.0,764.0,767.0,1750.0,1694.0,763.0,553.0,2465.0,2445.0,805.0,1170.0,1980.0,613.0,2177.0,1932.0,1284.0,1863.0,833.0,2711.0,582.0,931.0,1237.0,1876.0,767.0,1221.0,716.0,2461.0,1877.0,570.0,2363.0,1121.0,660.0,808.0,1203.0,2241.0,1166.0,575.0,1734.0,2531.0,886.0,2428.0,1863.0,2322.0,950.0,611.0,620.0,2213.0,1471.0,2261.0,735.0,726.0,1322.0,2098.0,1070.0,762.0,1359.0,763.0,1918.0,1157.0,00000000000000001157,174.804054317906,C1401F14
924.0,2517.0,2025.0,775.0,780.0,1778.0,1714.0,770.0,567.0,2476.0,2460.0,821.0,1206.0,1980.0,630.0,2200.0,1933.0,1283.0,1881.0,849.0,2731.0,595.0,941.0,1243.0,1885.0,784.0,1277.0,728.0,2472.0,1891.0,595.0,2375.0,1124.0,676.0,824.0,1233.0,2254.0,1191.0,593.0,1754.0,2554.0,906.0,2447.0,1881.0,2338.0,960.0,624.0,633.0,2234.0,1463.0,2282.0,743.0,741.0,1352.0,2102.0,1083.0,778.0,1361.0,778.0,1936.0,1188.0,00000000000000001158,37.5882349994023,C1401F15
842.0,2448.0,1908.0,692.0,668.0,1614.0,1594.0,682.0,486.0,2425.0,2302.0,710.0,1050.0,1931.0,524.0,2099.0,1945.0,1232.0,1792.0,747.0,2554.0,514.0,835.0,1190.0,1813.0,694.0,1095.0,645.0,2388.0,1821.0,478.0,2325.0,1095.0,570.0,731.0,1106.0,2158.0,1073.0,514.0,1656.0,2365.0,803.0,2345.0,1760.0,2201.0,848.0,533.0,538.0,2097.0,1416.0,2226.0,681.0,643.0,1241.0,2132.0,994.0,695.0,1299.0,680.0,1829.0,1045.0,00000000000000001159,115.351306445075,C1401F16
804.0,2430.0,1859.0,660.0,620.0,1540.0,1532.0,639.0,455.0,2391.0,2214.0,674.0,987.0,1905.0,477.0,2081.0,1941.0,1201.0,1730.0,703.0,2498.0,473.0,778.0,1164.0,1781.0,655.0,1039.0,613.0,2364.0,1765.0,438.0,2278.0,1079.0,522.0,701.0,1053.0,2108.0,1017.0,468.0,1628.0,2310.0,764.0,2287.0,1690.0,2138.0,788.0,501.0,501.0,2025.0,1379.0,2180.0,656.0,586.0,1193.0,2123.0,944.0,665.0,1259.0,631.0,1780.0,987.0,0000000000000000115a,139.435236991493,C1401F19
867.0,2433.0,1950.0,733.0,719.0,1685.0,1629.0,712.0,522.0,2390.0,2380.0,764.0,1115.0,1912.0,574.0,2108.0,1865.0,1231.0,1796.0,792.0,2632.0,551.0,880.0,1185.0,1810.0,726.0,1165.0,685.0,2387.0,1813.0,529.0,2289.0,1073.0,620.0,765.0,1150.0,2181.0,1114.0,536.0,1671.0,2454.0,838.0,2353.0,1796.0,2258.0,899.0,579.0,589.0,2154.0,1416.0,2189.0,691.0,685.0,1269.0,2030.0,1028.0,719.0,1306.0,723.0,1860.0,1105.0,0000000000000000115b,157.453416209714,C1401F20
940.0,2546.0,2059.0,788.0,799.0,1800.0,1740.0,789.0,577.0,2514.0,2489.0,835.0,1216.0,2018.0,644.0,2224.0,1971.0,1314.0,1910.0,864.0,2760.0,605.0,964.0,1269.0,1916.0,797.0,1289.0,740.0,2505.0,1920.0,603.0,2411.0,1151.0,691.0,840.0,1248.0,2280.0,1209.0,606.0,1777.0,2580.0,920.0,2479.0,1910.0,2366.0,983.0,634.0,644.0,2254.0,1499.0,2311.0,764.0,757.0,1367.0,2138.0,1102.0,794.0,1390.0,795.0,1957.0,1202.0,0000000000000000115c,155.340782702217,C1401F22
742.0,2388.0,1730.0,609.0,545.0,1431.0,1427.0,564.0,416.0,2303.0,2107.0,607.0,922.0,1837.0,429.0,2031.0,1938.0,1165.0,1646.0,637.0,2369.0,426.0,689.0,1104.0,1710.0,606.0,970.0,560.0,2277.0,1696.0,394.0,2185.0,1053.0,477.0,669.0,981.0,2056.0,918.0,432.0,1580.0,2202.0,720.0,2164.0,1580.0,2045.0,718.0,447.0,455.0,1944.0,1309.0,2117.0,633.0,542.0,1128.0,2091.0,881.0,629.0,1192.0,581.0,1720.0,889.0,0000000000000000115d,263.943532449716,C1401F23
889.0,2463.0,1982.0,744.0,746.0,1713.0,1658.0,744.0,538.0,2424.0,2402.0,787.0,1139.0,1944.0,595.0,2137.0,1898.0,1259.0,1824.0,815.0,2659.0,566.0,906.0,1213.0,1842.0,749.0,1189.0,698.0,2416.0,1842.0,552.0,2323.0,1102.0,641.0,786.0,1175.0,2204.0,1138.0,558.0,1703.0,2482.0,858.0,2387.0,1824.0,2280.0,925.0,594.0,604.0,2176.0,1444.0,2222.0,714.0,706.0,1293.0,2065.0,1048.0,741.0,1333.0,743.0,1885.0,1129.0,0000000000000000115f,32.169774096329,C1401F25
974.0,2599.0,2110.0,799.0,828.0,1778.0,1746.0,828.0,591.0,2573.0,2476.0,848.0,1196.0,2100.0,652.0,2253.0,2096.0,1369.0,1929.0,886.0,2737.0,619.0,991.0,1331.0,1995.0,824.0,1286.0,752.0,2537.0,1957.0,596.0,2483.0,1220.0,699.0,852.0,1252.0,2304.0,1220.0,628.0,1833.0,2556.0,936.0,2516.0,1915.0,2357.0,1005.0,638.0,648.0,2252.0,1561.0,2379.0,796.0,771.0,1381.0,2261.0,1138.0,811.0,1446.0,809.0,1971.0,1196.0,00000000000000001160,21.6416401926886,C1401F26
909.0,2495.0,2011.0,765.0,766.0,1749.0,1693.0,758.0,554.0,2459.0,2442.0,805.0,1175.0,1973.0,615.0,2173.0,1926.0,1280.0,1861.0,833.0,2707.0,583.0,929.0,1234.0,1870.0,767.0,1220.0,717.0,2455.0,1873.0,571.0,2357.0,1116.0,662.0,809.0,1205.0,2236.0,1169.0,577.0,1728.0,2528.0,888.0,2422.0,1861.0,2319.0,948.0,612.0,621.0,2207.0,1466.0,2255.0,736.0,727.0,1324.0,2090.0,1070.0,763.0,1355.0,765.0,1914.0,1160.0,00000000000000001161,153.287859750337,C1401F27
882.0,2461.0,1979.0,742.0,736.0,1706.0,1650.0,733.0,531.0,2426.0,2402.0,777.0,1129.0,1941.0,584.0,2132.0,1897.0,1255.0,1820.0,804.0,2658.0,560.0,898.0,1208.0,1838.0,740.0,1186.0,694.0,2414.0,1839.0,543.0,2324.0,1096.0,631.0,780.0,1166.0,2203.0,1129.0,550.0,1697.0,2478.0,853.0,2386.0,1820.0,2279.0,917.0,589.0,597.0,2175.0,1442.0,2222.0,707.0,697.0,1285.0,2066.0,1044.0,734.0,1330.0,734.0,1878.0,1120.0,00000000000000001162,58.0779068489954,C1401F28
854.0,2454.0,1947.0,725.0,699.0,1675.0,1627.0,699.0,503.0,2409.0,2378.0,741.0,1098.0,1919.0,554.0,2109.0,1901.0,1224.0,1807.0,773.0,2616.0,532.0,863.0,1184.0,1825.0,710.0,1153.0,676.0,2402.0,1819.0,508.0,2311.0,1071.0,602.0,758.0,1135.0,2180.0,1098.0,526.0,1663.0,2449.0,838.0,2360.0,1807.0,2249.0,888.0,561.0,569.0,2149.0,1420.0,2215.0,684.0,669.0,1256.0,2072.0,1018.0,712.0,1307.0,707.0,1839.0,1088.0,00000000000000001163,184.726487637009,C1401F29
871.0,2497.0,1950.0,712.0,696.0,1630.0,1621.0,712.0,507.0,2467.0,2317.0,739.0,1066.0,1982.0,544.0,2148.0,2006.0,1266.0,1818.0,777.0,2581.0,531.0,856.0,1229.0,1859.0,723.0,1119.0,666.0,2431.0,1846.0,499.0,2369.0,1135.0,590.0,752.0,1124.0,2189.0,1096.0,535.0,1707.0,2393.0,824.0,2378.0,1781.0,2232.0,875.0,554.0,554.0,2119.0,1450.0,2265.0,707.0,663.0,1264.0,2190.0,1017.0,716.0,1332.0,700.0,1867.0,1059.0,00000000000000001164,53.0025593576291,C1401F30
886.0,2460.0,1979.0,743.0,742.0,1709.0,1654.0,739.0,536.0,2420.0,2401.0,783.0,1135.0,1942.0,592.0,2134.0,1895.0,1255.0,1820.0,811.0,2657.0,564.0,902.0,1209.0,1840.0,746.0,1185.0,696.0,2414.0,1838.0,549.0,2319.0,1098.0,638.0,784.0,1171.0,2204.0,1134.0,555.0,1700.0,2479.0,856.0,2383.0,1820.0,2279.0,921.0,592.0,602.0,2176.0,1440.0,2218.0,712.0,703.0,1289.0,2061.0,1045.0,739.0,1329.0,740.0,1884.0,1125.0,00000000000000001165,160.186624088422,C1401F31
909.0,2504.0,2018.0,764.0,767.0,1750.0,1694.0,763.0,553.0,2465.0,2445.0,805.0,1170.0,1980.0,613.0,2177.0,1932.0,1284.0,1863.0,833.0,2711.0,582.0,931.0,1237.0,1876.0,767.0,1221.0,716.0,2461.0,1877.0,570.0,2363.0,1121.0,660.0,808.0,1203.0,2241.0,1166.0,575.0,1734.0,2531.0,886.0,2428.0,1863.0,2322.0,950.0,611.0,620.0,2213.0,1471.0,2261.0,735.0,726.0,1322.0,2098.0,1070.0,762.0,1359.0,763.0,1918.0,1157.0,00000000000000001166,24.7864645035964,C1401F32
891.0,2519.0,1972.0,724.0,715.0,1644.0,1634.0,733.0,520.0,2488.0,2332.0,759.0,1086.0,2009.0,559.0,2170.0,2037.0,1288.0,1831.0,797.0,2603.0,539.0,874.0,1250.0,1886.0,741.0,1134.0,678.0,2453.0,1859.0,516.0,2386.0,1157.0,605.0,767.0,1142.0,2208.0,1114.0,550.0,1734.0,2415.0,838.0,2395.0,1793.0,2247.0,892.0,566.0,566.0,2133.0,1466.0,2283.0,722.0,679.0,1280.0,2217.0,1032.0,731.0,1353.0,715.0,1887.0,1077.0,00000000000000001167,41.271081571285,C1401F35
656.0,2297.0,1550.0,498.0,468.0,1312.0,1302.0,470.0,345.0,2123.0,1940.0,549.0,841.0,1680.0,362.0,1965.0,1868.0,1093.0,1527.0,567.0,2184.0,345.0,581.0,1017.0,1610.0,542.0,834.0,462.0,2156.0,1588.0,342.0,2035.0,973.0,406.0,589.0,865.0,1931.0,793.0,368.0,1497.0,2066.0,625.0,1992.0,1428.0,1902.0,625.0,363.0,375.0,1829.0,1177.0,2014.0,554.0,452.0,1019.0,2003.0,783.0,554.0,1072.0,490.0,1638.0,763.0,00000000000000001168,57.6856389312696,C1401F36
911.0,2511.0,2019.0,767.0,765.0,1757.0,1700.0,758.0,553.0,2473.0,2456.0,805.0,1178.0,1980.0,613.0,2184.0,1932.0,1282.0,1870.0,834.0,2724.0,582.0,930.0,1236.0,1876.0,767.0,1221.0,718.0,2469.0,1883.0,569.0,2369.0,1117.0,660.0,809.0,1209.0,2249.0,1171.0,575.0,1734.0,2543.0,890.0,2435.0,1870.0,2332.0,949.0,611.0,621.0,2221.0,1470.0,2267.0,734.0,727.0,1329.0,2100.0,1074.0,763.0,1358.0,765.0,1923.0,1162.0,00000000000000001169,97.756264947055,C1401F38
855.0,2474.0,1929.0,701.0,681.0,1623.0,1609.0,696.0,495.0,2447.0,2313.0,723.0,1060.0,1956.0,531.0,2125.0,1972.0,1248.0,1808.0,760.0,2567.0,523.0,844.0,1209.0,1834.0,709.0,1107.0,654.0,2410.0,1836.0,488.0,2351.0,1114.0,577.0,742.0,1116.0,2176.0,1086.0,522.0,1681.0,2378.0,815.0,2365.0,1772.0,2222.0,861.0,542.0,544.0,2112.0,1435.0,2249.0,695.0,651.0,1254.0,2161.0,1006.0,706.0,1314.0,687.0,1851.0,1052.0,0000000000000000116a,22.3316925640479,C1401F39
856.0,2475.0,1925.0,702.0,681.0,1608.0,1599.0,699.0,498.0,2444.0,2290.0,726.0,1046.0,1963.0,530.0,2129.0,1991.0,1251.0,1795.0,763.0,2559.0,517.0,838.0,1214.0,1840.0,708.0,1098.0,656.0,2410.0,1823.0,488.0,2342.0,1121.0,575.0,739.0,1108.0,2167.0,1080.0,521.0,1689.0,2372.0,811.0,2351.0,1758.0,2205.0,857.0,544.0,544.0,2092.0,1428.0,2239.0,694.0,648.0,1247.0,2173.0,996.0,703.0,1316.0,685.0,1847.0,1043.0,0000000000000000116b,92.3345113838882,C1401F41
821.0,2433.0,1880.0,674.0,645.0,1583.0,1569.0,664.0,469.0,2398.0,2267.0,689.0,1021.0,1909.0,503.0,2084.0,1928.0,1210.0,1768.0,727.0,2523.0,496.0,805.0,1173.0,1785.0,679.0,1068.0,628.0,2367.0,1797.0,460.0,2304.0,1079.0,549.0,714.0,1078.0,2134.0,1049.0,494.0,1634.0,2334.0,787.0,2313.0,1730.0,2181.0,824.0,515.0,515.0,2067.0,1398.0,2200.0,668.0,623.0,1219.0,2116.0,971.0,678.0,1276.0,660.0,1811.0,1016.0,0000000000000000116c,97.1491276210836,C1401F42
871.0,2450.0,1968.0,728.0,717.0,1690.0,1634.0,715.0,514.0,2422.0,2397.0,764.0,1113.0,1931.0,571.0,2119.0,1893.0,1243.0,1812.0,785.0,2647.0,543.0,881.0,1197.0,1827.0,725.0,1172.0,679.0,2403.0,1831.0,527.0,2320.0,1083.0,619.0,768.0,1150.0,2196.0,1113.0,541.0,1683.0,2468.0,843.0,2377.0,1812.0,2272.0,901.0,572.0,574.0,2167.0,1433.0,2217.0,694.0,686.0,1271.0,2059.0,1035.0,722.0,1319.0,724.0,1861.0,1104.0,0000000000000000116d,66.0801915409387,C1401F43
782.0,2309.0,1813.0,677.0,618.0,1554.0,1511.0,618.0,455.0,2278.0,2243.0,664.0,1003.0,1794.0,494.0,1965.0,1778.0,1134.0,1697.0,695.0,2457.0,484.0,779.0,1098.0,1690.0,637.0,1028.0,628.0,2260.0,1711.0,440.0,2176.0,984.0,542.0,696.0,1045.0,2055.0,1009.0,465.0,1530.0,2286.0,772.0,2220.0,1688.0,2112.0,796.0,511.0,521.0,2014.0,1333.0,2080.0,627.0,608.0,1169.0,1952.0,946.0,652.0,1219.0,646.0,1723.0,995.0,0000000000000000116e,116.582869209834,C1401F44
698.0,2323.0,1668.0,580.0,506.0,1381.0,1378.0,525.0,385.0,2238.0,2063.0,561.0,879.0,1778.0,396.0,1970.0,1868.0,1106.0,1601.0,593.0,2313.0,395.0,659.0,1054.0,1638.0,561.0,937.0,531.0,2211.0,1642.0,363.0,2118.0,995.0,444.0,642.0,938.0,2004.0,878.0,396.0,1508.0,2141.0,692.0,2105.0,1531.0,2003.0,678.0,424.0,424.0,1888.0,1264.0,2049.0,607.0,512.0,1087.0,2020.0,846.0,600.0,1136.0,550.0,1657.0,848.0,0000000000000000116f,332.049240783927,C1401F46
815.0,2473.0,1842.0,664.0,614.0,1515.0,1505.0,633.0,466.0,2397.0,2196.0,683.0,984.0,1940.0,482.0,2120.0,2014.0,1232.0,1726.0,710.0,2487.0,475.0,766.0,1173.0,1807.0,673.0,1041.0,611.0,2378.0,1780.0,445.0,2285.0,1110.0,529.0,721.0,1047.0,2125.0,991.0,484.0,1671.0,2315.0,777.0,2273.0,1666.0,2121.0,787.0,502.0,504.0,2027.0,1380.0,2203.0,684.0,594.0,1189.0,2167.0,959.0,679.0,1266.0,639.0,1801.0,972.0,00000000000000001170,169.127893175087,C1401F50
912.0,2513.0,2023.0,768.0,769.0,1762.0,1705.0,761.0,554.0,2476.0,2461.0,807.0,1184.0,1985.0,616.0,2188.0,1937.0,1287.0,1875.0,835.0,2728.0,583.0,935.0,1240.0,1880.0,768.0,1227.0,719.0,2473.0,1887.0,573.0,2373.0,1120.0,664.0,814.0,1213.0,2252.0,1176.0,578.0,1738.0,2547.0,896.0,2439.0,1875.0,2336.0,954.0,612.0,622.0,2224.0,1475.0,2270.0,740.0,731.0,1334.0,2103.0,1075.0,768.0,1362.0,769.0,1926.0,1167.0,00000000000000001171,137.247915632702,C1401F52
712.0,2362.0,1663.0,582.0,522.0,1387.0,1379.0,532.0,397.0,2243.0,2062.0,581.0,895.0,1785.0,403.0,2009.0,1906.0,1142.0,1607.0,609.0,2312.0,406.0,651.0,1068.0,1675.0,581.0,919.0,533.0,2227.0,1660.0,370.0,2139.0,1029.0,449.0,633.0,943.0,2023.0,877.0,411.0,1543.0,2161.0,678.0,2105.0,1525.0,2005.0,687.0,426.0,436.0,1907.0,1260.0,2082.0,597.0,513.0,1095.0,2070.0,844.0,595.0,1145.0,550.0,1694.0,850.0,00000000000000001172,46.4683844998148,C1401F53
895.0,2489.0,1994.0,757.0,749.0,1738.0,1679.0,739.0,543.0,2443.0,2441.0,790.0,1167.0,1950.0,601.0,2167.0,1903.0,1256.0,1849.0,818.0,2707.0,572.0,912.0,1215.0,1852.0,752.0,1208.0,708.0,2445.0,1858.0,557.0,2341.0,1094.0,648.0,796.0,1195.0,2230.0,1156.0,563.0,1716.0,2528.0,879.0,2408.0,1849.0,2316.0,933.0,601.0,611.0,2208.0,1442.0,2245.0,716.0,714.0,1315.0,2069.0,1057.0,750.0,1336.0,752.0,1906.0,1148.0,00000000000000001173,189.093812412242,C1401F54
811.0,2366.0,1867.0,696.0,649.0,1596.0,1558.0,649.0,473.0,2334.0,2296.0,695.0,1039.0,1846.0,516.0,2021.0,1832.0,1171.0,1740.0,727.0,2514.0,502.0,811.0,1135.0,1746.0,666.0,1087.0,647.0,2315.0,1754.0,467.0,2231.0,1019.0,564.0,718.0,1081.0,2104.0,1045.0,487.0,1583.0,2348.0,794.0,2275.0,1735.0,2169.0,830.0,529.0,539.0,2064.0,1371.0,2135.0,648.0,631.0,1205.0,2004.0,975.0,674.0,1257.0,669.0,1772.0,1032.0,00000000000000001174,165.390192178228,C1401F55
922.0,2515.0,2029.0,775.0,779.0,1768.0,1710.0,769.0,564.0,2479.0,2462.0,818.0,1194.0,1990.0,626.0,2194.0,1943.0,1292.0,1879.0,846.0,2729.0,592.0,943.0,1246.0,1887.0,780.0,1246.0,727.0,2476.0,1888.0,585.0,2376.0,1127.0,673.0,822.0,1224.0,2253.0,1186.0,588.0,1746.0,2550.0,903.0,2443.0,1879.0,2339.0,962.0,621.0,631.0,2226.0,1477.0,2275.0,748.0,739.0,1343.0,2106.0,1084.0,776.0,1367.0,776.0,1931.0,1178.0,00000000000000001175,226.478047920854,C1401F56
770.0,2380.0,1798.0,632.0,580.0,1476.0,1476.0,598.0,425.0,2313.0,2159.0,630.0,951.0,1857.0,450.0,2031.0,1912.0,1161.0,1671.0,667.0,2437.0,444.0,729.0,1124.0,1721.0,620.0,1000.0,585.0,2305.0,1715.0,415.0,2209.0,1048.0,496.0,680.0,1007.0,2064.0,970.0,441.0,1585.0,2249.0,736.0,2209.0,1633.0,2092.0,748.0,472.0,472.0,1969.0,1339.0,2123.0,637.0,560.0,1147.0,2067.0,902.0,635.0,1218.0,605.0,1731.0,942.0,00000000000000001176,301.082452984876,C1401F57
863.0,2483.0,1934.0,701.0,683.0,1610.0,1601.0,701.0,498.0,2449.0,2288.0,733.0,1049.0,1971.0,534.0,2137.0,2000.0,1254.0,1797.0,770.0,2564.0,517.0,840.0,1217.0,1849.0,714.0,1100.0,655.0,2418.0,1825.0,493.0,2347.0,1124.0,580.0,747.0,1112.0,2170.0,1084.0,525.0,1697.0,2377.0,816.0,2356.0,1758.0,2207.0,855.0,545.0,545.0,2095.0,1431.0,2244.0,702.0,649.0,1250.0,2179.0,1003.0,711.0,1319.0,689.0,1850.0,1047.0,00000000000000001177,152.330705042149,C1401F58
863.0,2489.0,1939.0,703.0,689.0,1621.0,1612.0,706.0,499.0,2459.0,2309.0,732.0,1059.0,1972.0,535.0,2141.0,1996.0,1259.0,1810.0,769.0,2574.0,522.0,848.0,1221.0,1849.0,716.0,1111.0,657.0,2423.0,1838.0,494.0,2360.0,1128.0,580.0,747.0,1119.0,2182.0,1091.0,525.0,1697.0,2386.0,820.0,2369.0,1772.0,2224.0,867.0,546.0,546.0,2110.0,1441.0,2257.0,702.0,654.0,1258.0,2182.0,1008.0,711.0,1325.0,690.0,1860.0,1053.0,00000000000000001178,84.2237264459452,C1401F60
902.0,2496.0,2006.0,761.0,758.0,1744.0,1687.0,750.0,547.0,2456.0,2443.0,797.0,1169.0,1966.0,607.0,2171.0,1919.0,1273.0,1857.0,826.0,2709.0,576.0,922.0,1227.0,1864.0,759.0,1212.0,712.0,2454.0,1869.0,563.0,2353.0,1108.0,654.0,803.0,1199.0,2236.0,1162.0,569.0,1723.0,2529.0,883.0,2419.0,1857.0,2319.0,941.0,606.0,615.0,2209.0,1460.0,2252.0,728.0,721.0,1319.0,2086.0,1065.0,757.0,1349.0,758.0,1912.0,1153.0,00000000000000001179,257.334585578971,C1401F61
909.0,2519.0,2007.0,745.0,741.0,1700.0,1672.0,750.0,536.0,2509.0,2385.0,779.0,1124.0,2018.0,579.0,2170.0,2027.0,1306.0,1865.0,813.0,2642.0,565.0,913.0,1260.0,1907.0,755.0,1171.0,697.0,2460.0,1894.0,534.0,2406.0,1160.0,626.0,792.0,1180.0,2237.0,1142.0,566.0,1745.0,2458.0,866.0,2430.0,1841.0,2280.0,923.0,584.0,593.0,2180.0,1489.0,2309.0,737.0,701.0,1310.0,2205.0,1063.0,752.0,1375.0,739.0,1902.0,1119.0,0000000000000000117a,74.77702769937,C1401F62
864.0,2471.0,1941.0,711.0,692.0,1641.0,1618.0,702.0,505.0,2454.0,2330.0,731.0,1076.0,1962.0,542.0,2122.0,1975.0,1254.0,1816.0,769.0,2583.0,533.0,860.0,1213.0,1845.0,713.0,1120.0,664.0,2412.0,1845.0,497.0,2352.0,1118.0,589.0,751.0,1132.0,2186.0,1097.0,533.0,1686.0,2394.0,824.0,2375.0,1785.0,2227.0,872.0,552.0,558.0,2126.0,1441.0,2251.0,699.0,663.0,1266.0,2157.0,1016.0,715.0,1325.0,700.0,1855.0,1069.0,0000000000000000117b,84.3224439020907,C1401F63
863.0,2492.0,1938.0,702.0,687.0,1621.0,1611.0,705.0,498.0,2461.0,2306.0,731.0,1056.0,1974.0,534.0,2143.0,2000.0,1258.0,1810.0,769.0,2577.0,518.0,846.0,1221.0,1850.0,714.0,1109.0,655.0,2426.0,1838.0,493.0,2359.0,1127.0,580.0,747.0,1117.0,2181.0,1089.0,525.0,1698.0,2388.0,820.0,2369.0,1772.0,2221.0,865.0,544.0,544.0,2107.0,1439.0,2256.0,702.0,653.0,1257.0,2186.0,1005.0,711.0,1324.0,690.0,1859.0,1052.0,0000000000000000117c,101.304289329377,C1401F64
806.0,2438.0,1861.0,660.0,620.0,1536.0,1530.0,639.0,455.0,2387.0,2214.0,673.0,988.0,1912.0,476.0,2089.0,1954.0,1204.0,1726.0,703.0,2502.0,473.0,778.0,1166.0,1787.0,657.0,1040.0,613.0,2370.0,1765.0,441.0,2278.0,1083.0,524.0,704.0,1052.0,2111.0,1015.0,469.0,1635.0,2313.0,767.0,2285.0,1687.0,2140.0,788.0,501.0,501.0,2026.0,1383.0,2181.0,660.0,587.0,1193.0,2128.0,945.0,667.0,1260.0,633.0,1781.0,987.0,0000000000000000117d,159.781679843279,C1401F68
741.0,2395.0,1732.0,609.0,545.0,1434.0,1431.0,564.0,416.0,2310.0,2112.0,605.0,925.0,1840.0,429.0,2035.0,1941.0,1164.0,1649.0,635.0,2376.0,425.0,689.0,1104.0,1713.0,605.0,972.0,560.0,2282.0,1697.0,394.0,2190.0,1054.0,476.0,671.0,983.0,2061.0,919.0,430.0,1583.0,2206.0,720.0,2170.0,1583.0,2051.0,718.0,446.0,454.0,1947.0,1309.0,2122.0,634.0,542.0,1131.0,2096.0,879.0,628.0,1192.0,580.0,1722.0,889.0,0000000000000000117e,234.153456170373,C1401F69
811.0,2451.0,1856.0,661.0,618.0,1523.0,1521.0,637.0,456.0,2378.0,2211.0,671.0,989.0,1921.0,476.0,2099.0,1977.0,1210.0,1722.0,707.0,2502.0,473.0,772.0,1168.0,1790.0,662.0,1041.0,613.0,2372.0,1765.0,443.0,2277.0,1091.0,526.0,711.0,1051.0,2116.0,1010.0,473.0,1647.0,2314.0,770.0,2275.0,1677.0,2138.0,787.0,501.0,501.0,2025.0,1383.0,2183.0,671.0,591.0,1191.0,2133.0,948.0,669.0,1262.0,637.0,1786.0,984.0,0000000000000000117f,157.409481759221,C1401F70
838.0,2503.0,1860.0,673.0,633.0,1528.0,1518.0,652.0,483.0,2414.0,2206.0,708.0,1004.0,1968.0,504.0,2152.0,2055.0,1259.0,1745.0,730.0,2501.0,492.0,783.0,1196.0,1840.0,699.0,1055.0,625.0,2408.0,1799.0,467.0,2307.0,1140.0,550.0,735.0,1062.0,2146.0,1007.0,510.0,1706.0,2336.0,789.0,2287.0,1677.0,2133.0,809.0,514.0,520.0,2045.0,1395.0,2232.0,698.0,615.0,1208.0,2206.0,976.0,702.0,1283.0,655.0,1829.0,988.0,00000000000000001180,214.275130241725,C1401F76
808.0,2442.0,1854.0,663.0,614.0,1521.0,1521.0,633.0,455.0,2368.0,2208.0,667.0,985.0,1913.0,474.0,2091.0,1966.0,1203.0,1717.0,705.0,2498.0,474.0,768.0,1164.0,1783.0,658.0,1035.0,615.0,2365.0,1759.0,441.0,2269.0,1085.0,524.0,707.0,1047.0,2110.0,1008.0,470.0,1639.0,2308.0,767.0,2269.0,1674.0,2137.0,782.0,502.0,502.0,2020.0,1381.0,2174.0,666.0,589.0,1186.0,2123.0,944.0,666.0,1259.0,635.0,1779.0,981.0,00000000000000001181,156.476194416233,C1401F84
807.0,2486.0,1817.0,658.0,607.0,1499.0,1490.0,626.0,467.0,2391.0,2174.0,680.0,987.0,1931.0,481.0,2129.0,2038.0,1243.0,1722.0,702.0,2458.0,476.0,753.0,1176.0,1811.0,674.0,1030.0,611.0,2375.0,1778.0,446.0,2280.0,1129.0,528.0,714.0,1040.0,2130.0,982.0,491.0,1676.0,2299.0,768.0,2256.0,1644.0,2108.0,787.0,495.0,505.0,2025.0,1372.0,2215.0,677.0,593.0,1191.0,2196.0,951.0,681.0,1258.0,631.0,1805.0,959.0,00000000000000001182,138.648108436347,C1401F95
784.0,2307.0,1813.0,678.0,622.0,1549.0,1509.0,622.0,457.0,2269.0,2243.0,670.0,1005.0,1791.0,496.0,1965.0,1777.0,1133.0,1690.0,701.0,2453.0,486.0,782.0,1097.0,1694.0,641.0,1046.0,630.0,2256.0,1702.0,445.0,2168.0,983.0,543.0,694.0,1045.0,2053.0,1009.0,468.0,1532.0,2289.0,769.0,2212.0,1684.0,2115.0,800.0,513.0,523.0,2014.0,1330.0,2074.0,625.0,609.0,1167.0,1944.0,946.0,651.0,1217.0,647.0,1724.0,997.0,00000000000000001183,54.0438880165477,C1401P01
806.0,2483.0,1804.0,655.0,601.0,1494.0,1484.0,619.0,467.0,2381.0,2170.0,677.0,991.0,1918.0,480.0,2123.0,2032.0,1245.0,1716.0,701.0,2447.0,477.0,742.0,1174.0,1802.0,673.0,1015.0,612.0,2365.0,1772.0,445.0,2271.0,1127.0,527.0,712.0,1040.0,2130.0,978.0,490.0,1668.0,2290.0,762.0,2244.0,1634.0,2103.0,779.0,496.0,506.0,2025.0,1365.0,2210.0,675.0,592.0,1191.0,2191.0,948.0,676.0,1251.0,629.0,1804.0,955.0,00000000000000001184,48.6539695444692,C1401P02
853.0,2475.0,1921.0,696.0,676.0,1606.0,1597.0,694.0,493.0,2442.0,2285.0,723.0,1039.0,1959.0,524.0,2127.0,1987.0,1247.0,1794.0,760.0,2559.0,511.0,834.0,1209.0,1835.0,704.0,1095.0,650.0,2409.0,1822.0,484.0,2339.0,1116.0,570.0,738.0,1103.0,2163.0,1075.0,515.0,1684.0,2371.0,810.0,2348.0,1756.0,2201.0,852.0,539.0,539.0,2088.0,1424.0,2236.0,692.0,642.0,1243.0,2170.0,993.0,702.0,1312.0,679.0,1843.0,1038.0,00000000000000001185,43.1649325017933,C1401P04
725.0,2382.0,1673.0,576.0,524.0,1399.0,1389.0,537.0,399.0,2255.0,2073.0,595.0,909.0,1803.0,413.0,2032.0,1934.0,1162.0,1619.0,622.0,2321.0,404.0,652.0,1083.0,1699.0,594.0,915.0,532.0,2248.0,1682.0,379.0,2157.0,1045.0,459.0,641.0,953.0,2038.0,886.0,422.0,1566.0,2176.0,686.0,2121.0,1537.0,2013.0,692.0,424.0,437.0,1930.0,1270.0,2109.0,608.0,520.0,1109.0,2099.0,856.0,605.0,1158.0,556.0,1718.0,859.0,00000000000000001186,75.5451104995716,C1401P07
776.0,2388.0,1816.0,638.0,591.0,1497.0,1490.0,609.0,433.0,2338.0,2173.0,642.0,960.0,1866.0,451.0,2039.0,1910.0,1170.0,1687.0,673.0,2452.0,452.0,746.0,1132.0,1739.0,626.0,1009.0,591.0,2320.0,1727.0,417.0,2228.0,1050.0,497.0,681.0,1023.0,2072.0,986.0,443.0,1591.0,2263.0,743.0,2235.0,1649.0,2100.0,758.0,480.0,480.0,1984.0,1349.0,2130.0,636.0,561.0,1164.0,2079.0,914.0,643.0,1227.0,606.0,1741.0,957.0,00000000000000001187,50.5081782285464,C1401P11
741.0,2396.0,1712.0,603.0,544.0,1421.0,1414.0,556.0,417.0,2294.0,2099.0,608.0,924.0,1834.0,428.0,2044.0,1948.0,1175.0,1642.0,636.0,2353.0,421.0,677.0,1102.0,1711.0,608.0,951.0,555.0,2272.0,1696.0,392.0,2182.0,1062.0,475.0,663.0,974.0,2059.0,907.0,435.0,1583.0,2199.0,709.0,2154.0,1562.0,2041.0,713.0,446.0,456.0,1942.0,1303.0,2124.0,625.0,541.0,1127.0,2110.0,875.0,624.0,1181.0,579.0,1727.0,884.0,00000000000000001188,55.5148685054252,C1401P12
826.0,2457.0,1888.0,674.0,642.0,1561.0,1554.0,661.0,469.0,2413.0,2238.0,695.0,1007.0,1933.0,496.0,2108.0,1968.0,1223.0,1752.0,726.0,2526.0,488.0,801.0,1185.0,1809.0,677.0,1062.0,627.0,2391.0,1785.0,456.0,2303.0,1101.0,541.0,718.0,1072.0,2130.0,1038.0,487.0,1657.0,2337.0,782.0,2312.0,1710.0,2163.0,810.0,516.0,516.0,2049.0,1400.0,2206.0,673.0,605.0,1212.0,2145.0,965.0,682.0,1281.0,650.0,1804.0,1007.0,00000000000000001189,36.8280044741892,C1401P13
815.0,2443.0,1872.0,664.0,631.0,1549.0,1541.0,649.0,460.0,2400.0,2223.0,685.0,995.0,1918.0,486.0,2095.0,1954.0,1210.0,1738.0,714.0,2511.0,479.0,789.0,1173.0,1794.0,666.0,1050.0,618.0,2377.0,1773.0,446.0,2288.0,1089.0,531.0,708.0,1061.0,2117.0,1025.0,477.0,1642.0,2323.0,771.0,2297.0,1698.0,2148.0,798.0,507.0,507.0,2035.0,1387.0,2192.0,663.0,594.0,1201.0,2133.0,954.0,672.0,1268.0,640.0,1791.0,995.0,0000000000000000118a,63.8236621872658,C1401P14
815.0,2447.0,1872.0,663.0,630.0,1547.0,1539.0,649.0,460.0,2399.0,2223.0,684.0,996.0,1920.0,484.0,2099.0,1960.0,1212.0,1735.0,713.0,2512.0,478.0,788.0,1174.0,1797.0,667.0,1049.0,617.0,2380.0,1772.0,448.0,2289.0,1090.0,530.0,709.0,1061.0,2119.0,1024.0,476.0,1645.0,2324.0,771.0,2297.0,1696.0,2148.0,798.0,506.0,506.0,2035.0,1389.0,2193.0,665.0,593.0,1201.0,2138.0,954.0,673.0,1268.0,638.0,1791.0,996.0,0000000000000000118b,68.7762438330596,C1401P15
836.0,2462.0,1898.0,681.0,652.0,1567.0,1559.0,670.0,478.0,2416.0,2247.0,706.0,1017.0,1943.0,504.0,2115.0,1978.0,1232.0,1758.0,737.0,2530.0,497.0,809.0,1195.0,1820.0,688.0,1068.0,635.0,2396.0,1788.0,466.0,2310.0,1110.0,549.0,727.0,1082.0,2137.0,1047.0,495.0,1668.0,2343.0,790.0,2319.0,1714.0,2172.0,818.0,525.0,525.0,2056.0,1408.0,2214.0,682.0,613.0,1220.0,2151.0,974.0,691.0,1290.0,658.0,1812.0,1017.0,0000000000000000118c,59.2582429683231,C1401P16
856.0,2420.0,1936.0,725.0,704.0,1667.0,1611.0,697.0,512.0,2377.0,2366.0,752.0,1099.0,1898.0,563.0,2093.0,1854.0,1219.0,1780.0,778.0,2616.0,541.0,866.0,1173.0,1796.0,714.0,1152.0,676.0,2373.0,1798.0,518.0,2276.0,1061.0,609.0,755.0,1136.0,2167.0,1099.0,527.0,1655.0,2438.0,828.0,2338.0,1780.0,2243.0,886.0,570.0,578.0,2139.0,1405.0,2175.0,682.0,675.0,1255.0,2018.0,1018.0,709.0,1294.0,713.0,1843.0,1090.0,0000000000000000118d,84.9112823858892,C1401P17
821.0,2456.0,1883.0,672.0,636.0,1558.0,1550.0,655.0,467.0,2414.0,2233.0,691.0,1001.0,1929.0,492.0,2106.0,1966.0,1219.0,1748.0,720.0,2523.0,485.0,795.0,1181.0,1805.0,672.0,1057.0,626.0,2389.0,1784.0,451.0,2301.0,1097.0,538.0,714.0,1067.0,2128.0,1031.0,483.0,1652.0,2334.0,778.0,2311.0,1709.0,2157.0,805.0,513.0,513.0,2044.0,1397.0,2206.0,669.0,602.0,1208.0,2148.0,962.0,678.0,1276.0,648.0,1799.0,1001.0,0000000000000000118e,65.4119909650578,C1401P18
843.0,2500.0,1916.0,685.0,656.0,1582.0,1574.0,675.0,479.0,2445.0,2266.0,709.0,1023.0,1967.0,508.0,2147.0,2007.0,1244.0,1774.0,739.0,2563.0,498.0,816.0,1206.0,1842.0,692.0,1079.0,638.0,2430.0,1810.0,468.0,2338.0,1121.0,556.0,732.0,1088.0,2160.0,1051.0,501.0,1688.0,2373.0,796.0,2345.0,1732.0,2190.0,826.0,526.0,526.0,2075.0,1423.0,2240.0,689.0,621.0,1229.0,2184.0,983.0,696.0,1300.0,667.0,1828.0,1023.0,0000000000000000118f,41.7900351261181,C1401P21
757.0,2380.0,1762.0,627.0,559.0,1451.0,1449.0,578.0,424.0,2309.0,2128.0,622.0,928.0,1852.0,436.0,2030.0,1923.0,1162.0,1653.0,652.0,2395.0,436.0,710.0,1109.0,1714.0,612.0,985.0,572.0,2283.0,1705.0,401.0,2191.0,1046.0,482.0,670.0,993.0,2054.0,940.0,434.0,1584.0,2221.0,725.0,2184.0,1601.0,2060.0,729.0,465.0,465.0,1952.0,1319.0,2112.0,633.0,547.0,1134.0,2077.0,891.0,636.0,1204.0,594.0,1720.0,913.0,00000000000000001190,45.2092710201875,C1401P22
785.0,2450.0,1777.0,642.0,582.0,1469.0,1460.0,601.0,454.0,2354.0,2145.0,653.0,970.0,1890.0,465.0,2092.0,2004.0,1224.0,1691.0,680.0,2416.0,464.0,724.0,1152.0,1774.0,652.0,999.0,599.0,2332.0,1746.0,430.0,2242.0,1105.0,511.0,697.0,1020.0,2104.0,957.0,474.0,1639.0,2256.0,747.0,2214.0,1610.0,2078.0,761.0,483.0,493.0,1999.0,1345.0,2182.0,661.0,577.0,1171.0,2163.0,927.0,661.0,1231.0,614.0,1779.0,935.0,00000000000000001191,30.4627225289115,C1401P23
753.0,2377.0,1758.0,621.0,555.0,1446.0,1446.0,574.0,419.0,2305.0,2127.0,618.0,926.0,1849.0,432.0,2027.0,1920.0,1160.0,1649.0,649.0,2391.0,431.0,706.0,1107.0,1711.0,609.0,980.0,566.0,2280.0,1701.0,399.0,2187.0,1044.0,479.0,666.0,991.0,2053.0,938.0,430.0,1581.0,2216.0,721.0,2180.0,1597.0,2059.0,725.0,459.0,459.0,1950.0,1317.0,2109.0,629.0,543.0,1133.0,2074.0,886.0,633.0,1202.0,590.0,1718.0,910.0,00000000000000001192,50.6950540054259,C1401X01
831.0,2557.0,1723.0,625.0,591.0,1455.0,1413.0,586.0,478.0,2304.0,2078.0,720.0,999.0,1915.0,488.0,2189.0,2163.0,1377.0,1685.0,723.0,2367.0,461.0,709.0,1212.0,1880.0,714.0,977.0,589.0,2355.0,1705.0,477.0,2220.0,1203.0,536.0,762.0,990.0,2109.0,911.0,494.0,1758.0,2292.0,796.0,2187.0,1547.0,1996.0,778.0,472.0,503.0,1988.0,1383.0,2243.0,722.0,580.0,1184.0,2286.0,993.0,722.0,1299.0,604.0,1830.0,880.0,00000000000000001193,67.4566081430611,C1402C01
935.0,2604.0,2031.0,750.0,743.0,1675.0,1666.0,761.0,549.0,2537.0,2373.0,806.0,1112.0,2082.0,592.0,2254.0,2120.0,1333.0,1864.0,834.0,2666.0,568.0,899.0,1296.0,1959.0,787.0,1152.0,704.0,2533.0,1895.0,540.0,2443.0,1214.0,638.0,797.0,1175.0,2264.0,1139.0,583.0,1808.0,2477.0,859.0,2443.0,1822.0,2297.0,908.0,595.0,595.0,2180.0,1507.0,2340.0,753.0,703.0,1312.0,2283.0,1074.0,762.0,1388.0,748.0,1935.0,1112.0,00000000000000001194,72.9771638795553,C1402C02
931.0,2615.0,2011.0,736.0,727.0,1663.0,1649.0,746.0,541.0,2530.0,2355.0,801.0,1101.0,2083.0,578.0,2262.0,2131.0,1331.0,1858.0,829.0,2657.0,554.0,879.0,1285.0,1954.0,787.0,1139.0,691.0,2534.0,1900.0,538.0,2427.0,1212.0,624.0,798.0,1165.0,2263.0,1123.0,574.0,1807.0,2475.0,855.0,2422.0,1811.0,2276.0,899.0,581.0,581.0,2173.0,1491.0,2334.0,758.0,692.0,1302.0,2287.0,1071.0,757.0,1377.0,735.0,1937.0,1096.0,00000000000000001195,84.7397701444815,C1402C04
940.0,2630.0,2016.0,742.0,733.0,1668.0,1650.0,751.0,550.0,2539.0,2359.0,809.0,1108.0,2100.0,580.0,2276.0,2157.0,1348.0,1872.0,837.0,2660.0,559.0,882.0,1294.0,1967.0,800.0,1150.0,697.0,2545.0,1918.0,545.0,2429.0,1228.0,626.0,803.0,1173.0,2275.0,1127.0,579.0,1824.0,2485.0,857.0,2420.0,1817.0,2276.0,909.0,587.0,587.0,2180.0,1496.0,2344.0,768.0,697.0,1310.0,2297.0,1080.0,760.0,1386.0,736.0,1952.0,1100.0,00000000000000001196,115.970648791699,C1402C05
820.0,2549.0,1708.0,614.0,584.0,1449.0,1404.0,577.0,469.0,2290.0,2066.0,712.0,996.0,1902.0,478.0,2180.0,2156.0,1366.0,1680.0,714.0,2353.0,452.0,697.0,1203.0,1871.0,707.0,966.0,579.0,2344.0,1699.0,471.0,2206.0,1192.0,527.0,754.0,985.0,2099.0,903.0,485.0,1748.0,2280.0,788.0,2174.0,1539.0,1985.0,769.0,464.0,494.0,1978.0,1371.0,2233.0,715.0,570.0,1177.0,2277.0,980.0,715.0,1289.0,594.0,1821.0,872.0,00000000000000001197,50.0165159442129,C1402C06
1013.0,2636.0,2158.0,837.0,871.0,1825.0,1782.0,872.0,625.0,2616.0,2516.0,892.0,1244.0,2148.0,686.0,2288.0,2135.0,1403.0,1968.0,926.0,2787.0,653.0,1035.0,1363.0,2041.0,863.0,1330.0,790.0,2582.0,1988.0,639.0,2515.0,1253.0,736.0,895.0,1290.0,2339.0,1253.0,664.0,1883.0,2608.0,973.0,2555.0,1954.0,2394.0,1050.0,678.0,685.0,2293.0,1597.0,2413.0,829.0,807.0,1414.0,2289.0,1175.0,849.0,1483.0,845.0,2005.0,1240.0,00000000000000001198,272.700378762567,C1402F02
1228.0,2804.0,2418.0,997.0,1027.0,1934.0,1931.0,1103.0,807.0,2815.0,2677.0,1080.0,1404.0,2437.0,812.0,2511.0,2447.0,1695.0,2072.0,1238.0,2889.0,798.0,1160.0,1657.0,2328.0,1116.0,1584.0,905.0,2746.0,2152.0,751.0,2716.0,1554.0,931.0,1075.0,1497.0,2545.0,1459.0,925.0,2210.0,2742.0,1142.0,2719.0,2120.0,2555.0,1144.0,861.0,791.0,2458.0,1869.0,2615.0,1105.0,972.0,1601.0,2562.0,1375.0,1036.0,1757.0,1030.0,2270.0,1385.0,0000000000000000119a,69.7537594941833,C1402F04
716.0,2418.0,1639.0,555.0,519.0,1395.0,1375.0,519.0,394.0,2229.0,2036.0,603.0,909.0,1795.0,408.0,2067.0,1988.0,1198.0,1618.0,621.0,2285.0,394.0,631.0,1092.0,1729.0,602.0,887.0,516.0,2256.0,1665.0,385.0,2142.0,1063.0,461.0,644.0,929.0,2036.0,860.0,416.0,1605.0,2180.0,681.0,2098.0,1507.0,1977.0,685.0,412.0,424.0,1923.0,1262.0,2126.0,607.0,500.0,1099.0,2136.0,858.0,607.0,1166.0,535.0,1740.0,831.0,0000000000000000119b,92.5554026100959,C1402F06
878.0,2564.0,1919.0,697.0,670.0,1578.0,1568.0,688.0,509.0,2469.0,2261.0,745.0,1041.0,2021.0,534.0,2210.0,2106.0,1296.0,1794.0,770.0,2569.0,518.0,820.0,1235.0,1894.0,738.0,1092.0,650.0,2470.0,1847.0,496.0,2366.0,1176.0,580.0,764.0,1099.0,2198.0,1046.0,539.0,1760.0,2400.0,818.0,2344.0,1728.0,2185.0,844.0,541.0,546.0,2096.0,1434.0,2286.0,727.0,645.0,1245.0,2257.0,1014.0,729.0,1323.0,686.0,1881.0,1025.0,0000000000000000119c,127.169931423832,C1402F07
867.0,2528.0,1922.0,695.0,665.0,1577.0,1566.0,684.0,499.0,2443.0,2261.0,735.0,1033.0,1999.0,524.0,2176.0,2055.0,1269.0,1779.0,764.0,2565.0,510.0,816.0,1219.0,1869.0,724.0,1081.0,648.0,2445.0,1823.0,483.0,2343.0,1149.0,571.0,749.0,1097.0,2178.0,1051.0,523.0,1726.0,2381.0,806.0,2336.0,1728.0,2186.0,836.0,538.0,538.0,2086.0,1425.0,2253.0,712.0,636.0,1234.0,2206.0,1008.0,707.0,1311.0,682.0,1855.0,1026.0,0000000000000000119d,344.649351182479,C1402F09
679.0,2267.0,1619.0,565.0,486.0,1337.0,1338.0,505.0,373.0,2177.0,2013.0,544.0,850.0,1726.0,382.0,1922.0,1818.0,1072.0,1556.0,573.0,2257.0,383.0,633.0,1023.0,1591.0,544.0,904.0,517.0,2154.0,1595.0,351.0,2059.0,966.0,429.0,627.0,906.0,1957.0,848.0,382.0,1464.0,2089.0,673.0,2049.0,1483.0,1956.0,653.0,410.0,412.0,1840.0,1226.0,1994.0,590.0,495.0,1053.0,1967.0,821.0,581.0,1102.0,533.0,1615.0,819.0,0000000000000000119e,156.825083048685,C1402P01
725.0,2425.0,1643.0,558.0,523.0,1399.0,1376.0,523.0,398.0,2235.0,2039.0,612.0,915.0,1803.0,417.0,2071.0,2001.0,1210.0,1621.0,628.0,2287.0,398.0,635.0,1100.0,1740.0,610.0,890.0,518.0,2260.0,1668.0,394.0,2145.0,1073.0,468.0,654.0,934.0,2041.0,863.0,424.0,1616.0,2183.0,691.0,2104.0,1508.0,1978.0,689.0,415.0,429.0,1928.0,1269.0,2134.0,617.0,508.0,1105.0,2146.0,868.0,617.0,1173.0,543.0,1747.0,835.0,0000000000000000119f,93.0494629528657,C1402P05
820.0,2558.0,1682.0,613.0,586.0,1443.0,1382.0,573.0,473.0,2265.0,2047.0,714.0,996.0,1886.0,481.0,2188.0,2162.0,1375.0,1667.0,714.0,2341.0,452.0,689.0,1197.0,1869.0,714.0,960.0,577.0,2341.0,1674.0,473.0,2184.0,1187.0,529.0,758.0,973.0,2087.0,891.0,488.0,1746.0,2283.0,787.0,2148.0,1516.0,1963.0,771.0,462.0,498.0,1966.0,1362.0,2227.0,713.0,567.0,1169.0,2278.0,979.0,716.0,1292.0,591.0,1818.0,860.0,000000000000000011a0,76.1365199084528,C1402P07
1082.0,2732.0,2224.0,852.0,888.0,1843.0,1834.0,904.0,648.0,2702.0,2561.0,946.0,1272.0,2262.0,699.0,2378.0,2291.0,1502.0,2031.0,985.0,2815.0,666.0,1049.0,1464.0,2137.0,927.0,1304.0,806.0,2665.0,2060.0,663.0,2597.0,1368.0,746.0,921.0,1329.0,2436.0,1301.0,690.0,1983.0,2624.0,992.0,2607.0,1991.0,2474.0,1066.0,694.0,694.0,2359.0,1684.0,2493.0,875.0,818.0,1469.0,2427.0,1227.0,884.0,1569.0,858.0,2108.0,1263.0,000000000000000011a1,69.3479340453361,C1402W01
975.0,2617.0,2085.0,782.0,792.0,1726.0,1716.0,806.0,581.0,2585.0,2428.0,845.0,1160.0,2122.0,626.0,2269.0,2151.0,1380.0,1910.0,882.0,2695.0,600.0,949.0,1343.0,1998.0,826.0,1206.0,737.0,2551.0,1937.0,585.0,2483.0,1250.0,672.0,835.0,1221.0,2308.0,1194.0,617.0,1849.0,2507.0,900.0,2492.0,1869.0,2346.0,961.0,627.0,627.0,2233.0,1557.0,2380.0,790.0,739.0,1357.0,2315.0,1115.0,799.0,1445.0,782.0,1987.0,1157.0,000000000000000011a2,209.280040936446,C1402W02
1241.0,2683.0,2535.0,1213.0,915.0,1809.0,1963.0,1141.0,786.0,2994.0,2733.0,1165.0,1448.0,2492.0,750.0,2653.0,2366.0,1836.0,1894.0,1391.0,2786.0,768.0,1294.0,1568.0,2447.0,1057.0,1590.0,988.0,2787.0,2125.0,663.0,2791.0,1653.0,1077.0,1157.0,1526.0,2606.0,1557.0,1064.0,2482.0,2894.0,1138.0,2791.0,2206.0,2523.0,976.0,929.0,753.0,2607.0,1891.0,2888.0,1229.0,1051.0,1600.0,2709.0,1340.0,1148.0,1717.0,1197.0,2391.0,1577.0,000000000000000011a3,1171.46144153164,C1402W03
1228.0,2685.0,2528.0,1193.0,907.0,1806.0,1960.0,1134.0,770.0,2991.0,2735.0,1154.0,1441.0,2487.0,741.0,2652.0,2357.0,1823.0,1889.0,1380.0,2787.0,752.0,1287.0,1553.0,2441.0,1044.0,1585.0,971.0,2787.0,2123.0,652.0,2788.0,1636.0,1067.0,1141.0,1519.0,2611.0,1552.0,1052.0,2472.0,2892.0,1123.0,2788.0,2202.0,2528.0,973.0,911.0,739.0,2610.0,1878.0,2885.0,1214.0,1038.0,1594.0,2706.0,1330.0,1132.0,1702.0,1186.0,2393.0,1571.0,000000000000000011a4,408.600739657609,C1402W04
801.0,2482.0,1763.0,632.0,579.0,1474.0,1463.0,597.0,456.0,2351.0,2152.0,677.0,994.0,1904.0,463.0,2128.0,2054.0,1255.0,1700.0,697.0,2408.0,456.0,715.0,1168.0,1807.0,668.0,970.0,587.0,2343.0,1771.0,437.0,2260.0,1130.0,510.0,693.0,1032.0,2130.0,959.0,472.0,1677.0,2266.0,739.0,2224.0,1609.0,2092.0,758.0,476.0,495.0,2030.0,1354.0,2222.0,660.0,565.0,1198.0,2215.0,935.0,657.0,1246.0,602.0,1818.0,937.0,000000000000000011a5,76.2369719609702,C1402W05
1368.0,2726.0,2673.0,1311.0,1006.0,1891.0,2025.0,1249.0,902.0,3051.0,2783.0,1277.0,1522.0,2671.0,864.0,2644.0,2417.0,1943.0,1913.0,1523.0,2872.0,903.0,1359.0,1705.0,2521.0,1178.0,1702.0,1120.0,2813.0,2239.0,731.0,2801.0,1747.0,1171.0,1241.0,1638.0,2723.0,1651.0,1169.0,2546.0,2928.0,1249.0,2812.0,2281.0,2640.0,1063.0,1052.0,875.0,2680.0,2087.0,2852.0,1321.0,1109.0,1663.0,2797.0,1490.0,1241.0,1858.0,1323.0,2511.0,1653.0,000000000000000011a6,63.8774644635555,C1402W08
1000.0,2733.0,2018.0,773.0,768.0,1701.0,1681.0,778.0,599.0,2563.0,2360.0,873.0,1167.0,2156.0,614.0,2358.0,2295.0,1463.0,1925.0,902.0,2653.0,609.0,915.0,1368.0,2049.0,873.0,1180.0,734.0,2594.0,1974.0,596.0,2468.0,1330.0,671.0,869.0,1203.0,2341.0,1144.0,623.0,1921.0,2513.0,916.0,2430.0,1834.0,2291.0,955.0,627.0,628.0,2222.0,1558.0,2421.0,831.0,727.0,1370.0,2424.0,1146.0,838.0,1454.0,757.0,2024.0,1122.0,000000000000000011a7,616.791168401121,C1402W10
976.0,2656.0,2078.0,781.0,779.0,1718.0,1709.0,796.0,578.0,2574.0,2422.0,845.0,1151.0,2133.0,616.0,2304.0,2171.0,1373.0,1904.0,873.0,2720.0,596.0,936.0,1336.0,2010.0,827.0,1186.0,734.0,2581.0,1939.0,570.0,2480.0,1254.0,662.0,827.0,1215.0,2316.0,1179.0,607.0,1858.0,2530.0,889.0,2480.0,1866.0,2346.0,945.0,624.0,624.0,2232.0,1547.0,2377.0,783.0,726.0,1352.0,2328.0,1115.0,791.0,1428.0,772.0,1984.0,1151.0,000000000000000011a8,375.223388842703,C1402X01
845.0,2467.0,1913.0,693.0,663.0,1590.0,1581.0,682.0,487.0,2430.0,2264.0,714.0,1027.0,1951.0,515.0,2119.0,1979.0,1240.0,1778.0,752.0,2543.0,506.0,822.0,1203.0,1827.0,696.0,1084.0,646.0,2401.0,1806.0,469.0,2327.0,1110.0,561.0,730.0,1091.0,2150.0,1064.0,506.0,1676.0,2355.0,794.0,2337.0,1732.0,2188.0,833.0,534.0,534.0,2075.0,1418.0,2224.0,685.0,626.0,1231.0,2159.0,984.0,694.0,1305.0,671.0,1831.0,1027.0,000000000000000011a9,104.758886604822,C1403F01
833.0,2438.0,1896.0,684.0,658.0,1604.0,1585.0,672.0,477.0,2412.0,2293.0,700.0,1041.0,1919.0,514.0,2088.0,1932.0,1222.0,1784.0,738.0,2542.0,505.0,823.0,1180.0,1800.0,687.0,1085.0,637.0,2377.0,1813.0,471.0,2314.0,1085.0,560.0,725.0,1098.0,2149.0,1066.0,504.0,1643.0,2353.0,798.0,2333.0,1751.0,2194.0,838.0,524.0,528.0,2087.0,1407.0,2213.0,675.0,633.0,1235.0,2120.0,985.0,689.0,1288.0,670.0,1820.0,1037.0,000000000000000011aa,103.369795733421,C1403F03
782.0,2463.0,1741.0,610.0,562.0,1459.0,1450.0,576.0,436.0,2326.0,2131.0,654.0,975.0,1885.0,443.0,2110.0,2040.0,1238.0,1686.0,677.0,2386.0,436.0,693.0,1150.0,1790.0,648.0,949.0,565.0,2323.0,1761.0,423.0,2238.0,1112.0,489.0,683.0,1014.0,2109.0,938.0,453.0,1661.0,2245.0,726.0,2200.0,1594.0,2071.0,738.0,455.0,475.0,2011.0,1333.0,2202.0,649.0,545.0,1180.0,2193.0,916.0,646.0,1223.0,581.0,1797.0,913.0,000000000000000011ab,209.197583722794,C1403F04
969.0,2606.0,2077.0,781.0,788.0,1718.0,1709.0,802.0,579.0,2575.0,2421.0,838.0,1156.0,2115.0,624.0,2258.0,2143.0,1373.0,1902.0,876.0,2686.0,597.0,944.0,1336.0,1989.0,820.0,1202.0,735.0,2540.0,1930.0,578.0,2472.0,1243.0,670.0,827.0,1214.0,2300.0,1187.0,615.0,1841.0,2498.0,894.0,2482.0,1863.0,2338.0,959.0,625.0,625.0,2225.0,1549.0,2370.0,783.0,739.0,1350.0,2305.0,1108.0,791.0,1438.0,780.0,1979.0,1151.0,000000000000000011ac,503.842882297883,C1403F05
763.0,2432.0,1732.0,611.0,556.0,1443.0,1433.0,571.0,433.0,2315.0,2121.0,636.0,954.0,1862.0,441.0,2082.0,1993.0,1212.0,1666.0,659.0,2374.0,433.0,692.0,1131.0,1752.0,631.0,952.0,568.0,2304.0,1732.0,412.0,2212.0,1092.0,488.0,673.0,997.0,2087.0,930.0,450.0,1621.0,2228.0,719.0,2179.0,1582.0,2062.0,729.0,457.0,471.0,1981.0,1326.0,2165.0,641.0,548.0,1157.0,2156.0,896.0,637.0,1207.0,585.0,1768.0,906.0,000000000000000011ad,64.5385414788627,C1403F07
926.0,2536.0,2030.0,756.0,760.0,1712.0,1683.0,770.0,549.0,2528.0,2403.0,796.0,1140.0,2042.0,596.0,2188.0,2051.0,1328.0,1877.0,831.0,2659.0,577.0,932.0,1281.0,1931.0,773.0,1187.0,709.0,2476.0,1905.0,550.0,2425.0,1182.0,643.0,808.0,1195.0,2255.0,1158.0,583.0,1769.0,2474.0,881.0,2447.0,1852.0,2297.0,941.0,596.0,605.0,2198.0,1509.0,2331.0,753.0,718.0,1325.0,2227.0,1080.0,765.0,1395.0,755.0,1921.0,1134.0,000000000000000011ae,66.2503007784198,C1403P03
816.0,2376.0,1876.0,695.0,653.0,1603.0,1566.0,653.0,474.0,2347.0,2302.0,700.0,1042.0,1856.0,520.0,2030.0,1842.0,1179.0,1749.0,730.0,2523.0,503.0,817.0,1144.0,1754.0,671.0,1086.0,646.0,2324.0,1765.0,469.0,2244.0,1026.0,568.0,723.0,1087.0,2113.0,1053.0,491.0,1591.0,2355.0,800.0,2287.0,1742.0,2177.0,836.0,529.0,539.0,2071.0,1380.0,2147.0,655.0,635.0,1213.0,2017.0,981.0,680.0,1265.0,673.0,1780.0,1036.0,000000000000000011af,102.713150008742,C1403P07
730.0,2381.0,1710.0,598.0,533.0,1417.0,1415.0,550.0,406.0,2292.0,2097.0,595.0,914.0,1820.0,419.0,2022.0,1924.0,1153.0,1632.0,624.0,2358.0,415.0,673.0,1092.0,1693.0,595.0,955.0,549.0,2263.0,1680.0,384.0,2173.0,1045.0,466.0,662.0,969.0,2049.0,903.0,420.0,1565.0,2190.0,709.0,2152.0,1562.0,2038.0,703.0,435.0,445.0,1932.0,1296.0,2108.0,625.0,532.0,1118.0,2082.0,865.0,617.0,1179.0,570.0,1708.0,875.0,000000000000000011b0,134.571415970434,C1403P08
895.0,2489.0,1994.0,757.0,749.0,1738.0,1679.0,739.0,543.0,2443.0,2441.0,790.0,1167.0,1950.0,601.0,2167.0,1903.0,1256.0,1849.0,818.0,2707.0,572.0,912.0,1215.0,1852.0,752.0,1208.0,708.0,2445.0,1858.0,557.0,2341.0,1094.0,648.0,796.0,1195.0,2230.0,1156.0,563.0,1716.0,2528.0,879.0,2408.0,1849.0,2316.0,933.0,601.0,611.0,2208.0,1442.0,2245.0,716.0,714.0,1315.0,2069.0,1057.0,750.0,1336.0,752.0,1906.0,1148.0,000000000000000011b1,119.304454680827,C1403P10
702.0,2360.0,1633.0,553.0,494.0,1370.0,1361.0,512.0,380.0,2219.0,2029.0,575.0,878.0,1764.0,394.0,2014.0,1915.0,1140.0,1590.0,600.0,2288.0,383.0,624.0,1061.0,1672.0,572.0,888.0,506.0,2231.0,1653.0,360.0,2121.0,1021.0,439.0,622.0,919.0,2006.0,853.0,403.0,1542.0,2146.0,668.0,2084.0,1500.0,1971.0,667.0,402.0,418.0,1905.0,1239.0,2084.0,592.0,494.0,1075.0,2077.0,832.0,586.0,1133.0,533.0,1697.0,825.0,000000000000000011b2,79.3287051981421,C1403P11
786.0,2396.0,1831.0,643.0,603.0,1515.0,1507.0,621.0,440.0,2358.0,2187.0,656.0,969.0,1875.0,463.0,2049.0,1909.0,1180.0,1706.0,686.0,2466.0,458.0,760.0,1142.0,1752.0,637.0,1020.0,597.0,2331.0,1740.0,425.0,2245.0,1058.0,508.0,689.0,1035.0,2080.0,1001.0,454.0,1599.0,2278.0,752.0,2255.0,1667.0,2112.0,770.0,486.0,486.0,1999.0,1357.0,2145.0,643.0,571.0,1176.0,2088.0,925.0,653.0,1239.0,616.0,1755.0,969.0,000000000000000011b3,147.758549053964,C1403W02
804.0,2516.0,1741.0,615.0,587.0,1471.0,1440.0,582.0,457.0,2334.0,2120.0,687.0,997.0,1909.0,465.0,2154.0,2099.0,1309.0,1691.0,706.0,2363.0,454.0,702.0,1182.0,1842.0,687.0,968.0,575.0,2349.0,1733.0,451.0,2240.0,1162.0,512.0,710.0,1008.0,2129.0,935.0,475.0,1715.0,2262.0,754.0,2201.0,1583.0,2048.0,759.0,468.0,487.0,1998.0,1363.0,2223.0,678.0,559.0,1185.0,2257.0,949.0,678.0,1269.0,593.0,1828.0,909.0,000000000000000011b5,294.879965019996,C1403W05
1146.0,2735.0,2322.0,952.0,979.0,1864.0,1853.0,1034.0,761.0,2734.0,2595.0,1003.0,1330.0,2340.0,770.0,2434.0,2350.0,1595.0,2000.0,1137.0,2829.0,755.0,1110.0,1558.0,2230.0,1030.0,1520.0,868.0,2677.0,2065.0,742.0,2639.0,1454.0,875.0,1011.0,1413.0,2459.0,1376.0,857.0,2106.0,2677.0,1077.0,2642.0,2031.0,2480.0,1137.0,811.0,755.0,2377.0,1769.0,2540.0,1022.0,922.0,1517.0,2473.0,1291.0,972.0,1661.0,977.0,2177.0,1312.0,000000000000000011b6,227.389465688386,C1403W07
991.0,2679.0,2086.0,784.0,785.0,1731.0,1720.0,803.0,586.0,2592.0,2431.0,859.0,1165.0,2156.0,621.0,2324.0,2203.0,1395.0,1925.0,887.0,2727.0,600.0,939.0,1350.0,2027.0,845.0,1198.0,738.0,2598.0,1966.0,580.0,2492.0,1275.0,667.0,837.0,1229.0,2334.0,1188.0,616.0,1879.0,2544.0,895.0,2485.0,1879.0,2350.0,956.0,628.0,628.0,2244.0,1558.0,2397.0,797.0,736.0,1368.0,2347.0,1131.0,798.0,1442.0,778.0,2005.0,1161.0,000000000000000011b7,163.794209546048,C1403W09
753.0,2377.0,1758.0,621.0,555.0,1446.0,1446.0,574.0,419.0,2305.0,2127.0,618.0,926.0,1849.0,432.0,2027.0,1920.0,1160.0,1649.0,649.0,2391.0,431.0,706.0,1107.0,1711.0,609.0,980.0,566.0,2280.0,1701.0,399.0,2187.0,1044.0,479.0,666.0,991.0,2053.0,938.0,430.0,1581.0,2216.0,721.0,2180.0,1597.0,2059.0,725.0,459.0,459.0,1950.0,1317.0,2109.0,629.0,543.0,1133.0,2074.0,886.0,633.0,1202.0,590.0,1718.0,910.0,000000000000000011b8,153.062205582518,C1403W10
1149.0,2802.0,2270.0,913.0,929.0,1885.0,1876.0,948.0,699.0,2731.0,2578.0,1008.0,1308.0,2328.0,746.0,2440.0,2371.0,1570.0,2086.0,1038.0,2865.0,717.0,1096.0,1527.0,2197.0,990.0,1372.0,864.0,2722.0,2123.0,713.0,2632.0,1443.0,796.0,996.0,1375.0,2474.0,1335.0,739.0,2042.0,2671.0,1062.0,2638.0,2040.0,2497.0,1110.0,746.0,746.0,2383.0,1750.0,2537.0,949.0,865.0,1520.0,2471.0,1299.0,955.0,1625.0,914.0,2132.0,1306.0,000000000000000011b9,40.228883641815,C1404C01
836.0,2492.0,1868.0,671.0,632.0,1531.0,1521.0,651.0,479.0,2409.0,2212.0,705.0,1002.0,1964.0,500.0,2141.0,2039.0,1249.0,1744.0,730.0,2508.0,488.0,782.0,1190.0,1832.0,695.0,1053.0,623.0,2402.0,1795.0,463.0,2304.0,1128.0,547.0,734.0,1064.0,2142.0,1009.0,503.0,1698.0,2334.0,789.0,2289.0,1684.0,2137.0,803.0,513.0,516.0,2045.0,1393.0,2222.0,698.0,612.0,1206.0,2185.0,976.0,694.0,1281.0,655.0,1823.0,990.0,000000000000000011ba,28.42845316664,C1404C03
965.0,2601.0,2067.0,778.0,782.0,1710.0,1700.0,797.0,576.0,2567.0,2409.0,835.0,1147.0,2105.0,618.0,2255.0,2133.0,1366.0,1893.0,872.0,2678.0,595.0,939.0,1329.0,1982.0,817.0,1196.0,732.0,2535.0,1920.0,577.0,2465.0,1237.0,663.0,826.0,1209.0,2291.0,1181.0,609.0,1833.0,2491.0,890.0,2474.0,1851.0,2329.0,950.0,622.0,622.0,2216.0,1542.0,2363.0,781.0,729.0,1344.0,2298.0,1104.0,790.0,1431.0,772.0,1971.0,1145.0,000000000000000011bb,50.7188854145646,C1404C04
715.0,2415.0,1597.0,544.0,518.0,1375.0,1337.0,518.0,395.0,2197.0,1976.0,618.0,900.0,1781.0,417.0,2053.0,2018.0,1233.0,1599.0,618.0,2234.0,390.0,627.0,1102.0,1743.0,609.0,888.0,505.0,2220.0,1627.0,400.0,2097.0,1083.0,463.0,659.0,909.0,2000.0,827.0,417.0,1617.0,2148.0,693.0,2068.0,1468.0,1913.0,689.0,405.0,425.0,1885.0,1256.0,2121.0,621.0,501.0,1082.0,2150.0,864.0,621.0,1170.0,529.0,1722.0,798.0,000000000000000011bc,28.6315229403738,C1404C05
822.0,2538.0,1756.0,623.0,600.0,1481.0,1446.0,593.0,465.0,2346.0,2116.0,702.0,1007.0,1929.0,479.0,2168.0,2133.0,1336.0,1703.0,719.0,2378.0,459.0,717.0,1201.0,1867.0,702.0,989.0,583.0,2363.0,1745.0,465.0,2253.0,1181.0,524.0,735.0,1014.0,2126.0,940.0,486.0,1741.0,2278.0,776.0,2213.0,1591.0,2040.0,776.0,472.0,496.0,2000.0,1380.0,2242.0,700.0,572.0,1198.0,2275.0,972.0,700.0,1288.0,604.0,1831.0,914.0,000000000000000011bd,11.2549233622025,C1404C09
742.0,2454.0,1626.0,561.0,532.0,1393.0,1353.0,526.0,412.0,2218.0,1998.0,644.0,934.0,1812.0,432.0,2084.0,2055.0,1265.0,1620.0,644.0,2262.0,405.0,639.0,1131.0,1780.0,634.0,897.0,522.0,2252.0,1647.0,417.0,2124.0,1112.0,480.0,681.0,930.0,2025.0,846.0,433.0,1654.0,2181.0,714.0,2095.0,1481.0,1929.0,703.0,421.0,442.0,1908.0,1286.0,2151.0,642.0,519.0,1107.0,2186.0,893.0,642.0,1200.0,547.0,1748.0,817.0,000000000000000011be,33.9308490061761,C1404C10
680.0,2325.0,1596.0,530.0,480.0,1341.0,1332.0,493.0,362.0,2177.0,1993.0,559.0,855.0,1723.0,376.0,1984.0,1879.0,1108.0,1560.0,581.0,2247.0,366.0,607.0,1036.0,1633.0,553.0,867.0,486.0,2197.0,1619.0,349.0,2080.0,992.0,423.0,603.0,895.0,1971.0,828.0,385.0,1510.0,2108.0,647.0,2041.0,1467.0,1941.0,648.0,385.0,397.0,1866.0,1210.0,2043.0,571.0,475.0,1048.0,2035.0,809.0,568.0,1102.0,513.0,1663.0,798.0,000000000000000011bf,46.2301881733655,C1404F02
971.0,2584.0,2098.0,795.0,817.0,1762.0,1733.0,824.0,588.0,2564.0,2457.0,846.0,1188.0,2094.0,645.0,2238.0,2099.0,1372.0,1918.0,882.0,2718.0,616.0,985.0,1327.0,1990.0,819.0,1274.0,748.0,2520.0,1946.0,594.0,2465.0,1220.0,693.0,851.0,1244.0,2293.0,1208.0,624.0,1829.0,2532.0,928.0,2495.0,1901.0,2342.0,996.0,635.0,645.0,2238.0,1556.0,2369.0,795.0,767.0,1372.0,2255.0,1128.0,806.0,1441.0,805.0,1962.0,1188.0,000000000000000011c0,212.785533172271,C1404F03
848.0,2490.0,1915.0,692.0,662.0,1579.0,1570.0,681.0,488.0,2431.0,2262.0,718.0,1025.0,1966.0,514.0,2142.0,2005.0,1245.0,1769.0,747.0,2554.0,507.0,820.0,1208.0,1842.0,700.0,1078.0,645.0,2422.0,1802.0,474.0,2328.0,1124.0,560.0,734.0,1089.0,2154.0,1052.0,506.0,1690.0,2365.0,797.0,2335.0,1727.0,2187.0,829.0,534.0,534.0,2070.0,1421.0,2232.0,690.0,624.0,1227.0,2174.0,987.0,698.0,1300.0,669.0,1826.0,1025.0,000000000000000011c1,68.1405223851639,C1404F04
815.0,2436.0,1854.0,661.0,622.0,1521.0,1521.0,641.0,459.0,2360.0,2208.0,678.0,987.0,1911.0,478.0,2091.0,1960.0,1203.0,1714.0,714.0,2491.0,477.0,778.0,1166.0,1788.0,669.0,1036.0,615.0,2361.0,1752.0,448.0,2266.0,1084.0,531.0,709.0,1050.0,2106.0,1013.0,477.0,1639.0,2305.0,771.0,2266.0,1668.0,2133.0,788.0,504.0,504.0,2022.0,1377.0,2165.0,673.0,594.0,1188.0,2119.0,953.0,672.0,1258.0,639.0,1780.0,986.0,000000000000000011c2,169.233533176036,C1404F05
708.0,2396.0,1599.0,541.0,510.0,1369.0,1339.0,510.0,386.0,2184.0,1973.0,604.0,891.0,1772.0,407.0,2037.0,1998.0,1215.0,1591.0,612.0,2232.0,381.0,619.0,1092.0,1725.0,598.0,882.0,502.0,2211.0,1626.0,390.0,2093.0,1069.0,457.0,654.0,904.0,1989.0,827.0,410.0,1600.0,2139.0,688.0,2055.0,1470.0,1914.0,680.0,397.0,415.0,1875.0,1254.0,2105.0,615.0,495.0,1076.0,2124.0,855.0,615.0,1163.0,526.0,1707.0,796.0,000000000000000011c3,28.4525545252651,C1404F08
872.0,2538.0,1953.0,707.0,683.0,1610.0,1602.0,701.0,503.0,2470.0,2297.0,741.0,1049.0,2007.0,533.0,2187.0,2047.0,1272.0,1800.0,770.0,2598.0,521.0,842.0,1234.0,1883.0,723.0,1098.0,660.0,2465.0,1835.0,492.0,2372.0,1150.0,581.0,756.0,1114.0,2191.0,1077.0,525.0,1730.0,2408.0,819.0,2375.0,1759.0,2222.0,851.0,549.0,549.0,2106.0,1449.0,2271.0,712.0,645.0,1253.0,2219.0,1012.0,720.0,1327.0,691.0,1861.0,1049.0,000000000000000011c4,74.4929854670238,C1404P01
901.0,2555.0,1982.0,728.0,711.0,1634.0,1624.0,730.0,527.0,2490.0,2324.0,772.0,1075.0,2032.0,561.0,2207.0,2070.0,1296.0,1823.0,800.0,2617.0,545.0,868.0,1259.0,1910.0,753.0,1122.0,682.0,2486.0,1854.0,515.0,2394.0,1177.0,606.0,773.0,1138.0,2216.0,1102.0,552.0,1759.0,2429.0,836.0,2396.0,1781.0,2250.0,877.0,572.0,572.0,2131.0,1471.0,2294.0,729.0,670.0,1275.0,2235.0,1040.0,738.0,1351.0,716.0,1888.0,1075.0,000000000000000011c5,35.999463260655,C1404P02
851.0,2488.0,1914.0,691.0,663.0,1578.0,1569.0,681.0,489.0,2428.0,2262.0,721.0,1026.0,1964.0,515.0,2141.0,2003.0,1244.0,1768.0,750.0,2551.0,507.0,819.0,1207.0,1841.0,704.0,1076.0,645.0,2419.0,1800.0,477.0,2326.0,1124.0,561.0,737.0,1090.0,2154.0,1054.0,507.0,1690.0,2363.0,800.0,2333.0,1725.0,2187.0,829.0,535.0,535.0,2070.0,1420.0,2230.0,693.0,624.0,1228.0,2172.0,990.0,702.0,1300.0,669.0,1827.0,1026.0,000000000000000011c6,148.053617060319,C1404P03
974.0,2605.0,2080.0,781.0,793.0,1723.0,1714.0,807.0,579.0,2577.0,2431.0,843.0,1167.0,2115.0,624.0,2257.0,2143.0,1380.0,1908.0,880.0,2690.0,600.0,950.0,1342.0,1988.0,824.0,1210.0,735.0,2539.0,1936.0,582.0,2477.0,1248.0,670.0,833.0,1221.0,2305.0,1194.0,615.0,1841.0,2502.0,905.0,2487.0,1871.0,2346.0,969.0,624.0,624.0,2232.0,1561.0,2375.0,788.0,743.0,1359.0,2304.0,1118.0,797.0,1445.0,780.0,1982.0,1157.0,000000000000000011c7,43.7776240366707,C1404P05
726.0,2297.0,1736.0,620.0,545.0,1457.0,1447.0,564.0,401.0,2266.0,2140.0,588.0,917.0,1775.0,423.0,1934.0,1805.0,1108.0,1656.0,628.0,2386.0,421.0,711.0,1068.0,1646.0,569.0,986.0,570.0,2229.0,1685.0,384.0,2158.0,969.0,472.0,654.0,987.0,2010.0,957.0,413.0,1487.0,2190.0,725.0,2168.0,1616.0,2050.0,725.0,451.0,451.0,1931.0,1301.0,2040.0,606.0,550.0,1137.0,1971.0,874.0,616.0,1178.0,590.0,1673.0,926.0,000000000000000011c8,60.5455182392889,C1404P06
961.0,2672.0,2017.0,756.0,741.0,1672.0,1663.0,760.0,570.0,2552.0,2360.0,836.0,1129.0,2118.0,595.0,2314.0,2214.0,1381.0,1893.0,859.0,2664.0,579.0,888.0,1319.0,1999.0,827.0,1159.0,709.0,2568.0,1949.0,559.0,2448.0,1267.0,641.0,823.0,1186.0,2305.0,1131.0,602.0,1863.0,2500.0,877.0,2426.0,1823.0,2289.0,916.0,600.0,607.0,2201.0,1516.0,2376.0,787.0,706.0,1335.0,2352.0,1103.0,791.0,1405.0,746.0,1984.0,1105.0,000000000000000011c9,23.447274668638,C1404W03
1098.0,2744.0,2242.0,863.0,901.0,1857.0,1847.0,915.0,657.0,2714.0,2575.0,962.0,1286.0,2280.0,711.0,2390.0,2309.0,1520.0,2045.0,1001.0,2825.0,676.0,1063.0,1481.0,2155.0,942.0,1322.0,816.0,2677.0,2073.0,677.0,2610.0,1385.0,758.0,938.0,1343.0,2449.0,1315.0,701.0,2000.0,2633.0,1007.0,2619.0,2002.0,2488.0,1077.0,704.0,704.0,2372.0,1702.0,2505.0,891.0,828.0,1484.0,2439.0,1244.0,900.0,1587.0,870.0,2121.0,1277.0,000000000000000011ca,332.134570982487,C1404W07
1030.0,2746.0,2075.0,809.0,797.0,1733.0,1723.0,817.0,618.0,2609.0,2410.0,902.0,1198.0,2192.0,641.0,2373.0,2309.0,1476.0,1965.0,922.0,2708.0,628.0,945.0,1400.0,2074.0,892.0,1211.0,764.0,2629.0,2023.0,615.0,2512.0,1352.0,689.0,888.0,1247.0,2364.0,1186.0,650.0,1937.0,2551.0,942.0,2481.0,1884.0,2335.0,984.0,647.0,657.0,2256.0,1597.0,2445.0,850.0,756.0,1403.0,2425.0,1177.0,851.0,1483.0,794.0,2037.0,1160.0,000000000000000011cb,75.3207146416417,C1404W09
884.0,2590.0,1911.0,706.0,672.0,1579.0,1569.0,691.0,519.0,2472.0,2260.0,762.0,1054.0,2017.0,542.0,2228.0,2130.0,1314.0,1801.0,781.0,2561.0,529.0,811.0,1248.0,1903.0,753.0,1088.0,659.0,2476.0,1856.0,503.0,2361.0,1202.0,589.0,761.0,1110.0,2213.0,1054.0,552.0,1770.0,2399.0,814.0,2333.0,1726.0,2193.0,848.0,547.0,557.0,2108.0,1443.0,2296.0,726.0,653.0,1258.0,2277.0,1023.0,727.0,1331.0,690.0,1891.0,1026.0,000000000000000011cc,183.734460033454,C1404W10
1052.0,2716.0,2170.0,831.0,848.0,1796.0,1787.0,867.0,629.0,2641.0,2505.0,920.0,1225.0,2218.0,675.0,2364.0,2256.0,1456.0,1986.0,954.0,2783.0,647.0,1007.0,1419.0,2094.0,901.0,1264.0,785.0,2646.0,2018.0,631.0,2553.0,1335.0,721.0,891.0,1290.0,2394.0,1253.0,666.0,1942.0,2593.0,953.0,2556.0,1944.0,2429.0,1016.0,675.0,675.0,2314.0,1633.0,2453.0,846.0,786.0,1427.0,2387.0,1193.0,855.0,1512.0,832.0,2060.0,1225.0,000000000000000011cd,169.856587740646,C1404X02
1016.0,2693.0,2126.0,806.0,811.0,1762.0,1753.0,829.0,603.0,2613.0,2465.0,885.0,1189.0,2180.0,647.0,2340.0,2218.0,1415.0,1948.0,913.0,2760.0,621.0,969.0,1378.0,2056.0,866.0,1220.0,760.0,2618.0,1984.0,600.0,2519.0,1295.0,693.0,858.0,1253.0,2359.0,1216.0,638.0,1904.0,2569.0,920.0,2521.0,1910.0,2389.0,978.0,649.0,649.0,2275.0,1590.0,2418.0,813.0,758.0,1390.0,2364.0,1156.0,822.0,1470.0,804.0,2026.0,1189.0,000000000000000011ce,182.77927047052,C1404X03
915.0,2595.0,2001.0,733.0,721.0,1652.0,1641.0,739.0,534.0,2513.0,2343.0,785.0,1087.0,2064.0,571.0,2244.0,2106.0,1315.0,1841.0,813.0,2646.0,550.0,876.0,1274.0,1939.0,769.0,1129.0,688.0,2517.0,1880.0,528.0,2416.0,1195.0,617.0,788.0,1151.0,2245.0,1113.0,564.0,1788.0,2459.0,849.0,2414.0,1800.0,2267.0,889.0,578.0,578.0,2158.0,1484.0,2317.0,745.0,683.0,1288.0,2270.0,1054.0,750.0,1366.0,728.0,1917.0,1086.0,000000000000000011cf,174.733174729115,C1404X04
1012.0,2746.0,1982.0,778.0,766.0,1681.0,1639.0,765.0,604.0,2545.0,2320.0,885.0,1175.0,2148.0,613.0,2356.0,2327.0,1516.0,1903.0,907.0,2609.0,602.0,899.0,1386.0,2068.0,885.0,1179.0,730.0,2578.0,1951.0,608.0,2445.0,1357.0,662.0,890.0,1188.0,2318.0,1119.0,621.0,1937.0,2496.0,935.0,2408.0,1797.0,2237.0,953.0,616.0,635.0,2196.0,1576.0,2425.0,853.0,718.0,1380.0,2447.0,1175.0,853.0,1484.0,749.0,2012.0,1098.0,000000000000000011d0,585.170981517319,C1405C01
1055.0,2784.0,2039.0,817.0,799.0,1730.0,1697.0,808.0,639.0,2585.0,2371.0,921.0,1204.0,2195.0,652.0,2395.0,2360.0,1545.0,1956.0,947.0,2673.0,643.0,945.0,1428.0,2107.0,921.0,1219.0,775.0,2625.0,2006.0,644.0,2487.0,1393.0,706.0,931.0,1223.0,2359.0,1160.0,662.0,1970.0,2543.0,980.0,2451.0,1855.0,2290.0,993.0,654.0,670.0,2237.0,1623.0,2454.0,891.0,762.0,1408.0,2469.0,1212.0,891.0,1524.0,796.0,2045.0,1137.0,000000000000000011d1,1344.39750123753,C1405C02
950.0,2684.0,1910.0,720.0,711.0,1621.0,1578.0,707.0,558.0,2490.0,2271.0,830.0,1126.0,2079.0,572.0,2306.0,2265.0,1446.0,1839.0,849.0,2542.0,552.0,835.0,1322.0,2005.0,830.0,1108.0,678.0,2514.0,1881.0,558.0,2395.0,1298.0,615.0,819.0,1141.0,2269.0,1064.0,575.0,1881.0,2434.0,866.0,2363.0,1727.0,2187.0,891.0,571.0,588.0,2149.0,1498.0,2377.0,788.0,662.0,1319.0,2401.0,1096.0,788.0,1409.0,693.0,1971.0,1041.0,000000000000000011d3,896.332990475476,C1405C04
1025.0,2757.0,1966.0,769.0,763.0,1664.0,1619.0,754.0,609.0,2536.0,2300.0,905.0,1172.0,2145.0,626.0,2367.0,2350.0,1544.0,1889.0,917.0,2593.0,600.0,888.0,1401.0,2076.0,899.0,1169.0,729.0,2576.0,1931.0,619.0,2437.0,1379.0,668.0,897.0,1173.0,2305.0,1100.0,628.0,1952.0,2494.0,943.0,2402.0,1772.0,2215.0,948.0,619.0,640.0,2183.0,1584.0,2428.0,864.0,720.0,1366.0,2460.0,1184.0,864.0,1493.0,750.0,2013.0,1076.0,000000000000000011d4,1488.26298803548,C1405C05
1055.0,2784.0,2039.0,817.0,799.0,1730.0,1697.0,808.0,639.0,2585.0,2371.0,921.0,1204.0,2195.0,652.0,2395.0,2360.0,1545.0,1956.0,947.0,2673.0,643.0,945.0,1428.0,2107.0,921.0,1219.0,775.0,2625.0,2006.0,644.0,2487.0,1393.0,706.0,931.0,1223.0,2359.0,1160.0,662.0,1970.0,2543.0,980.0,2451.0,1855.0,2290.0,993.0,654.0,670.0,2237.0,1623.0,2454.0,891.0,762.0,1408.0,2469.0,1212.0,891.0,1524.0,796.0,2045.0,1137.0,000000000000000011d5,1412.31299682299,C1405C06
937.0,2668.0,1913.0,719.0,698.0,1621.0,1588.0,703.0,548.0,2485.0,2282.0,812.0,1119.0,2065.0,557.0,2293.0,2229.0,1410.0,1843.0,832.0,2557.0,546.0,830.0,1307.0,1981.0,812.0,1095.0,673.0,2514.0,1890.0,541.0,2396.0,1273.0,609.0,809.0,1144.0,2274.0,1073.0,565.0,1848.0,2435.0,856.0,2359.0,1742.0,2208.0,881.0,566.0,577.0,2155.0,1486.0,2363.0,773.0,656.0,1316.0,2376.0,1082.0,773.0,1393.0,691.0,1962.0,1045.0,000000000000000011d6,1353.254312403,C1405C07
964.0,2694.0,1936.0,735.0,720.0,1641.0,1603.0,722.0,566.0,2507.0,2292.0,840.0,1138.0,2095.0,577.0,2315.0,2269.0,1449.0,1863.0,860.0,2571.0,563.0,851.0,1336.0,2015.0,840.0,1123.0,691.0,2532.0,1908.0,565.0,2414.0,1305.0,626.0,836.0,1159.0,2287.0,1086.0,583.0,1884.0,2453.0,883.0,2379.0,1757.0,2214.0,905.0,581.0,596.0,2166.0,1517.0,2388.0,801.0,675.0,1336.0,2406.0,1113.0,801.0,1424.0,708.0,1979.0,1062.0,000000000000000011d7,1928.55154928104,C1405C08
979.0,2712.0,1934.0,739.0,732.0,1641.0,1595.0,724.0,578.0,2510.0,2286.0,858.0,1145.0,2108.0,592.0,2330.0,2299.0,1484.0,1859.0,878.0,2560.0,570.0,854.0,1351.0,2035.0,858.0,1131.0,697.0,2536.0,1901.0,584.0,2411.0,1328.0,633.0,850.0,1156.0,2285.0,1079.0,594.0,1913.0,2456.0,897.0,2379.0,1745.0,2198.0,912.0,588.0,607.0,2164.0,1529.0,2398.0,819.0,683.0,1340.0,2425.0,1131.0,819.0,1441.0,712.0,1990.0,1059.0,000000000000000011d8,1112.5471783303,C1405C09
978.0,2711.0,1943.0,744.0,733.0,1649.0,1607.0,730.0,577.0,2514.0,2295.0,855.0,1146.0,2109.0,589.0,2329.0,2290.0,1474.0,1869.0,876.0,2575.0,572.0,861.0,1350.0,2031.0,855.0,1136.0,700.0,2543.0,1914.0,580.0,2418.0,1323.0,635.0,851.0,1162.0,2292.0,1088.0,594.0,1904.0,2462.0,898.0,2384.0,1761.0,2212.0,916.0,590.0,607.0,2171.0,1532.0,2398.0,817.0,685.0,1343.0,2420.0,1131.0,817.0,1440.0,716.0,1989.0,1065.0,000000000000000011d9,143.817917759294,C1405C10
900.0,2623.0,1868.0,683.0,664.0,1584.0,1546.0,665.0,522.0,2451.0,2227.0,780.0,1094.0,2033.0,529.0,2256.0,2211.0,1400.0,1802.0,800.0,2483.0,521.0,793.0,1278.0,1954.0,780.0,1068.0,642.0,2458.0,1842.0,524.0,2349.0,1255.0,577.0,785.0,1107.0,2233.0,1036.0,538.0,1825.0,2379.0,833.0,2324.0,1695.0,2156.0,851.0,533.0,551.0,2099.0,1461.0,2327.0,755.0,624.0,1289.0,2353.0,1047.0,755.0,1365.0,661.0,1924.0,1014.0,000000000000000011da,464.765094282174,C1405F02
1242.0,2675.0,2528.0,1204.0,914.0,1806.0,1957.0,1136.0,778.0,2987.0,2729.0,1160.0,1440.0,2485.0,750.0,2648.0,2367.0,1831.0,1897.0,1384.0,2780.0,761.0,1292.0,1566.0,2443.0,1057.0,1589.0,982.0,2785.0,2119.0,662.0,2786.0,1652.0,1075.0,1155.0,1515.0,2598.0,1550.0,1061.0,2479.0,2889.0,1135.0,2786.0,2201.0,2516.0,978.0,919.0,749.0,2603.0,1881.0,2887.0,1224.0,1053.0,1600.0,2702.0,1338.0,1144.0,1716.0,1196.0,2383.0,1572.0,000000000000000011db,1190.99615725315,C1405F05
1234.0,2762.0,2479.0,1078.0,987.0,1893.0,1957.0,1126.0,796.0,2890.0,2699.0,1119.0,1429.0,2477.0,788.0,2565.0,2408.0,1758.0,1999.0,1315.0,2850.0,782.0,1211.0,1622.0,2380.0,1094.0,1612.0,931.0,2759.0,2164.0,691.0,2751.0,1586.0,988.0,1104.0,1526.0,2581.0,1516.0,984.0,2321.0,2801.0,1137.0,2744.0,2169.0,2557.0,1058.0,886.0,773.0,2523.0,1892.0,2719.0,1159.0,994.0,1605.0,2633.0,1368.0,1081.0,1739.0,1101.0,2331.0,1476.0,000000000000000011dc,3623.8860550597,C1405P01
898.0,2622.0,1899.0,708.0,680.0,1592.0,1574.0,699.0,530.0,2469.0,2269.0,768.0,1074.0,2034.0,545.0,2256.0,2158.0,1345.0,1809.0,795.0,2556.0,538.0,821.0,1254.0,1927.0,759.0,1075.0,661.0,2488.0,1860.0,511.0,2366.0,1216.0,599.0,771.0,1121.0,2240.0,1054.0,555.0,1803.0,2409.0,816.0,2344.0,1726.0,2202.0,859.0,558.0,567.0,2134.0,1447.0,2319.0,743.0,655.0,1275.0,2318.0,1030.0,743.0,1336.0,683.0,1931.0,1035.0,000000000000000011dd,149.490632953357,C1405P02
1013.0,2744.0,1955.0,764.0,757.0,1658.0,1612.0,749.0,603.0,2525.0,2292.0,894.0,1163.0,2133.0,620.0,2357.0,2336.0,1529.0,1881.0,907.0,2581.0,595.0,882.0,1387.0,2064.0,889.0,1163.0,722.0,2564.0,1922.0,610.0,2426.0,1366.0,662.0,883.0,1165.0,2296.0,1091.0,622.0,1941.0,2482.0,928.0,2391.0,1764.0,2207.0,942.0,613.0,634.0,2174.0,1569.0,2418.0,851.0,713.0,1356.0,2449.0,1170.0,851.0,1479.0,743.0,2005.0,1068.0,000000000000000011de,574.091003012986,C1405W01
1369.0,2773.0,2658.0,1282.0,1034.0,1937.0,2078.0,1237.0,869.0,3085.0,2826.0,1275.0,1555.0,2642.0,834.0,2685.0,2484.0,1963.0,2018.0,1516.0,2879.0,858.0,1377.0,1711.0,2547.0,1180.0,1721.0,1067.0,2849.0,2278.0,716.0,2873.0,1761.0,1139.0,1265.0,1652.0,2722.0,1673.0,1130.0,2560.0,2948.0,1258.0,2872.0,2331.0,2649.0,1082.0,1006.0,842.0,2690.0,2062.0,2930.0,1339.0,1109.0,1716.0,2800.0,1492.0,1253.0,1865.0,1277.0,2485.0,1677.0,000000000000000011df,302.094994366686,C1405W03
945.0,2674.0,1915.0,718.0,702.0,1624.0,1587.0,705.0,550.0,2490.0,2282.0,822.0,1124.0,2072.0,561.0,2298.0,2243.0,1423.0,1845.0,841.0,2553.0,547.0,832.0,1314.0,1991.0,822.0,1099.0,673.0,2515.0,1890.0,548.0,2399.0,1283.0,610.0,814.0,1147.0,2276.0,1073.0,567.0,1861.0,2435.0,861.0,2364.0,1740.0,2205.0,884.0,566.0,580.0,2156.0,1492.0,2371.0,780.0,657.0,1320.0,2388.0,1091.0,780.0,1400.0,691.0,1968.0,1047.0,000000000000000011e0,224.404643279577,C1405W04
878.0,2564.0,1919.0,697.0,670.0,1578.0,1568.0,688.0,509.0,2469.0,2261.0,745.0,1041.0,2021.0,534.0,2210.0,2106.0,1296.0,1794.0,770.0,2569.0,518.0,820.0,1235.0,1894.0,738.0,1092.0,650.0,2470.0,1847.0,496.0,2366.0,1176.0,580.0,764.0,1099.0,2198.0,1046.0,539.0,1760.0,2400.0,818.0,2344.0,1728.0,2185.0,844.0,541.0,546.0,2096.0,1434.0,2286.0,727.0,645.0,1245.0,2257.0,1014.0,729.0,1323.0,686.0,1881.0,1025.0,000000000000000011e1,1583.58171524257,C1405W05
1008.0,2736.0,2010.0,777.0,765.0,1694.0,1669.0,775.0,602.0,2555.0,2351.0,880.0,1176.0,2150.0,614.0,2360.0,2302.0,1475.0,1920.0,909.0,2648.0,607.0,909.0,1379.0,2056.0,880.0,1176.0,738.0,2589.0,1969.0,601.0,2464.0,1341.0,671.0,877.0,1206.0,2337.0,1141.0,624.0,1920.0,2509.0,924.0,2425.0,1822.0,2282.0,955.0,623.0,631.0,2218.0,1570.0,2424.0,839.0,720.0,1375.0,2433.0,1155.0,839.0,1465.0,757.0,2019.0,1117.0,000000000000000011e2,1891.21031497369,C1405W06
1313.0,2692.0,2609.0,1281.0,975.0,1843.0,1984.0,1206.0,859.0,3024.0,2752.0,1227.0,1485.0,2587.0,823.0,2638.0,2391.0,1901.0,1891.0,1459.0,2821.0,855.0,1339.0,1645.0,2490.0,1123.0,1658.0,1075.0,2795.0,2176.0,707.0,2788.0,1716.0,1146.0,1212.0,1579.0,2659.0,1606.0,1138.0,2521.0,2911.0,1204.0,2798.0,2240.0,2572.0,1028.0,1010.0,831.0,2643.0,2001.0,2868.0,1287.0,1098.0,1634.0,2754.0,1417.0,1204.0,1802.0,1288.0,2451.0,1618.0,000000000000000011e3,2352.802775603,C1405W07
1002.0,2731.0,1991.0,773.0,756.0,1680.0,1647.0,763.0,597.0,2544.0,2331.0,874.0,1174.0,2138.0,603.0,2349.0,2301.0,1480.0,1905.0,900.0,2626.0,597.0,894.0,1374.0,2051.0,874.0,1169.0,730.0,2576.0,1955.0,597.0,2452.0,1338.0,658.0,878.0,1198.0,2324.0,1129.0,612.0,1915.0,2496.0,925.0,2413.0,1805.0,2257.0,946.0,614.0,627.0,2203.0,1565.0,2419.0,840.0,709.0,1377.0,2432.0,1156.0,840.0,1464.0,745.0,2009.0,1108.0,000000000000000011e4,2317.65741113879,C1405W08
1026.0,2740.0,2064.0,803.0,792.0,1728.0,1716.0,810.0,615.0,2599.0,2401.0,897.0,1189.0,2186.0,635.0,2366.0,2308.0,1474.0,1959.0,918.0,2693.0,625.0,940.0,1393.0,2070.0,889.0,1206.0,759.0,2618.0,2015.0,612.0,2502.0,1348.0,685.0,886.0,1236.0,2360.0,1174.0,645.0,1934.0,2539.0,938.0,2469.0,1875.0,2327.0,979.0,645.0,652.0,2250.0,1588.0,2439.0,849.0,750.0,1394.0,2423.0,1172.0,851.0,1476.0,786.0,2033.0,1150.0,000000000000000011e5,4045.73444433166,C1405W09
1220.0,2720.0,2459.0,1089.0,954.0,1858.0,1935.0,1105.0,783.0,2887.0,2686.0,1107.0,1412.0,2447.0,770.0,2565.0,2385.0,1746.0,1966.0,1304.0,2815.0,769.0,1206.0,1593.0,2369.0,1073.0,1589.0,931.0,2747.0,2125.0,679.0,2739.0,1582.0,990.0,1097.0,1501.0,2556.0,1501.0,985.0,2330.0,2797.0,1120.0,2736.0,2152.0,2525.0,1026.0,881.0,760.0,2515.0,1857.0,2739.0,1151.0,998.0,1589.0,2623.0,1342.0,1076.0,1715.0,1101.0,2317.0,1476.0,000000000000000011e7,3332.15942539306,C1405W57
1060.0,2771.0,2115.0,840.0,829.0,1767.0,1757.0,849.0,643.0,2638.0,2443.0,931.0,1223.0,2230.0,669.0,2397.0,2346.0,1509.0,2001.0,951.0,2739.0,653.0,982.0,1435.0,2111.0,921.0,1255.0,791.0,2655.0,2059.0,643.0,2538.0,1386.0,718.0,921.0,1277.0,2394.0,1218.0,679.0,1972.0,2578.0,979.0,2511.0,1923.0,2368.0,1018.0,673.0,683.0,2285.0,1637.0,2469.0,883.0,786.0,1434.0,2450.0,1209.0,886.0,1522.0,825.0,2067.0,1189.0,000000000000000011e8,841.440785636911,C1405W58
1265.0,2665.0,2542.0,1231.0,931.0,1808.0,1959.0,1151.0,800.0,2988.0,2738.0,1180.0,1452.0,2497.0,766.0,2642.0,2381.0,1853.0,1899.0,1403.0,2772.0,786.0,1306.0,1590.0,2456.0,1081.0,1599.0,1007.0,2777.0,2118.0,678.0,2782.0,1683.0,1096.0,1179.0,1523.0,2604.0,1557.0,1081.0,2497.0,2889.0,1157.0,2782.0,2205.0,2518.0,985.0,945.0,770.0,2610.0,1906.0,2885.0,1247.0,1071.0,1611.0,2703.0,1356.0,1166.0,1743.0,1216.0,2392.0,1581.0,000000000000000011e9,359.855046196902,C1405W65
1273.0,2652.0,2544.0,1248.0,938.0,1805.0,1955.0,1156.0,815.0,2989.0,2738.0,1187.0,1455.0,2500.0,776.0,2629.0,2379.0,1863.0,1891.0,1410.0,2761.0,804.0,1309.0,1602.0,2456.0,1090.0,1600.0,1025.0,2765.0,2114.0,687.0,2779.0,1696.0,1107.0,1192.0,1526.0,2606.0,1559.0,1092.0,2499.0,2881.0,1168.0,2779.0,2202.0,2517.0,987.0,963.0,785.0,2611.0,1922.0,2881.0,1259.0,1078.0,1613.0,2706.0,1362.0,1177.0,1756.0,1229.0,2395.0,1583.0,000000000000000011ea,413.676183282753,C1405W67
1022.0,2756.0,1981.0,782.0,771.0,1680.0,1636.0,767.0,612.0,2546.0,2317.0,898.0,1176.0,2154.0,624.0,2364.0,2343.0,1534.0,1903.0,916.0,2606.0,608.0,901.0,1397.0,2077.0,895.0,1183.0,736.0,2582.0,1949.0,618.0,2446.0,1371.0,671.0,902.0,1184.0,2319.0,1114.0,630.0,1948.0,2499.0,947.0,2410.0,1793.0,2232.0,958.0,622.0,643.0,2196.0,1586.0,2431.0,865.0,727.0,1379.0,2456.0,1187.0,865.0,1494.0,757.0,2017.0,1093.0,000000000000000011eb,642.597089997636,C1405W68
982.0,2714.0,1945.0,743.0,739.0,1651.0,1608.0,736.0,578.0,2516.0,2293.0,859.0,1148.0,2112.0,591.0,2331.0,2294.0,1479.0,1871.0,880.0,2575.0,573.0,867.0,1353.0,2035.0,859.0,1143.0,700.0,2545.0,1916.0,583.0,2419.0,1327.0,637.0,854.0,1162.0,2291.0,1089.0,596.0,1908.0,2464.0,900.0,2384.0,1762.0,2210.0,922.0,590.0,607.0,2170.0,1535.0,2400.0,819.0,688.0,1346.0,2423.0,1136.0,819.0,1444.0,719.0,1990.0,1068.0,000000000000000011ec,1700.36573645898,C1405W69
920.0,2643.0,1861.0,691.0,674.0,1561.0,1521.0,664.0,531.0,2438.0,2203.0,799.0,1087.0,2032.0,547.0,2263.0,2245.0,1438.0,1786.0,817.0,2481.0,521.0,794.0,1299.0,1973.0,799.0,1072.0,651.0,2463.0,1825.0,537.0,2347.0,1279.0,586.0,806.0,1087.0,2213.0,1015.0,547.0,1853.0,2383.0,852.0,2308.0,1668.0,2122.0,854.0,539.0,561.0,2092.0,1477.0,2339.0,775.0,635.0,1281.0,2370.0,1071.0,775.0,1388.0,664.0,1922.0,993.0,000000000000000011ed,268.231032007456,C1405W71
1339.0,2723.0,2647.0,1279.0,978.0,1878.0,2019.0,1217.0,864.0,3055.0,2787.0,1251.0,1511.0,2636.0,832.0,2649.0,2411.0,1913.0,1919.0,1483.0,2863.0,867.0,1345.0,1672.0,2507.0,1150.0,1675.0,1081.0,2821.0,2223.0,707.0,2811.0,1725.0,1138.0,1219.0,1610.0,2711.0,1627.0,1128.0,2534.0,2945.0,1219.0,2819.0,2280.0,2630.0,1038.0,1010.0,841.0,2678.0,2041.0,2873.0,1287.0,1086.0,1654.0,2789.0,1458.0,1214.0,1829.0,1287.0,2496.0,1638.0,000000000000000011ee,3236.74655227186,C1405W72
1358.0,2775.0,2655.0,1273.0,1026.0,1933.0,2075.0,1231.0,862.0,3079.0,2817.0,1267.0,1549.0,2641.0,831.0,2679.0,2469.0,1953.0,2007.0,1508.0,2881.0,851.0,1366.0,1700.0,2538.0,1169.0,1713.0,1059.0,2845.0,2279.0,710.0,2866.0,1746.0,1133.0,1252.0,1650.0,2722.0,1668.0,1123.0,2547.0,2946.0,1247.0,2863.0,2326.0,2650.0,1074.0,999.0,836.0,2686.0,2059.0,2917.0,1326.0,1097.0,1704.0,2799.0,1484.0,1242.0,1854.0,1273.0,2485.0,1670.0,000000000000000011ef,1273.86613833809,C1405W73
1033.0,2749.0,2090.0,812.0,804.0,1743.0,1733.0,824.0,619.0,2620.0,2424.0,907.0,1200.0,2203.0,645.0,2380.0,2316.0,1476.0,1975.0,926.0,2719.0,629.0,955.0,1404.0,2085.0,897.0,1224.0,764.0,2636.0,2033.0,618.0,2519.0,1356.0,693.0,890.0,1253.0,2375.0,1194.0,655.0,1948.0,2561.0,947.0,2494.0,1897.0,2350.0,990.0,648.0,658.0,2267.0,1603.0,2451.0,853.0,760.0,1408.0,2432.0,1180.0,857.0,1489.0,798.0,2051.0,1166.0,000000000000000011f0,3030.85024842814,C1405W75
948.0,2676.0,1869.0,707.0,687.0,1568.0,1528.0,677.0,546.0,2447.0,2212.0,822.0,1102.0,2045.0,562.0,2293.0,2275.0,1477.0,1798.0,835.0,2503.0,536.0,810.0,1326.0,1992.0,821.0,1090.0,665.0,2485.0,1835.0,553.0,2355.0,1306.0,603.0,838.0,1096.0,2225.0,1022.0,563.0,1870.0,2410.0,881.0,2316.0,1676.0,2124.0,872.0,550.0,577.0,2101.0,1504.0,2354.0,805.0,653.0,1294.0,2392.0,1109.0,805.0,1418.0,684.0,1935.0,994.0,000000000000000011f2,890.409316584723,C1405W77
989.0,2715.0,1929.0,738.0,732.0,1630.0,1584.0,722.0,580.0,2502.0,2269.0,870.0,1145.0,2107.0,598.0,2332.0,2314.0,1505.0,1851.0,884.0,2551.0,570.0,853.0,1364.0,2041.0,867.0,1133.0,698.0,2533.0,1891.0,591.0,2405.0,1345.0,637.0,859.0,1148.0,2272.0,1071.0,598.0,1921.0,2453.0,905.0,2371.0,1732.0,2182.0,914.0,590.0,610.0,2152.0,1541.0,2398.0,829.0,686.0,1335.0,2430.0,1141.0,829.0,1453.0,715.0,1984.0,1047.0,000000000000000011f3,1114.23376976609,C1405W78
1011.0,2743.0,2004.0,784.0,769.0,1691.0,1657.0,775.0,607.0,2555.0,2339.0,882.0,1181.0,2152.0,612.0,2359.0,2316.0,1499.0,1916.0,909.0,2636.0,607.0,909.0,1388.0,2065.0,882.0,1184.0,740.0,2587.0,1966.0,607.0,2461.0,1353.0,667.0,890.0,1204.0,2333.0,1137.0,622.0,1929.0,2507.0,935.0,2422.0,1816.0,2265.0,959.0,623.0,637.0,2211.0,1582.0,2429.0,850.0,720.0,1385.0,2443.0,1168.0,850.0,1481.0,756.0,2017.0,1116.0,000000000000000011f4,506.308137986808,C1405W80
1007.0,2734.0,1928.0,750.0,735.0,1622.0,1581.0,725.0,592.0,2501.0,2263.0,886.0,1149.0,2107.0,609.0,2348.0,2331.0,1536.0,1851.0,892.0,2561.0,582.0,859.0,1385.0,2048.0,880.0,1139.0,708.0,2546.0,1891.0,602.0,2404.0,1365.0,649.0,883.0,1141.0,2272.0,1068.0,609.0,1927.0,2467.0,926.0,2365.0,1731.0,2177.0,921.0,599.0,623.0,2150.0,1565.0,2403.0,852.0,700.0,1336.0,2442.0,1166.0,852.0,1477.0,731.0,1985.0,1038.0,000000000000000011f5,1307.55875042106,C1405W82
1302.0,2672.0,2581.0,1269.0,962.0,1829.0,1971.0,1186.0,844.0,3007.0,2743.0,1214.0,1472.0,2552.0,805.0,2629.0,2384.0,1889.0,1891.0,1442.0,2795.0,838.0,1327.0,1633.0,2475.0,1114.0,1634.0,1058.0,2780.0,2153.0,699.0,2779.0,1714.0,1130.0,1202.0,1557.0,2636.0,1587.0,1118.0,2510.0,2896.0,1188.0,2786.0,2225.0,2547.0,1012.0,993.0,816.0,2628.0,1975.0,2868.0,1273.0,1088.0,1626.0,2733.0,1399.0,1191.0,1790.0,1265.0,2428.0,1604.0,000000000000000011f6,2909.29517883055,C1405W83
1004.0,2733.0,1930.0,750.0,739.0,1630.0,1588.0,729.0,596.0,2508.0,2267.0,889.0,1155.0,2108.0,613.0,2349.0,2321.0,1523.0,1855.0,896.0,2564.0,586.0,860.0,1378.0,2046.0,883.0,1135.0,710.0,2551.0,1894.0,603.0,2410.0,1359.0,653.0,870.0,1150.0,2275.0,1077.0,613.0,1927.0,2470.0,912.0,2373.0,1736.0,2184.0,921.0,606.0,626.0,2154.0,1555.0,2407.0,840.0,702.0,1340.0,2443.0,1157.0,840.0,1467.0,731.0,1991.0,1049.0,000000000000000011f7,3592.63579415343,C1405W84
967.0,2661.0,2058.0,766.0,762.0,1705.0,1691.0,780.0,569.0,2571.0,2404.0,836.0,1141.0,2133.0,606.0,2306.0,2183.0,1372.0,1902.0,864.0,2701.0,582.0,914.0,1324.0,2003.0,823.0,1176.0,720.0,2578.0,1945.0,566.0,2467.0,1252.0,652.0,823.0,1205.0,2311.0,1162.0,603.0,1856.0,2522.0,880.0,2459.0,1854.0,2322.0,935.0,609.0,609.0,2219.0,1530.0,2375.0,784.0,723.0,1343.0,2326.0,1108.0,782.0,1416.0,764.0,1983.0,1135.0,000000000000000011f8,1022.08013630044,C1405W88
975.0,2699.0,2013.0,761.0,745.0,1680.0,1670.0,765.0,580.0,2558.0,2362.0,850.0,1150.0,2129.0,599.0,2328.0,2245.0,1413.0,1909.0,869.0,2660.0,589.0,890.0,1338.0,2013.0,840.0,1150.0,721.0,2582.0,1967.0,569.0,2462.0,1292.0,645.0,832.0,1198.0,2322.0,1133.0,608.0,1877.0,2504.0,879.0,2425.0,1825.0,2293.0,928.0,608.0,618.0,2214.0,1526.0,2395.0,796.0,710.0,1351.0,2376.0,1119.0,796.0,1415.0,747.0,1991.0,1112.0,000000000000000011f9,2983.03362918946,C1405W89
987.0,2716.0,1933.0,739.0,736.0,1640.0,1592.0,726.0,580.0,2510.0,2276.0,868.0,1147.0,2112.0,598.0,2334.0,2312.0,1499.0,1858.0,885.0,2555.0,571.0,857.0,1361.0,2043.0,866.0,1137.0,699.0,2536.0,1898.0,590.0,2411.0,1341.0,637.0,855.0,1154.0,2277.0,1075.0,599.0,1923.0,2455.0,903.0,2380.0,1741.0,2187.0,917.0,590.0,610.0,2157.0,1538.0,2402.0,825.0,686.0,1338.0,2432.0,1138.0,825.0,1450.0,714.0,1987.0,1054.0,000000000000000011fb,862.722152627941,C1405W92
1021.0,2739.0,2076.0,800.0,793.0,1731.0,1721.0,812.0,610.0,2609.0,2413.0,894.0,1188.0,2188.0,635.0,2372.0,2300.0,1460.0,1962.0,914.0,2710.0,619.0,943.0,1389.0,2071.0,885.0,1212.0,753.0,2626.0,2020.0,607.0,2508.0,1342.0,682.0,877.0,1241.0,2365.0,1183.0,644.0,1934.0,2553.0,932.0,2483.0,1885.0,2341.0,977.0,638.0,648.0,2257.0,1587.0,2440.0,840.0,749.0,1395.0,2421.0,1166.0,845.0,1474.0,787.0,2041.0,1154.0,000000000000000011fc,3350.67121300793,C1405W93
1296.0,2664.0,2569.0,1259.0,956.0,1820.0,1965.0,1175.0,830.0,3002.0,2744.0,1206.0,1470.0,2533.0,794.0,2632.0,2390.0,1881.0,1896.0,1431.0,2781.0,823.0,1324.0,1623.0,2473.0,1110.0,1623.0,1044.0,2777.0,2136.0,697.0,2781.0,1713.0,1123.0,1202.0,1547.0,2623.0,1579.0,1109.0,2513.0,2894.0,1182.0,2785.0,2218.0,2533.0,1004.0,979.0,802.0,2623.0,1954.0,2879.0,1270.0,1088.0,1630.0,2723.0,1387.0,1187.0,1781.0,1252.0,2413.0,1601.0,000000000000000011fd,2268.22335780512,C1405W94
908.0,2632.0,1849.0,684.0,665.0,1553.0,1514.0,655.0,524.0,2429.0,2194.0,788.0,1078.0,2021.0,541.0,2253.0,2231.0,1424.0,1777.0,806.0,2470.0,515.0,784.0,1287.0,1960.0,788.0,1060.0,643.0,2453.0,1816.0,528.0,2337.0,1267.0,580.0,795.0,1078.0,2204.0,1007.0,541.0,1840.0,2373.0,840.0,2299.0,1660.0,2114.0,844.0,532.0,555.0,2083.0,1464.0,2329.0,764.0,628.0,1271.0,2359.0,1059.0,764.0,1375.0,657.0,1912.0,984.0,000000000000000011fe,406.639028806536,C1405W96
1298.0,2680.0,2589.0,1269.0,963.0,1831.0,1975.0,1192.0,846.0,3010.0,2742.0,1213.0,1476.0,2563.0,808.0,2632.0,2380.0,1885.0,1885.0,1444.0,2805.0,840.0,1329.0,1628.0,2475.0,1110.0,1641.0,1059.0,2784.0,2160.0,698.0,2781.0,1702.0,1130.0,1199.0,1566.0,2644.0,1593.0,1121.0,2508.0,2899.0,1188.0,2788.0,2229.0,2557.0,1017.0,996.0,817.0,2631.0,1978.0,2863.0,1272.0,1086.0,1624.0,2740.0,1400.0,1191.0,1784.0,1268.0,2436.0,1607.0,000000000000000011ff,591.347565826244,C1405W97
1064.0,2794.0,2039.0,825.0,807.0,1730.0,1693.0,814.0,645.0,2591.0,2370.0,929.0,1213.0,2201.0,660.0,2400.0,2372.0,1562.0,1956.0,952.0,2673.0,646.0,951.0,1435.0,2115.0,929.0,1233.0,780.0,2630.0,2007.0,651.0,2491.0,1402.0,713.0,944.0,1227.0,2362.0,1164.0,670.0,1979.0,2547.0,992.0,2455.0,1854.0,2285.0,1002.0,658.0,676.0,2238.0,1632.0,2461.0,902.0,772.0,1421.0,2479.0,1226.0,902.0,1535.0,805.0,2049.0,1142.0,00000000000000001200,854.114446309173,C1405W98
877.0,2601.0,1866.0,681.0,656.0,1579.0,1558.0,665.0,510.0,2442.0,2252.0,754.0,1082.0,2012.0,516.0,2233.0,2159.0,1338.0,1801.0,781.0,2512.0,510.0,796.0,1243.0,1917.0,754.0,1057.0,642.0,2455.0,1848.0,495.0,2353.0,1206.0,570.0,759.0,1111.0,2236.0,1048.0,525.0,1781.0,2378.0,804.0,2310.0,1705.0,2183.0,838.0,535.0,540.0,2117.0,1430.0,2309.0,723.0,616.0,1279.0,2319.0,1020.0,723.0,1328.0,652.0,1921.0,1021.0,00000000000000001201,61.0488262047378,C1406C01
786.0,2465.0,1750.0,623.0,570.0,1461.0,1452.0,588.0,448.0,2333.0,2137.0,663.0,979.0,1889.0,453.0,2113.0,2037.0,1243.0,1686.0,683.0,2394.0,448.0,707.0,1157.0,1792.0,654.0,960.0,580.0,2329.0,1760.0,429.0,2242.0,1119.0,500.0,684.0,1017.0,2112.0,946.0,463.0,1660.0,2252.0,730.0,2205.0,1598.0,2078.0,748.0,468.0,486.0,2014.0,1344.0,2204.0,653.0,555.0,1181.0,2195.0,919.0,648.0,1233.0,592.0,1801.0,922.0,00000000000000001202,48.2804496963792,C1406C02
908.0,2636.0,1899.0,702.0,678.0,1610.0,1587.0,688.0,529.0,2472.0,2278.0,783.0,1104.0,2045.0,535.0,2264.0,2195.0,1371.0,1833.0,807.0,2544.0,530.0,819.0,1276.0,1951.0,783.0,1080.0,660.0,2489.0,1882.0,516.0,2385.0,1238.0,591.0,782.0,1134.0,2262.0,1070.0,545.0,1815.0,2411.0,828.0,2341.0,1736.0,2208.0,862.0,554.0,558.0,2144.0,1461.0,2341.0,745.0,637.0,1303.0,2350.0,1052.0,745.0,1361.0,674.0,1946.0,1040.0,00000000000000001203,170.232602423053,C1406C03
817.0,2528.0,1764.0,627.0,597.0,1492.0,1465.0,594.0,468.0,2355.0,2148.0,700.0,1016.0,1925.0,475.0,2169.0,2101.0,1306.0,1712.0,720.0,2390.0,468.0,716.0,1190.0,1849.0,698.0,978.0,586.0,2368.0,1757.0,462.0,2258.0,1167.0,521.0,716.0,1032.0,2152.0,961.0,484.0,1723.0,2284.0,763.0,2223.0,1609.0,2081.0,770.0,480.0,499.0,2021.0,1371.0,2235.0,686.0,569.0,1208.0,2263.0,960.0,686.0,1274.0,606.0,1844.0,935.0,00000000000000001204,53.1799074574789,C1406C04
818.0,2528.0,1753.0,624.0,597.0,1481.0,1449.0,589.0,467.0,2341.0,2121.0,700.0,1007.0,1922.0,475.0,2164.0,2116.0,1321.0,1702.0,719.0,2371.0,464.0,712.0,1192.0,1857.0,700.0,980.0,584.0,2359.0,1742.0,460.0,2245.0,1172.0,521.0,721.0,1016.0,2131.0,944.0,483.0,1731.0,2273.0,764.0,2207.0,1593.0,2049.0,770.0,475.0,496.0,1999.0,1372.0,2230.0,689.0,568.0,1196.0,2266.0,965.0,689.0,1278.0,603.0,1831.0,916.0,00000000000000001205,80.063600123475,C1406C05
910.0,2620.0,1939.0,720.0,696.0,1607.0,1596.0,715.0,537.0,2493.0,2291.0,787.0,1082.0,2049.0,556.0,2259.0,2161.0,1338.0,1829.0,807.0,2588.0,546.0,836.0,1269.0,1936.0,778.0,1109.0,675.0,2506.0,1884.0,522.0,2388.0,1224.0,604.0,780.0,1135.0,2248.0,1077.0,566.0,1803.0,2429.0,831.0,2359.0,1752.0,2224.0,874.0,565.0,574.0,2142.0,1461.0,2324.0,745.0,666.0,1285.0,2308.0,1049.0,749.0,1350.0,702.0,1928.0,1051.0,00000000000000001206,70.0568129306052,C1406C09
835.0,2474.0,1878.0,677.0,637.0,1538.0,1533.0,656.0,477.0,2394.0,2223.0,700.0,1002.0,1948.0,495.0,2125.0,2003.0,1232.0,1739.0,732.0,2517.0,492.0,791.0,1186.0,1820.0,690.0,1054.0,630.0,2394.0,1780.0,462.0,2296.0,1112.0,545.0,729.0,1066.0,2132.0,1022.0,495.0,1676.0,2333.0,788.0,2292.0,1689.0,2148.0,805.0,519.0,519.0,2044.0,1395.0,2202.0,692.0,609.0,1204.0,2155.0,974.0,688.0,1279.0,655.0,1809.0,998.0,00000000000000001207,166.278243400184,C1406F01
825.0,2537.0,1781.0,635.0,602.0,1504.0,1479.0,604.0,473.0,2371.0,2163.0,706.0,1026.0,1939.0,484.0,2177.0,2110.0,1308.0,1725.0,727.0,2412.0,473.0,725.0,1198.0,1858.0,704.0,989.0,594.0,2380.0,1774.0,464.0,2275.0,1171.0,532.0,718.0,1046.0,2163.0,974.0,493.0,1730.0,2298.0,764.0,2242.0,1624.0,2096.0,779.0,487.0,506.0,2037.0,1380.0,2248.0,687.0,580.0,1220.0,2269.0,967.0,687.0,1281.0,617.0,1853.0,950.0,00000000000000001208,382.05444881959,C1406F02
756.0,2402.0,1739.0,619.0,559.0,1437.0,1430.0,577.0,429.0,2312.0,2112.0,622.0,934.0,1848.0,440.0,2046.0,1960.0,1184.0,1655.0,651.0,2374.0,438.0,699.0,1118.0,1729.0,622.0,979.0,573.0,2288.0,1708.0,405.0,2197.0,1071.0,487.0,676.0,989.0,2066.0,928.0,447.0,1597.0,2213.0,727.0,2171.0,1582.0,2048.0,734.0,458.0,468.0,1958.0,1317.0,2134.0,639.0,552.0,1138.0,2114.0,895.0,636.0,1202.0,589.0,1738.0,901.0,00000000000000001209,197.644111169941,C1406F04
1338.0,2715.0,2641.0,1284.0,981.0,1868.0,2007.0,1218.0,870.0,3043.0,2774.0,1250.0,1505.0,2630.0,836.0,2643.0,2405.0,1914.0,1907.0,1484.0,2854.0,871.0,1343.0,1671.0,2502.0,1149.0,1673.0,1086.0,2811.0,2211.0,710.0,2800.0,1725.0,1144.0,1219.0,1606.0,2699.0,1624.0,1136.0,2530.0,2931.0,1219.0,2808.0,2265.0,2616.0,1039.0,1017.0,845.0,2667.0,2039.0,2863.0,1290.0,1092.0,1649.0,2779.0,1455.0,1214.0,1828.0,1293.0,2486.0,1634.0,0000000000000000120b,147.678017416613,C1406F09
1057.0,2712.0,2197.0,831.0,869.0,1820.0,1811.0,885.0,629.0,2680.0,2534.0,923.0,1249.0,2236.0,683.0,2359.0,2264.0,1475.0,2008.0,961.0,2795.0,647.0,1029.0,1437.0,2111.0,904.0,1285.0,785.0,2645.0,2036.0,645.0,2576.0,1342.0,730.0,900.0,1306.0,2409.0,1278.0,674.0,1957.0,2604.0,970.0,2585.0,1969.0,2448.0,1046.0,674.0,674.0,2332.0,1656.0,2472.0,854.0,801.0,1446.0,2406.0,1200.0,864.0,1542.0,841.0,2083.0,1241.0,0000000000000000120c,80.6820257485345,C1406F11
885.0,2599.0,1887.0,700.0,670.0,1574.0,1560.0,689.0,520.0,2457.0,2253.0,757.0,1059.0,2016.0,535.0,2236.0,2138.0,1329.0,1794.0,781.0,2541.0,527.0,811.0,1244.0,1906.0,748.0,1070.0,653.0,2470.0,1849.0,502.0,2354.0,1203.0,586.0,760.0,1108.0,2218.0,1044.0,544.0,1780.0,2391.0,807.0,2328.0,1713.0,2186.0,849.0,548.0,557.0,2115.0,1436.0,2302.0,731.0,645.0,1262.0,2296.0,1019.0,731.0,1325.0,675.0,1908.0,1023.0,0000000000000000120d,132.860807977992,C1406P01
697.0,2382.0,1611.0,540.0,505.0,1372.0,1354.0,505.0,381.0,2191.0,2009.0,584.0,888.0,1762.0,396.0,2035.0,1952.0,1169.0,1591.0,603.0,2252.0,381.0,614.0,1067.0,1696.0,584.0,869.0,502.0,2223.0,1637.0,375.0,2107.0,1038.0,450.0,633.0,907.0,2008.0,841.0,405.0,1573.0,2148.0,670.0,2060.0,1482.0,1952.0,668.0,398.0,409.0,1895.0,1236.0,2089.0,597.0,487.0,1075.0,2097.0,836.0,596.0,1142.0,524.0,1714.0,812.0,0000000000000000120e,58.2442151288928,C1406P03
828.0,2508.0,1834.0,669.0,624.0,1514.0,1504.0,642.0,481.0,2401.0,2189.0,705.0,1008.0,1948.0,500.0,2151.0,2057.0,1257.0,1735.0,724.0,2476.0,490.0,766.0,1192.0,1831.0,696.0,1037.0,622.0,2397.0,1790.0,465.0,2295.0,1145.0,546.0,729.0,1058.0,2147.0,1002.0,509.0,1697.0,2321.0,783.0,2270.0,1655.0,2122.0,800.0,509.0,518.0,2042.0,1381.0,2229.0,692.0,611.0,1207.0,2211.0,969.0,695.0,1270.0,648.0,1824.0,977.0,0000000000000000120f,18.6180119934163,C1406P07
852.0,2458.0,1911.0,691.0,667.0,1580.0,1570.0,686.0,489.0,2418.0,2256.0,723.0,1027.0,1949.0,523.0,2115.0,1979.0,1240.0,1765.0,759.0,2531.0,507.0,824.0,1203.0,1828.0,704.0,1081.0,645.0,2393.0,1792.0,478.0,2317.0,1113.0,568.0,735.0,1090.0,2144.0,1062.0,514.0,1678.0,2345.0,797.0,2326.0,1720.0,2181.0,833.0,535.0,535.0,2069.0,1415.0,2216.0,690.0,632.0,1227.0,2152.0,990.0,699.0,1304.0,677.0,1827.0,1027.0,00000000000000001210,63.9440733079851,C1406P10
1066.0,2790.0,2042.0,825.0,807.0,1732.0,1697.0,815.0,646.0,2593.0,2373.0,931.0,1212.0,2202.0,660.0,2398.0,2371.0,1560.0,1958.0,955.0,2673.0,648.0,953.0,1436.0,2115.0,931.0,1232.0,781.0,2628.0,2008.0,652.0,2493.0,1402.0,714.0,943.0,1229.0,2363.0,1166.0,670.0,1979.0,2546.0,992.0,2457.0,1856.0,2289.0,1003.0,659.0,677.0,2240.0,1632.0,2461.0,901.0,772.0,1420.0,2479.0,1227.0,901.0,1535.0,806.0,2050.0,1143.0,00000000000000001211,212.510547975417,C1406P11
676.0,2280.0,1621.0,565.0,482.0,1335.0,1338.0,501.0,365.0,2178.0,2017.0,542.0,847.0,1722.0,379.0,1930.0,1820.0,1068.0,1553.0,568.0,2267.0,378.0,630.0,1022.0,1591.0,539.0,908.0,516.0,2168.0,1597.0,349.0,2060.0,964.0,428.0,626.0,904.0,1958.0,846.0,382.0,1462.0,2096.0,673.0,2053.0,1481.0,1967.0,654.0,400.0,404.0,1843.0,1226.0,1994.0,584.0,489.0,1049.0,1971.0,815.0,581.0,1102.0,534.0,1614.0,813.0,00000000000000001212,86.0191408656637,C1406P13
811.0,2426.0,1867.0,667.0,631.0,1559.0,1552.0,650.0,460.0,2395.0,2237.0,680.0,998.0,1905.0,489.0,2077.0,1934.0,1204.0,1752.0,718.0,2508.0,479.0,791.0,1167.0,1777.0,661.0,1054.0,620.0,2360.0,1781.0,446.0,2288.0,1076.0,535.0,707.0,1064.0,2117.0,1035.0,480.0,1629.0,2319.0,777.0,2297.0,1711.0,2155.0,806.0,507.0,507.0,2041.0,1382.0,2184.0,661.0,606.0,1206.0,2118.0,952.0,670.0,1270.0,646.0,1795.0,998.0,00000000000000001213,70.0206142788963,C1406P14
754.0,2379.0,1753.0,625.0,555.0,1445.0,1444.0,573.0,424.0,2306.0,2122.0,621.0,924.0,1849.0,433.0,2029.0,1925.0,1163.0,1649.0,650.0,2383.0,434.0,706.0,1106.0,1712.0,612.0,980.0,568.0,2277.0,1704.0,400.0,2185.0,1047.0,480.0,668.0,990.0,2052.0,934.0,433.0,1584.0,2212.0,723.0,2176.0,1594.0,2054.0,725.0,463.0,463.0,1948.0,1317.0,2109.0,631.0,545.0,1132.0,2078.0,888.0,638.0,1202.0,592.0,1717.0,907.0,00000000000000001214,40.1625749113288,C1406P17
947.0,2633.0,2025.0,749.0,740.0,1679.0,1663.0,759.0,554.0,2549.0,2370.0,816.0,1115.0,2105.0,586.0,2280.0,2158.0,1350.0,1880.0,844.0,2668.0,566.0,890.0,1299.0,1974.0,805.0,1155.0,703.0,2549.0,1924.0,551.0,2441.0,1230.0,632.0,807.0,1179.0,2281.0,1135.0,584.0,1829.0,2492.0,862.0,2433.0,1828.0,2287.0,914.0,593.0,593.0,2188.0,1502.0,2352.0,770.0,704.0,1317.0,2305.0,1087.0,765.0,1390.0,743.0,1957.0,1108.0,00000000000000001215,73.8351532993027,C1406P18
854.0,2473.0,1917.0,695.0,670.0,1585.0,1576.0,689.0,493.0,2426.0,2264.0,725.0,1030.0,1959.0,523.0,2128.0,1992.0,1245.0,1774.0,758.0,2543.0,511.0,827.0,1208.0,1837.0,706.0,1085.0,649.0,2408.0,1802.0,479.0,2325.0,1120.0,569.0,737.0,1094.0,2152.0,1063.0,514.0,1686.0,2357.0,800.0,2334.0,1729.0,2189.0,836.0,539.0,539.0,2073.0,1420.0,2227.0,693.0,633.0,1231.0,2162.0,992.0,702.0,1305.0,678.0,1831.0,1030.0,00000000000000001216,57.2307980573583,C1406P19
730.0,2381.0,1710.0,598.0,533.0,1417.0,1415.0,550.0,406.0,2292.0,2097.0,595.0,914.0,1820.0,419.0,2022.0,1924.0,1153.0,1632.0,624.0,2358.0,415.0,673.0,1092.0,1693.0,595.0,955.0,549.0,2263.0,1680.0,384.0,2173.0,1045.0,466.0,662.0,969.0,2049.0,903.0,420.0,1565.0,2190.0,709.0,2152.0,1562.0,2038.0,703.0,435.0,445.0,1932.0,1296.0,2108.0,625.0,532.0,1118.0,2082.0,865.0,617.0,1179.0,570.0,1708.0,875.0,00000000000000001217,88.2168204400891,C1406P21
915.0,2536.0,2013.0,746.0,747.0,1686.0,1668.0,756.0,540.0,2520.0,2381.0,782.0,1122.0,2037.0,584.0,2186.0,2055.0,1317.0,1865.0,820.0,2638.0,568.0,913.0,1276.0,1917.0,763.0,1172.0,699.0,2474.0,1893.0,540.0,2421.0,1181.0,630.0,797.0,1177.0,2243.0,1145.0,575.0,1760.0,2449.0,870.0,2436.0,1832.0,2286.0,927.0,587.0,591.0,2181.0,1504.0,2321.0,747.0,705.0,1312.0,2229.0,1068.0,757.0,1385.0,742.0,1914.0,1112.0,00000000000000001218,72.4365244537601,C1406P22
935.0,2561.0,2029.0,755.0,759.0,1685.0,1676.0,768.0,551.0,2535.0,2383.0,802.0,1128.0,2064.0,594.0,2213.0,2092.0,1334.0,1871.0,840.0,2646.0,573.0,918.0,1296.0,1935.0,784.0,1180.0,709.0,2495.0,1899.0,550.0,2435.0,1202.0,640.0,802.0,1183.0,2256.0,1156.0,585.0,1789.0,2457.0,874.0,2445.0,1834.0,2298.0,937.0,598.0,598.0,2184.0,1517.0,2333.0,757.0,714.0,1321.0,2260.0,1080.0,766.0,1400.0,751.0,1934.0,1119.0,00000000000000001219,60.1162726848212,C1406P23
799.0,2434.0,1830.0,651.0,604.0,1505.0,1500.0,623.0,449.0,2362.0,2186.0,662.0,972.0,1907.0,469.0,2083.0,1969.0,1201.0,1707.0,695.0,2472.0,463.0,756.0,1153.0,1773.0,653.0,1027.0,600.0,2349.0,1755.0,433.0,2256.0,1082.0,516.0,704.0,1034.0,2101.0,987.0,465.0,1636.0,2291.0,760.0,2251.0,1658.0,2114.0,773.0,491.0,491.0,2007.0,1365.0,2168.0,664.0,580.0,1174.0,2122.0,937.0,659.0,1248.0,626.0,1774.0,964.0,0000000000000000121a,72.7060782626899,C1406P24
756.0,2473.0,1658.0,575.0,546.0,1418.0,1379.0,543.0,422.0,2258.0,2027.0,655.0,944.0,1844.0,442.0,2103.0,2081.0,1281.0,1646.0,657.0,2289.0,418.0,660.0,1149.0,1805.0,646.0,922.0,535.0,2278.0,1677.0,430.0,2158.0,1130.0,490.0,700.0,949.0,2048.0,868.0,443.0,1677.0,2201.0,737.0,2128.0,1512.0,1957.0,720.0,432.0,453.0,1931.0,1309.0,2177.0,660.0,530.0,1127.0,2209.0,911.0,660.0,1220.0,558.0,1767.0,839.0,0000000000000000121b,95.7663667528259,C1406P25
959.0,2652.0,2030.0,747.0,742.0,1683.0,1670.0,761.0,560.0,2554.0,2379.0,828.0,1127.0,2122.0,594.0,2297.0,2186.0,1369.0,1888.0,857.0,2675.0,569.0,891.0,1314.0,1988.0,819.0,1160.0,701.0,2560.0,1941.0,554.0,2447.0,1249.0,640.0,818.0,1191.0,2300.0,1140.0,594.0,1846.0,2502.0,871.0,2432.0,1832.0,2294.0,913.0,597.0,597.0,2203.0,1517.0,2363.0,782.0,708.0,1332.0,2321.0,1101.0,773.0,1406.0,751.0,1974.0,1117.0,0000000000000000121c,85.3358349543537,C1406P26
826.0,2491.0,1858.0,672.0,625.0,1527.0,1518.0,644.0,474.0,2412.0,2209.0,694.0,994.0,1958.0,492.0,2137.0,2034.0,1245.0,1741.0,720.0,2503.0,484.0,777.0,1186.0,1825.0,684.0,1052.0,620.0,2397.0,1794.0,454.0,2302.0,1124.0,539.0,729.0,1057.0,2140.0,1001.0,494.0,1689.0,2331.0,784.0,2289.0,1680.0,2135.0,798.0,510.0,513.0,2042.0,1391.0,2221.0,692.0,604.0,1200.0,2186.0,968.0,688.0,1278.0,648.0,1817.0,982.0,0000000000000000121d,40.8451702185448,C1406P30
858.0,2554.0,1874.0,687.0,651.0,1549.0,1540.0,669.0,499.0,2443.0,2227.0,735.0,1034.0,1984.0,523.0,2192.0,2097.0,1285.0,1772.0,754.0,2521.0,508.0,791.0,1220.0,1869.0,726.0,1067.0,640.0,2440.0,1827.0,487.0,2335.0,1173.0,569.0,752.0,1086.0,2184.0,1030.0,532.0,1735.0,2364.0,806.0,2307.0,1694.0,2160.0,828.0,527.0,536.0,2079.0,1412.0,2269.0,715.0,635.0,1236.0,2250.0,999.0,715.0,1300.0,672.0,1860.0,1003.0,0000000000000000121e,62.8660264289116,C1406P35
738.0,2389.0,1730.0,610.0,539.0,1432.0,1428.0,558.0,415.0,2305.0,2111.0,601.0,922.0,1838.0,427.0,2030.0,1934.0,1156.0,1645.0,634.0,2374.0,424.0,686.0,1096.0,1705.0,600.0,967.0,561.0,2279.0,1694.0,392.0,2186.0,1043.0,475.0,669.0,982.0,2056.0,919.0,428.0,1576.0,2203.0,722.0,2167.0,1583.0,2050.0,711.0,448.0,454.0,1944.0,1306.0,2115.0,635.0,542.0,1129.0,2087.0,879.0,632.0,1185.0,581.0,1715.0,890.0,0000000000000000121f,35.9065921444252,C1406P39
683.0,2321.0,1617.0,553.0,485.0,1345.0,1340.0,502.0,368.0,2190.0,2011.0,559.0,852.0,1738.0,381.0,1974.0,1861.0,1101.0,1562.0,579.0,2268.0,378.0,623.0,1038.0,1623.0,550.0,896.0,506.0,2199.0,1617.0,357.0,2083.0,990.0,428.0,615.0,904.0,1973.0,838.0,390.0,1498.0,2113.0,662.0,2059.0,1479.0,1959.0,656.0,397.0,406.0,1857.0,1224.0,2029.0,578.0,483.0,1052.0,2019.0,816.0,578.0,1110.0,529.0,1649.0,808.0,00000000000000001220,90.0050847699465,C1406P41
710.0,2371.0,1657.0,569.0,512.0,1386.0,1376.0,524.0,388.0,2241.0,2059.0,581.0,890.0,1782.0,403.0,2018.0,1911.0,1142.0,1607.0,607.0,2311.0,397.0,642.0,1069.0,1677.0,578.0,906.0,522.0,2236.0,1662.0,370.0,2141.0,1028.0,449.0,632.0,937.0,2024.0,870.0,412.0,1545.0,2162.0,677.0,2104.0,1521.0,2001.0,679.0,417.0,426.0,1909.0,1255.0,2086.0,596.0,510.0,1090.0,2080.0,842.0,595.0,1142.0,549.0,1699.0,842.0,00000000000000001221,72.958702986151,C1406P43
930.0,2654.0,1889.0,702.0,688.0,1597.0,1557.0,684.0,540.0,2468.0,2241.0,809.0,1107.0,2056.0,551.0,2279.0,2244.0,1432.0,1818.0,829.0,2510.0,534.0,813.0,1307.0,1983.0,809.0,1089.0,660.0,2484.0,1859.0,545.0,2372.0,1283.0,595.0,810.0,1119.0,2245.0,1045.0,555.0,1857.0,2405.0,859.0,2340.0,1706.0,2163.0,871.0,552.0,569.0,2119.0,1486.0,2354.0,779.0,643.0,1302.0,2379.0,1079.0,779.0,1394.0,676.0,1943.0,1023.0,00000000000000001222,243.672656172097,C1406W01
1158.0,2741.0,2342.0,967.0,990.0,1870.0,1859.0,1055.0,777.0,2743.0,2608.0,1016.0,1344.0,2359.0,781.0,2449.0,2369.0,1609.0,1998.0,1161.0,2831.0,771.0,1119.0,1577.0,2253.0,1047.0,1558.0,879.0,2684.0,2067.0,734.0,2648.0,1474.0,893.0,1023.0,1431.0,2468.0,1394.0,883.0,2133.0,2686.0,1090.0,2652.0,2041.0,2489.0,1124.0,830.0,767.0,2388.0,1787.0,2552.0,1046.0,936.0,1535.0,2488.0,1302.0,985.0,1675.0,991.0,2194.0,1326.0,00000000000000001223,338.110447766656,C1406W04
932.0,2663.0,1944.0,725.0,709.0,1634.0,1617.0,724.0,550.0,2502.0,2309.0,804.0,1111.0,2076.0,566.0,2293.0,2203.0,1380.0,1855.0,831.0,2597.0,560.0,851.0,1291.0,1968.0,798.0,1108.0,684.0,2530.0,1904.0,538.0,2405.0,1252.0,619.0,802.0,1153.0,2281.0,1089.0,575.0,1841.0,2450.0,847.0,2375.0,1766.0,2240.0,889.0,579.0,584.0,2170.0,1481.0,2354.0,769.0,676.0,1310.0,2353.0,1070.0,770.0,1373.0,705.0,1965.0,1067.0,00000000000000001224,466.636860829122,C1406W06
941.0,2674.0,1952.0,727.0,717.0,1645.0,1626.0,730.0,554.0,2509.0,2315.0,814.0,1125.0,2087.0,568.0,2303.0,2219.0,1392.0,1867.0,842.0,2601.0,564.0,861.0,1300.0,1980.0,811.0,1121.0,687.0,2538.0,1915.0,545.0,2416.0,1262.0,623.0,811.0,1161.0,2291.0,1100.0,577.0,1853.0,2455.0,857.0,2382.0,1775.0,2246.0,900.0,583.0,585.0,2176.0,1489.0,2367.0,777.0,679.0,1324.0,2371.0,1082.0,778.0,1384.0,707.0,1976.0,1075.0,00000000000000001225,309.134595109432,C1406W07
795.0,2414.0,1833.0,652.0,603.0,1506.0,1504.0,622.0,446.0,2346.0,2188.0,656.0,975.0,1889.0,467.0,2066.0,1941.0,1186.0,1699.0,692.0,2472.0,465.0,756.0,1148.0,1761.0,646.0,1019.0,605.0,2340.0,1740.0,433.0,2245.0,1069.0,516.0,696.0,1035.0,2089.0,998.0,461.0,1617.0,2283.0,755.0,2247.0,1658.0,2117.0,770.0,493.0,493.0,2000.0,1363.0,2152.0,654.0,580.0,1175.0,2100.0,929.0,655.0,1242.0,625.0,1760.0,970.0,00000000000000001227,228.012734794106,C1406X01
1157.0,2740.0,2335.0,958.0,982.0,1867.0,1857.0,1049.0,770.0,2740.0,2602.0,1014.0,1338.0,2353.0,775.0,2448.0,2363.0,1606.0,1997.0,1161.0,2830.0,762.0,1111.0,1573.0,2245.0,1046.0,1546.0,870.0,2684.0,2067.0,725.0,2646.0,1469.0,888.0,1016.0,1425.0,2465.0,1388.0,878.0,2126.0,2684.0,1081.0,2647.0,2039.0,2484.0,1115.0,822.0,757.0,2381.0,1781.0,2548.0,1038.0,931.0,1527.0,2487.0,1300.0,978.0,1672.0,987.0,2192.0,1320.0,00000000000000001228,259.082356516679,C1406X02
1014.0,2698.0,2119.0,800.0,809.0,1760.0,1750.0,827.0,599.0,2612.0,2459.0,882.0,1187.0,2181.0,641.0,2344.0,2223.0,1414.0,1949.0,910.0,2757.0,615.0,965.0,1374.0,2055.0,865.0,1221.0,754.0,2619.0,1988.0,599.0,2516.0,1294.0,687.0,858.0,1252.0,2358.0,1213.0,634.0,1904.0,2569.0,918.0,2513.0,1908.0,2380.0,978.0,643.0,643.0,2270.0,1584.0,2417.0,815.0,753.0,1390.0,2366.0,1155.0,820.0,1466.0,797.0,2025.0,1185.0,00000000000000001229,270.284105144439,C1406X03
828.0,2473.0,1889.0,673.0,639.0,1556.0,1551.0,658.0,468.0,2411.0,2241.0,693.0,1006.0,1942.0,492.0,2122.0,1986.0,1225.0,1748.0,726.0,2534.0,486.0,798.0,1188.0,1818.0,679.0,1060.0,626.0,2401.0,1785.0,457.0,2308.0,1104.0,542.0,721.0,1071.0,2137.0,1034.0,487.0,1665.0,2345.0,784.0,2312.0,1706.0,2165.0,807.0,514.0,514.0,2052.0,1403.0,2208.0,680.0,606.0,1211.0,2157.0,968.0,684.0,1282.0,652.0,1806.0,1006.0,0000000000000000122a,42.3051002282393,C1407C02
833.0,2464.0,1895.0,682.0,650.0,1566.0,1557.0,668.0,478.0,2418.0,2244.0,703.0,1012.0,1941.0,504.0,2116.0,1978.0,1229.0,1756.0,732.0,2531.0,496.0,808.0,1192.0,1818.0,685.0,1068.0,636.0,2398.0,1789.0,462.0,2310.0,1108.0,549.0,722.0,1077.0,2136.0,1041.0,495.0,1666.0,2343.0,785.0,2319.0,1714.0,2169.0,817.0,524.0,524.0,2053.0,1405.0,2215.0,677.0,613.0,1216.0,2154.0,972.0,686.0,1286.0,658.0,1809.0,1012.0,0000000000000000122b,139.766596794334,C1407C03
863.0,2504.0,1932.0,702.0,675.0,1595.0,1586.0,694.0,498.0,2449.0,2282.0,733.0,1039.0,1980.0,527.0,2156.0,2018.0,1258.0,1790.0,761.0,2570.0,517.0,833.0,1221.0,1857.0,714.0,1092.0,656.0,2438.0,1818.0,485.0,2346.0,1138.0,573.0,746.0,1103.0,2170.0,1067.0,518.0,1705.0,2381.0,808.0,2355.0,1744.0,2207.0,842.0,545.0,545.0,2086.0,1434.0,2252.0,701.0,637.0,1242.0,2187.0,1002.0,710.0,1313.0,682.0,1841.0,1039.0,0000000000000000122c,108.241833035028,C1407C04
768.0,2398.0,1788.0,629.0,573.0,1471.0,1469.0,592.0,426.0,2328.0,2153.0,630.0,944.0,1870.0,445.0,2046.0,1935.0,1172.0,1672.0,663.0,2429.0,440.0,725.0,1123.0,1732.0,621.0,1000.0,577.0,2309.0,1722.0,409.0,2216.0,1055.0,491.0,679.0,1006.0,2070.0,958.0,441.0,1598.0,2249.0,735.0,2210.0,1625.0,2083.0,744.0,468.0,468.0,1971.0,1335.0,2133.0,640.0,556.0,1147.0,2089.0,903.0,638.0,1219.0,602.0,1736.0,932.0,0000000000000000122d,85.6735709070421,C1407C05
747.0,2329.0,1767.0,624.0,566.0,1477.0,1468.0,585.0,415.0,2297.0,2157.0,615.0,933.0,1806.0,438.0,1976.0,1834.0,1130.0,1672.0,650.0,2412.0,434.0,727.0,1092.0,1680.0,596.0,992.0,577.0,2262.0,1701.0,398.0,2189.0,999.0,485.0,661.0,1000.0,2034.0,971.0,429.0,1526.0,2221.0,731.0,2198.0,1634.0,2073.0,742.0,463.0,463.0,1957.0,1318.0,2077.0,614.0,557.0,1144.0,2010.0,890.0,624.0,1197.0,597.0,1707.0,940.0,0000000000000000122e,67.5556101241732,C1407C09
946.0,2574.0,2058.0,772.0,776.0,1723.0,1702.0,785.0,563.0,2563.0,2423.0,811.0,1155.0,2081.0,610.0,2222.0,2097.0,1354.0,1900.0,850.0,2684.0,590.0,944.0,1310.0,1961.0,792.0,1203.0,724.0,2512.0,1928.0,563.0,2462.0,1214.0,657.0,822.0,1211.0,2282.0,1177.0,601.0,1802.0,2493.0,896.0,2477.0,1868.0,2324.0,958.0,610.0,616.0,2220.0,1541.0,2363.0,770.0,733.0,1345.0,2266.0,1100.0,779.0,1422.0,770.0,1949.0,1146.0,00000000000000001230,133.952666647863,C1407F02
919.0,2538.0,2016.0,754.0,748.0,1691.0,1671.0,758.0,546.0,2523.0,2385.0,786.0,1126.0,2040.0,584.0,2188.0,2057.0,1320.0,1868.0,824.0,2643.0,574.0,915.0,1278.0,1921.0,767.0,1171.0,706.0,2477.0,1896.0,543.0,2423.0,1183.0,631.0,799.0,1182.0,2246.0,1149.0,575.0,1763.0,2454.0,873.0,2439.0,1836.0,2289.0,928.0,593.0,598.0,2185.0,1506.0,2324.0,749.0,705.0,1316.0,2230.0,1072.0,759.0,1388.0,742.0,1916.0,1117.0,00000000000000001231,110.462677619435,C1407F03
740.0,2344.0,1759.0,613.0,551.0,1446.0,1446.0,570.0,405.0,2278.0,2133.0,599.0,924.0,1826.0,429.0,1994.0,1874.0,1128.0,1642.0,637.0,2401.0,424.0,701.0,1090.0,1681.0,590.0,973.0,565.0,2268.0,1680.0,395.0,2173.0,1014.0,475.0,663.0,981.0,2036.0,943.0,420.0,1545.0,2211.0,719.0,2173.0,1605.0,2065.0,720.0,452.0,452.0,1940.0,1300.0,2087.0,626.0,539.0,1123.0,2030.0,872.0,617.0,1185.0,585.0,1699.0,915.0,00000000000000001233,243.974036644161,C1407F08
731.0,2392.0,1668.0,571.0,516.0,1401.0,1392.0,534.0,399.0,2250.0,2070.0,599.0,915.0,1809.0,408.0,2045.0,1954.0,1176.0,1623.0,627.0,2317.0,399.0,644.0,1091.0,1714.0,599.0,908.0,532.0,2260.0,1695.0,377.0,2163.0,1054.0,454.0,640.0,954.0,2042.0,887.0,418.0,1581.0,2177.0,685.0,2125.0,1539.0,2004.0,689.0,418.0,437.0,1945.0,1271.0,2126.0,612.0,509.0,1116.0,2116.0,862.0,604.0,1167.0,546.0,1734.0,858.0,00000000000000001234,63.163292876111,C1407F09
821.0,2392.0,1890.0,704.0,660.0,1615.0,1578.0,660.0,481.0,2363.0,2316.0,705.0,1051.0,1869.0,525.0,2046.0,1855.0,1188.0,1761.0,736.0,2540.0,510.0,824.0,1153.0,1768.0,676.0,1100.0,655.0,2340.0,1777.0,475.0,2260.0,1035.0,573.0,728.0,1095.0,2125.0,1060.0,496.0,1604.0,2372.0,806.0,2304.0,1756.0,2190.0,843.0,537.0,547.0,2083.0,1389.0,2162.0,660.0,640.0,1221.0,2032.0,986.0,685.0,1274.0,679.0,1792.0,1045.0,00000000000000001235,83.1827171467959,C1407F10
831.0,2449.0,1895.0,683.0,649.0,1575.0,1568.0,668.0,476.0,2418.0,2250.0,700.0,1013.0,1933.0,503.0,2101.0,1961.0,1225.0,1766.0,738.0,2526.0,495.0,808.0,1188.0,1808.0,682.0,1071.0,636.0,2383.0,1794.0,458.0,2311.0,1097.0,549.0,720.0,1079.0,2135.0,1051.0,493.0,1657.0,2338.0,786.0,2321.0,1721.0,2173.0,820.0,523.0,523.0,2060.0,1403.0,2208.0,674.0,615.0,1219.0,2142.0,971.0,683.0,1291.0,659.0,1815.0,1013.0,00000000000000001236,95.1621320297699,C1407P02
720.0,2360.0,1694.0,591.0,521.0,1403.0,1403.0,540.0,398.0,2271.0,2083.0,584.0,902.0,1802.0,410.0,2001.0,1906.0,1136.0,1617.0,614.0,2341.0,408.0,663.0,1077.0,1674.0,584.0,946.0,543.0,2242.0,1663.0,377.0,2154.0,1028.0,458.0,657.0,955.0,2033.0,893.0,410.0,1546.0,2171.0,704.0,2135.0,1547.0,2024.0,691.0,427.0,437.0,1916.0,1282.0,2088.0,620.0,524.0,1106.0,2060.0,856.0,611.0,1165.0,562.0,1690.0,863.0,00000000000000001237,99.8137471825397,C1407P03
736.0,2391.0,1729.0,609.0,540.0,1432.0,1428.0,559.0,414.0,2307.0,2110.0,599.0,921.0,1837.0,427.0,2032.0,1934.0,1159.0,1645.0,632.0,2375.0,424.0,687.0,1100.0,1705.0,599.0,970.0,560.0,2280.0,1694.0,392.0,2187.0,1047.0,474.0,670.0,981.0,2057.0,917.0,427.0,1576.0,2204.0,722.0,2168.0,1583.0,2050.0,713.0,447.0,453.0,1944.0,1309.0,2117.0,636.0,541.0,1128.0,2089.0,877.0,631.0,1188.0,580.0,1715.0,887.0,00000000000000001238,78.6472038969269,C1407P04
815.0,2393.0,1881.0,693.0,650.0,1602.0,1573.0,650.0,473.0,2369.0,2307.0,687.0,1030.0,1870.0,516.0,2047.0,1861.0,1190.0,1761.0,727.0,2533.0,502.0,816.0,1156.0,1759.0,668.0,1079.0,639.0,2340.0,1790.0,466.0,2272.0,1039.0,565.0,721.0,1088.0,2125.0,1059.0,487.0,1595.0,2355.0,806.0,2310.0,1751.0,2185.0,826.0,522.0,531.0,2076.0,1389.0,2166.0,664.0,633.0,1223.0,2046.0,978.0,683.0,1273.0,672.0,1792.0,1030.0,00000000000000001239,76.0671172267413,C1407P05
678.0,2278.0,1625.0,564.0,484.0,1339.0,1341.0,503.0,366.0,2180.0,2019.0,543.0,849.0,1727.0,380.0,1928.0,1823.0,1071.0,1557.0,571.0,2267.0,379.0,632.0,1024.0,1594.0,541.0,908.0,515.0,2166.0,1600.0,350.0,2062.0,966.0,428.0,628.0,905.0,1961.0,848.0,382.0,1465.0,2096.0,676.0,2054.0,1485.0,1968.0,655.0,401.0,405.0,1845.0,1229.0,1995.0,587.0,491.0,1051.0,1971.0,818.0,583.0,1105.0,534.0,1616.0,816.0,0000000000000000123a,67.2759299822778,C1407P07
698.0,2264.0,1678.0,589.0,506.0,1377.0,1378.0,525.0,375.0,2204.0,2067.0,556.0,865.0,1738.0,396.0,1914.0,1795.0,1071.0,1577.0,592.0,2312.0,394.0,658.0,1034.0,1600.0,547.0,929.0,533.0,2181.0,1623.0,360.0,2088.0,965.0,443.0,632.0,931.0,1970.0,885.0,388.0,1465.0,2121.0,688.0,2081.0,1530.0,2001.0,675.0,423.0,422.0,1871.0,1247.0,2002.0,595.0,507.0,1073.0,1949.0,834.0,587.0,1128.0,555.0,1628.0,856.0,0000000000000000123b,40.6809385717524,C1407P08
752.0,2410.0,1727.0,613.0,553.0,1432.0,1424.0,564.0,427.0,2310.0,2111.0,618.0,935.0,1850.0,434.0,2060.0,1964.0,1190.0,1654.0,647.0,2367.0,429.0,687.0,1116.0,1724.0,618.0,960.0,565.0,2289.0,1709.0,398.0,2196.0,1076.0,481.0,668.0,984.0,2071.0,917.0,442.0,1598.0,2214.0,714.0,2169.0,1573.0,2052.0,723.0,456.0,466.0,1955.0,1318.0,2139.0,631.0,547.0,1137.0,2127.0,885.0,630.0,1194.0,584.0,1740.0,896.0,0000000000000000123c,84.013292441947,C1407P09
893.0,2475.0,1992.0,749.0,749.0,1722.0,1666.0,747.0,540.0,2438.0,2413.0,789.0,1142.0,1954.0,597.0,2147.0,1908.0,1266.0,1834.0,817.0,2672.0,568.0,911.0,1219.0,1851.0,751.0,1197.0,701.0,2428.0,1853.0,554.0,2336.0,1107.0,643.0,791.0,1179.0,2215.0,1142.0,560.0,1711.0,2494.0,864.0,2401.0,1834.0,2290.0,930.0,597.0,606.0,2186.0,1452.0,2235.0,718.0,709.0,1298.0,2078.0,1053.0,745.0,1340.0,746.0,1893.0,1133.0,0000000000000000123d,101.104577577033,C1407P10
822.0,2401.0,1884.0,692.0,658.0,1603.0,1574.0,659.0,476.0,2374.0,2302.0,696.0,1034.0,1886.0,521.0,2060.0,1879.0,1203.0,1764.0,735.0,2532.0,504.0,821.0,1164.0,1772.0,677.0,1078.0,636.0,2353.0,1793.0,471.0,2286.0,1053.0,568.0,719.0,1090.0,2131.0,1061.0,495.0,1611.0,2360.0,801.0,2323.0,1753.0,2187.0,830.0,523.0,532.0,2082.0,1392.0,2184.0,664.0,635.0,1222.0,2072.0,975.0,683.0,1278.0,673.0,1803.0,1034.0,0000000000000000123e,103.264690780471,C1407P12
838.0,2494.0,1911.0,684.0,649.0,1578.0,1571.0,668.0,476.0,2440.0,2260.0,703.0,1019.0,1962.0,501.0,2141.0,2003.0,1238.0,1770.0,734.0,2558.0,495.0,810.0,1201.0,1836.0,687.0,1075.0,636.0,2424.0,1807.0,464.0,2332.0,1116.0,549.0,731.0,1085.0,2155.0,1047.0,494.0,1682.0,2367.0,795.0,2339.0,1729.0,2184.0,820.0,523.0,523.0,2070.0,1418.0,2234.0,687.0,614.0,1226.0,2179.0,979.0,694.0,1295.0,660.0,1822.0,1019.0,0000000000000000123f,142.745025969747,C1407P13
768.0,2378.0,1807.0,631.0,586.0,1493.0,1485.0,605.0,427.0,2332.0,2168.0,636.0,954.0,1856.0,448.0,2029.0,1897.0,1163.0,1682.0,665.0,2442.0,446.0,743.0,1125.0,1731.0,619.0,1004.0,584.0,2310.0,1720.0,414.0,2220.0,1042.0,494.0,678.0,1018.0,2065.0,981.0,439.0,1580.0,2254.0,741.0,2228.0,1644.0,2093.0,753.0,473.0,473.0,1979.0,1342.0,2119.0,633.0,557.0,1159.0,2070.0,907.0,641.0,1220.0,603.0,1734.0,952.0,00000000000000001240,71.4422247586882,C1407P14
890.0,2493.0,1974.0,730.0,719.0,1672.0,1643.0,729.0,524.0,2482.0,2356.0,757.0,1104.0,1992.0,564.0,2144.0,2002.0,1280.0,1840.0,795.0,2615.0,552.0,891.0,1239.0,1878.0,738.0,1145.0,684.0,2436.0,1869.0,518.0,2379.0,1144.0,610.0,773.0,1160.0,2213.0,1123.0,554.0,1716.0,2427.0,845.0,2404.0,1813.0,2251.0,900.0,571.0,580.0,2155.0,1467.0,2278.0,718.0,685.0,1291.0,2181.0,1043.0,734.0,1353.0,722.0,1878.0,1095.0,00000000000000001241,102.100058859191,C1407P15
678.0,2287.0,1627.0,566.0,483.0,1339.0,1343.0,502.0,364.0,2187.0,2025.0,543.0,849.0,1728.0,379.0,1936.0,1827.0,1071.0,1558.0,570.0,2275.0,378.0,632.0,1025.0,1597.0,540.0,910.0,517.0,2176.0,1603.0,351.0,2068.0,966.0,428.0,630.0,906.0,1965.0,848.0,383.0,1467.0,2102.0,678.0,2061.0,1486.0,1976.0,655.0,399.0,404.0,1849.0,1231.0,2000.0,588.0,489.0,1051.0,1979.0,818.0,585.0,1106.0,535.0,1619.0,815.0,00000000000000001242,110.808563677114,C1407P16
862.0,2465.0,1955.0,722.0,702.0,1668.0,1639.0,703.0,504.0,2441.0,2366.0,736.0,1083.0,1946.0,556.0,2125.0,1945.0,1252.0,1820.0,774.0,2597.0,533.0,867.0,1214.0,1840.0,716.0,1118.0,667.0,2409.0,1849.0,506.0,2353.0,1100.0,604.0,758.0,1140.0,2187.0,1110.0,528.0,1678.0,2425.0,841.0,2389.0,1810.0,2244.0,876.0,552.0,562.0,2138.0,1444.0,2249.0,702.0,671.0,1271.0,2128.0,1025.0,721.0,1329.0,709.0,1860.0,1083.0,00000000000000001243,68.4648306796324,C1407P18
843.0,2460.0,1908.0,693.0,662.0,1585.0,1576.0,681.0,487.0,2424.0,2260.0,713.0,1024.0,1946.0,514.0,2113.0,1974.0,1235.0,1773.0,751.0,2536.0,506.0,821.0,1198.0,1823.0,695.0,1082.0,646.0,2394.0,1801.0,469.0,2321.0,1105.0,560.0,728.0,1089.0,2146.0,1061.0,505.0,1671.0,2349.0,793.0,2331.0,1728.0,2183.0,832.0,534.0,534.0,2071.0,1412.0,2219.0,683.0,626.0,1227.0,2153.0,983.0,692.0,1301.0,670.0,1827.0,1024.0,00000000000000001244,78.0423246074858,C1407P19
835.0,2516.0,1848.0,677.0,630.0,1524.0,1514.0,649.0,487.0,2415.0,2199.0,711.0,1008.0,1961.0,503.0,2161.0,2065.0,1264.0,1745.0,730.0,2491.0,496.0,776.0,1199.0,1841.0,701.0,1049.0,629.0,2409.0,1800.0,468.0,2307.0,1151.0,550.0,732.0,1061.0,2153.0,1005.0,513.0,1707.0,2333.0,787.0,2282.0,1668.0,2131.0,808.0,515.0,525.0,2048.0,1392.0,2240.0,696.0,615.0,1210.0,2221.0,976.0,701.0,1280.0,652.0,1832.0,982.0,00000000000000001245,68.9562382984998,C1407P21
895.0,2477.0,1994.0,754.0,752.0,1727.0,1671.0,748.0,544.0,2441.0,2419.0,792.0,1152.0,1956.0,601.0,2151.0,1909.0,1267.0,1839.0,820.0,2679.0,573.0,914.0,1221.0,1853.0,754.0,1199.0,706.0,2432.0,1855.0,559.0,2339.0,1107.0,648.0,795.0,1186.0,2218.0,1149.0,564.0,1713.0,2501.0,871.0,2404.0,1839.0,2297.0,933.0,602.0,611.0,2190.0,1453.0,2237.0,722.0,713.0,1305.0,2077.0,1056.0,750.0,1342.0,751.0,1897.0,1140.0,00000000000000001246,112.205169181838,C1407P24
882.0,2475.0,1982.0,732.0,725.0,1680.0,1652.0,726.0,521.0,2464.0,2381.0,764.0,1102.0,1967.0,572.0,2141.0,1961.0,1264.0,1832.0,795.0,2620.0,550.0,889.0,1232.0,1862.0,735.0,1171.0,684.0,2423.0,1860.0,519.0,2362.0,1116.0,619.0,769.0,1158.0,2203.0,1128.0,544.0,1701.0,2449.0,851.0,2398.0,1821.0,2266.0,906.0,569.0,579.0,2153.0,1461.0,2260.0,714.0,687.0,1288.0,2139.0,1046.0,731.0,1347.0,725.0,1877.0,1102.0,00000000000000001247,121.754182683699,C1407P25
891.0,2503.0,1991.0,735.0,725.0,1693.0,1664.0,734.0,525.0,2487.0,2378.0,766.0,1112.0,1991.0,571.0,2155.0,1999.0,1289.0,1853.0,796.0,2627.0,554.0,897.0,1242.0,1886.0,738.0,1158.0,687.0,2443.0,1881.0,522.0,2390.0,1136.0,618.0,780.0,1168.0,2222.0,1131.0,551.0,1723.0,2449.0,855.0,2414.0,1835.0,2271.0,906.0,573.0,582.0,2165.0,1471.0,2290.0,725.0,693.0,1299.0,2179.0,1046.0,743.0,1356.0,731.0,1887.0,1112.0,00000000000000001248,57.6758876586107,C1407P26
791.0,2398.0,1838.0,654.0,609.0,1530.0,1525.0,628.0,446.0,2369.0,2207.0,660.0,978.0,1876.0,471.0,2049.0,1905.0,1182.0,1727.0,695.0,2477.0,465.0,770.0,1145.0,1750.0,641.0,1034.0,607.0,2332.0,1755.0,426.0,2259.0,1057.0,517.0,690.0,1044.0,2090.0,1016.0,461.0,1599.0,2289.0,757.0,2268.0,1684.0,2128.0,783.0,493.0,493.0,2014.0,1362.0,2153.0,644.0,585.0,1187.0,2087.0,932.0,653.0,1248.0,628.0,1768.0,979.0,00000000000000001249,109.058737416497,C1407P27
895.0,2489.0,1994.0,757.0,749.0,1738.0,1679.0,739.0,543.0,2443.0,2441.0,790.0,1167.0,1950.0,601.0,2167.0,1903.0,1256.0,1849.0,818.0,2707.0,572.0,912.0,1215.0,1852.0,752.0,1208.0,708.0,2445.0,1858.0,557.0,2341.0,1094.0,648.0,796.0,1195.0,2230.0,1156.0,563.0,1716.0,2528.0,879.0,2408.0,1849.0,2316.0,933.0,601.0,611.0,2208.0,1442.0,2245.0,716.0,714.0,1315.0,2069.0,1057.0,750.0,1336.0,752.0,1906.0,1148.0,0000000000000000124a,68.4318626581076,C1407P28
831.0,2455.0,1897.0,683.0,656.0,1592.0,1581.0,674.0,477.0,2423.0,2273.0,700.0,1026.0,1932.0,509.0,2105.0,1958.0,1226.0,1781.0,737.0,2542.0,498.0,816.0,1189.0,1806.0,684.0,1080.0,636.0,2389.0,1810.0,466.0,2321.0,1095.0,555.0,722.0,1089.0,2147.0,1061.0,500.0,1656.0,2352.0,795.0,2331.0,1743.0,2188.0,835.0,524.0,524.0,2074.0,1408.0,2217.0,676.0,629.0,1231.0,2146.0,975.0,685.0,1292.0,666.0,1824.0,1024.0,0000000000000000124b,78.5591068335745,C1407P31
712.0,2339.0,1660.0,579.0,515.0,1380.0,1376.0,529.0,392.0,2234.0,2054.0,579.0,887.0,1775.0,401.0,1987.0,1888.0,1126.0,1595.0,607.0,2305.0,401.0,649.0,1061.0,1657.0,579.0,921.0,531.0,2213.0,1645.0,368.0,2125.0,1017.0,448.0,636.0,935.0,2011.0,873.0,405.0,1528.0,2146.0,682.0,2099.0,1518.0,1997.0,680.0,421.0,431.0,1895.0,1257.0,2065.0,600.0,512.0,1087.0,2046.0,844.0,595.0,1142.0,549.0,1677.0,845.0,0000000000000000124c,54.6851646659455,C1407P35
854.0,2446.0,1920.0,703.0,681.0,1634.0,1605.0,690.0,496.0,2428.0,2320.0,722.0,1067.0,1935.0,535.0,2098.0,1942.0,1238.0,1801.0,759.0,2569.0,524.0,851.0,1195.0,1822.0,702.0,1107.0,655.0,2390.0,1829.0,489.0,2327.0,1098.0,581.0,741.0,1123.0,2169.0,1086.0,523.0,1661.0,2384.0,814.0,2355.0,1776.0,2210.0,861.0,543.0,552.0,2113.0,1423.0,2227.0,687.0,655.0,1254.0,2126.0,1006.0,705.0,1309.0,692.0,1836.0,1063.0,0000000000000000124d,100.382731633758,C1407P39
706.0,2357.0,1658.0,573.0,510.0,1382.0,1376.0,524.0,387.0,2239.0,2058.0,575.0,885.0,1778.0,401.0,2003.0,1898.0,1131.0,1600.0,602.0,2312.0,397.0,645.0,1063.0,1664.0,573.0,916.0,525.0,2226.0,1653.0,368.0,2133.0,1020.0,447.0,635.0,934.0,2017.0,870.0,407.0,1533.0,2156.0,681.0,2103.0,1519.0,2001.0,678.0,416.0,426.0,1900.0,1256.0,2074.0,598.0,511.0,1086.0,2060.0,839.0,596.0,1141.0,550.0,1685.0,841.0,0000000000000000124e,63.0240507488359,C1407P40
768.0,2381.0,1811.0,632.0,585.0,1499.0,1490.0,604.0,426.0,2343.0,2177.0,637.0,954.0,1858.0,448.0,2030.0,1894.0,1164.0,1691.0,665.0,2449.0,445.0,744.0,1126.0,1732.0,618.0,1006.0,585.0,2315.0,1727.0,411.0,2228.0,1041.0,494.0,678.0,1021.0,2070.0,985.0,439.0,1578.0,2260.0,743.0,2238.0,1653.0,2100.0,753.0,473.0,473.0,1986.0,1345.0,2124.0,633.0,558.0,1163.0,2072.0,909.0,641.0,1223.0,604.0,1739.0,954.0,0000000000000000124f,47.3477263648155,C1407P42
662.0,2300.0,1561.0,511.0,469.0,1319.0,1310.0,473.0,352.0,2141.0,1957.0,549.0,841.0,1688.0,364.0,1967.0,1862.0,1091.0,1535.0,568.0,2203.0,354.0,586.0,1019.0,1609.0,541.0,840.0,472.0,2167.0,1596.0,342.0,2047.0,975.0,410.0,590.0,873.0,1942.0,803.0,373.0,1494.0,2076.0,628.0,2004.0,1439.0,1915.0,628.0,372.0,382.0,1838.0,1186.0,2017.0,555.0,460.0,1026.0,2007.0,789.0,555.0,1077.0,496.0,1641.0,774.0,00000000000000001250,83.6499382438434,C1407W02
672.0,2308.0,1587.0,538.0,475.0,1330.0,1322.0,488.0,360.0,2164.0,1988.0,552.0,839.0,1710.0,373.0,1963.0,1850.0,1088.0,1549.0,570.0,2244.0,369.0,606.0,1023.0,1609.0,543.0,869.0,491.0,2187.0,1603.0,348.0,2066.0,977.0,423.0,602.0,886.0,1959.0,821.0,382.0,1486.0,2094.0,647.0,2030.0,1458.0,1936.0,642.0,388.0,397.0,1844.0,1201.0,2019.0,566.0,473.0,1035.0,2010.0,802.0,566.0,1089.0,515.0,1643.0,789.0,00000000000000001251,122.640929915423,C1407W09
756.0,2402.0,1739.0,619.0,559.0,1437.0,1430.0,577.0,429.0,2312.0,2112.0,622.0,934.0,1848.0,440.0,2046.0,1960.0,1184.0,1655.0,651.0,2374.0,438.0,699.0,1118.0,1729.0,622.0,979.0,573.0,2288.0,1708.0,405.0,2197.0,1071.0,487.0,676.0,989.0,2066.0,928.0,447.0,1597.0,2213.0,727.0,2171.0,1582.0,2048.0,734.0,458.0,468.0,1958.0,1317.0,2134.0,639.0,552.0,1138.0,2114.0,895.0,636.0,1202.0,589.0,1738.0,901.0,00000000000000001252,275.797183894383,C1407X01
765.0,2412.0,1759.0,631.0,566.0,1452.0,1446.0,585.0,436.0,2328.0,2125.0,632.0,937.0,1864.0,449.0,2057.0,1967.0,1190.0,1669.0,660.0,2394.0,445.0,711.0,1126.0,1741.0,628.0,991.0,580.0,2303.0,1724.0,413.0,2212.0,1075.0,495.0,684.0,996.0,2072.0,940.0,455.0,1608.0,2231.0,740.0,2191.0,1600.0,2058.0,743.0,467.0,474.0,1967.0,1329.0,2143.0,647.0,561.0,1145.0,2122.0,905.0,650.0,1215.0,601.0,1744.0,912.0,00000000000000001253,56.4502619386725,C1407X02
870.0,2526.0,1946.0,702.0,681.0,1604.0,1595.0,700.0,500.0,2461.0,2290.0,740.0,1046.0,1998.0,533.0,2176.0,2037.0,1268.0,1794.0,768.0,2587.0,518.0,839.0,1231.0,1875.0,722.0,1095.0,656.0,2455.0,1828.0,490.0,2362.0,1147.0,579.0,751.0,1111.0,2183.0,1074.0,524.0,1722.0,2398.0,814.0,2366.0,1753.0,2215.0,848.0,546.0,546.0,2099.0,1444.0,2263.0,707.0,643.0,1249.0,2207.0,1010.0,715.0,1323.0,689.0,1854.0,1046.0,00000000000000001254,220.127593692366,C1407X03
921.0,2645.0,1879.0,697.0,681.0,1587.0,1547.0,676.0,535.0,2458.0,2231.0,800.0,1102.0,2047.0,547.0,2271.0,2237.0,1426.0,1807.0,820.0,2497.0,530.0,806.0,1298.0,1975.0,800.0,1083.0,656.0,2474.0,1848.0,538.0,2362.0,1276.0,591.0,802.0,1110.0,2236.0,1038.0,552.0,1850.0,2394.0,850.0,2331.0,1695.0,2154.0,864.0,547.0,565.0,2110.0,1478.0,2345.0,772.0,639.0,1296.0,2372.0,1070.0,772.0,1386.0,672.0,1935.0,1016.0,00000000000000001255,37.6922306126716,C1408C01
815.0,2524.0,1756.0,624.0,596.0,1482.0,1455.0,591.0,465.0,2343.0,2135.0,697.0,1007.0,1920.0,474.0,2164.0,2102.0,1304.0,1703.0,716.0,2378.0,465.0,713.0,1184.0,1848.0,696.0,978.0,583.0,2361.0,1747.0,455.0,2248.0,1163.0,521.0,709.0,1020.0,2142.0,949.0,483.0,1722.0,2275.0,756.0,2209.0,1599.0,2067.0,769.0,476.0,496.0,2009.0,1366.0,2226.0,680.0,569.0,1197.0,2259.0,959.0,680.0,1269.0,606.0,1835.0,921.0,00000000000000001256,66.1134418562091,C1408C03
926.0,2623.0,1993.0,726.0,718.0,1645.0,1634.0,737.0,541.0,2522.0,2337.0,795.0,1095.0,2082.0,573.0,2268.0,2151.0,1341.0,1849.0,828.0,2644.0,550.0,866.0,1286.0,1953.0,791.0,1135.0,680.0,2529.0,1903.0,531.0,2418.0,1221.0,619.0,798.0,1155.0,2264.0,1106.0,573.0,1815.0,2470.0,851.0,2401.0,1793.0,2257.0,887.0,578.0,578.0,2164.0,1488.0,2334.0,762.0,684.0,1298.0,2294.0,1067.0,753.0,1378.0,730.0,1941.0,1081.0,00000000000000001258,212.390806751113,C1408C08
889.0,2598.0,1910.0,703.0,680.0,1581.0,1570.0,698.0,520.0,2475.0,2265.0,766.0,1064.0,2023.0,545.0,2235.0,2139.0,1318.0,1801.0,787.0,2560.0,529.0,820.0,1247.0,1911.0,756.0,1092.0,657.0,2479.0,1854.0,510.0,2366.0,1203.0,593.0,770.0,1118.0,2222.0,1059.0,554.0,1780.0,2402.0,822.0,2340.0,1724.0,2198.0,857.0,548.0,557.0,2117.0,1440.0,2305.0,737.0,655.0,1268.0,2291.0,1027.0,737.0,1329.0,690.0,1903.0,1033.0,00000000000000001259,112.764314569304,C1408C09
675.0,2284.0,1610.0,558.0,478.0,1329.0,1331.0,497.0,364.0,2174.0,2004.0,547.0,842.0,1722.0,377.0,1936.0,1827.0,1075.0,1543.0,569.0,2254.0,375.0,621.0,1021.0,1594.0,540.0,900.0,510.0,2165.0,1595.0,353.0,2054.0,970.0,424.0,618.0,899.0,1953.0,835.0,384.0,1467.0,2091.0,665.0,2045.0,1470.0,1955.0,647.0,394.0,402.0,1837.0,1217.0,1995.0,580.0,482.0,1043.0,1975.0,810.0,579.0,1099.0,528.0,1618.0,805.0,0000000000000000125a,61.5167822212477,C1408F01
1337.0,2721.0,2645.0,1278.0,973.0,1873.0,2016.0,1211.0,861.0,3050.0,2784.0,1248.0,1512.0,2633.0,829.0,2648.0,2411.0,1907.0,1917.0,1479.0,2859.0,864.0,1341.0,1665.0,2506.0,1147.0,1669.0,1079.0,2820.0,2218.0,703.0,2808.0,1720.0,1134.0,1215.0,1608.0,2706.0,1625.0,1124.0,2533.0,2945.0,1215.0,2815.0,2276.0,2625.0,1033.0,1006.0,838.0,2674.0,2032.0,2872.0,1283.0,1084.0,1654.0,2783.0,1456.0,1210.0,1823.0,1284.0,2491.0,1638.0,0000000000000000125b,216.300904348358,C1408F02
1117.0,2693.0,2327.0,958.0,964.0,1847.0,1837.0,1043.0,763.0,2726.0,2595.0,987.0,1330.0,2318.0,769.0,2439.0,2298.0,1565.0,1950.0,1149.0,2809.0,753.0,1103.0,1527.0,2225.0,1011.0,1540.0,860.0,2652.0,2031.0,683.0,2621.0,1424.0,899.0,1001.0,1413.0,2434.0,1387.0,891.0,2111.0,2696.0,1070.0,2645.0,2032.0,2456.0,1076.0,822.0,744.0,2370.0,1737.0,2536.0,1032.0,926.0,1504.0,2459.0,1256.0,965.0,1630.0,987.0,2175.0,1318.0,0000000000000000125c,97.8156732535563,C1408F03
1374.0,2775.0,2653.0,1284.0,1044.0,1941.0,2081.0,1239.0,870.0,3086.0,2829.0,1278.0,1559.0,2636.0,834.0,2692.0,2495.0,1970.0,2030.0,1518.0,2878.0,856.0,1385.0,1718.0,2550.0,1186.0,1726.0,1065.0,2854.0,2276.0,717.0,2877.0,1771.0,1141.0,1274.0,1653.0,2716.0,1675.0,1131.0,2564.0,2948.0,1264.0,2878.0,2333.0,2644.0,1089.0,1006.0,842.0,2687.0,2061.0,2939.0,1347.0,1116.0,1725.0,2796.0,1495.0,1259.0,1872.0,1274.0,2476.0,1681.0,0000000000000000125d,767.172285199125,C1408F04
1308.0,2783.0,2647.0,1238.0,994.0,1906.0,2051.0,1208.0,835.0,3048.0,2779.0,1233.0,1515.0,2640.0,814.0,2653.0,2411.0,1903.0,1955.0,1474.0,2886.0,827.0,1323.0,1649.0,2502.0,1122.0,1684.0,1030.0,2827.0,2275.0,684.0,2835.0,1677.0,1102.0,1197.0,1631.0,2719.0,1642.0,1093.0,2499.0,2934.0,1200.0,2821.0,2296.0,2649.0,1044.0,972.0,810.0,2668.0,2033.0,2856.0,1275.0,1047.0,1651.0,2788.0,1446.0,1197.0,1798.0,1255.0,2485.0,1635.0,0000000000000000125e,164.668057844818,C1408F05
1346.0,2714.0,2649.0,1295.0,986.0,1873.0,2010.0,1224.0,882.0,3042.0,2773.0,1257.0,1508.0,2641.0,844.0,2639.0,2406.0,1920.0,1906.0,1496.0,2855.0,883.0,1344.0,1678.0,2507.0,1157.0,1677.0,1099.0,2808.0,2217.0,715.0,2797.0,1729.0,1152.0,1223.0,1614.0,2702.0,1630.0,1146.0,2533.0,2925.0,1225.0,2806.0,2267.0,2620.0,1043.0,1030.0,856.0,2668.0,2051.0,2856.0,1297.0,1096.0,1650.0,2782.0,1465.0,1219.0,1834.0,1301.0,2491.0,1638.0,0000000000000000125f,109.470888719635,C1408F06
1363.0,2721.0,2665.0,1306.0,1001.0,1885.0,2018.0,1242.0,898.0,3047.0,2776.0,1272.0,1517.0,2662.0,861.0,2641.0,2411.0,1937.0,1907.0,1518.0,2866.0,898.0,1353.0,1698.0,2515.0,1172.0,1694.0,1115.0,2810.0,2232.0,727.0,2797.0,1741.0,1170.0,1234.0,1632.0,2715.0,1645.0,1167.0,2541.0,2924.0,1241.0,2808.0,2274.0,2632.0,1058.0,1047.0,871.0,2674.0,2079.0,2850.0,1314.0,1108.0,1657.0,2792.0,1484.0,1233.0,1851.0,1322.0,2504.0,1648.0,00000000000000001260,187.522463153334,C1408F07
1138.0,2804.0,2239.0,904.0,912.0,1868.0,1859.0,932.0,695.0,2727.0,2552.0,997.0,1297.0,2325.0,736.0,2441.0,2383.0,1570.0,2079.0,1027.0,2845.0,706.0,1073.0,1513.0,2188.0,986.0,1362.0,855.0,2717.0,2127.0,710.0,2622.0,1443.0,786.0,992.0,1365.0,2463.0,1317.0,735.0,2039.0,2658.0,1051.0,2614.0,2023.0,2465.0,1101.0,736.0,736.0,2366.0,1728.0,2534.0,952.0,855.0,1510.0,2476.0,1289.0,944.0,1611.0,905.0,2130.0,1288.0,00000000000000001261,116.434674340009,C1408F08
863.0,2581.0,1840.0,666.0,638.0,1555.0,1530.0,646.0,500.0,2421.0,2224.0,741.0,1065.0,1990.0,506.0,2215.0,2143.0,1330.0,1777.0,767.0,2479.0,500.0,772.0,1229.0,1899.0,741.0,1035.0,627.0,2431.0,1823.0,487.0,2326.0,1196.0,558.0,747.0,1090.0,2217.0,1023.0,515.0,1766.0,2354.0,793.0,2294.0,1679.0,2155.0,819.0,519.0,532.0,2094.0,1414.0,2290.0,713.0,604.0,1260.0,2304.0,1006.0,713.0,1314.0,640.0,1903.0,1000.0,00000000000000001263,87.6673636556479,C1408F10
907.0,2635.0,1898.0,702.0,678.0,1610.0,1587.0,687.0,529.0,2471.0,2278.0,782.0,1104.0,2044.0,535.0,2263.0,2193.0,1367.0,1833.0,808.0,2544.0,529.0,819.0,1273.0,1950.0,782.0,1081.0,660.0,2489.0,1881.0,515.0,2384.0,1235.0,591.0,782.0,1134.0,2262.0,1070.0,544.0,1814.0,2410.0,828.0,2339.0,1736.0,2209.0,862.0,554.0,558.0,2143.0,1458.0,2339.0,745.0,637.0,1303.0,2349.0,1051.0,745.0,1358.0,674.0,1945.0,1041.0,00000000000000001264,136.183557550904,C1408F11
960.0,2690.0,1964.0,743.0,729.0,1660.0,1635.0,739.0,569.0,2519.0,2318.0,834.0,1146.0,2104.0,575.0,2316.0,2253.0,1425.0,1885.0,862.0,2604.0,572.0,872.0,1330.0,2007.0,834.0,1139.0,703.0,2546.0,1934.0,562.0,2432.0,1292.0,631.0,835.0,1176.0,2303.0,1111.0,584.0,1874.0,2463.0,882.0,2392.0,1787.0,2248.0,917.0,593.0,598.0,2184.0,1519.0,2389.0,797.0,681.0,1345.0,2398.0,1107.0,797.0,1416.0,716.0,1986.0,1085.0,00000000000000001265,165.372737451679,C1408F12
1316.0,2764.0,2646.0,1249.0,986.0,1898.0,2043.0,1207.0,841.0,3056.0,2787.0,1237.0,1515.0,2637.0,815.0,2654.0,2412.0,1905.0,1948.0,1474.0,2879.0,836.0,1329.0,1654.0,2504.0,1129.0,1679.0,1043.0,2827.0,2260.0,690.0,2834.0,1691.0,1108.0,1203.0,1624.0,2720.0,1637.0,1098.0,2510.0,2940.0,1204.0,2827.0,2294.0,2647.0,1039.0,980.0,817.0,2676.0,2031.0,2870.0,1276.0,1056.0,1654.0,2792.0,1449.0,1201.0,1806.0,1259.0,2492.0,1637.0,00000000000000001266,56.6124515477891,C1408F13
1273.0,2660.0,2552.0,1250.0,941.0,1809.0,1959.0,1165.0,819.0,2991.0,2734.0,1190.0,1457.0,2511.0,780.0,2631.0,2375.0,1864.0,1888.0,1415.0,2771.0,808.0,1313.0,1602.0,2457.0,1089.0,1610.0,1029.0,2768.0,2123.0,686.0,2780.0,1690.0,1109.0,1188.0,1534.0,2611.0,1565.0,1097.0,2496.0,2883.0,1168.0,2781.0,2206.0,2524.0,993.0,968.0,788.0,2611.0,1929.0,2875.0,1258.0,1077.0,1610.0,2712.0,1367.0,1176.0,1756.0,1234.0,2401.0,1585.0,00000000000000001267,428.631411928992,C1408F14
1250.0,2665.0,2526.0,1203.0,915.0,1803.0,1953.0,1133.0,779.0,2985.0,2733.0,1163.0,1439.0,2481.0,751.0,2643.0,2369.0,1837.0,1897.0,1386.0,2773.0,763.0,1290.0,1575.0,2442.0,1065.0,1585.0,983.0,2780.0,2113.0,666.0,2785.0,1663.0,1074.0,1159.0,1512.0,2598.0,1548.0,1060.0,2479.0,2883.0,1138.0,2785.0,2197.0,2517.0,977.0,920.0,750.0,2605.0,1884.0,2887.0,1226.0,1054.0,1602.0,2700.0,1343.0,1148.0,1725.0,1194.0,2384.0,1573.0,00000000000000001268,89.2753291998065,C1408F15
998.0,2727.0,2003.0,770.0,759.0,1689.0,1664.0,769.0,595.0,2549.0,2347.0,870.0,1172.0,2143.0,604.0,2351.0,2293.0,1464.0,1915.0,900.0,2640.0,600.0,904.0,1368.0,2047.0,870.0,1171.0,731.0,2581.0,1964.0,592.0,2459.0,1330.0,661.0,867.0,1202.0,2332.0,1137.0,614.0,1912.0,2500.0,914.0,2420.0,1817.0,2277.0,949.0,617.0,624.0,2213.0,1559.0,2418.0,829.0,712.0,1372.0,2426.0,1145.0,830.0,1454.0,747.0,2014.0,1113.0,0000000000000000126a,166.152724675139,C1408F17
1038.0,2723.0,2140.0,818.0,826.0,1780.0,1771.0,845.0,618.0,2639.0,2478.0,905.0,1212.0,2211.0,657.0,2367.0,2260.0,1448.0,1977.0,934.0,2771.0,632.0,981.0,1401.0,2081.0,891.0,1246.0,772.0,2641.0,2020.0,620.0,2539.0,1327.0,703.0,882.0,1277.0,2383.0,1235.0,652.0,1933.0,2587.0,941.0,2531.0,1930.0,2396.0,1001.0,660.0,660.0,2291.0,1611.0,2446.0,842.0,772.0,1417.0,2391.0,1181.0,841.0,1494.0,815.0,2051.0,1207.0,0000000000000000126b,103.842964006861,C1408F18
1166.0,2797.0,2307.0,921.0,956.0,1908.0,1899.0,966.0,708.0,2758.0,2619.0,1027.0,1336.0,2350.0,763.0,2440.0,2384.0,1592.0,2103.0,1063.0,2870.0,728.0,1124.0,1553.0,2223.0,1007.0,1391.0,872.0,2730.0,2132.0,732.0,2662.0,1460.0,811.0,1008.0,1398.0,2497.0,1365.0,753.0,2067.0,2679.0,1076.0,2667.0,2057.0,2536.0,1134.0,757.0,757.0,2419.0,1778.0,2556.0,960.0,879.0,1541.0,2489.0,1316.0,969.0,1656.0,927.0,2161.0,1331.0,0000000000000000126c,164.968975556968,C1408F19
994.0,2661.0,2101.0,794.0,800.0,1734.0,1724.0,814.0,591.0,2592.0,2439.0,864.0,1168.0,2151.0,635.0,2311.0,2189.0,1394.0,1923.0,893.0,2727.0,610.0,957.0,1358.0,2028.0,845.0,1212.0,748.0,2591.0,1954.0,590.0,2500.0,1275.0,681.0,847.0,1232.0,2330.0,1195.0,626.0,1877.0,2538.0,909.0,2501.0,1880.0,2364.0,966.0,637.0,637.0,2251.0,1569.0,2398.0,803.0,745.0,1368.0,2338.0,1133.0,812.0,1450.0,791.0,1999.0,1168.0,0000000000000000126d,354.215868779049,C1408F20
909.0,2633.0,1887.0,696.0,675.0,1599.0,1568.0,681.0,528.0,2464.0,2256.0,786.0,1104.0,2040.0,534.0,2263.0,2202.0,1388.0,1821.0,807.0,2519.0,528.0,809.0,1282.0,1954.0,786.0,1077.0,652.0,2479.0,1866.0,523.0,2370.0,1251.0,587.0,789.0,1127.0,2252.0,1058.0,543.0,1820.0,2400.0,836.0,2337.0,1720.0,2186.0,861.0,545.0,557.0,2126.0,1466.0,2337.0,755.0,634.0,1301.0,2353.0,1055.0,755.0,1369.0,671.0,1937.0,1031.0,0000000000000000126e,53.7911578696103,C1408F21
1260.0,2740.0,2567.0,1185.0,955.0,1864.0,2005.0,1152.0,790.0,2999.0,2743.0,1178.0,1469.0,2543.0,770.0,2638.0,2387.0,1850.0,1946.0,1411.0,2831.0,772.0,1279.0,1598.0,2454.0,1080.0,1622.0,974.0,2796.0,2204.0,665.0,2812.0,1641.0,1058.0,1155.0,1570.0,2646.0,1590.0,1049.0,2456.0,2885.0,1150.0,2798.0,2240.0,2580.0,1008.0,920.0,763.0,2618.0,1937.0,2853.0,1228.0,1027.0,1621.0,2731.0,1381.0,1149.0,1741.0,1192.0,2415.0,1590.0,0000000000000000126f,399.625554779653,C1408F22
1117.0,2695.0,2314.0,952.0,965.0,1846.0,1829.0,1036.0,765.0,2715.0,2589.0,985.0,1329.0,2307.0,772.0,2430.0,2292.0,1554.0,1951.0,1142.0,2812.0,756.0,1093.0,1526.0,2212.0,1013.0,1534.0,860.0,2647.0,2025.0,688.0,2614.0,1415.0,894.0,997.0,1411.0,2425.0,1383.0,884.0,2092.0,2688.0,1069.0,2640.0,2021.0,2452.0,1081.0,821.0,748.0,2359.0,1731.0,2521.0,1024.0,924.0,1504.0,2447.0,1258.0,960.0,1627.0,980.0,2164.0,1311.0,00000000000000001270,260.682620291963,C1408F23
1272.0,2729.0,2579.0,1205.0,955.0,1858.0,2004.0,1163.0,798.0,3013.0,2752.0,1191.0,1473.0,2554.0,776.0,2642.0,2385.0,1864.0,1932.0,1425.0,2828.0,784.0,1295.0,1605.0,2463.0,1088.0,1628.0,992.0,2798.0,2200.0,669.0,2813.0,1658.0,1074.0,1167.0,1571.0,2657.0,1593.0,1064.0,2476.0,2898.0,1159.0,2802.0,2245.0,2585.0,1007.0,934.0,772.0,2632.0,1951.0,2866.0,1240.0,1038.0,1622.0,2743.0,1389.0,1162.0,1753.0,1211.0,2430.0,1599.0,00000000000000001271,192.204534629559,C1408F24
1326.0,2714.0,2629.0,1267.0,967.0,1865.0,2009.0,1201.0,849.0,3045.0,2783.0,1238.0,1502.0,2612.0,817.0,2649.0,2406.0,1900.0,1916.0,1465.0,2849.0,851.0,1336.0,1656.0,2498.0,1138.0,1658.0,1066.0,2817.0,2205.0,698.0,2807.0,1717.0,1125.0,1209.0,1593.0,2696.0,1612.0,1113.0,2527.0,2942.0,1204.0,2813.0,2269.0,2614.0,1026.0,994.0,826.0,2670.0,2015.0,2877.0,1275.0,1079.0,1647.0,2775.0,1441.0,1202.0,1815.0,1270.0,2481.0,1628.0,00000000000000001272,290.444268601613,C1408F25
1033.0,2714.0,2142.0,817.0,825.0,1779.0,1770.0,844.0,615.0,2630.0,2480.0,901.0,1207.0,2202.0,657.0,2360.0,2244.0,1438.0,1969.0,929.0,2774.0,631.0,982.0,1397.0,2076.0,884.0,1239.0,771.0,2636.0,2008.0,615.0,2534.0,1317.0,703.0,876.0,1272.0,2379.0,1233.0,650.0,1925.0,2586.0,937.0,2534.0,1928.0,2402.0,995.0,659.0,659.0,2291.0,1609.0,2437.0,833.0,770.0,1410.0,2382.0,1175.0,838.0,1490.0,815.0,2045.0,1205.0,00000000000000001273,119.368842323421,C1408F26
910.0,2620.0,1946.0,726.0,699.0,1607.0,1598.0,717.0,540.0,2496.0,2292.0,788.0,1082.0,2053.0,560.0,2260.0,2163.0,1336.0,1830.0,807.0,2594.0,549.0,839.0,1270.0,1939.0,779.0,1117.0,680.0,2509.0,1885.0,523.0,2391.0,1224.0,606.0,782.0,1137.0,2245.0,1080.0,569.0,1805.0,2432.0,834.0,2362.0,1754.0,2225.0,877.0,568.0,577.0,2140.0,1462.0,2326.0,746.0,671.0,1286.0,2308.0,1050.0,751.0,1352.0,707.0,1927.0,1053.0,00000000000000001274,416.322112898888,C1408F27
1334.0,2702.0,2635.0,1293.0,987.0,1861.0,1996.0,1223.0,880.0,3028.0,2753.0,1246.0,1491.0,2625.0,843.0,2632.0,2394.0,1911.0,1891.0,1484.0,2841.0,879.0,1344.0,1664.0,2499.0,1143.0,1676.0,1096.0,2798.0,2203.0,715.0,2783.0,1720.0,1156.0,1217.0,1598.0,2680.0,1618.0,1152.0,2525.0,2911.0,1218.0,2795.0,2253.0,2596.0,1042.0,1030.0,853.0,2650.0,2035.0,2847.0,1294.0,1100.0,1635.0,2767.0,1448.0,1213.0,1820.0,1306.0,2473.0,1624.0,00000000000000001275,71.8741590783199,C1408F28
1036.0,2723.0,2135.0,817.0,823.0,1778.0,1768.0,842.0,618.0,2638.0,2475.0,903.0,1209.0,2213.0,655.0,2366.0,2265.0,1449.0,1978.0,932.0,2765.0,630.0,977.0,1399.0,2081.0,891.0,1245.0,770.0,2639.0,2023.0,620.0,2536.0,1328.0,702.0,882.0,1274.0,2382.0,1230.0,652.0,1934.0,2584.0,939.0,2525.0,1928.0,2391.0,1000.0,658.0,658.0,2289.0,1607.0,2446.0,843.0,773.0,1414.0,2391.0,1179.0,840.0,1492.0,814.0,2052.0,1202.0,00000000000000001276,93.1198475386355,C1408F29
1169.0,2748.0,2356.0,974.0,990.0,1875.0,1866.0,1067.0,786.0,2751.0,2617.0,1027.0,1351.0,2373.0,785.0,2463.0,2383.0,1622.0,2000.0,1183.0,2835.0,778.0,1120.0,1592.0,2269.0,1063.0,1580.0,882.0,2692.0,2073.0,716.0,2657.0,1489.0,904.0,1029.0,1442.0,2477.0,1405.0,901.0,2153.0,2693.0,1094.0,2659.0,2051.0,2496.0,1099.0,841.0,770.0,2394.0,1799.0,2562.0,1061.0,944.0,1544.0,2503.0,1312.0,991.0,1687.0,1000.0,2210.0,1333.0,00000000000000001277,243.878313769155,C1408F30
842.0,2540.0,1836.0,671.0,630.0,1528.0,1518.0,648.0,490.0,2410.0,2210.0,719.0,1028.0,1966.0,503.0,2184.0,2092.0,1290.0,1752.0,739.0,2485.0,492.0,771.0,1209.0,1853.0,710.0,1029.0,624.0,2417.0,1823.0,476.0,2313.0,1164.0,549.0,731.0,1074.0,2172.0,1009.0,512.0,1726.0,2333.0,778.0,2279.0,1674.0,2143.0,808.0,518.0,528.0,2073.0,1396.0,2264.0,702.0,614.0,1234.0,2253.0,976.0,702.0,1284.0,643.0,1866.0,988.0,00000000000000001278,232.004018975521,C1408F31
801.0,2508.0,1740.0,616.0,585.0,1471.0,1445.0,583.0,456.0,2330.0,2119.0,682.0,995.0,1904.0,464.0,2147.0,2088.0,1294.0,1693.0,702.0,2368.0,453.0,703.0,1175.0,1833.0,681.0,967.0,575.0,2345.0,1741.0,447.0,2237.0,1152.0,511.0,704.0,1011.0,2123.0,937.0,474.0,1706.0,2260.0,748.0,2199.0,1588.0,2050.0,758.0,467.0,487.0,1998.0,1355.0,2217.0,672.0,559.0,1186.0,2243.0,944.0,672.0,1259.0,594.0,1821.0,912.0,00000000000000001279,239.099654407104,C1408F60
1123.0,2777.0,2247.0,887.0,906.0,1863.0,1854.0,925.0,678.0,2703.0,2564.0,986.0,1286.0,2295.0,728.0,2418.0,2334.0,1534.0,2059.0,1016.0,2845.0,697.0,1070.0,1496.0,2169.0,966.0,1336.0,840.0,2701.0,2092.0,689.0,2609.0,1409.0,776.0,962.0,1352.0,2456.0,1314.0,719.0,2013.0,2651.0,1028.0,2617.0,2016.0,2486.0,1080.0,726.0,726.0,2369.0,1716.0,2511.0,915.0,843.0,1495.0,2444.0,1270.0,925.0,1591.0,891.0,2115.0,1286.0,0000000000000000127a,67.0454606306176,C1408F61
878.0,2565.0,1908.0,697.0,671.0,1569.0,1560.0,690.0,511.0,2462.0,2253.0,750.0,1044.0,2015.0,535.0,2211.0,2114.0,1301.0,1788.0,771.0,2553.0,521.0,817.0,1238.0,1895.0,742.0,1091.0,650.0,2464.0,1843.0,500.0,2356.0,1185.0,581.0,762.0,1099.0,2199.0,1045.0,543.0,1761.0,2390.0,816.0,2329.0,1717.0,2181.0,847.0,540.0,548.0,2095.0,1433.0,2283.0,726.0,645.0,1247.0,2262.0,1014.0,730.0,1322.0,683.0,1883.0,1022.0,0000000000000000127b,234.42760404961,C1408F62
1315.0,2689.0,2608.0,1278.0,975.0,1843.0,1982.0,1205.0,857.0,3022.0,2750.0,1228.0,1481.0,2586.0,825.0,2635.0,2391.0,1900.0,1891.0,1460.0,2819.0,853.0,1339.0,1645.0,2490.0,1125.0,1658.0,1073.0,2793.0,2175.0,710.0,2786.0,1717.0,1148.0,1216.0,1575.0,2656.0,1602.0,1140.0,2521.0,2908.0,1207.0,2795.0,2238.0,2569.0,1027.0,1007.0,829.0,2641.0,2000.0,2866.0,1290.0,1100.0,1632.0,2752.0,1418.0,1207.0,1803.0,1291.0,2449.0,1615.0,0000000000000000127c,337.198843627791,C1408F63
913.0,2566.0,1999.0,738.0,723.0,1647.0,1638.0,742.0,536.0,2507.0,2341.0,783.0,1088.0,2048.0,572.0,2217.0,2086.0,1310.0,1839.0,811.0,2630.0,555.0,880.0,1273.0,1925.0,764.0,1137.0,692.0,2499.0,1867.0,525.0,2412.0,1190.0,618.0,785.0,1151.0,2230.0,1115.0,563.0,1773.0,2442.0,848.0,2413.0,1794.0,2266.0,889.0,582.0,582.0,2145.0,1485.0,2310.0,740.0,682.0,1288.0,2247.0,1052.0,749.0,1365.0,728.0,1901.0,1088.0,0000000000000000127d,267.436168567494,C1408F64
1282.0,2668.0,2565.0,1259.0,947.0,1816.0,1964.0,1171.0,828.0,2994.0,2734.0,1198.0,1466.0,2528.0,790.0,2634.0,2381.0,1871.0,1889.0,1425.0,2783.0,819.0,1317.0,1611.0,2466.0,1097.0,1617.0,1040.0,2776.0,2134.0,692.0,2777.0,1696.0,1118.0,1197.0,1546.0,2617.0,1576.0,1106.0,2504.0,2892.0,1179.0,2781.0,2214.0,2529.0,999.0,978.0,798.0,2614.0,1943.0,2870.0,1267.0,1083.0,1619.0,2717.0,1378.0,1185.0,1766.0,1246.0,2407.0,1595.0,0000000000000000127e,45.8820545573132,C1408F65
1077.0,2743.0,2196.0,853.0,866.0,1820.0,1810.0,885.0,647.0,2665.0,2523.0,943.0,1247.0,2246.0,691.0,2389.0,2285.0,1482.0,2007.0,972.0,2809.0,665.0,1026.0,1444.0,2121.0,924.0,1282.0,806.0,2666.0,2044.0,652.0,2570.0,1360.0,738.0,915.0,1312.0,2418.0,1274.0,682.0,1968.0,2618.0,978.0,2578.0,1969.0,2446.0,1036.0,693.0,693.0,2331.0,1660.0,2475.0,870.0,804.0,1450.0,2410.0,1220.0,878.0,1538.0,851.0,2082.0,1246.0,0000000000000000127f,187.287500321077,C1408F67
1165.0,2739.0,2357.0,978.0,995.0,1865.0,1862.0,1074.0,782.0,2754.0,2611.0,1025.0,1352.0,2369.0,786.0,2468.0,2374.0,1621.0,1985.0,1189.0,2825.0,773.0,1126.0,1584.0,2269.0,1057.0,1578.0,880.0,2690.0,2065.0,733.0,2657.0,1488.0,916.0,1028.0,1443.0,2470.0,1409.0,916.0,2162.0,2698.0,1090.0,2661.0,2051.0,2485.0,1122.0,841.0,763.0,2394.0,1794.0,2571.0,1067.0,952.0,1544.0,2505.0,1305.0,992.0,1680.0,1012.0,2210.0,1340.0,00000000000000001280,128.254395719698,C1408F68
986.0,2717.0,2005.0,763.0,758.0,1690.0,1672.0,769.0,590.0,2554.0,2350.0,860.0,1155.0,2140.0,604.0,2344.0,2274.0,1445.0,1913.0,888.0,2642.0,599.0,904.0,1352.0,2032.0,859.0,1168.0,725.0,2581.0,1963.0,584.0,2460.0,1314.0,660.0,855.0,1193.0,2329.0,1134.0,614.0,1904.0,2501.0,901.0,2422.0,1825.0,2282.0,944.0,619.0,620.0,2212.0,1541.0,2410.0,818.0,717.0,1357.0,2409.0,1132.0,824.0,1436.0,747.0,2012.0,1112.0,00000000000000001282,145.991119055336,C1408F71
1271.0,2806.0,2560.0,1139.0,1019.0,1927.0,2017.0,1173.0,822.0,2955.0,2739.0,1172.0,1477.0,2560.0,811.0,2603.0,2432.0,1832.0,2015.0,1390.0,2886.0,806.0,1259.0,1653.0,2440.0,1117.0,1657.0,969.0,2793.0,2244.0,699.0,2801.0,1625.0,1034.0,1152.0,1590.0,2650.0,1582.0,1028.0,2386.0,2852.0,1178.0,2784.0,2235.0,2613.0,1077.0,925.0,797.0,2584.0,1972.0,2765.0,1219.0,1016.0,1638.0,2702.0,1415.0,1137.0,1778.0,1163.0,2397.0,1542.0,00000000000000001283,158.084033403404,C1408F72
1301.0,2669.0,2580.0,1261.0,957.0,1827.0,1971.0,1178.0,835.0,3006.0,2753.0,1212.0,1473.0,2548.0,802.0,2630.0,2392.0,1885.0,1896.0,1437.0,2790.0,829.0,1322.0,1630.0,2477.0,1115.0,1626.0,1049.0,2779.0,2147.0,698.0,2782.0,1715.0,1128.0,1205.0,1553.0,2640.0,1583.0,1114.0,2515.0,2897.0,1188.0,2786.0,2224.0,2552.0,1007.0,983.0,808.0,2634.0,1967.0,2874.0,1273.0,1090.0,1630.0,2730.0,1397.0,1192.0,1788.0,1260.0,2429.0,1603.0,00000000000000001284,218.262428267817,C1408F73
1208.0,2786.0,2394.0,982.0,1014.0,1917.0,1912.0,1083.0,793.0,2794.0,2656.0,1062.0,1385.0,2414.0,798.0,2492.0,2423.0,1670.0,2054.0,1213.0,2872.0,784.0,1145.0,1632.0,2304.0,1096.0,1562.0,892.0,2729.0,2131.0,753.0,2695.0,1531.0,913.0,1057.0,1475.0,2527.0,1437.0,904.0,2184.0,2725.0,1123.0,2699.0,2098.0,2536.0,1147.0,845.0,779.0,2440.0,1843.0,2595.0,1081.0,955.0,1579.0,2539.0,1355.0,1018.0,1732.0,1012.0,2250.0,1367.0,00000000000000001285,165.515881908189,C1408F74
963.0,2593.0,2061.0,773.0,780.0,1703.0,1694.0,795.0,573.0,2558.0,2401.0,834.0,1140.0,2098.0,616.0,2248.0,2126.0,1361.0,1885.0,871.0,2668.0,591.0,935.0,1325.0,1976.0,815.0,1190.0,727.0,2528.0,1913.0,575.0,2456.0,1233.0,661.0,822.0,1202.0,2284.0,1175.0,607.0,1827.0,2482.0,885.0,2466.0,1843.0,2322.0,945.0,618.0,618.0,2209.0,1536.0,2355.0,778.0,726.0,1337.0,2290.0,1101.0,787.0,1426.0,770.0,1966.0,1139.0,00000000000000001286,255.818214967232,C1408F75
1120.0,2765.0,2267.0,881.0,919.0,1878.0,1868.0,930.0,673.0,2736.0,2592.0,983.0,1307.0,2306.0,726.0,2410.0,2335.0,1542.0,2067.0,1022.0,2843.0,691.0,1083.0,1504.0,2180.0,963.0,1351.0,833.0,2698.0,2095.0,696.0,2631.0,1407.0,773.0,959.0,1364.0,2467.0,1335.0,716.0,2024.0,2651.0,1026.0,2640.0,2021.0,2505.0,1094.0,720.0,720.0,2389.0,1726.0,2526.0,912.0,840.0,1506.0,2459.0,1268.0,922.0,1610.0,886.0,2138.0,1297.0,00000000000000001287,151.014991568812,C1408F78
1196.0,2811.0,2344.0,944.0,985.0,1937.0,1927.0,998.0,728.0,2793.0,2645.0,1054.0,1369.0,2384.0,785.0,2453.0,2413.0,1629.0,2129.0,1095.0,2891.0,748.0,1155.0,1589.0,2256.0,1034.0,1419.0,895.0,2743.0,2158.0,762.0,2687.0,1490.0,833.0,1039.0,1427.0,2519.0,1398.0,775.0,2098.0,2698.0,1110.0,2696.0,2089.0,2558.0,1168.0,777.0,777.0,2441.0,1818.0,2581.0,989.0,905.0,1572.0,2513.0,1348.0,999.0,1699.0,951.0,2188.0,1359.0,00000000000000001288,171.3676630229,C1408F80
1277.0,2654.0,2544.0,1239.0,935.0,1812.0,1961.0,1149.0,806.0,2995.0,2747.0,1185.0,1455.0,2498.0,768.0,2636.0,2389.0,1859.0,1906.0,1407.0,2764.0,795.0,1307.0,1600.0,2461.0,1092.0,1597.0,1017.0,2773.0,2119.0,683.0,2787.0,1697.0,1096.0,1185.0,1522.0,2609.0,1558.0,1080.0,2505.0,2886.0,1160.0,2787.0,2210.0,2521.0,986.0,952.0,778.0,2618.0,1911.0,2895.0,1250.0,1073.0,1620.0,2709.0,1362.0,1169.0,1755.0,1217.0,2396.0,1586.0,00000000000000001289,279.954078112721,C1408F81
1136.0,2771.0,2281.0,895.0,935.0,1888.0,1878.0,950.0,686.0,2743.0,2603.0,998.0,1317.0,2320.0,740.0,2415.0,2349.0,1562.0,2077.0,1037.0,2853.0,705.0,1100.0,1523.0,2194.0,978.0,1362.0,847.0,2703.0,2106.0,709.0,2638.0,1426.0,787.0,975.0,1374.0,2477.0,1346.0,730.0,2038.0,2660.0,1047.0,2648.0,2037.0,2516.0,1115.0,733.0,733.0,2400.0,1747.0,2533.0,928.0,859.0,1517.0,2467.0,1284.0,937.0,1630.0,902.0,2148.0,1308.0,0000000000000000128a,64.5952468731736,C1408F84
911.0,2647.0,1919.0,707.0,691.0,1617.0,1599.0,703.0,534.0,2483.0,2291.0,786.0,1106.0,2057.0,546.0,2277.0,2192.0,1368.0,1839.0,813.0,2570.0,540.0,834.0,1275.0,1952.0,783.0,1092.0,666.0,2509.0,1889.0,521.0,2392.0,1237.0,600.0,784.0,1141.0,2268.0,1079.0,555.0,1823.0,2425.0,830.0,2355.0,1747.0,2222.0,872.0,562.0,565.0,2154.0,1464.0,2344.0,751.0,654.0,1305.0,2350.0,1051.0,751.0,1358.0,683.0,1954.0,1053.0,0000000000000000128b,315.754151177745,C1408F85
947.0,2677.0,1948.0,733.0,715.0,1650.0,1627.0,725.0,559.0,2506.0,2309.0,821.0,1134.0,2088.0,565.0,2304.0,2234.0,1409.0,1875.0,849.0,2592.0,563.0,859.0,1314.0,1989.0,821.0,1124.0,693.0,2534.0,1924.0,550.0,2419.0,1276.0,621.0,822.0,1164.0,2293.0,1101.0,574.0,1857.0,2451.0,869.0,2379.0,1777.0,2240.0,902.0,584.0,588.0,2174.0,1502.0,2374.0,784.0,672.0,1333.0,2384.0,1093.0,784.0,1399.0,705.0,1976.0,1073.0,0000000000000000128c,80.5200090376205,C1408F87
1327.0,2696.0,2617.0,1284.0,977.0,1848.0,1985.0,1210.0,868.0,3025.0,2756.0,1239.0,1492.0,2602.0,832.0,2633.0,2390.0,1903.0,1888.0,1474.0,2832.0,866.0,1336.0,1655.0,2489.0,1138.0,1661.0,1084.0,2796.0,2184.0,708.0,2784.0,1717.0,1147.0,1212.0,1592.0,2674.0,1614.0,1140.0,2518.0,2912.0,1209.0,2794.0,2240.0,2589.0,1031.0,1017.0,841.0,2649.0,2017.0,2855.0,1286.0,1095.0,1640.0,2759.0,1437.0,1206.0,1811.0,1293.0,2465.0,1625.0,0000000000000000128d,309.64422169286,C1408F88
1031.0,2723.0,2130.0,813.0,819.0,1772.0,1763.0,838.0,616.0,2636.0,2470.0,898.0,1204.0,2210.0,652.0,2365.0,2264.0,1446.0,1975.0,927.0,2761.0,627.0,972.0,1394.0,2077.0,887.0,1242.0,767.0,2638.0,2020.0,617.0,2534.0,1325.0,698.0,879.0,1270.0,2379.0,1225.0,650.0,1931.0,2582.0,936.0,2520.0,1923.0,2385.0,996.0,655.0,655.0,2285.0,1601.0,2445.0,841.0,771.0,1410.0,2390.0,1174.0,836.0,1488.0,811.0,2049.0,1197.0,0000000000000000128e,180.42841461457,C1408F89
1036.0,2723.0,2135.0,817.0,823.0,1778.0,1768.0,842.0,618.0,2638.0,2475.0,903.0,1209.0,2213.0,655.0,2366.0,2265.0,1449.0,1978.0,932.0,2765.0,630.0,977.0,1399.0,2081.0,891.0,1245.0,770.0,2639.0,2023.0,620.0,2536.0,1328.0,702.0,882.0,1274.0,2382.0,1230.0,652.0,1934.0,2584.0,939.0,2525.0,1928.0,2391.0,1000.0,658.0,658.0,2289.0,1607.0,2446.0,843.0,773.0,1414.0,2391.0,1179.0,840.0,1492.0,814.0,2052.0,1202.0,0000000000000000128f,144.228548963705,C1408F91
1036.0,2694.0,2149.0,821.0,833.0,1777.0,1767.0,850.0,619.0,2627.0,2492.0,905.0,1207.0,2197.0,665.0,2344.0,2235.0,1440.0,1969.0,941.0,2761.0,637.0,990.0,1403.0,2074.0,886.0,1247.0,775.0,2628.0,1997.0,620.0,2541.0,1319.0,711.0,878.0,1271.0,2378.0,1235.0,655.0,1922.0,2571.0,941.0,2541.0,1924.0,2416.0,999.0,665.0,665.0,2302.0,1616.0,2438.0,834.0,775.0,1408.0,2373.0,1177.0,843.0,1496.0,821.0,2046.0,1207.0,00000000000000001290,466.994634961288,C1408F92
912.0,2646.0,1921.0,704.0,690.0,1619.0,1601.0,702.0,532.0,2483.0,2293.0,786.0,1110.0,2060.0,545.0,2276.0,2197.0,1370.0,1842.0,814.0,2568.0,538.0,834.0,1277.0,1955.0,784.0,1093.0,664.0,2507.0,1892.0,522.0,2394.0,1239.0,600.0,786.0,1144.0,2271.0,1082.0,555.0,1826.0,2424.0,832.0,2355.0,1748.0,2224.0,873.0,560.0,562.0,2155.0,1466.0,2345.0,751.0,653.0,1310.0,2352.0,1052.0,751.0,1361.0,684.0,1956.0,1055.0,00000000000000001291,270.851216411293,C1408F96
863.0,2586.0,1807.0,652.0,633.0,1527.0,1491.0,626.0,497.0,2394.0,2172.0,746.0,1048.0,1975.0,509.0,2218.0,2169.0,1365.0,1746.0,764.0,2431.0,493.0,752.0,1236.0,1908.0,746.0,1020.0,613.0,2415.0,1785.0,495.0,2296.0,1217.0,551.0,752.0,1054.0,2182.0,984.0,514.0,1785.0,2334.0,796.0,2263.0,1635.0,2098.0,810.0,505.0,527.0,2052.0,1414.0,2283.0,722.0,598.0,1238.0,2314.0,1009.0,722.0,1322.0,631.0,1883.0,960.0,00000000000000001292,956.966773834527,C1408F97
1257.0,2811.0,2482.0,1054.0,1035.0,1942.0,1972.0,1144.0,823.0,2872.0,2709.0,1125.0,1443.0,2495.0,824.0,2551.0,2459.0,1759.0,2062.0,1309.0,2895.0,812.0,1205.0,1675.0,2384.0,1134.0,1626.0,935.0,2768.0,2195.0,724.0,2757.0,1594.0,981.0,1113.0,1544.0,2590.0,1516.0,979.0,2288.0,2787.0,1168.0,2751.0,2173.0,2584.0,1113.0,895.0,802.0,2510.0,1923.0,2674.0,1161.0,1001.0,1631.0,2622.0,1403.0,1082.0,1781.0,1087.0,2325.0,1451.0,00000000000000001294,1531.32750280448,C1408F99
990.0,2611.0,2135.0,823.0,852.0,1809.0,1763.0,852.0,608.0,2592.0,2506.0,875.0,1230.0,2117.0,675.0,2264.0,2095.0,1379.0,1948.0,904.0,2769.0,636.0,1014.0,1339.0,2010.0,846.0,1308.0,776.0,2564.0,1960.0,627.0,2489.0,1226.0,724.0,877.0,1269.0,2317.0,1232.0,649.0,1852.0,2594.0,951.0,2537.0,1938.0,2376.0,1033.0,664.0,672.0,2279.0,1576.0,2386.0,804.0,791.0,1388.0,2259.0,1153.0,831.0,1462.0,829.0,1987.0,1222.0,00000000000000001295,78.7924575764179,C1408P05
1310.0,2675.0,2591.0,1270.0,966.0,1831.0,1972.0,1191.0,846.0,3014.0,2751.0,1221.0,1477.0,2563.0,810.0,2631.0,2391.0,1891.0,1891.0,1450.0,2800.0,841.0,1331.0,1636.0,2482.0,1121.0,1641.0,1061.0,2783.0,2155.0,703.0,2784.0,1715.0,1135.0,1208.0,1563.0,2645.0,1593.0,1123.0,2517.0,2900.0,1195.0,2791.0,2226.0,2557.0,1016.0,995.0,818.0,2636.0,1980.0,2872.0,1280.0,1092.0,1632.0,2740.0,1408.0,1197.0,1793.0,1271.0,2436.0,1610.0,00000000000000001296,65.4614535568856,C1408P06
977.0,2589.0,2116.0,812.0,839.0,1794.0,1746.0,839.0,598.0,2568.0,2488.0,863.0,1218.0,2095.0,664.0,2245.0,2071.0,1363.0,1930.0,891.0,2749.0,626.0,1000.0,1323.0,1989.0,834.0,1295.0,765.0,2543.0,1941.0,620.0,2465.0,1210.0,712.0,866.0,1256.0,2299.0,1219.0,637.0,1833.0,2576.0,939.0,2514.0,1922.0,2359.0,1019.0,654.0,662.0,2261.0,1559.0,2363.0,793.0,778.0,1374.0,2235.0,1139.0,820.0,1446.0,816.0,1971.0,1210.0,00000000000000001297,49.4686397892024,C1408P07
1186.0,2809.0,2336.0,936.0,977.0,1932.0,1922.0,989.0,721.0,2789.0,2640.0,1044.0,1361.0,2376.0,777.0,2451.0,2405.0,1618.0,2124.0,1085.0,2889.0,740.0,1147.0,1578.0,2248.0,1024.0,1412.0,887.0,2741.0,2153.0,753.0,2683.0,1479.0,826.0,1028.0,1419.0,2513.0,1390.0,767.0,2090.0,2695.0,1099.0,2693.0,2083.0,2552.0,1159.0,770.0,770.0,2436.0,1806.0,2577.0,979.0,896.0,1564.0,2510.0,1338.0,989.0,1687.0,943.0,2183.0,1351.0,00000000000000001298,74.5309210847661,C1408P08
796.0,2411.0,1849.0,653.0,612.0,1530.0,1525.0,631.0,446.0,2380.0,2206.0,665.0,979.0,1889.0,470.0,2062.0,1919.0,1189.0,1727.0,699.0,2484.0,465.0,772.0,1152.0,1764.0,647.0,1035.0,606.0,2345.0,1757.0,428.0,2266.0,1067.0,516.0,694.0,1045.0,2094.0,1015.0,461.0,1611.0,2296.0,758.0,2276.0,1684.0,2130.0,781.0,493.0,493.0,2017.0,1368.0,2163.0,648.0,580.0,1187.0,2100.0,937.0,657.0,1253.0,626.0,1771.0,979.0,00000000000000001299,129.514475680359,C1408P09
760.0,2363.0,1799.0,634.0,580.0,1493.0,1484.0,599.0,425.0,2332.0,2171.0,629.0,948.0,1840.0,442.0,2012.0,1869.0,1154.0,1693.0,657.0,2438.0,444.0,740.0,1116.0,1714.0,611.0,1004.0,587.0,2297.0,1722.0,403.0,2218.0,1030.0,487.0,671.0,1015.0,2058.0,985.0,433.0,1560.0,2248.0,736.0,2227.0,1654.0,2095.0,750.0,473.0,473.0,1980.0,1335.0,2113.0,625.0,551.0,1158.0,2050.0,900.0,634.0,1219.0,597.0,1733.0,948.0,0000000000000000129a,105.409767055452,C1408P11
1135.0,2717.0,2325.0,957.0,992.0,1854.0,1840.0,1043.0,765.0,2721.0,2586.0,997.0,1329.0,2331.0,784.0,2428.0,2336.0,1578.0,1978.0,1135.0,2816.0,762.0,1114.0,1546.0,2229.0,1023.0,1537.0,872.0,2662.0,2044.0,759.0,2625.0,1441.0,893.0,1013.0,1412.0,2438.0,1377.0,879.0,2106.0,2677.0,1082.0,2641.0,2023.0,2462.0,1160.0,820.0,760.0,2369.0,1757.0,2531.0,1032.0,936.0,1515.0,2457.0,1279.0,974.0,1646.0,990.0,2164.0,1312.0,0000000000000000129b,40.1136535061549,C1408P13
899.0,2622.0,1910.0,710.0,681.0,1597.0,1580.0,700.0,530.0,2478.0,2274.0,769.0,1074.0,2038.0,545.0,2255.0,2161.0,1343.0,1816.0,795.0,2563.0,539.0,822.0,1256.0,1930.0,760.0,1081.0,663.0,2491.0,1866.0,510.0,2372.0,1217.0,598.0,770.0,1123.0,2241.0,1058.0,555.0,1803.0,2413.0,817.0,2351.0,1733.0,2206.0,859.0,558.0,567.0,2135.0,1450.0,2321.0,741.0,655.0,1276.0,2317.0,1033.0,741.0,1339.0,685.0,1928.0,1037.0,0000000000000000129c,221.71211498782,C1408P16
749.0,2360.0,1789.0,624.0,569.0,1483.0,1474.0,588.0,415.0,2327.0,2165.0,617.0,940.0,1838.0,436.0,2005.0,1866.0,1144.0,1681.0,645.0,2430.0,434.0,731.0,1106.0,1706.0,598.0,996.0,576.0,2293.0,1714.0,395.0,2209.0,1019.0,483.0,665.0,1007.0,2053.0,974.0,427.0,1550.0,2240.0,730.0,2219.0,1642.0,2088.0,740.0,462.0,462.0,1972.0,1327.0,2103.0,621.0,548.0,1152.0,2047.0,891.0,628.0,1207.0,595.0,1720.0,940.0,0000000000000000129d,210.050387147026,C1408P17
917.0,2614.0,1976.0,725.0,711.0,1628.0,1619.0,729.0,540.0,2509.0,2316.0,787.0,1084.0,2066.0,565.0,2259.0,2148.0,1334.0,1837.0,820.0,2625.0,549.0,858.0,1277.0,1944.0,785.0,1130.0,678.0,2516.0,1892.0,528.0,2406.0,1216.0,611.0,797.0,1139.0,2253.0,1091.0,567.0,1810.0,2455.0,851.0,2385.0,1777.0,2241.0,880.0,575.0,577.0,2148.0,1478.0,2325.0,761.0,676.0,1287.0,2292.0,1057.0,756.0,1367.0,720.0,1931.0,1064.0,0000000000000000129e,217.789437538016,C1408P18
1320.0,2716.0,2626.0,1261.0,965.0,1863.0,2008.0,1197.0,843.0,3042.0,2781.0,1232.0,1502.0,2608.0,815.0,2649.0,2406.0,1895.0,1917.0,1458.0,2848.0,845.0,1333.0,1650.0,2497.0,1132.0,1655.0,1058.0,2817.0,2203.0,695.0,2806.0,1711.0,1123.0,1206.0,1592.0,2694.0,1612.0,1110.0,2525.0,2942.0,1201.0,2811.0,2267.0,2612.0,1023.0,988.0,821.0,2668.0,2007.0,2876.0,1271.0,1077.0,1647.0,2771.0,1434.0,1199.0,1808.0,1268.0,2478.0,1627.0,0000000000000000129f,99.3274806846636,C1408P19
1337.0,2775.0,2662.0,1261.0,1004.0,1916.0,2060.0,1224.0,854.0,3066.0,2799.0,1255.0,1534.0,2654.0,829.0,2663.0,2433.0,1928.0,1968.0,1494.0,2889.0,849.0,1347.0,1678.0,2521.0,1149.0,1701.0,1055.0,2838.0,2277.0,701.0,2844.0,1714.0,1123.0,1225.0,1643.0,2730.0,1656.0,1114.0,2526.0,2949.0,1227.0,2839.0,2312.0,2657.0,1057.0,992.0,830.0,2684.0,2057.0,2879.0,1299.0,1073.0,1675.0,2800.0,1472.0,1222.0,1831.0,1275.0,2499.0,1655.0,000000000000000012a0,93.5938656144832,C1408P20
842.0,2557.0,1779.0,639.0,615.0,1501.0,1468.0,606.0,484.0,2371.0,2149.0,724.0,1027.0,1950.0,497.0,2190.0,2146.0,1351.0,1723.0,740.0,2398.0,480.0,732.0,1221.0,1884.0,724.0,999.0,600.0,2387.0,1761.0,479.0,2272.0,1201.0,541.0,741.0,1034.0,2159.0,964.0,503.0,1760.0,2303.0,783.0,2235.0,1613.0,2075.0,790.0,491.0,514.0,2027.0,1402.0,2260.0,709.0,588.0,1218.0,2295.0,990.0,709.0,1308.0,623.0,1858.0,935.0,000000000000000012a1,161.290751607269,C1408P22
1128.0,2699.0,2345.0,982.0,962.0,1841.0,1846.0,1051.0,766.0,2747.0,2605.0,1002.0,1341.0,2336.0,768.0,2460.0,2309.0,1590.0,1944.0,1169.0,2808.0,756.0,1117.0,1531.0,2245.0,1015.0,1541.0,873.0,2668.0,2040.0,694.0,2635.0,1445.0,914.0,1013.0,1425.0,2452.0,1403.0,907.0,2144.0,2712.0,1074.0,2654.0,2044.0,2464.0,1082.0,833.0,747.0,2391.0,1752.0,2565.0,1048.0,937.0,1516.0,2482.0,1265.0,979.0,1637.0,1006.0,2195.0,1341.0,000000000000000012a2,215.853824338779,C1408W01
1036.0,2760.0,2039.0,804.0,791.0,1720.0,1699.0,801.0,628.0,2578.0,2373.0,908.0,1192.0,2184.0,641.0,2383.0,2332.0,1504.0,1945.0,938.0,2672.0,636.0,940.0,1408.0,2086.0,908.0,1202.0,765.0,2612.0,1995.0,626.0,2483.0,1370.0,700.0,905.0,1223.0,2355.0,1162.0,651.0,1949.0,2533.0,953.0,2444.0,1848.0,2304.0,981.0,649.0,657.0,2236.0,1599.0,2443.0,867.0,749.0,1391.0,2451.0,1184.0,868.0,1494.0,787.0,2037.0,1135.0,000000000000000012a4,586.414075827273,C1408W03
-999.0,-999.0,-999.0,-999.0,-999.0,-999.0,-999.0,-999.0,-999.0,-999.0,-999.0,-999.0,-999.0,-999.0,-999.0,-999.0,-999.0,-999.0,-999.0,-999.0,-999.0,-999.0,-999.0,-999.0,-999.0,-999.0,-999.0,-999.0,-999.0,-999.0,-999.0,-999.0,-999.0,-999.0,-999.0,-999.0,-999.0,-999.0,-999.0,-999.0,-999.0,-999.0,-999.0,-999.0,-999.0,-999.0,-999.0,-999.0,-999.0,-999.0,-999.0,-999.0,-999.0,-999.0,-999.0,-999.0,-999.0,-999.0,-999.0,-999.0,-999.0,000000000000000012a5,345.241056206986,C1408W05
932.0,2668.0,1945.0,723.0,710.0,1640.0,1621.0,721.0,550.0,2500.0,2310.0,806.0,1121.0,2081.0,565.0,2297.0,2215.0,1390.0,1862.0,835.0,2592.0,559.0,854.0,1297.0,1974.0,804.0,1113.0,683.0,2531.0,1910.0,537.0,2409.0,1259.0,621.0,803.0,1155.0,2289.0,1094.0,574.0,1847.0,2446.0,848.0,2375.0,1768.0,2241.0,892.0,578.0,580.0,2172.0,1486.0,2361.0,768.0,676.0,1319.0,2368.0,1073.0,768.0,1381.0,704.0,1973.0,1067.0,000000000000000012a6,114.994503614345,C1408W09
1163.0,2787.0,2310.0,917.0,957.0,1909.0,1900.0,970.0,705.0,2766.0,2621.0,1023.0,1340.0,2349.0,760.0,2431.0,2379.0,1592.0,2100.0,1063.0,2868.0,724.0,1124.0,1553.0,2222.0,1003.0,1388.0,869.0,2720.0,2129.0,733.0,2660.0,1454.0,808.0,1004.0,1397.0,2495.0,1369.0,750.0,2066.0,2676.0,1075.0,2670.0,2059.0,2534.0,1138.0,753.0,753.0,2418.0,1779.0,2555.0,956.0,879.0,1541.0,2488.0,1313.0,965.0,1661.0,924.0,2166.0,1330.0,000000000000000012a7,255.808237598848,C1408W10
1085.0,2675.0,2226.0,891.0,919.0,1844.0,1816.0,929.0,682.0,2666.0,2540.0,952.0,1280.0,2232.0,742.0,2327.0,2248.0,1501.0,2000.0,992.0,2798.0,710.0,1089.0,1454.0,2128.0,932.0,1394.0,843.0,2609.0,2030.0,697.0,2563.0,1348.0,791.0,959.0,1336.0,2388.0,1299.0,726.0,1967.0,2619.0,1034.0,2591.0,1983.0,2428.0,1100.0,730.0,738.0,2332.0,1683.0,2469.0,905.0,867.0,1463.0,2364.0,1240.0,912.0,1568.0,906.0,2060.0,1278.0,000000000000000012a8,66.936575940852,C1501C01
1497.0,2721.0,2677.0,1458.0,1098.0,1963.0,2104.0,1368.0,1063.0,2986.0,2768.0,1379.0,1635.0,2664.0,961.0,2725.0,2534.0,2085.0,2001.0,1701.0,2860.0,1062.0,1439.0,1860.0,2579.0,1336.0,1725.0,1194.0,2786.0,2244.0,851.0,2810.0,1937.0,1309.0,1423.0,1781.0,2704.0,1750.0,1347.0,2643.0,2920.0,1385.0,2813.0,2320.0,2614.0,1143.0,1229.0,964.0,2650.0,2175.0,2894.0,1525.0,1292.0,1788.0,2794.0,1616.0,1400.0,1980.0,1473.0,2534.0,1725.0,000000000000000012a9,39.9613227281984,C1501C03
1088.0,2614.0,2346.0,1032.0,879.0,1800.0,1894.0,987.0,680.0,2872.0,2700.0,993.0,1381.0,2353.0,687.0,2477.0,2239.0,1575.0,1938.0,1080.0,2806.0,673.0,1171.0,1388.0,2266.0,963.0,1574.0,847.0,2746.0,2092.0,581.0,2627.0,1402.0,878.0,1007.0,1356.0,2460.0,1384.0,837.0,2242.0,2847.0,1015.0,2621.0,2164.0,2529.0,968.0,784.0,673.0,2519.0,1682.0,2737.0,946.0,938.0,1543.0,2564.0,1200.0,960.0,1599.0,1036.0,2289.0,1462.0,000000000000000012aa,47.4637141324912,C1501C04
1088.0,2614.0,2346.0,1032.0,879.0,1800.0,1894.0,987.0,680.0,2872.0,2700.0,993.0,1381.0,2353.0,687.0,2477.0,2239.0,1575.0,1938.0,1080.0,2806.0,673.0,1171.0,1388.0,2266.0,963.0,1574.0,847.0,2746.0,2092.0,581.0,2627.0,1402.0,878.0,1007.0,1356.0,2460.0,1384.0,837.0,2242.0,2847.0,1015.0,2621.0,2164.0,2529.0,968.0,784.0,673.0,2519.0,1682.0,2737.0,946.0,938.0,1543.0,2564.0,1200.0,960.0,1599.0,1036.0,2289.0,1462.0,000000000000000012ab,47.4637141324912,C1501C04
1236.0,2718.0,2565.0,1221.0,941.0,1857.0,2017.0,1182.0,799.0,3023.0,2777.0,1161.0,1493.0,2520.0,754.0,2678.0,2368.0,1849.0,1918.0,1410.0,2819.0,785.0,1314.0,1568.0,2464.0,1056.0,1628.0,988.0,2806.0,2184.0,661.0,2819.0,1650.0,1086.0,1157.0,1593.0,2675.0,1615.0,1082.0,2495.0,2927.0,1138.0,2815.0,2262.0,2587.0,1003.0,946.0,762.0,2657.0,1915.0,2900.0,1237.0,1045.0,1639.0,2749.0,1342.0,1150.0,1719.0,1213.0,2457.0,1625.0,000000000000000012ac,52.4633645011018,C1501C05
1390.0,2700.0,2618.0,1364.0,1074.0,1923.0,2092.0,1320.0,976.0,2967.0,2732.0,1278.0,1596.0,2591.0,889.0,2701.0,2444.0,1980.0,1961.0,1613.0,2813.0,991.0,1392.0,1739.0,2499.0,1242.0,1681.0,1085.0,2748.0,2213.0,794.0,2783.0,1847.0,1215.0,1312.0,1740.0,2682.0,1731.0,1261.0,2564.0,2896.0,1277.0,2766.0,2297.0,2582.0,1120.0,1140.0,880.0,2618.0,2075.0,2840.0,1405.0,1213.0,1741.0,2739.0,1509.0,1310.0,1868.0,1388.0,2497.0,1682.0,000000000000000012ad,33.0322121331879,C1501C07
1673.0,2762.0,2689.0,1641.0,1218.0,2048.0,2191.0,1499.0,1238.0,2936.0,2808.0,1522.0,1767.0,2696.0,1085.0,2788.0,2697.0,2235.0,2183.0,1920.0,2857.0,1212.0,1569.0,2039.0,2686.0,1530.0,1810.0,1307.0,2783.0,2265.0,982.0,2915.0,2109.0,1476.0,1662.0,1934.0,2674.0,1855.0,1572.0,2798.0,2926.0,1552.0,2863.0,2390.0,2593.0,1250.0,1430.0,1069.0,2681.0,2267.0,2940.0,1785.0,1509.0,1920.0,2805.0,1795.0,1562.0,2133.0,1653.0,2565.0,1812.0,000000000000000012ae,15.5083143075072,C1501C09
1076.0,2671.0,2213.0,875.0,903.0,1833.0,1805.0,913.0,666.0,2667.0,2534.0,942.0,1269.0,2228.0,723.0,2321.0,2240.0,1500.0,1997.0,979.0,2791.0,688.0,1075.0,1452.0,2117.0,921.0,1354.0,827.0,2605.0,2025.0,682.0,2563.0,1353.0,771.0,945.0,1324.0,2388.0,1287.0,710.0,1955.0,2609.0,1021.0,2586.0,1973.0,2426.0,1085.0,713.0,723.0,2325.0,1683.0,2465.0,889.0,847.0,1453.0,2365.0,1230.0,898.0,1568.0,885.0,2052.0,1263.0,000000000000000012af,33.5216697608136,C1501F01
1341.0,2721.0,2643.0,1311.0,1031.0,1903.0,2058.0,1271.0,906.0,3021.0,2774.0,1243.0,1560.0,2630.0,855.0,2676.0,2411.0,1936.0,1928.0,1524.0,2854.0,915.0,1372.0,1685.0,2504.0,1163.0,1692.0,1083.0,2795.0,2236.0,735.0,2796.0,1758.0,1169.0,1236.0,1682.0,2723.0,1688.0,1185.0,2547.0,2929.0,1224.0,2797.0,2302.0,2629.0,1083.0,1066.0,856.0,2675.0,2055.0,2854.0,1319.0,1128.0,1692.0,2780.0,1459.0,1236.0,1831.0,1332.0,2524.0,1669.0,000000000000000012b0,19.3581738086157,C1501F02
1217.0,2721.0,2553.0,1198.0,920.0,1851.0,2012.0,1160.0,773.0,3032.0,2781.0,1144.0,1475.0,2508.0,736.0,2682.0,2359.0,1831.0,1918.0,1381.0,2823.0,755.0,1302.0,1543.0,2460.0,1034.0,1619.0,972.0,2822.0,2183.0,643.0,2821.0,1626.0,1067.0,1136.0,1568.0,2671.0,1597.0,1058.0,2487.0,2933.0,1118.0,2819.0,2258.0,2586.0,986.0,917.0,745.0,2660.0,1887.0,2911.0,1216.0,1023.0,1624.0,2747.0,1319.0,1127.0,1701.0,1187.0,2445.0,1615.0,000000000000000012b1,55.3581328148846,C1501F03
1198.0,2673.0,2507.0,1122.0,962.0,1846.0,1993.0,1107.0,718.0,2933.0,2712.0,1068.0,1457.0,2399.0,694.0,2618.0,2258.0,1663.0,1910.0,1220.0,2800.0,754.0,1299.0,1438.0,2367.0,985.0,1623.0,1006.0,2795.0,2147.0,617.0,2764.0,1563.0,1036.0,1080.0,1503.0,2607.0,1541.0,1001.0,2416.0,2876.0,1071.0,2722.0,2211.0,2535.0,978.0,868.0,704.0,2640.0,1801.0,2893.0,1102.0,990.0,1639.0,2695.0,1258.0,1065.0,1646.0,1163.0,2412.0,1576.0,000000000000000012b2,18.3060367167533,C1501F04
1310.0,2734.0,2661.0,1281.0,998.0,1885.0,2035.0,1239.0,865.0,3050.0,2787.0,1226.0,1537.0,2651.0,842.0,2663.0,2389.0,1904.0,1904.0,1468.0,2880.0,874.0,1358.0,1654.0,2506.0,1119.0,1692.0,1084.0,2825.0,2247.0,701.0,2803.0,1702.0,1148.0,1200.0,1642.0,2740.0,1659.0,1149.0,2535.0,2954.0,1199.0,2812.0,2304.0,2647.0,1061.0,1023.0,844.0,2702.0,2041.0,2859.0,1273.0,1085.0,1660.0,2802.0,1428.0,1200.0,1810.0,1306.0,2527.0,1658.0,000000000000000012b3,69.1978505819625,C1501F05
1545.0,2785.0,2775.0,1458.0,1107.0,2020.0,2150.0,1408.0,1080.0,3110.0,2876.0,1434.0,1667.0,2780.0,989.0,2776.0,2597.0,2139.0,2053.0,1705.0,2964.0,1060.0,1481.0,1934.0,2666.0,1380.0,1774.0,1247.0,2888.0,2321.0,852.0,2880.0,1965.0,1328.0,1433.0,1806.0,2801.0,1799.0,1361.0,2726.0,3005.0,1418.0,2910.0,2384.0,2719.0,1149.0,1225.0,1004.0,2770.0,2250.0,2974.0,1542.0,1277.0,1838.0,2901.0,1662.0,1400.0,2061.0,1475.0,2633.0,1782.0,000000000000000012b4,51.2729806275843,C1501F06
1057.0,2654.0,2190.0,855.0,887.0,1815.0,1787.0,896.0,647.0,2650.0,2514.0,924.0,1254.0,2205.0,707.0,2304.0,2216.0,1480.0,1979.0,960.0,2775.0,670.0,1059.0,1432.0,2094.0,902.0,1338.0,808.0,2588.0,2007.0,663.0,2546.0,1332.0,755.0,926.0,1309.0,2369.0,1272.0,694.0,1932.0,2591.0,1002.0,2568.0,1955.0,2406.0,1069.0,694.0,704.0,2306.0,1662.0,2449.0,870.0,831.0,1438.0,2348.0,1211.0,879.0,1547.0,869.0,2035.0,1248.0,000000000000000012b5,40.6983912614433,C1501F07
1104.0,2616.0,2393.0,1139.0,911.0,1819.0,1944.0,1041.0,712.0,2990.0,2764.0,1060.0,1448.0,2383.0,716.0,2554.0,2249.0,1675.0,1919.0,1164.0,2861.0,694.0,1236.0,1399.0,2354.0,999.0,1636.0,891.0,2801.0,2215.0,611.0,2682.0,1414.0,954.0,1054.0,1419.0,2519.0,1462.0,919.0,2340.0,2944.0,1045.0,2683.0,2277.0,2543.0,1018.0,833.0,701.0,2619.0,1703.0,2793.0,1032.0,961.0,1569.0,2690.0,1247.0,1019.0,1625.0,1149.0,2415.0,1569.0,000000000000000012b6,39.6915668412956,C1501F08
1083.0,2689.0,2223.0,874.0,906.0,1838.0,1812.0,915.0,666.0,2681.0,2546.0,948.0,1274.0,2246.0,722.0,2336.0,2258.0,1512.0,2009.0,987.0,2801.0,687.0,1075.0,1465.0,2129.0,929.0,1345.0,827.0,2622.0,2037.0,682.0,2579.0,1369.0,770.0,946.0,1329.0,2404.0,1294.0,713.0,1967.0,2614.0,1021.0,2596.0,1979.0,2444.0,1088.0,714.0,722.0,2338.0,1696.0,2477.0,891.0,845.0,1460.0,2381.0,1237.0,900.0,1579.0,883.0,2066.0,1265.0,000000000000000012b7,64.2861537931141,C1501P04
1581.0,2723.0,2663.0,1545.0,1142.0,2009.0,2133.0,1414.0,1134.0,2946.0,2790.0,1441.0,1701.0,2677.0,1015.0,2768.0,2639.0,2170.0,2099.0,1797.0,2856.0,1121.0,1501.0,1948.0,2635.0,1420.0,1765.0,1239.0,2785.0,2260.0,905.0,2861.0,2030.0,1383.0,1547.0,1850.0,2676.0,1793.0,1447.0,2719.0,2904.0,1458.0,2844.0,2354.0,2606.0,1186.0,1309.0,1004.0,2655.0,2210.0,2944.0,1654.0,1404.0,1860.0,2795.0,1690.0,1484.0,2061.0,1556.0,2517.0,1783.0,000000000000000012b8,23.5314323535111,C1501P05
1358.0,2722.0,2636.0,1329.0,1055.0,1920.0,2083.0,1296.0,927.0,3002.0,2767.0,1251.0,1582.0,2619.0,861.0,2696.0,2427.0,1955.0,1951.0,1556.0,2849.0,938.0,1388.0,1703.0,2506.0,1188.0,1699.0,1080.0,2786.0,2239.0,756.0,2793.0,1793.0,1180.0,1261.0,1711.0,2715.0,1710.0,1204.0,2559.0,2927.0,1240.0,2788.0,2313.0,2619.0,1103.0,1091.0,860.0,2661.0,2063.0,2852.0,1348.0,1152.0,1717.0,2768.0,1474.0,1261.0,1844.0,1346.0,2524.0,1681.0,000000000000000012b9,24.9128556516402,C1501P07
1432.0,2731.0,2661.0,1404.0,1123.0,1968.0,2139.0,1376.0,1023.0,2983.0,2771.0,1313.0,1642.0,2633.0,935.0,2735.0,2501.0,2032.0,2009.0,1664.0,2839.0,1031.0,1444.0,1794.0,2550.0,1283.0,1735.0,1117.0,2774.0,2250.0,838.0,2818.0,1898.0,1267.0,1369.0,1794.0,2715.0,1782.0,1314.0,2617.0,2926.0,1330.0,2796.0,2338.0,2618.0,1169.0,1182.0,913.0,2653.0,2128.0,2869.0,1463.0,1265.0,1792.0,2768.0,1546.0,1357.0,1917.0,1437.0,2537.0,1726.0,000000000000000012ba,44.6033037197319,C1501P09
1754.0,2791.0,2717.0,1732.0,1290.0,2082.0,2241.0,1576.0,1335.0,2962.0,2838.0,1599.0,1812.0,2732.0,1157.0,2798.0,2732.0,2289.0,2239.0,2024.0,2868.0,1298.0,1633.0,2110.0,2723.0,1624.0,1867.0,1384.0,2794.0,2289.0,1054.0,2956.0,2169.0,1555.0,1754.0,1988.0,2695.0,1903.0,1672.0,2850.0,2948.0,1634.0,2887.0,2424.0,2608.0,1307.0,1526.0,1148.0,2721.0,2325.0,2944.0,1884.0,1589.0,1960.0,2829.0,1887.0,1635.0,2194.0,1734.0,2606.0,1840.0,000000000000000012bb,45.9908205743175,C1501R01
1667.0,2755.0,2686.0,1638.0,1216.0,2045.0,2185.0,1496.0,1236.0,2931.0,2805.0,1516.0,1761.0,2691.0,1083.0,2783.0,2695.0,2231.0,2179.0,1913.0,2854.0,1210.0,1567.0,2036.0,2682.0,1524.0,1806.0,1306.0,2779.0,2262.0,979.0,2909.0,2106.0,1474.0,1658.0,1928.0,2670.0,1849.0,1569.0,2792.0,2921.0,1548.0,2859.0,2386.0,2590.0,1247.0,1427.0,1068.0,2676.0,2264.0,2937.0,1780.0,1506.0,1915.0,2801.0,1788.0,1559.0,2131.0,1649.0,2561.0,1807.0,000000000000000012bc,9.61087240378871,C1501R05
1054.0,2622.0,2197.0,894.0,918.0,1972.0,1927.0,927.0,665.0,2699.0,2673.0,968.0,1412.0,2149.0,729.0,2390.0,2062.0,1442.0,2045.0,1002.0,2890.0,680.0,1102.0,1356.0,2074.0,908.0,1551.0,825.0,2637.0,2070.0,694.0,2563.0,1288.0,825.0,936.0,1408.0,2450.0,1377.0,743.0,2001.0,2767.0,996.0,2675.0,2088.0,2535.0,1082.0,736.0,710.0,2465.0,1590.0,2521.0,868.0,877.0,1527.0,2292.0,1197.0,894.0,1497.0,918.0,2157.0,1403.0,000000000000000012bd,35.50276951763,C1501W02
1173.0,2683.0,2468.0,1114.0,963.0,1848.0,1978.0,1079.0,695.0,2997.0,2757.0,1040.0,1503.0,2469.0,706.0,2576.0,2188.0,1576.0,1932.0,1211.0,2860.0,756.0,1297.0,1361.0,2333.0,949.0,1625.0,1022.0,2775.0,2191.0,642.0,2728.0,1482.0,1005.0,1032.0,1499.0,2626.0,1540.0,953.0,2366.0,2900.0,1032.0,2713.0,2272.0,2555.0,1029.0,850.0,718.0,2676.0,1777.0,2812.0,1034.0,968.0,1662.0,2708.0,1237.0,1030.0,1570.0,1203.0,2459.0,1615.0,000000000000000012be,321.030533037364,C1501W04
1238.0,2794.0,2583.0,1231.0,1011.0,1937.0,2105.0,1204.0,804.0,3076.0,2821.0,1164.0,1541.0,2589.0,763.0,2712.0,2324.0,1795.0,1992.0,1378.0,2914.0,795.0,1391.0,1500.0,2492.0,1045.0,1755.0,1056.0,2906.0,2348.0,672.0,2861.0,1595.0,1081.0,1162.0,1613.0,2721.0,1652.0,1063.0,2531.0,2978.0,1153.0,2845.0,2338.0,2696.0,1084.0,936.0,755.0,2770.0,1878.0,3002.0,1210.0,1041.0,1709.0,2843.0,1340.0,1149.0,1689.0,1271.0,2555.0,1704.0,000000000000000012bf,50.1385849084933,C1501W05
1073.0,2631.0,2232.0,936.0,915.0,1965.0,1950.0,957.0,671.0,2738.0,2697.0,984.0,1433.0,2185.0,718.0,2449.0,2099.0,1482.0,2037.0,1062.0,2883.0,679.0,1127.0,1364.0,2119.0,919.0,1561.0,833.0,2664.0,2096.0,670.0,2600.0,1324.0,859.0,959.0,1446.0,2484.0,1419.0,793.0,2072.0,2797.0,1000.0,2696.0,2129.0,2543.0,1059.0,758.0,697.0,2498.0,1609.0,2589.0,918.0,902.0,1555.0,2359.0,1209.0,920.0,1507.0,960.0,2206.0,1447.0,000000000000000012c0,251.416312496929,C1501W88
1153.0,2663.0,2454.0,1104.0,900.0,1834.0,1977.0,1067.0,695.0,2952.0,2731.0,1061.0,1447.0,2383.0,683.0,2599.0,2236.0,1647.0,1909.0,1186.0,2838.0,707.0,1256.0,1399.0,2349.0,973.0,1617.0,941.0,2810.0,2179.0,597.0,2728.0,1478.0,980.0,1055.0,1466.0,2576.0,1503.0,946.0,2372.0,2911.0,1046.0,2703.0,2237.0,2542.0,975.0,832.0,681.0,2637.0,1742.0,2844.0,1056.0,952.0,1604.0,2693.0,1245.0,1031.0,1614.0,1136.0,2422.0,1569.0,000000000000000012c1,30.0500390890302,C1501X01
1998.0,2830.0,2847.0,1950.0,1513.0,2257.0,2404.0,1838.0,1617.0,3033.0,2962.0,1838.0,1996.0,2849.0,1390.0,2867.0,2879.0,2488.0,2407.0,2282.0,2956.0,1553.0,1824.0,2369.0,2846.0,1912.0,2012.0,1620.0,2849.0,2422.0,1297.0,2988.0,2388.0,1793.0,1955.0,2176.0,2801.0,2108.0,1941.0,2958.0,3004.0,1863.0,2971.0,2576.0,2703.0,1492.0,1787.0,1405.0,2801.0,2551.0,2988.0,2119.0,1799.0,2207.0,2914.0,2117.0,1832.0,2433.0,1924.0,2745.0,1998.0,000000000000000012c2,539.306539092159,C1502C01
2053.0,2854.0,2886.0,2003.0,1566.0,2300.0,2447.0,1900.0,1679.0,3067.0,2993.0,1889.0,2040.0,2889.0,1437.0,2897.0,2921.0,2544.0,2446.0,2338.0,2982.0,1606.0,1873.0,2432.0,2885.0,1977.0,2061.0,1672.0,2872.0,2460.0,1350.0,3018.0,2443.0,1848.0,2014.0,2227.0,2836.0,2159.0,2002.0,3003.0,3027.0,1925.0,3005.0,2618.0,2738.0,1542.0,1844.0,1457.0,2836.0,2610.0,3020.0,2189.0,1849.0,2256.0,2952.0,2175.0,1886.0,2492.0,1976.0,2782.0,2040.0,000000000000000012c3,32.0435546514946,C1502C02
1854.0,2782.0,2775.0,1806.0,1386.0,2171.0,2309.0,1697.0,1438.0,2978.0,2924.0,1687.0,1898.0,2775.0,1262.0,2829.0,2822.0,2362.0,2328.0,2114.0,2905.0,1402.0,1725.0,2221.0,2785.0,1742.0,1909.0,1484.0,2810.0,2345.0,1143.0,2941.0,2277.0,1659.0,1822.0,2056.0,2737.0,1982.0,1788.0,2889.0,2953.0,1721.0,2930.0,2493.0,2642.0,1387.0,1622.0,1254.0,2737.0,2418.0,2959.0,1959.0,1678.0,2093.0,2862.0,1966.0,1703.0,2306.0,1798.0,2670.0,1907.0,000000000000000012c4,30.907163705004,C1502C06
898.0,2521.0,2007.0,758.0,763.0,1818.0,1733.0,749.0,551.0,2489.0,2520.0,815.0,1233.0,1946.0,612.0,2222.0,1850.0,1260.0,1882.0,825.0,2817.0,571.0,925.0,1198.0,1854.0,757.0,1292.0,713.0,2501.0,1892.0,583.0,2366.0,1089.0,669.0,800.0,1229.0,2290.0,1182.0,569.0,1752.0,2643.0,879.0,2487.0,1891.0,2400.0,955.0,611.0,611.0,2294.0,1441.0,2286.0,702.0,727.0,1352.0,2059.0,1063.0,753.0,1341.0,765.0,1967.0,1201.0,000000000000000012c5,32.2240128616892,C1502C07
864.0,2473.0,1958.0,728.0,735.0,1780.0,1685.0,716.0,524.0,2426.0,2489.0,788.0,1202.0,1883.0,583.0,2177.0,1792.0,1215.0,1836.0,797.0,2782.0,543.0,891.0,1158.0,1797.0,729.0,1233.0,691.0,2452.0,1831.0,557.0,2313.0,1045.0,641.0,768.0,1191.0,2250.0,1144.0,535.0,1704.0,2609.0,852.0,2435.0,1846.0,2366.0,920.0,583.0,583.0,2259.0,1394.0,2239.0,666.0,698.0,1311.0,1989.0,1028.0,722.0,1300.0,735.0,1923.0,1163.0,000000000000000012c6,109.300815860806,C1502F01
869.0,2506.0,1978.0,739.0,739.0,1798.0,1702.0,719.0,525.0,2456.0,2516.0,790.0,1208.0,1901.0,585.0,2204.0,1806.0,1222.0,1857.0,800.0,2818.0,545.0,899.0,1164.0,1814.0,731.0,1239.0,698.0,2479.0,1850.0,557.0,2342.0,1049.0,644.0,777.0,1199.0,2271.0,1150.0,536.0,1717.0,2641.0,863.0,2465.0,1866.0,2389.0,928.0,586.0,586.0,2282.0,1405.0,2266.0,672.0,703.0,1324.0,2011.0,1037.0,730.0,1308.0,743.0,1940.0,1170.0,000000000000000012c7,90.9624469302327,C1502F02
871.0,2486.0,1970.0,735.0,742.0,1793.0,1698.0,723.0,530.0,2443.0,2502.0,795.0,1209.0,1895.0,589.0,2189.0,1803.0,1223.0,1850.0,804.0,2797.0,550.0,898.0,1166.0,1809.0,736.0,1246.0,698.0,2466.0,1845.0,563.0,2330.0,1053.0,647.0,775.0,1199.0,2261.0,1151.0,541.0,1716.0,2623.0,859.0,2453.0,1860.0,2379.0,928.0,590.0,590.0,2271.0,1403.0,2255.0,672.0,705.0,1318.0,2004.0,1036.0,728.0,1308.0,741.0,1934.0,1171.0,000000000000000012c8,35.3054315848851,C1502F03
1287.0,2755.0,2612.0,1285.0,1033.0,1918.0,2080.0,1279.0,878.0,3005.0,2772.0,1201.0,1575.0,2573.0,811.0,2702.0,2392.0,1901.0,1945.0,1513.0,2851.0,881.0,1368.0,1633.0,2480.0,1118.0,1691.0,1020.0,2788.0,2238.0,713.0,2824.0,1715.0,1146.0,1214.0,1712.0,2724.0,1707.0,1164.0,2518.0,2949.0,1190.0,2803.0,2321.0,2621.0,1090.0,1036.0,804.0,2662.0,2008.0,2867.0,1302.0,1109.0,1708.0,2778.0,1413.0,1214.0,1761.0,1312.0,2525.0,1681.0,000000000000000012c9,27.31540689949,C1502F04
1022.0,2632.0,2163.0,851.0,893.0,1913.0,1848.0,884.0,649.0,2620.0,2580.0,921.0,1332.0,2117.0,725.0,2317.0,2066.0,1400.0,2014.0,949.0,2847.0,676.0,1050.0,1345.0,2024.0,885.0,1466.0,805.0,2585.0,2023.0,694.0,2519.0,1237.0,771.0,917.0,1359.0,2373.0,1314.0,689.0,1895.0,2671.0,997.0,2592.0,2014.0,2458.0,1070.0,704.0,713.0,2354.0,1572.0,2427.0,837.0,835.0,1475.0,2243.0,1177.0,872.0,1472.0,871.0,2059.0,1314.0,000000000000000012ca,30.8099361183671,C1502F05
1455.0,2793.0,2710.0,1447.0,1164.0,2013.0,2191.0,1416.0,1044.0,3046.0,2825.0,1334.0,1695.0,2682.0,941.0,2777.0,2542.0,2074.0,2069.0,1693.0,2884.0,1048.0,1492.0,1826.0,2605.0,1298.0,1785.0,1148.0,2823.0,2296.0,861.0,2894.0,1929.0,1288.0,1409.0,1841.0,2767.0,1820.0,1339.0,2679.0,2987.0,1360.0,2858.0,2394.0,2663.0,1206.0,1216.0,935.0,2724.0,2173.0,2923.0,1509.0,1280.0,1829.0,2830.0,1580.0,1383.0,1949.0,1464.0,2600.0,1770.0,000000000000000012cb,41.3684370832721,C1502F10
1747.0,2770.0,2730.0,1706.0,1289.0,2105.0,2246.0,1583.0,1324.0,2958.0,2865.0,1589.0,1822.0,2736.0,1158.0,2808.0,2760.0,2286.0,2256.0,1998.0,2880.0,1290.0,1633.0,2120.0,2733.0,1619.0,1851.0,1377.0,2798.0,2302.0,1046.0,2934.0,2181.0,1553.0,1728.0,1989.0,2705.0,1908.0,1665.0,2845.0,2938.0,1617.0,2900.0,2437.0,2615.0,1307.0,1508.0,1144.0,2711.0,2326.0,2958.0,1854.0,1583.0,1998.0,2836.0,1867.0,1615.0,2209.0,1714.0,2617.0,1851.0,000000000000000012cc,350.291942702133,C1502P01
1837.0,2773.0,2760.0,1790.0,1368.0,2151.0,2290.0,1676.0,1421.0,2967.0,2907.0,1673.0,1879.0,2761.0,1246.0,2818.0,2805.0,2347.0,2308.0,2096.0,2894.0,1385.0,1707.0,2204.0,2770.0,1724.0,1894.0,1466.0,2800.0,2325.0,1131.0,2933.0,2260.0,1642.0,1811.0,2038.0,2723.0,1962.0,1770.0,2875.0,2944.0,1708.0,2917.0,2472.0,2628.0,1371.0,1605.0,1237.0,2727.0,2401.0,2950.0,1946.0,1663.0,2072.0,2850.0,1951.0,1692.0,2288.0,1783.0,2655.0,1889.0,000000000000000012cd,61.459636798183,C1502P03
955.0,2605.0,2093.0,790.0,836.0,1926.0,1835.0,818.0,593.0,2592.0,2620.0,876.0,1326.0,2026.0,671.0,2311.0,1926.0,1327.0,1985.0,884.0,2922.0,613.0,994.0,1269.0,1939.0,817.0,1450.0,756.0,2587.0,1978.0,642.0,2472.0,1157.0,729.0,849.0,1313.0,2382.0,1263.0,621.0,1848.0,2746.0,931.0,2597.0,1996.0,2503.0,1024.0,653.0,653.0,2395.0,1507.0,2394.0,749.0,785.0,1424.0,2150.0,1116.0,803.0,1410.0,818.0,2062.0,1285.0,000000000000000012ce,163.503955431349,C1502P04
955.0,2602.0,2087.0,788.0,834.0,1926.0,1833.0,815.0,592.0,2589.0,2617.0,876.0,1323.0,2019.0,672.0,2308.0,1919.0,1327.0,1983.0,884.0,2921.0,611.0,991.0,1269.0,1933.0,816.0,1447.0,755.0,2585.0,1974.0,641.0,2469.0,1156.0,729.0,847.0,1310.0,2379.0,1260.0,621.0,1844.0,2745.0,930.0,2596.0,1995.0,2500.0,1022.0,652.0,652.0,2393.0,1507.0,2393.0,746.0,785.0,1419.0,2146.0,1116.0,801.0,1411.0,818.0,2058.0,1282.0,000000000000000012cf,99.5456984083224,C1502P05
995.0,2629.0,2138.0,834.0,868.0,1924.0,1853.0,858.0,629.0,2624.0,2597.0,905.0,1338.0,2096.0,703.0,2323.0,2012.0,1377.0,2007.0,920.0,2881.0,654.0,1029.0,1317.0,1997.0,855.0,1456.0,787.0,2597.0,2022.0,671.0,2509.0,1211.0,755.0,895.0,1348.0,2380.0,1302.0,666.0,1881.0,2707.0,972.0,2604.0,2013.0,2479.0,1058.0,688.0,692.0,2369.0,1553.0,2419.0,810.0,815.0,1467.0,2222.0,1154.0,849.0,1451.0,852.0,2063.0,1312.0,000000000000000012d0,86.7296784337179,C1502P06
1753.0,2800.0,2716.0,1729.0,1287.0,2085.0,2248.0,1572.0,1331.0,2963.0,2841.0,1598.0,1815.0,2732.0,1155.0,2803.0,2729.0,2288.0,2243.0,2025.0,2874.0,1294.0,1631.0,2107.0,2722.0,1622.0,1868.0,1379.0,2801.0,2295.0,1052.0,2959.0,2166.0,1554.0,1753.0,1992.0,2700.0,1907.0,1671.0,2851.0,2956.0,1632.0,2886.0,2430.0,2613.0,1304.0,1523.0,1143.0,2728.0,2324.0,2944.0,1883.0,1589.0,1960.0,2828.0,1887.0,1634.0,2191.0,1736.0,2609.0,1844.0,000000000000000012d1,133.331013663082,C1502R01
1807.0,2811.0,2770.0,1756.0,1325.0,2139.0,2288.0,1617.0,1366.0,3012.0,2893.0,1656.0,1862.0,2782.0,1200.0,2831.0,2759.0,2337.0,2258.0,2074.0,2902.0,1332.0,1670.0,2139.0,2755.0,1674.0,1926.0,1425.0,2835.0,2369.0,1088.0,2961.0,2208.0,1585.0,1777.0,2029.0,2760.0,1959.0,1685.0,2862.0,2973.0,1681.0,2914.0,2494.0,2678.0,1342.0,1550.0,1194.0,2754.0,2376.0,2991.0,1912.0,1612.0,2015.0,2857.0,1935.0,1690.0,2237.0,1758.0,2629.0,1903.0,000000000000000012d2,51.8949202069663,C1502R07
1807.0,2811.0,2770.0,1756.0,1325.0,2139.0,2288.0,1617.0,1366.0,3012.0,2893.0,1656.0,1862.0,2782.0,1200.0,2831.0,2759.0,2337.0,2258.0,2074.0,2902.0,1332.0,1670.0,2139.0,2755.0,1674.0,1926.0,1425.0,2835.0,2369.0,1088.0,2961.0,2208.0,1585.0,1777.0,2029.0,2760.0,1959.0,1685.0,2862.0,2973.0,1681.0,2914.0,2494.0,2678.0,1342.0,1550.0,1194.0,2754.0,2376.0,2991.0,1912.0,1612.0,2015.0,2857.0,1935.0,1690.0,2237.0,1758.0,2629.0,1903.0,000000000000000012d3,128.462048426705,C1502R83
1875.0,2771.0,2772.0,1831.0,1394.0,2165.0,2309.0,1705.0,1463.0,2968.0,2914.0,1708.0,1896.0,2772.0,1279.0,2812.0,2818.0,2371.0,2333.0,2138.0,2896.0,1425.0,1730.0,2238.0,2780.0,1765.0,1912.0,1502.0,2800.0,2327.0,1164.0,2934.0,2286.0,1678.0,1842.0,2053.0,2726.0,1980.0,1814.0,2889.0,2949.0,1742.0,2918.0,2487.0,2626.0,1391.0,1654.0,1271.0,2731.0,2428.0,2946.0,1982.0,1701.0,2098.0,2846.0,1993.0,1724.0,2316.0,1816.0,2661.0,1898.0,000000000000000012d4,17.8813375879194,C1502R85
1397.0,2776.0,2685.0,1375.0,1133.0,1989.0,2163.0,1376.0,971.0,3054.0,2828.0,1280.0,1661.0,2666.0,896.0,2761.0,2489.0,2019.0,2027.0,1611.0,2894.0,983.0,1462.0,1761.0,2564.0,1231.0,1774.0,1106.0,2833.0,2298.0,809.0,2857.0,1863.0,1225.0,1326.0,1794.0,2773.0,1787.0,1256.0,2628.0,2985.0,1295.0,2844.0,2387.0,2671.0,1176.0,1139.0,892.0,2718.0,2120.0,2919.0,1416.0,1207.0,1796.0,2824.0,1515.0,1322.0,1896.0,1393.0,2587.0,1751.0,000000000000000012d5,32.2360085359952,C1502W03
1403.0,2760.0,2672.0,1381.0,1122.0,1981.0,2156.0,1366.0,975.0,3028.0,2807.0,1281.0,1649.0,2652.0,892.0,2749.0,2487.0,2019.0,2023.0,1623.0,2876.0,984.0,1452.0,1760.0,2553.0,1236.0,1759.0,1103.0,2812.0,2286.0,806.0,2839.0,1866.0,1225.0,1326.0,1787.0,2750.0,1775.0,1257.0,2620.0,2965.0,1294.0,2824.0,2375.0,2652.0,1161.0,1146.0,887.0,2695.0,2116.0,2897.0,1421.0,1208.0,1785.0,2804.0,1519.0,1321.0,1893.0,1396.0,2570.0,1734.0,000000000000000012d6,127.691306660244,C1502W04
1791.0,2819.0,2746.0,1752.0,1309.0,2117.0,2280.0,1597.0,1355.0,2993.0,2875.0,1638.0,1848.0,2762.0,1177.0,2821.0,2746.0,2321.0,2263.0,2069.0,2893.0,1319.0,1653.0,2130.0,2744.0,1660.0,1900.0,1405.0,2822.0,2337.0,1074.0,2974.0,2194.0,1571.0,1773.0,2023.0,2739.0,1943.0,1681.0,2867.0,2975.0,1662.0,2904.0,2470.0,2654.0,1325.0,1546.0,1172.0,2757.0,2359.0,2968.0,1906.0,1602.0,1993.0,2847.0,1926.0,1666.0,2219.0,1752.0,2632.0,1880.0,000000000000000012d7,87.2731950509378,C1502W06
1831.0,2791.0,2787.0,1779.0,1379.0,2177.0,2312.0,1689.0,1411.0,2999.0,2934.0,1669.0,1897.0,2787.0,1242.0,2835.0,2824.0,2358.0,2327.0,2092.0,2915.0,1373.0,1717.0,2209.0,2791.0,1716.0,1914.0,1458.0,2825.0,2360.0,1130.0,2959.0,2263.0,1640.0,1802.0,2061.0,2756.0,1984.0,1762.0,2892.0,2966.0,1700.0,2946.0,2506.0,2661.0,1387.0,1595.0,1230.0,2752.0,2412.0,2986.0,1938.0,1658.0,2092.0,2879.0,1948.0,1688.0,2295.0,1785.0,2682.0,1914.0,000000000000000012d8,62.6507322346633,C1504C01
1801.0,2823.0,2802.0,1738.0,1307.0,2158.0,2302.0,1599.0,1322.0,3065.0,2929.0,1645.0,1867.0,2815.0,1181.0,2866.0,2776.0,2351.0,2259.0,2046.0,2938.0,1299.0,1673.0,2124.0,2770.0,1652.0,1953.0,1409.0,2872.0,2411.0,1072.0,2980.0,2218.0,1562.0,1764.0,2021.0,2798.0,1969.0,1651.0,2871.0,2996.0,1680.0,2952.0,2522.0,2719.0,1337.0,1507.0,1174.0,2780.0,2392.0,3051.0,1896.0,1590.0,2029.0,2890.0,1917.0,1703.0,2252.0,1738.0,2630.0,1926.0,000000000000000012d9,73.0876845471028,C1504C04
1726.0,2793.0,2767.0,1672.0,1289.0,2140.0,2271.0,1589.0,1285.0,2992.0,2918.0,1567.0,1845.0,2761.0,1136.0,2850.0,2799.0,2283.0,2284.0,1962.0,2933.0,1258.0,1644.0,2113.0,2767.0,1589.0,1872.0,1356.0,2847.0,2344.0,1019.0,2956.0,2179.0,1540.0,1697.0,2012.0,2746.0,1929.0,1637.0,2872.0,2974.0,1586.0,2944.0,2478.0,2667.0,1316.0,1470.0,1110.0,2746.0,2328.0,3017.0,1818.0,1561.0,2033.0,2883.0,1840.0,1592.0,2214.0,1693.0,2651.0,1882.0,000000000000000012da,96.1285499911187,C1504C09
1169.0,2716.0,2491.0,1167.0,952.0,1877.0,2026.0,1120.0,743.0,3029.0,2789.0,1109.0,1485.0,2476.0,721.0,2650.0,2284.0,1728.0,1949.0,1272.0,2888.0,729.0,1304.0,1443.0,2415.0,1010.0,1681.0,961.0,2860.0,2269.0,628.0,2782.0,1506.0,1010.0,1102.0,1517.0,2627.0,1554.0,989.0,2434.0,2963.0,1092.0,2774.0,2303.0,2613.0,1012.0,871.0,713.0,2691.0,1788.0,2897.0,1121.0,989.0,1631.0,2768.0,1288.0,1079.0,1647.0,1197.0,2486.0,1627.0,000000000000000012db,34.8310699948921,C1504F01
1452.0,2721.0,2642.0,1430.0,1126.0,1961.0,2130.0,1374.0,1050.0,2964.0,2759.0,1330.0,1637.0,2627.0,955.0,2731.0,2517.0,2053.0,2017.0,1688.0,2822.0,1050.0,1439.0,1821.0,2553.0,1313.0,1718.0,1132.0,2761.0,2226.0,855.0,2818.0,1923.0,1287.0,1401.0,1787.0,2688.0,1769.0,1343.0,2626.0,2908.0,1356.0,2792.0,2322.0,2593.0,1174.0,1210.0,933.0,2636.0,2130.0,2864.0,1503.0,1296.0,1783.0,2754.0,1566.0,1380.0,1939.0,1454.0,2513.0,1712.0,000000000000000012dc,80.7249790862307,C1504F02
1393.0,2735.0,2692.0,1335.0,1025.0,1908.0,2042.0,1274.0,931.0,3064.0,2793.0,1299.0,1541.0,2693.0,889.0,2660.0,2439.0,1972.0,1927.0,1555.0,2885.0,929.0,1373.0,1738.0,2540.0,1209.0,1713.0,1142.0,2821.0,2251.0,750.0,2812.0,1777.0,1201.0,1263.0,1664.0,2735.0,1674.0,1205.0,2571.0,2935.0,1272.0,2824.0,2292.0,2651.0,1080.0,1082.0,898.0,2692.0,2118.0,2864.0,1349.0,1136.0,1683.0,2815.0,1516.0,1261.0,1887.0,1351.0,2528.0,1670.0,000000000000000012dd,40.8784183984531,C1504F03
1373.0,2758.0,2660.0,1349.0,1106.0,1967.0,2139.0,1345.0,948.0,3031.0,2807.0,1258.0,1634.0,2641.0,878.0,2743.0,2460.0,1988.0,2002.0,1582.0,2880.0,960.0,1432.0,1731.0,2536.0,1206.0,1743.0,1086.0,2818.0,2279.0,787.0,2829.0,1831.0,1202.0,1294.0,1765.0,2753.0,1760.0,1229.0,2597.0,2968.0,1267.0,2820.0,2364.0,2653.0,1149.0,1114.0,873.0,2696.0,2089.0,2895.0,1382.0,1182.0,1769.0,2801.0,1488.0,1294.0,1866.0,1369.0,2566.0,1726.0,000000000000000012de,78.2873184814655,C1504F04
1383.0,2737.0,2688.0,1317.0,1013.0,1906.0,2040.0,1258.0,908.0,3065.0,2796.0,1290.0,1537.0,2687.0,872.0,2652.0,2430.0,1955.0,1928.0,1538.0,2885.0,910.0,1368.0,1719.0,2531.0,1193.0,1714.0,1126.0,2824.0,2256.0,736.0,2815.0,1757.0,1178.0,1251.0,1653.0,2739.0,1663.0,1175.0,2556.0,2940.0,1260.0,2824.0,2297.0,2658.0,1072.0,1057.0,882.0,2693.0,2104.0,2862.0,1330.0,1116.0,1676.0,2811.0,1509.0,1251.0,1873.0,1331.0,2524.0,1666.0,000000000000000012df,104.746558050612,C1504F05
1800.0,2813.0,2791.0,1737.0,1307.0,2150.0,2294.0,1598.0,1329.0,3050.0,2918.0,1645.0,1861.0,2804.0,1183.0,2854.0,2767.0,2343.0,2251.0,2047.0,2925.0,1304.0,1667.0,2122.0,2761.0,1654.0,1942.0,1410.0,2860.0,2399.0,1072.0,2969.0,2211.0,1562.0,1759.0,2016.0,2787.0,1961.0,1651.0,2861.0,2984.0,1675.0,2939.0,2512.0,2707.0,1334.0,1513.0,1178.0,2768.0,2383.0,3036.0,1891.0,1589.0,2021.0,2878.0,1917.0,1696.0,2244.0,1736.0,2623.0,1917.0,000000000000000012e0,72.9008648935078,C1504F07
1224.0,2721.0,2561.0,1205.0,929.0,1859.0,2020.0,1172.0,780.0,3040.0,2787.0,1151.0,1488.0,2515.0,742.0,2682.0,2366.0,1841.0,1923.0,1392.0,2822.0,763.0,1310.0,1553.0,2467.0,1042.0,1628.0,976.0,2819.0,2191.0,650.0,2829.0,1637.0,1075.0,1145.0,1584.0,2677.0,1611.0,1067.0,2495.0,2933.0,1126.0,2827.0,2266.0,2593.0,994.0,925.0,751.0,2666.0,1899.0,2918.0,1226.0,1030.0,1637.0,2756.0,1326.0,1136.0,1710.0,1195.0,2454.0,1627.0,000000000000000012e1,55.7835919518322,C1504F08
1412.0,2759.0,2716.0,1348.0,1036.0,1931.0,2065.0,1285.0,936.0,3089.0,2819.0,1318.0,1561.0,2716.0,895.0,2675.0,2458.0,1994.0,1951.0,1574.0,2906.0,936.0,1391.0,1755.0,2560.0,1222.0,1741.0,1155.0,2844.0,2283.0,760.0,2839.0,1794.0,1208.0,1280.0,1682.0,2762.0,1692.0,1209.0,2586.0,2956.0,1290.0,2848.0,2321.0,2678.0,1094.0,1089.0,907.0,2715.0,2143.0,2884.0,1365.0,1144.0,1702.0,2836.0,1539.0,1280.0,1910.0,1362.0,2548.0,1690.0,000000000000000012e2,382.302267588713,C1504F09
1543.0,2727.0,2672.0,1515.0,1125.0,1989.0,2120.0,1394.0,1103.0,2963.0,2778.0,1413.0,1671.0,2668.0,990.0,2754.0,2590.0,2131.0,2049.0,1756.0,2862.0,1102.0,1475.0,1903.0,2608.0,1377.0,1754.0,1223.0,2788.0,2256.0,883.0,2836.0,1989.0,1352.0,1493.0,1819.0,2691.0,1772.0,1401.0,2680.0,2915.0,1427.0,2827.0,2340.0,2610.0,1170.0,1280.0,988.0,2648.0,2195.0,2923.0,1597.0,1358.0,1826.0,2793.0,1657.0,1455.0,2020.0,1525.0,2523.0,1756.0,000000000000000012e3,81.7167865119497,C1504P01
1670.0,2816.0,2823.0,1576.0,1149.0,2112.0,2198.0,1469.0,1135.0,3100.0,2933.0,1540.0,1765.0,2824.0,1035.0,2838.0,2722.0,2256.0,2157.0,1828.0,3022.0,1124.0,1576.0,2037.0,2753.0,1451.0,1886.0,1338.0,2935.0,2424.0,900.0,2937.0,2068.0,1430.0,1583.0,1925.0,2833.0,1860.0,1458.0,2818.0,3026.0,1510.0,2971.0,2479.0,2767.0,1192.0,1317.0,1036.0,2805.0,2339.0,3085.0,1688.0,1389.0,1953.0,2961.0,1786.0,1527.0,2165.0,1603.0,2675.0,1896.0,000000000000000012e4,66.9553916148991,C1504P02
1503.0,2792.0,2679.0,1501.0,1200.0,2022.0,2202.0,1432.0,1118.0,3027.0,2854.0,1380.0,1714.0,2702.0,1005.0,2788.0,2610.0,2133.0,2123.0,1757.0,2860.0,1091.0,1503.0,1898.0,2633.0,1384.0,1762.0,1180.0,2821.0,2266.0,911.0,2911.0,1988.0,1335.0,1473.0,1854.0,2738.0,1837.0,1419.0,2723.0,2962.0,1420.0,2864.0,2390.0,2643.0,1250.0,1278.0,992.0,2728.0,2171.0,2927.0,1594.0,1362.0,1844.0,2803.0,1620.0,1430.0,2013.0,1495.0,2562.0,1772.0,000000000000000012e5,94.2047121420513,C1504P04
1510.0,2802.0,2689.0,1508.0,1206.0,2029.0,2209.0,1439.0,1124.0,3036.0,2860.0,1386.0,1723.0,2713.0,1010.0,2797.0,2619.0,2141.0,2129.0,1764.0,2870.0,1096.0,1511.0,1905.0,2642.0,1389.0,1770.0,1187.0,2831.0,2275.0,916.0,2919.0,1994.0,1342.0,1478.0,1863.0,2744.0,1847.0,1426.0,2732.0,2972.0,1426.0,2872.0,2399.0,2648.0,1256.0,1284.0,998.0,2734.0,2180.0,2936.0,1600.0,1370.0,1853.0,2812.0,1627.0,1436.0,2020.0,1503.0,2566.0,1781.0,000000000000000012e6,182.399399024534,C1504P05
1774.0,2815.0,2734.0,1737.0,1294.0,2105.0,2274.0,1583.0,1337.0,2989.0,2869.0,1623.0,1839.0,2751.0,1159.0,2813.0,2738.0,2305.0,2260.0,2053.0,2887.0,1300.0,1645.0,2114.0,2737.0,1641.0,1891.0,1387.0,2814.0,2324.0,1061.0,2975.0,2180.0,1557.0,1762.0,2015.0,2730.0,1934.0,1666.0,2862.0,2968.0,1647.0,2900.0,2460.0,2645.0,1312.0,1531.0,1153.0,2756.0,2342.0,2963.0,1894.0,1592.0,1984.0,2842.0,1913.0,1649.0,2202.0,1741.0,2625.0,1871.0,000000000000000012e7,150.056667970084,C1504P09
1740.0,2781.0,2718.0,1715.0,1285.0,2080.0,2229.0,1571.0,1325.0,2951.0,2841.0,1584.0,1804.0,2730.0,1153.0,2803.0,2737.0,2280.0,2230.0,1999.0,2872.0,1288.0,1628.0,2104.0,2722.0,1609.0,1857.0,1376.0,2796.0,2285.0,1042.0,2936.0,2163.0,1548.0,1735.0,1976.0,2693.0,1893.0,1663.0,2843.0,2944.0,1618.0,2882.0,2416.0,2606.0,1303.0,1510.0,1140.0,2709.0,2315.0,2941.0,1864.0,1582.0,1961.0,2822.0,1866.0,1620.0,2191.0,1721.0,2601.0,1834.0,000000000000000012e8,101.767612816364,C1504R01
1722.0,2813.0,2714.0,1677.0,1243.0,2084.0,2252.0,1525.0,1260.0,2984.0,2858.0,1569.0,1807.0,2730.0,1101.0,2817.0,2714.0,2270.0,2233.0,1988.0,2890.0,1231.0,1600.0,2069.0,2714.0,1586.0,1852.0,1319.0,2815.0,2309.0,1013.0,2972.0,2145.0,1492.0,1713.0,1980.0,2726.0,1896.0,1602.0,2842.0,2966.0,1598.0,2898.0,2442.0,2633.0,1272.0,1459.0,1089.0,2743.0,2306.0,2966.0,1838.0,1530.0,1952.0,2834.0,1854.0,1607.0,2164.0,1680.0,2613.0,1847.0,000000000000000012ea,52.3941845089565,C1504R03
1677.0,2768.0,2691.0,1652.0,1223.0,2047.0,2194.0,1503.0,1246.0,2941.0,2806.0,1526.0,1766.0,2700.0,1092.0,2790.0,2697.0,2238.0,2184.0,1927.0,2858.0,1218.0,1574.0,2041.0,2689.0,1536.0,1817.0,1313.0,2785.0,2265.0,987.0,2922.0,2110.0,1483.0,1672.0,1935.0,2673.0,1856.0,1581.0,2803.0,2931.0,1559.0,2865.0,2391.0,2592.0,1254.0,1439.0,1075.0,2682.0,2269.0,2940.0,1796.0,1518.0,1916.0,2808.0,1800.0,1569.0,2134.0,1662.0,2565.0,1811.0,000000000000000012eb,13.5767004600905,C1504R04
1722.0,2773.0,2723.0,1677.0,1267.0,2096.0,2237.0,1557.0,1289.0,2958.0,2860.0,1565.0,1809.0,2730.0,1126.0,2809.0,2749.0,2274.0,2244.0,1971.0,2881.0,1257.0,1614.0,2099.0,2723.0,1590.0,1841.0,1348.0,2803.0,2300.0,1018.0,2937.0,2161.0,1520.0,1704.0,1975.0,2705.0,1896.0,1628.0,2838.0,2943.0,1590.0,2899.0,2434.0,2620.0,1289.0,1473.0,1111.0,2713.0,2309.0,2964.0,1828.0,1552.0,1977.0,2837.0,1845.0,1593.0,2189.0,1688.0,2610.0,1844.0,000000000000000012ec,140.65321479701,C1504R05
1776.0,2814.0,2741.0,1735.0,1294.0,2111.0,2276.0,1583.0,1336.0,2995.0,2874.0,1625.0,1841.0,2756.0,1162.0,2818.0,2740.0,2309.0,2257.0,2050.0,2892.0,1300.0,1646.0,2115.0,2738.0,1642.0,1894.0,1390.0,2820.0,2334.0,1063.0,2971.0,2184.0,1556.0,1759.0,2013.0,2736.0,1936.0,1662.0,2859.0,2969.0,1650.0,2903.0,2467.0,2652.0,1314.0,1527.0,1156.0,2753.0,2347.0,2971.0,1892.0,1590.0,1988.0,2845.0,1911.0,1654.0,2207.0,1738.0,2622.0,1876.0,000000000000000012ed,1237.18133869676,C1504W01
1239.0,2720.0,2505.0,1201.0,1030.0,1930.0,2074.0,1150.0,764.0,3056.0,2827.0,1126.0,1569.0,2571.0,769.0,2646.0,2277.0,1725.0,2017.0,1260.0,2909.0,823.0,1380.0,1472.0,2428.0,1021.0,1720.0,1088.0,2889.0,2328.0,707.0,2782.0,1595.0,1050.0,1107.0,1575.0,2676.0,1619.0,1019.0,2484.0,2931.0,1119.0,2749.0,2334.0,2644.0,1100.0,914.0,773.0,2772.0,1836.0,2957.0,1103.0,1037.0,1738.0,2798.0,1303.0,1099.0,1670.0,1250.0,2536.0,1720.0,000000000000000012ee,570.261966030143,C1504W02
1212.0,2676.0,2526.0,1124.0,975.0,1860.0,2005.0,1116.0,720.0,2943.0,2726.0,1072.0,1471.0,2402.0,700.0,2626.0,2278.0,1671.0,1928.0,1216.0,2806.0,763.0,1312.0,1454.0,2381.0,996.0,1634.0,1016.0,2804.0,2151.0,625.0,2777.0,1585.0,1047.0,1090.0,1511.0,2616.0,1549.0,1009.0,2433.0,2886.0,1081.0,2732.0,2225.0,2542.0,987.0,873.0,711.0,2652.0,1817.0,2911.0,1107.0,1001.0,1658.0,2703.0,1268.0,1072.0,1669.0,1169.0,2420.0,1586.0,000000000000000012ef,136.668208123465,C1504W03
1371.0,2728.0,2637.0,1344.0,1077.0,1936.0,2104.0,1317.0,943.0,2997.0,2774.0,1257.0,1603.0,2618.0,868.0,2712.0,2442.0,1972.0,1972.0,1580.0,2850.0,954.0,1405.0,1719.0,2512.0,1204.0,1711.0,1081.0,2786.0,2246.0,772.0,2797.0,1818.0,1190.0,1279.0,1737.0,2721.0,1731.0,1219.0,2572.0,2932.0,1253.0,2789.0,2328.0,2624.0,1121.0,1109.0,865.0,2664.0,2073.0,2859.0,1369.0,1170.0,1739.0,2768.0,1486.0,1279.0,1855.0,1358.0,2534.0,1695.0,000000000000000012f0,270.675576607351,C1504W04
1842.0,2775.0,2759.0,1800.0,1369.0,2144.0,2288.0,1677.0,1429.0,2963.0,2897.0,1677.0,1873.0,2761.0,1250.0,2812.0,2802.0,2349.0,2307.0,2104.0,2890.0,1392.0,1708.0,2207.0,2769.0,1729.0,1898.0,1470.0,2798.0,2315.0,1134.0,2935.0,2259.0,1647.0,1818.0,2034.0,2716.0,1957.0,1779.0,2879.0,2947.0,1713.0,2912.0,2466.0,2619.0,1372.0,1617.0,1240.0,2724.0,2402.0,2944.0,1954.0,1671.0,2064.0,2842.0,1960.0,1698.0,2287.0,1791.0,2649.0,1881.0,000000000000000012f1,52.6537612811213,C1504W09
866.0,2515.0,1949.0,709.0,744.0,1841.0,1739.0,719.0,511.0,2497.0,2555.0,804.0,1256.0,1887.0,589.0,2228.0,1765.0,1224.0,1875.0,798.0,2859.0,536.0,898.0,1165.0,1811.0,730.0,1309.0,680.0,2509.0,1851.0,575.0,2351.0,1056.0,658.0,772.0,1208.0,2300.0,1143.0,530.0,1738.0,2699.0,852.0,2505.0,1894.0,2430.0,941.0,585.0,580.0,2333.0,1400.0,2294.0,659.0,702.0,1313.0,2029.0,1026.0,724.0,1305.0,741.0,1980.0,1190.0,000000000000000012f2,102.907513781526,C1505C01
930.0,2572.0,2039.0,757.0,804.0,1906.0,1810.0,784.0,562.0,2575.0,2610.0,860.0,1313.0,1977.0,643.0,2293.0,1856.0,1290.0,1942.0,854.0,2913.0,587.0,960.0,1231.0,1891.0,787.0,1418.0,723.0,2572.0,1938.0,618.0,2432.0,1124.0,707.0,817.0,1277.0,2361.0,1219.0,590.0,1818.0,2749.0,901.0,2581.0,1961.0,2490.0,999.0,630.0,630.0,2388.0,1465.0,2367.0,709.0,755.0,1386.0,2106.0,1081.0,770.0,1370.0,794.0,2050.0,1259.0,000000000000000012f3,174.46810220605,C1505C02
931.0,2576.0,2034.0,758.0,810.0,1929.0,1830.0,789.0,562.0,2595.0,2628.0,869.0,1330.0,1967.0,642.0,2304.0,1843.0,1293.0,1952.0,858.0,2941.0,591.0,965.0,1237.0,1884.0,788.0,1423.0,721.0,2585.0,1955.0,624.0,2440.0,1133.0,710.0,819.0,1281.0,2373.0,1225.0,590.0,1826.0,2772.0,901.0,2599.0,1970.0,2511.0,1006.0,634.0,631.0,2413.0,1462.0,2386.0,705.0,757.0,1392.0,2110.0,1076.0,772.0,1369.0,796.0,2081.0,1274.0,000000000000000012f4,63.1123043171887,C1505C03
908.0,2538.0,1995.0,738.0,781.0,1891.0,1791.0,760.0,542.0,2546.0,2593.0,845.0,1303.0,1930.0,621.0,2266.0,1807.0,1263.0,1910.0,833.0,2903.0,571.0,935.0,1208.0,1849.0,766.0,1383.0,701.0,2545.0,1912.0,605.0,2394.0,1104.0,689.0,799.0,1253.0,2337.0,1194.0,569.0,1792.0,2732.0,881.0,2555.0,1927.0,2476.0,975.0,613.0,611.0,2375.0,1432.0,2342.0,685.0,735.0,1363.0,2068.0,1053.0,752.0,1339.0,774.0,2046.0,1243.0,000000000000000012f5,74.3887059582483,C1505C04
913.0,2545.0,2010.0,748.0,786.0,1892.0,1796.0,767.0,551.0,2551.0,2596.0,846.0,1302.0,1945.0,625.0,2272.0,1822.0,1271.0,1917.0,837.0,2903.0,579.0,942.0,1213.0,1860.0,770.0,1392.0,710.0,2552.0,1923.0,606.0,2403.0,1108.0,692.0,802.0,1259.0,2340.0,1202.0,576.0,1798.0,2733.0,887.0,2559.0,1936.0,2479.0,981.0,620.0,620.0,2375.0,1443.0,2345.0,691.0,740.0,1371.0,2076.0,1060.0,756.0,1348.0,779.0,2046.0,1247.0,000000000000000012f6,65.5061377140247,C1505C05
1279.0,2650.0,2462.0,1112.0,978.0,1883.0,2020.0,1075.0,658.0,3041.0,2860.0,1113.0,1619.0,2454.0,744.0,2559.0,2220.0,1632.0,2073.0,1150.0,2953.0,796.0,1395.0,1470.0,2399.0,974.0,1715.0,1121.0,2877.0,2330.0,726.0,2655.0,1614.0,1025.0,1066.0,1545.0,2651.0,1594.0,954.0,2471.0,3015.0,1084.0,2645.0,2388.0,2596.0,1024.0,842.0,735.0,2812.0,1809.0,2809.0,992.0,1008.0,1831.0,2752.0,1336.0,1037.0,1641.0,1278.0,2619.0,1784.0,000000000000000012f7,49.0530312171527,C1505F01
1062.0,2600.0,2298.0,993.0,844.0,1811.0,1886.0,940.0,569.0,2765.0,2617.0,950.0,1431.0,2168.0,611.0,2442.0,1960.0,1444.0,1851.0,1023.0,2802.0,656.0,1159.0,1230.0,2119.0,803.0,1542.0,921.0,2682.0,2100.0,600.0,2563.0,1324.0,921.0,939.0,1422.0,2509.0,1432.0,840.0,2152.0,2835.0,952.0,2558.0,2162.0,2432.0,909.0,734.0,616.0,2568.0,1634.0,2675.0,891.0,863.0,1559.0,2488.0,1142.0,903.0,1419.0,1073.0,2311.0,1510.0,000000000000000012f8,147.851907763509,C1505F02
980.0,2615.0,2122.0,822.0,852.0,1926.0,1849.0,843.0,621.0,2623.0,2601.0,894.0,1331.0,2080.0,689.0,2320.0,1978.0,1361.0,1992.0,904.0,2895.0,640.0,1016.0,1296.0,1980.0,837.0,1463.0,774.0,2596.0,2011.0,659.0,2492.0,1193.0,745.0,877.0,1330.0,2382.0,1283.0,650.0,1875.0,2721.0,951.0,2608.0,2002.0,2486.0,1045.0,679.0,679.0,2376.0,1539.0,2407.0,784.0,802.0,1450.0,2201.0,1141.0,831.0,1436.0,840.0,2068.0,1302.0,000000000000000012f9,66.3140021739456,C1505F03
954.0,2579.0,2073.0,800.0,815.0,1841.0,1772.0,806.0,590.0,2538.0,2523.0,853.0,1260.0,2026.0,658.0,2260.0,1967.0,1320.0,1941.0,879.0,2807.0,619.0,977.0,1268.0,1932.0,813.0,1358.0,752.0,2533.0,1949.0,623.0,2436.0,1157.0,704.0,853.0,1285.0,2306.0,1239.0,620.0,1800.0,2628.0,935.0,2513.0,1941.0,2396.0,1006.0,647.0,657.0,2290.0,1499.0,2343.0,770.0,769.0,1404.0,2154.0,1114.0,807.0,1397.0,807.0,1985.0,1239.0,000000000000000012fa,56.2671794683296,C1505F04
991.0,2596.0,2098.0,817.0,870.0,1975.0,1884.0,850.0,623.0,2630.0,2655.0,925.0,1389.0,2034.0,699.0,2330.0,1912.0,1344.0,2003.0,923.0,2949.0,652.0,1023.0,1289.0,1941.0,849.0,1491.0,778.0,2604.0,2013.0,673.0,2481.0,1187.0,765.0,864.0,1349.0,2405.0,1294.0,651.0,1888.0,2784.0,946.0,2633.0,2023.0,2542.0,1061.0,695.0,685.0,2443.0,1512.0,2426.0,756.0,813.0,1459.0,2156.0,1132.0,819.0,1418.0,852.0,2119.0,1340.0,000000000000000012fb,97.245182235299,C1505F05
976.0,2580.0,2094.0,814.0,854.0,1934.0,1845.0,841.0,617.0,2593.0,2611.0,904.0,1345.0,2042.0,691.0,2299.0,1926.0,1342.0,1982.0,902.0,2893.0,639.0,1011.0,1281.0,1950.0,836.0,1467.0,771.0,2566.0,1990.0,662.0,2460.0,1178.0,751.0,864.0,1328.0,2378.0,1276.0,644.0,1865.0,2720.0,940.0,2594.0,1997.0,2498.0,1043.0,677.0,675.0,2391.0,1511.0,2391.0,770.0,804.0,1437.0,2153.0,1131.0,819.0,1411.0,841.0,2072.0,1306.0,000000000000000012fc,110.465164176384,C1505F06
973.0,2605.0,2110.0,815.0,845.0,1915.0,1839.0,835.0,615.0,2610.0,2592.0,888.0,1322.0,2068.0,682.0,2311.0,1967.0,1354.0,1982.0,897.0,2886.0,634.0,1008.0,1289.0,1968.0,831.0,1454.0,767.0,2586.0,2000.0,653.0,2479.0,1186.0,739.0,870.0,1321.0,2373.0,1275.0,644.0,1865.0,2712.0,944.0,2596.0,1991.0,2478.0,1037.0,672.0,672.0,2368.0,1531.0,2395.0,778.0,795.0,1441.0,2189.0,1134.0,824.0,1428.0,833.0,2060.0,1294.0,000000000000000012fd,66.3009351132468,C1505F07
993.0,2630.0,2131.0,834.0,860.0,1909.0,1837.0,851.0,626.0,2609.0,2581.0,899.0,1325.0,2086.0,694.0,2316.0,2015.0,1372.0,2000.0,918.0,2866.0,653.0,1021.0,1315.0,1990.0,853.0,1444.0,787.0,2589.0,2012.0,660.0,2502.0,1206.0,742.0,886.0,1342.0,2365.0,1296.0,657.0,1865.0,2689.0,966.0,2588.0,2002.0,2461.0,1050.0,684.0,691.0,2353.0,1547.0,2410.0,803.0,805.0,1462.0,2216.0,1153.0,840.0,1446.0,842.0,2046.0,1300.0,000000000000000012fe,108.798295671095,C1505F08
949.0,2603.0,2075.0,776.0,825.0,1930.0,1834.0,805.0,582.0,2594.0,2624.0,873.0,1330.0,2012.0,666.0,2312.0,1903.0,1316.0,1980.0,875.0,2926.0,602.0,982.0,1259.0,1926.0,808.0,1442.0,747.0,2592.0,1965.0,632.0,2466.0,1145.0,724.0,837.0,1306.0,2383.0,1252.0,610.0,1841.0,2757.0,921.0,2603.0,1997.0,2502.0,1018.0,647.0,647.0,2397.0,1497.0,2391.0,734.0,775.0,1412.0,2142.0,1106.0,790.0,1402.0,812.0,2053.0,1279.0,000000000000000012ff,61.7832149763752,C1505P01
864.0,2495.0,1957.0,723.0,734.0,1794.0,1699.0,714.0,519.0,2450.0,2508.0,790.0,1214.0,1890.0,581.0,2195.0,1786.0,1216.0,1847.0,795.0,2805.0,539.0,890.0,1159.0,1804.0,727.0,1223.0,689.0,2471.0,1834.0,556.0,2328.0,1044.0,644.0,768.0,1195.0,2267.0,1143.0,533.0,1709.0,2635.0,853.0,2459.0,1861.0,2383.0,924.0,584.0,584.0,2276.0,1397.0,2253.0,664.0,698.0,1309.0,2004.0,1030.0,721.0,1302.0,736.0,1934.0,1167.0,00000000000000001300,130.400835478957,C1505P03
841.0,2444.0,1910.0,705.0,704.0,1745.0,1650.0,684.0,499.0,2392.0,2466.0,763.0,1176.0,1845.0,560.0,2146.0,1738.0,1179.0,1797.0,767.0,2752.0,519.0,860.0,1123.0,1759.0,699.0,1182.0,671.0,2421.0,1787.0,532.0,2274.0,1009.0,618.0,743.0,1156.0,2219.0,1103.0,506.0,1664.0,2584.0,828.0,2401.0,1812.0,2341.0,895.0,565.0,565.0,2234.0,1360.0,2199.0,639.0,671.0,1273.0,1956.0,1001.0,696.0,1265.0,710.0,1891.0,1127.0,00000000000000001301,238.796945646071,C1505P05
1020.0,2628.0,2159.0,852.0,885.0,1889.0,1833.0,875.0,646.0,2614.0,2565.0,918.0,1309.0,2122.0,715.0,2310.0,2066.0,1396.0,2000.0,946.0,2841.0,674.0,1045.0,1350.0,2019.0,881.0,1468.0,805.0,2581.0,2009.0,678.0,2512.0,1234.0,761.0,917.0,1336.0,2361.0,1300.0,678.0,1889.0,2664.0,999.0,2577.0,2000.0,2444.0,1064.0,702.0,711.0,2342.0,1570.0,2410.0,843.0,826.0,1453.0,2244.0,1178.0,871.0,1469.0,863.0,2044.0,1291.0,00000000000000001302,118.792319848438,C1505P06
1082.0,2611.0,2324.0,1012.0,857.0,1822.0,1911.0,957.0,583.0,2786.0,2633.0,969.0,1440.0,2192.0,620.0,2461.0,1989.0,1473.0,1865.0,1047.0,2804.0,664.0,1176.0,1252.0,2146.0,818.0,1547.0,933.0,2698.0,2123.0,606.0,2588.0,1350.0,937.0,954.0,1442.0,2526.0,1453.0,860.0,2184.0,2833.0,964.0,2575.0,2172.0,2450.0,916.0,747.0,624.0,2583.0,1654.0,2708.0,915.0,875.0,1580.0,2513.0,1157.0,922.0,1437.0,1085.0,2333.0,1532.0,00000000000000001303,148.997952593168,C1505P07
1047.0,2637.0,2202.0,873.0,903.0,1898.0,1857.0,907.0,660.0,2654.0,2596.0,942.0,1334.0,2170.0,735.0,2336.0,2108.0,1428.0,2013.0,977.0,2845.0,684.0,1075.0,1372.0,2067.0,909.0,1492.0,816.0,2606.0,2030.0,690.0,2542.0,1276.0,795.0,942.0,1356.0,2390.0,1326.0,716.0,1948.0,2689.0,1016.0,2598.0,2030.0,2475.0,1072.0,719.0,716.0,2376.0,1600.0,2463.0,868.0,861.0,1481.0,2291.0,1197.0,896.0,1501.0,900.0,2087.0,1324.0,00000000000000001305,78.0104932244256,C1505W02
1047.0,2655.0,2188.0,862.0,894.0,1828.0,1795.0,902.0,654.0,2637.0,2518.0,922.0,1259.0,2188.0,714.0,2306.0,2196.0,1446.0,1981.0,956.0,2784.0,682.0,1064.0,1403.0,2084.0,893.0,1357.0,814.0,2589.0,2009.0,662.0,2535.0,1298.0,761.0,923.0,1310.0,2361.0,1274.0,695.0,1923.0,2604.0,999.0,2563.0,1962.0,2408.0,1073.0,701.0,711.0,2305.0,1632.0,2440.0,867.0,837.0,1438.0,2327.0,1201.0,877.0,1517.0,875.0,2026.0,1256.0,00000000000000001306,193.845374047298,C1505W03
912.0,2569.0,2041.0,759.0,790.0,1878.0,1781.0,770.0,557.0,2540.0,2586.0,836.0,1275.0,1968.0,630.0,2270.0,1866.0,1282.0,1934.0,843.0,2892.0,577.0,948.0,1223.0,1881.0,775.0,1368.0,727.0,2549.0,1922.0,604.0,2422.0,1109.0,689.0,810.0,1262.0,2342.0,1211.0,579.0,1793.0,2716.0,895.0,2549.0,1945.0,2465.0,980.0,619.0,619.0,2353.0,1464.0,2346.0,706.0,745.0,1374.0,2092.0,1078.0,763.0,1368.0,779.0,2010.0,1233.0,00000000000000001307,73.4758836663778,C1505W04
1010.0,2538.0,2172.0,862.0,854.0,1833.0,1846.0,849.0,612.0,2639.0,2632.0,930.0,1376.0,2157.0,689.0,2328.0,1960.0,1380.0,1979.0,930.0,2873.0,653.0,1044.0,1298.0,1994.0,860.0,1503.0,796.0,2593.0,1997.0,659.0,2477.0,1227.0,771.0,888.0,1288.0,2374.0,1292.0,673.0,1938.0,2752.0,955.0,2543.0,2031.0,2516.0,1033.0,704.0,682.0,2424.0,1567.0,2462.0,769.0,836.0,1473.0,2202.0,1144.0,851.0,1478.0,873.0,2108.0,1353.0,00000000000000001308,40.2772530305358,C1505W05
1045.0,2644.0,2197.0,866.0,925.0,1994.0,1925.0,917.0,667.0,2682.0,2661.0,960.0,1404.0,2161.0,744.0,2358.0,2055.0,1426.0,2065.0,971.0,2918.0,687.0,1085.0,1360.0,2054.0,906.0,1540.0,816.0,2628.0,2085.0,711.0,2554.0,1262.0,801.0,926.0,1401.0,2447.0,1359.0,709.0,1953.0,2749.0,997.0,2670.0,2076.0,2551.0,1111.0,725.0,722.0,2446.0,1601.0,2471.0,836.0,858.0,1513.0,2269.0,1202.0,882.0,1501.0,895.0,2139.0,1378.0,00000000000000001309,88.986909412356,C1505W06
996.0,2586.0,2101.0,817.0,872.0,1973.0,1880.0,853.0,625.0,2624.0,2645.0,930.0,1390.0,2039.0,699.0,2320.0,1916.0,1349.0,2002.0,927.0,2932.0,654.0,1023.0,1293.0,1946.0,855.0,1491.0,779.0,2592.0,2011.0,683.0,2477.0,1192.0,765.0,874.0,1353.0,2399.0,1300.0,652.0,1889.0,2771.0,956.0,2625.0,2023.0,2532.0,1061.0,693.0,684.0,2437.0,1517.0,2421.0,768.0,813.0,1463.0,2154.0,1137.0,829.0,1422.0,850.0,2114.0,1344.0,0000000000000000130a,56.2548028739113,C1505W07
992.0,2613.0,2135.0,825.0,855.0,1859.0,1802.0,845.0,615.0,2591.0,2544.0,888.0,1265.0,2096.0,686.0,2286.0,2048.0,1373.0,1972.0,916.0,2820.0,644.0,1020.0,1326.0,1992.0,850.0,1395.0,778.0,2570.0,1982.0,647.0,2487.0,1212.0,734.0,889.0,1301.0,2339.0,1264.0,648.0,1850.0,2639.0,965.0,2554.0,1972.0,2421.0,1039.0,672.0,682.0,2312.0,1559.0,2384.0,814.0,800.0,1421.0,2217.0,1154.0,842.0,1448.0,838.0,2016.0,1255.0,0000000000000000130b,383.416021143023,C1505W08
845.0,2484.0,1905.0,689.0,722.0,1822.0,1712.0,693.0,488.0,2476.0,2534.0,790.0,1243.0,1839.0,567.0,2198.0,1720.0,1192.0,1841.0,776.0,2840.0,518.0,876.0,1141.0,1772.0,708.0,1248.0,659.0,2480.0,1812.0,562.0,2315.0,1031.0,636.0,759.0,1183.0,2277.0,1110.0,499.0,1711.0,2684.0,835.0,2479.0,1860.0,2408.0,921.0,569.0,558.0,2321.0,1361.0,2276.0,635.0,675.0,1281.0,1994.0,997.0,705.0,1269.0,714.0,1965.0,1167.0,0000000000000000130c,79.543149763085,C1505W09
1135.0,2710.0,2456.0,1070.0,934.0,1871.0,2025.0,1083.0,719.0,2948.0,2711.0,998.0,1464.0,2461.0,687.0,2606.0,2159.0,1521.0,1903.0,1248.0,2842.0,725.0,1246.0,1320.0,2272.0,956.0,1616.0,959.0,2728.0,2127.0,610.0,2751.0,1420.0,981.0,1006.0,1511.0,2629.0,1544.0,949.0,2285.0,2868.0,1003.0,2734.0,2224.0,2611.0,1022.0,852.0,692.0,2611.0,1757.0,2751.0,1051.0,949.0,1612.0,2647.0,1209.0,1027.0,1579.0,1163.0,2388.0,1546.0,0000000000000000130d,258.853207350142,C1505W10
1057.0,2645.0,2233.0,897.0,925.0,1818.0,1791.0,964.0,700.0,2652.0,2541.0,924.0,1275.0,2224.0,723.0,2365.0,2205.0,1468.0,1928.0,1059.0,2775.0,708.0,1048.0,1431.0,2122.0,944.0,1473.0,821.0,2598.0,1985.0,698.0,2550.0,1320.0,826.0,940.0,1348.0,2366.0,1321.0,799.0,1992.0,2644.0,1014.0,2578.0,1984.0,2402.0,1101.0,765.0,708.0,2310.0,1644.0,2458.0,942.0,863.0,1447.0,2366.0,1209.0,903.0,1533.0,919.0,2097.0,1257.0,0000000000000000130e,131.283874727157,C1505W12
900.0,2549.0,1994.0,731.0,776.0,1895.0,1794.0,752.0,533.0,2553.0,2602.0,836.0,1301.0,1928.0,613.0,2270.0,1804.0,1260.0,1916.0,827.0,2913.0,562.0,930.0,1206.0,1850.0,758.0,1388.0,696.0,2553.0,1907.0,599.0,2398.0,1096.0,682.0,798.0,1250.0,2340.0,1184.0,555.0,1792.0,2747.0,880.0,2563.0,1935.0,2481.0,974.0,607.0,602.0,2383.0,1434.0,2348.0,681.0,726.0,1355.0,2070.0,1052.0,751.0,1338.0,765.0,2039.0,1235.0,0000000000000000130f,66.1156984692297,C1505X01
940.0,2577.0,2046.0,768.0,814.0,1926.0,1830.0,794.0,572.0,2598.0,2628.0,874.0,1333.0,1980.0,649.0,2306.0,1856.0,1302.0,1952.0,864.0,2938.0,601.0,970.0,1246.0,1894.0,796.0,1427.0,729.0,2586.0,1961.0,630.0,2445.0,1141.0,717.0,827.0,1291.0,2374.0,1235.0,599.0,1832.0,2770.0,911.0,2600.0,1971.0,2512.0,1009.0,642.0,640.0,2414.0,1473.0,2389.0,714.0,766.0,1403.0,2114.0,1085.0,780.0,1378.0,805.0,2085.0,1282.0,00000000000000001310,57.078899092626,C1505X02
952.0,2592.0,2056.0,777.0,830.0,1950.0,1855.0,811.0,581.0,2619.0,2648.0,892.0,1356.0,1990.0,659.0,2322.0,1860.0,1312.0,1971.0,883.0,2956.0,611.0,986.0,1256.0,1897.0,808.0,1445.0,738.0,2601.0,1981.0,638.0,2461.0,1152.0,727.0,834.0,1304.0,2390.0,1255.0,611.0,1847.0,2784.0,918.0,2620.0,1991.0,2533.0,1025.0,658.0,650.0,2436.0,1482.0,2405.0,723.0,775.0,1416.0,2131.0,1095.0,788.0,1388.0,814.0,2102.0,1301.0,00000000000000001311,47.5482196619083,C1505X03
1212.0,2635.0,2414.0,1067.0,941.0,1863.0,1970.0,1043.0,618.0,2959.0,2775.0,1050.0,1566.0,2394.0,699.0,2555.0,2131.0,1561.0,1973.0,1119.0,2890.0,749.0,1315.0,1384.0,2294.0,926.0,1657.0,1049.0,2814.0,2236.0,691.0,2638.0,1519.0,1008.0,1017.0,1519.0,2632.0,1551.0,928.0,2362.0,2965.0,1036.0,2643.0,2325.0,2542.0,979.0,801.0,694.0,2724.0,1765.0,2782.0,966.0,962.0,1738.0,2674.0,1269.0,1004.0,1581.0,1209.0,2519.0,1696.0,00000000000000001312,53.0651907721436,C1505X04
889.0,2548.0,1993.0,730.0,764.0,1863.0,1766.0,744.0,531.0,2526.0,2580.0,822.0,1273.0,1934.0,613.0,2259.0,1810.0,1255.0,1907.0,820.0,2878.0,552.0,921.0,1190.0,1849.0,752.0,1353.0,699.0,2540.0,1890.0,590.0,2390.0,1084.0,676.0,788.0,1238.0,2328.0,1176.0,558.0,1767.0,2717.0,872.0,2535.0,1927.0,2455.0,960.0,601.0,601.0,2350.0,1437.0,2318.0,683.0,725.0,1346.0,2068.0,1053.0,741.0,1341.0,764.0,1998.0,1215.0,00000000000000001313,62.766663391602,C1505X05
964.0,2589.0,2070.0,787.0,844.0,1952.0,1862.0,825.0,593.0,2616.0,2649.0,899.0,1365.0,2005.0,670.0,2319.0,1879.0,1324.0,1979.0,895.0,2948.0,622.0,999.0,1267.0,1912.0,821.0,1458.0,748.0,2597.0,1988.0,652.0,2464.0,1164.0,738.0,846.0,1319.0,2393.0,1265.0,622.0,1860.0,2779.0,929.0,2621.0,2000.0,2534.0,1038.0,667.0,658.0,2434.0,1494.0,2408.0,737.0,786.0,1431.0,2137.0,1107.0,800.0,1399.0,824.0,2105.0,1312.0,00000000000000001314,107.811293274146,C1505X06
973.0,2619.0,2116.0,812.0,858.0,1946.0,1859.0,844.0,612.0,2618.0,2628.0,893.0,1347.0,2057.0,689.0,2326.0,1954.0,1350.0,2007.0,901.0,2928.0,632.0,1020.0,1288.0,1966.0,834.0,1482.0,771.0,2599.0,2010.0,657.0,2494.0,1181.0,747.0,867.0,1339.0,2396.0,1288.0,643.0,1872.0,2749.0,945.0,2618.0,2016.0,2513.0,1049.0,670.0,670.0,2404.0,1527.0,2415.0,770.0,805.0,1451.0,2182.0,1136.0,820.0,1427.0,839.0,2080.0,1311.0,00000000000000001315,128.29386063808,C1505X07
1800.0,2808.0,2748.0,1764.0,1323.0,2122.0,2277.0,1611.0,1373.0,2985.0,2868.0,1647.0,1852.0,2763.0,1198.0,2814.0,2745.0,2329.0,2258.0,2076.0,2883.0,1338.0,1657.0,2140.0,2742.0,1673.0,1905.0,1422.0,2815.0,2341.0,1089.0,2960.0,2199.0,1587.0,1786.0,2027.0,2736.0,1949.0,1699.0,2861.0,2965.0,1678.0,2896.0,2471.0,2651.0,1336.0,1560.0,1191.0,2746.0,2369.0,2960.0,1920.0,1613.0,1997.0,2841.0,1931.0,1683.0,2229.0,1763.0,2628.0,1885.0,00000000000000001316,2114.35538588127,C1506C01
1821.0,2792.0,2764.0,1774.0,1346.0,2139.0,2274.0,1637.0,1399.0,2997.0,2880.0,1671.0,1860.0,2776.0,1235.0,2821.0,2749.0,2342.0,2238.0,2086.0,2888.0,1366.0,1670.0,2149.0,2743.0,1695.0,1926.0,1456.0,2822.0,2371.0,1109.0,2931.0,2210.0,1606.0,1782.0,2025.0,2752.0,1960.0,1708.0,2838.0,2956.0,1697.0,2900.0,2488.0,2674.0,1357.0,1575.0,1229.0,2730.0,2385.0,2975.0,1921.0,1624.0,2016.0,2848.0,1941.0,1709.0,2249.0,1767.0,2620.0,1903.0,00000000000000001317,2441.45942525361,C1506C02
1803.0,2805.0,2747.0,1769.0,1326.0,2122.0,2276.0,1614.0,1378.0,2984.0,2862.0,1650.0,1852.0,2763.0,1200.0,2811.0,2745.0,2329.0,2257.0,2080.0,2879.0,1343.0,1659.0,2141.0,2742.0,1677.0,1906.0,1427.0,2811.0,2340.0,1090.0,2960.0,2198.0,1588.0,1785.0,2027.0,2731.0,1948.0,1701.0,2861.0,2962.0,1677.0,2896.0,2470.0,2646.0,1338.0,1565.0,1196.0,2741.0,2368.0,2959.0,1919.0,1614.0,1996.0,2841.0,1934.0,1682.0,2229.0,1763.0,2625.0,1884.0,00000000000000001318,1765.34349290545,C1506C03
1776.0,2778.0,2726.0,1751.0,1311.0,2098.0,2245.0,1609.0,1366.0,2951.0,2846.0,1619.0,1820.0,2733.0,1189.0,2803.0,2752.0,2308.0,2255.0,2041.0,2875.0,1329.0,1656.0,2141.0,2734.0,1654.0,1871.0,1411.0,2791.0,2289.0,1077.0,2938.0,2201.0,1589.0,1773.0,1990.0,2687.0,1905.0,1711.0,2850.0,2941.0,1657.0,2887.0,2425.0,2595.0,1327.0,1553.0,1180.0,2705.0,2350.0,2936.0,1903.0,1618.0,1988.0,2824.0,1902.0,1652.0,2228.0,1752.0,2609.0,1840.0,00000000000000001319,373.366505078933,C1506C04
1846.0,2797.0,2753.0,1814.0,1366.0,2139.0,2291.0,1664.0,1433.0,2971.0,2880.0,1686.0,1875.0,2764.0,1248.0,2809.0,2772.0,2352.0,2293.0,2124.0,2890.0,1395.0,1696.0,2192.0,2756.0,1731.0,1915.0,1471.0,2805.0,2330.0,1133.0,2954.0,2240.0,1643.0,1829.0,2046.0,2726.0,1966.0,1773.0,2876.0,2961.0,1722.0,2901.0,2475.0,2632.0,1371.0,1623.0,1239.0,2739.0,2399.0,2944.0,1968.0,1667.0,2046.0,2838.0,1975.0,1714.0,2272.0,1803.0,2644.0,1890.0,0000000000000000131a,505.851920479808,C1506C05
1803.0,2813.0,2733.0,1777.0,1328.0,2111.0,2272.0,1615.0,1380.0,2970.0,2849.0,1646.0,1847.0,2751.0,1198.0,2804.0,2738.0,2321.0,2264.0,2087.0,2871.0,1344.0,1660.0,2139.0,2737.0,1679.0,1902.0,1422.0,2805.0,2321.0,1092.0,2971.0,2191.0,1594.0,1802.0,2028.0,2718.0,1942.0,1717.0,2868.0,2966.0,1680.0,2889.0,2455.0,2628.0,1339.0,1573.0,1190.0,2743.0,2360.0,2943.0,1934.0,1621.0,1984.0,2833.0,1939.0,1683.0,2220.0,1776.0,2629.0,1872.0,0000000000000000131b,1504.79000270488,C1506C06
1802.0,2809.0,2737.0,1772.0,1328.0,2111.0,2268.0,1614.0,1380.0,2971.0,2852.0,1647.0,1852.0,2754.0,1205.0,2807.0,2738.0,2327.0,2255.0,2083.0,2874.0,1344.0,1657.0,2143.0,2737.0,1679.0,1901.0,1424.0,2807.0,2324.0,1092.0,2961.0,2196.0,1597.0,1793.0,2030.0,2721.0,1947.0,1717.0,2862.0,2964.0,1678.0,2888.0,2456.0,2634.0,1338.0,1569.0,1194.0,2739.0,2366.0,2945.0,1926.0,1623.0,1992.0,2832.0,1936.0,1682.0,2227.0,1775.0,2626.0,1879.0,0000000000000000131c,2191.14922809463,C1506C07
1672.0,2774.0,2766.0,1589.0,1163.0,2089.0,2180.0,1453.0,1154.0,3057.0,2916.0,1544.0,1764.0,2802.0,1070.0,2827.0,2731.0,2264.0,2161.0,1829.0,2963.0,1146.0,1570.0,2026.0,2732.0,1478.0,1865.0,1339.0,2897.0,2384.0,925.0,2909.0,2086.0,1432.0,1594.0,1894.0,2770.0,1845.0,1467.0,2799.0,2972.0,1522.0,2931.0,2453.0,2723.0,1203.0,1332.0,1068.0,2759.0,2301.0,3064.0,1692.0,1429.0,1941.0,2893.0,1773.0,1544.0,2169.0,1593.0,2586.0,1881.0,0000000000000000131d,4114.17787323769,C1506P01
1210.0,2660.0,2456.0,1123.0,945.0,1885.0,2018.0,1072.0,684.0,2963.0,2794.0,1079.0,1575.0,2413.0,695.0,2579.0,2211.0,1637.0,2023.0,1195.0,2889.0,754.0,1333.0,1411.0,2372.0,955.0,1643.0,1040.0,2823.0,2292.0,671.0,2710.0,1544.0,1000.0,1055.0,1531.0,2616.0,1564.0,948.0,2420.0,2973.0,1050.0,2682.0,2381.0,2574.0,1002.0,843.0,691.0,2733.0,1780.0,2885.0,1021.0,981.0,1747.0,2727.0,1281.0,1026.0,1599.0,1217.0,2529.0,1695.0,0000000000000000131e,1550.2966145183,C1506P02
1826.0,2775.0,2745.0,1795.0,1350.0,2121.0,2268.0,1652.0,1415.0,2956.0,2865.0,1664.0,1855.0,2750.0,1235.0,2800.0,2780.0,2334.0,2284.0,2094.0,2876.0,1378.0,1688.0,2183.0,2754.0,1711.0,1889.0,1456.0,2790.0,2297.0,1121.0,2940.0,2235.0,1634.0,1813.0,2021.0,2697.0,1940.0,1766.0,2872.0,2943.0,1702.0,2899.0,2445.0,2600.0,1356.0,1606.0,1225.0,2712.0,2383.0,2936.0,1947.0,1660.0,2032.0,2832.0,1950.0,1691.0,2263.0,1789.0,2627.0,1866.0,0000000000000000131f,459.793376899359,C1506P03
1421.0,2720.0,2645.0,1395.0,1106.0,1956.0,2127.0,1356.0,1010.0,2977.0,2759.0,1303.0,1625.0,2617.0,918.0,2726.0,2481.0,2017.0,1995.0,1651.0,2831.0,1022.0,1425.0,1776.0,2531.0,1272.0,1717.0,1109.0,2766.0,2242.0,822.0,2805.0,1883.0,1246.0,1349.0,1775.0,2705.0,1764.0,1293.0,2597.0,2916.0,1311.0,2785.0,2328.0,2608.0,1152.0,1172.0,904.0,2640.0,2112.0,2860.0,1442.0,1246.0,1774.0,2758.0,1536.0,1341.0,1902.0,1417.0,2524.0,1710.0,00000000000000001320,2202.35484886644,C1506R01
1509.0,2710.0,2648.0,1492.0,1120.0,1964.0,2109.0,1380.0,1090.0,2944.0,2739.0,1381.0,1647.0,2635.0,974.0,2732.0,2551.0,2097.0,2019.0,1738.0,2829.0,1091.0,1450.0,1868.0,2574.0,1356.0,1725.0,1190.0,2755.0,2223.0,876.0,2814.0,1965.0,1330.0,1465.0,1798.0,2667.0,1756.0,1382.0,2646.0,2895.0,1406.0,2799.0,2313.0,2578.0,1165.0,1264.0,971.0,2614.0,2167.0,2885.0,1569.0,1340.0,1797.0,2765.0,1626.0,1434.0,1981.0,1503.0,2499.0,1723.0,00000000000000001321,3620.85172319993,C1506W01
1443.0,2700.0,2628.0,1428.0,1103.0,1932.0,2098.0,1353.0,1044.0,2943.0,2716.0,1324.0,1610.0,2601.0,941.0,2708.0,2482.0,2033.0,1969.0,1679.0,2807.0,1053.0,1412.0,1799.0,2523.0,1301.0,1692.0,1134.0,2736.0,2198.0,846.0,2780.0,1906.0,1276.0,1385.0,1759.0,2666.0,1738.0,1323.0,2588.0,2890.0,1349.0,2763.0,2287.0,2567.0,1149.0,1209.0,934.0,2595.0,2121.0,2836.0,1485.0,1281.0,1754.0,2736.0,1561.0,1375.0,1915.0,1445.0,2489.0,1683.0,00000000000000001322,3443.26482131908,C1506W02
1189.0,2718.0,2522.0,1170.0,907.0,1823.0,1986.0,1127.0,747.0,3006.0,2756.0,1118.0,1443.0,2485.0,715.0,2669.0,2325.0,1785.0,1892.0,1358.0,2816.0,727.0,1277.0,1498.0,2423.0,1005.0,1589.0,943.0,2813.0,2158.0,620.0,2800.0,1578.0,1038.0,1102.0,1534.0,2652.0,1566.0,1029.0,2451.0,2921.0,1084.0,2795.0,2230.0,2570.0,966.0,889.0,717.0,2634.0,1842.0,2883.0,1180.0,999.0,1591.0,2728.0,1297.0,1095.0,1652.0,1165.0,2423.0,1582.0,00000000000000001323,2424.868598711,C1506W03
1423.0,2757.0,2722.0,1360.0,1045.0,1935.0,2072.0,1305.0,963.0,3089.0,2823.0,1329.0,1573.0,2725.0,909.0,2690.0,2476.0,2011.0,1957.0,1585.0,2911.0,955.0,1398.0,1783.0,2573.0,1247.0,1731.0,1166.0,2846.0,2273.0,772.0,2836.0,1818.0,1224.0,1294.0,1696.0,2762.0,1706.0,1233.0,2610.0,2963.0,1303.0,2851.0,2319.0,2677.0,1099.0,1111.0,923.0,2720.0,2154.0,2892.0,1384.0,1158.0,1718.0,2843.0,1548.0,1288.0,1930.0,1371.0,2561.0,1697.0,00000000000000001324,2566.03915178017,C1506W04
1983.0,2850.0,2838.0,1938.0,1488.0,2243.0,2398.0,1814.0,1598.0,3036.0,2933.0,1824.0,1986.0,2847.0,1369.0,2866.0,2860.0,2476.0,2389.0,2272.0,2959.0,1533.0,1804.0,2343.0,2840.0,1894.0,2012.0,1596.0,2852.0,2419.0,1271.0,3011.0,2358.0,1769.0,1952.0,2179.0,2797.0,2100.0,1919.0,2967.0,3010.0,1852.0,2968.0,2566.0,2705.0,1473.0,1767.0,1381.0,2813.0,2527.0,2990.0,2118.0,1782.0,2183.0,2913.0,2111.0,1821.0,2402.0,1916.0,2737.0,1993.0,00000000000000001325,1442.77385525501,C1506W05
1372.0,2707.0,2650.0,1340.0,1027.0,1885.0,2028.0,1277.0,944.0,3018.0,2744.0,1277.0,1536.0,2644.0,883.0,2657.0,2421.0,1959.0,1907.0,1549.0,2846.0,944.0,1368.0,1721.0,2512.0,1201.0,1687.0,1123.0,2785.0,2209.0,755.0,2783.0,1781.0,1200.0,1265.0,1663.0,2688.0,1670.0,1217.0,2553.0,2909.0,1261.0,2791.0,2264.0,2600.0,1079.0,1097.0,891.0,2643.0,2084.0,2841.0,1354.0,1152.0,1678.0,2775.0,1493.0,1262.0,1865.0,1358.0,2495.0,1652.0,00000000000000001326,3912.32326557392,C1506W06
1314.0,2748.0,2591.0,1246.0,1072.0,2001.0,2166.0,1205.0,791.0,3138.0,2934.0,1194.0,1704.0,2616.0,834.0,2692.0,2407.0,1822.0,2139.0,1324.0,3001.0,852.0,1445.0,1581.0,2503.0,1080.0,1782.0,1086.0,2955.0,2421.0,762.0,2831.0,1681.0,1115.0,1177.0,1660.0,2729.0,1709.0,1075.0,2559.0,3044.0,1177.0,2782.0,2431.0,2715.0,1141.0,960.0,810.0,2826.0,1940.0,3003.0,1153.0,1121.0,1848.0,2864.0,1388.0,1159.0,1772.0,1315.0,2596.0,1833.0,00000000000000001327,971.514142374886,C1506W08
1755.0,2826.0,2745.0,1705.0,1268.0,2112.0,2278.0,1553.0,1288.0,3010.0,2884.0,1600.0,1834.0,2762.0,1129.0,2833.0,2741.0,2300.0,2256.0,2023.0,2908.0,1259.0,1627.0,2096.0,2740.0,1618.0,1885.0,1349.0,2834.0,2343.0,1037.0,2987.0,2174.0,1520.0,1740.0,2005.0,2750.0,1925.0,1630.0,2866.0,2981.0,1630.0,2919.0,2473.0,2659.0,1295.0,1485.0,1119.0,2764.0,2338.0,2991.0,1868.0,1557.0,1982.0,2854.0,1888.0,1641.0,2196.0,1708.0,2628.0,1875.0,00000000000000001328,2798.35076766535,C1506W09
1104.0,2693.0,2336.0,962.0,949.0,1854.0,1875.0,1033.0,718.0,2765.0,2628.0,972.0,1358.0,2288.0,722.0,2485.0,2244.0,1525.0,1950.0,1122.0,2826.0,724.0,1128.0,1448.0,2223.0,976.0,1561.0,872.0,2697.0,2055.0,638.0,2645.0,1397.0,902.0,994.0,1421.0,2468.0,1413.0,878.0,2150.0,2762.0,1037.0,2657.0,2082.0,2467.0,1033.0,801.0,709.0,2433.0,1693.0,2623.0,1010.0,912.0,1534.0,2497.0,1226.0,956.0,1580.0,998.0,2227.0,1372.0,00000000000000001329,52.3169372683739,C1507C01
869.0,2521.0,1962.0,718.0,741.0,1828.0,1732.0,722.0,519.0,2492.0,2554.0,801.0,1246.0,1905.0,588.0,2230.0,1781.0,1231.0,1876.0,801.0,2850.0,539.0,899.0,1164.0,1819.0,733.0,1293.0,688.0,2511.0,1857.0,574.0,2360.0,1058.0,656.0,772.0,1209.0,2303.0,1152.0,539.0,1732.0,2685.0,857.0,2501.0,1895.0,2428.0,938.0,589.0,589.0,2322.0,1414.0,2284.0,669.0,705.0,1322.0,2039.0,1035.0,725.0,1318.0,744.0,1973.0,1189.0,0000000000000000132a,58.4681243160345,C1507C02
1109.0,2688.0,2350.0,974.0,942.0,1848.0,1883.0,1033.0,712.0,2777.0,2627.0,977.0,1366.0,2290.0,718.0,2497.0,2234.0,1530.0,1940.0,1123.0,2822.0,722.0,1140.0,1438.0,2231.0,970.0,1564.0,885.0,2707.0,2058.0,630.0,2652.0,1406.0,920.0,997.0,1426.0,2475.0,1422.0,891.0,2172.0,2770.0,1034.0,2658.0,2092.0,2465.0,1020.0,803.0,706.0,2448.0,1697.0,2648.0,1012.0,921.0,1542.0,2511.0,1223.0,961.0,1579.0,1017.0,2239.0,1389.0,0000000000000000132b,42.138596619969,C1507C03
1063.0,2697.0,2265.0,910.0,943.0,1864.0,1836.0,1008.0,724.0,2693.0,2591.0,934.0,1325.0,2247.0,739.0,2424.0,2229.0,1481.0,1968.0,1087.0,2829.0,717.0,1068.0,1453.0,2162.0,969.0,1542.0,828.0,2651.0,2032.0,648.0,2593.0,1333.0,856.0,965.0,1397.0,2415.0,1370.0,837.0,2041.0,2705.0,1030.0,2630.0,2039.0,2444.0,1050.0,781.0,717.0,2351.0,1656.0,2509.0,981.0,886.0,1496.0,2416.0,1211.0,920.0,1555.0,942.0,2153.0,1300.0,0000000000000000132c,43.3412804384406,C1507C04
1138.0,2695.0,2415.0,1057.0,929.0,1810.0,1916.0,1062.0,717.0,2872.0,2682.0,1039.0,1381.0,2388.0,699.0,2575.0,2263.0,1635.0,1890.0,1246.0,2799.0,711.0,1189.0,1444.0,2308.0,974.0,1545.0,897.0,2745.0,2091.0,608.0,2709.0,1471.0,955.0,1029.0,1465.0,2558.0,1480.0,941.0,2295.0,2838.0,1040.0,2709.0,2139.0,2516.0,973.0,831.0,694.0,2533.0,1746.0,2747.0,1084.0,943.0,1547.0,2604.0,1249.0,1014.0,1590.0,1074.0,2325.0,1470.0,0000000000000000132d,35.1241219279543,C1507C05
1106.0,2715.0,2245.0,885.0,919.0,1860.0,1836.0,929.0,677.0,2704.0,2577.0,971.0,1293.0,2275.0,734.0,2362.0,2289.0,1539.0,2033.0,1010.0,2822.0,698.0,1081.0,1493.0,2157.0,952.0,1353.0,837.0,2648.0,2061.0,699.0,2602.0,1397.0,781.0,963.0,1348.0,2437.0,1313.0,724.0,1996.0,2632.0,1038.0,2618.0,2003.0,2477.0,1100.0,725.0,732.0,2369.0,1724.0,2498.0,909.0,856.0,1480.0,2406.0,1260.0,918.0,1607.0,894.0,2097.0,1283.0,0000000000000000132e,41.7085113101904,C1507C06
1072.0,2698.0,2282.0,924.0,947.0,1864.0,1843.0,1016.0,731.0,2708.0,2601.0,943.0,1333.0,2259.0,740.0,2437.0,2238.0,1491.0,1965.0,1098.0,2829.0,723.0,1077.0,1457.0,2178.0,975.0,1545.0,838.0,2659.0,2036.0,654.0,2604.0,1347.0,867.0,972.0,1404.0,2428.0,1379.0,849.0,2065.0,2716.0,1033.0,2636.0,2046.0,2451.0,1054.0,790.0,720.0,2367.0,1664.0,2530.0,990.0,894.0,1503.0,2434.0,1216.0,927.0,1562.0,954.0,2171.0,1312.0,0000000000000000132f,36.3444707942664,C1507C07
1109.0,2685.0,2344.0,972.0,939.0,1846.0,1882.0,1033.0,710.0,2770.0,2626.0,976.0,1366.0,2283.0,711.0,2493.0,2227.0,1522.0,1937.0,1122.0,2818.0,721.0,1140.0,1431.0,2224.0,969.0,1566.0,884.0,2703.0,2056.0,624.0,2646.0,1400.0,911.0,996.0,1427.0,2476.0,1422.0,882.0,2165.0,2766.0,1034.0,2652.0,2089.0,2467.0,1015.0,801.0,704.0,2450.0,1690.0,2642.0,1010.0,911.0,1542.0,2506.0,1222.0,961.0,1572.0,1007.0,2240.0,1390.0,00000000000000001330,41.8997012892596,C1507C08
1053.0,2664.0,2245.0,898.0,917.0,1854.0,1837.0,976.0,699.0,2669.0,2584.0,931.0,1317.0,2220.0,723.0,2393.0,2189.0,1453.0,1964.0,1049.0,2809.0,699.0,1066.0,1412.0,2130.0,947.0,1522.0,817.0,2632.0,2019.0,611.0,2564.0,1310.0,830.0,949.0,1378.0,2400.0,1347.0,797.0,2016.0,2691.0,1009.0,2602.0,2029.0,2450.0,1006.0,758.0,706.0,2360.0,1624.0,2498.0,938.0,872.0,1483.0,2375.0,1195.0,903.0,1524.0,922.0,2135.0,1303.0,00000000000000001331,43.6053641409147,C1507C09
1053.0,2664.0,2245.0,898.0,917.0,1854.0,1837.0,976.0,699.0,2669.0,2584.0,931.0,1317.0,2220.0,723.0,2393.0,2189.0,1453.0,1964.0,1049.0,2809.0,699.0,1066.0,1412.0,2130.0,947.0,1522.0,817.0,2632.0,2019.0,611.0,2564.0,1310.0,830.0,949.0,1378.0,2400.0,1347.0,797.0,2016.0,2691.0,1009.0,2602.0,2029.0,2450.0,1006.0,758.0,706.0,2360.0,1624.0,2498.0,938.0,872.0,1483.0,2375.0,1195.0,903.0,1524.0,922.0,2135.0,1303.0,00000000000000001332,43.6053641409147,C1507C09
1070.0,2666.0,2259.0,913.0,938.0,1830.0,1807.0,991.0,721.0,2673.0,2565.0,938.0,1295.0,2250.0,738.0,2395.0,2231.0,1491.0,1936.0,1085.0,2791.0,721.0,1061.0,1459.0,2153.0,962.0,1498.0,828.0,2619.0,2001.0,669.0,2571.0,1343.0,846.0,953.0,1372.0,2393.0,1345.0,828.0,2027.0,2666.0,1025.0,2599.0,2001.0,2426.0,1075.0,782.0,716.0,2333.0,1667.0,2484.0,967.0,883.0,1467.0,2392.0,1221.0,916.0,1561.0,939.0,2129.0,1277.0,00000000000000001333,35.959603238377,C1507C10
1078.0,2671.0,2249.0,903.0,933.0,1833.0,1810.0,960.0,701.0,2676.0,2547.0,947.0,1286.0,2244.0,736.0,2364.0,2235.0,1496.0,1967.0,1042.0,2800.0,712.0,1075.0,1455.0,2139.0,948.0,1463.0,838.0,2617.0,2017.0,708.0,2573.0,1345.0,819.0,960.0,1352.0,2385.0,1316.0,776.0,2001.0,2645.0,1035.0,2601.0,1990.0,2426.0,1114.0,760.0,728.0,2328.0,1677.0,2479.0,943.0,872.0,1463.0,2379.0,1232.0,919.0,1563.0,921.0,2091.0,1275.0,00000000000000001334,31.268984455184,C1507C11
1116.0,2711.0,2272.0,915.0,946.0,1853.0,1833.0,970.0,713.0,2708.0,2570.0,977.0,1304.0,2290.0,750.0,2378.0,2300.0,1553.0,2009.0,1053.0,2818.0,722.0,1100.0,1509.0,2176.0,976.0,1423.0,853.0,2648.0,2052.0,726.0,2608.0,1408.0,819.0,984.0,1370.0,2431.0,1333.0,776.0,2029.0,2649.0,1056.0,2620.0,2004.0,2461.0,1128.0,761.0,744.0,2358.0,1731.0,2505.0,953.0,884.0,1488.0,2420.0,1266.0,940.0,1620.0,930.0,2113.0,1292.0,00000000000000001335,31.2817745036618,C1507C12
1087.0,2607.0,2339.0,1027.0,879.0,1791.0,1883.0,986.0,676.0,2862.0,2686.0,993.0,1373.0,2344.0,685.0,2473.0,2235.0,1570.0,1925.0,1081.0,2794.0,670.0,1166.0,1383.0,2261.0,962.0,1566.0,842.0,2738.0,2079.0,570.0,2617.0,1400.0,876.0,1003.0,1351.0,2447.0,1376.0,837.0,2240.0,2836.0,1011.0,2615.0,2150.0,2513.0,955.0,782.0,668.0,2508.0,1674.0,2729.0,945.0,938.0,1535.0,2557.0,1197.0,956.0,1591.0,1033.0,2279.0,1455.0,00000000000000001336,43.1681131321507,C1507C16
1286.0,2638.0,2448.0,1126.0,998.0,1883.0,2022.0,1088.0,669.0,3035.0,2852.0,1116.0,1628.0,2447.0,756.0,2545.0,2209.0,1634.0,2071.0,1152.0,2952.0,811.0,1410.0,1471.0,2386.0,979.0,1735.0,1134.0,2874.0,2332.0,738.0,2641.0,1614.0,1031.0,1081.0,1539.0,2634.0,1592.0,955.0,2461.0,3015.0,1101.0,2625.0,2392.0,2597.0,1046.0,853.0,746.0,2805.0,1804.0,2798.0,1003.0,1018.0,1828.0,2748.0,1343.0,1054.0,1643.0,1284.0,2618.0,1786.0,00000000000000001337,83.9192489766183,C1507F01
1245.0,2652.0,2450.0,1086.0,959.0,1879.0,1992.0,1055.0,634.0,2999.0,2821.0,1082.0,1584.0,2428.0,716.0,2572.0,2180.0,1595.0,2034.0,1138.0,2923.0,767.0,1354.0,1426.0,2360.0,950.0,1680.0,1087.0,2840.0,2288.0,707.0,2663.0,1571.0,1021.0,1038.0,1531.0,2648.0,1570.0,939.0,2422.0,2982.0,1054.0,2665.0,2349.0,2568.0,996.0,819.0,710.0,2772.0,1799.0,2803.0,978.0,980.0,1790.0,2718.0,1302.0,1022.0,1617.0,1244.0,2576.0,1738.0,00000000000000001338,54.2097658521308,C1507F02
1026.0,2547.0,2222.0,888.0,864.0,1806.0,1860.0,869.0,614.0,2669.0,2645.0,939.0,1392.0,2217.0,698.0,2357.0,2008.0,1413.0,1994.0,948.0,2867.0,656.0,1073.0,1316.0,2038.0,871.0,1533.0,810.0,2617.0,2022.0,661.0,2506.0,1259.0,790.0,912.0,1298.0,2390.0,1316.0,700.0,1980.0,2760.0,972.0,2539.0,2055.0,2525.0,1036.0,713.0,686.0,2437.0,1602.0,2502.0,792.0,860.0,1506.0,2256.0,1160.0,878.0,1511.0,901.0,2130.0,1383.0,00000000000000001339,52.2728539315744,C1507F03
1009.0,2581.0,2145.0,848.0,882.0,1919.0,1868.0,875.0,638.0,2624.0,2626.0,932.0,1375.0,2108.0,715.0,2319.0,1984.0,1385.0,2008.0,933.0,2876.0,661.0,1050.0,1315.0,1997.0,867.0,1517.0,796.0,2579.0,2020.0,683.0,2489.0,1222.0,776.0,897.0,1349.0,2395.0,1309.0,677.0,1904.0,2720.0,967.0,2593.0,2027.0,2513.0,1068.0,702.0,697.0,2404.0,1562.0,2421.0,801.0,835.0,1477.0,2203.0,1163.0,854.0,1457.0,872.0,2094.0,1343.0,0000000000000000133a,47.6046325457469,C1507F04
903.0,2545.0,1983.0,737.0,783.0,1902.0,1792.0,757.0,541.0,2555.0,2602.0,850.0,1313.0,1917.0,624.0,2269.0,1795.0,1259.0,1921.0,834.0,2911.0,570.0,931.0,1208.0,1847.0,767.0,1384.0,705.0,2548.0,1902.0,611.0,2397.0,1105.0,692.0,800.0,1253.0,2350.0,1189.0,561.0,1790.0,2745.0,877.0,2564.0,1933.0,2479.0,977.0,617.0,609.0,2388.0,1422.0,2355.0,681.0,733.0,1357.0,2075.0,1048.0,754.0,1334.0,772.0,2048.0,1243.0,0000000000000000133b,40.6645846944779,C1507F05
837.0,2484.0,1910.0,692.0,718.0,1809.0,1703.0,691.0,487.0,2468.0,2528.0,776.0,1229.0,1846.0,565.0,2194.0,1725.0,1191.0,1837.0,769.0,2831.0,515.0,875.0,1138.0,1773.0,700.0,1234.0,661.0,2477.0,1811.0,555.0,2314.0,1024.0,633.0,758.0,1180.0,2268.0,1106.0,500.0,1703.0,2674.0,838.0,2470.0,1856.0,2401.0,918.0,566.0,559.0,2308.0,1367.0,2262.0,638.0,676.0,1279.0,1991.0,997.0,703.0,1269.0,716.0,1948.0,1158.0,0000000000000000133c,33.3725985418754,C1507F06
992.0,2581.0,2098.0,817.0,870.0,1964.0,1870.0,851.0,625.0,2620.0,2639.0,926.0,1377.0,2039.0,698.0,2310.0,1911.0,1345.0,1992.0,919.0,2923.0,654.0,1022.0,1289.0,1946.0,850.0,1488.0,779.0,2583.0,2002.0,679.0,2472.0,1188.0,764.0,870.0,1340.0,2393.0,1291.0,650.0,1884.0,2762.0,951.0,2620.0,2018.0,2525.0,1060.0,693.0,683.0,2431.0,1517.0,2416.0,767.0,811.0,1450.0,2148.0,1133.0,824.0,1418.0,849.0,2103.0,1331.0,0000000000000000133d,65.8246806791012,C1507F08
945.0,2565.0,2042.0,771.0,820.0,1926.0,1832.0,801.0,578.0,2588.0,2621.0,882.0,1337.0,1977.0,653.0,2296.0,1851.0,1300.0,1950.0,874.0,2921.0,607.0,973.0,1244.0,1887.0,802.0,1425.0,733.0,2573.0,1960.0,633.0,2436.0,1142.0,720.0,826.0,1291.0,2368.0,1239.0,606.0,1832.0,2754.0,908.0,2590.0,1971.0,2506.0,1011.0,651.0,645.0,2410.0,1469.0,2380.0,717.0,768.0,1402.0,2109.0,1087.0,780.0,1375.0,806.0,2081.0,1285.0,0000000000000000133e,35.5343227080048,C1507F09
867.0,2513.0,1955.0,717.0,743.0,1827.0,1730.0,723.0,519.0,2487.0,2548.0,800.0,1244.0,1897.0,591.0,2225.0,1773.0,1227.0,1871.0,799.0,2843.0,540.0,899.0,1162.0,1814.0,731.0,1307.0,687.0,2504.0,1851.0,572.0,2352.0,1056.0,658.0,767.0,1206.0,2297.0,1146.0,539.0,1732.0,2681.0,850.0,2496.0,1890.0,2423.0,940.0,589.0,588.0,2320.0,1407.0,2281.0,663.0,705.0,1316.0,2033.0,1030.0,721.0,1311.0,744.0,1971.0,1186.0,0000000000000000133f,58.9439270045266,C1507F10
966.0,2604.0,2105.0,812.0,837.0,1910.0,1834.0,827.0,610.0,2606.0,2589.0,880.0,1314.0,2061.0,674.0,2308.0,1962.0,1347.0,1977.0,890.0,2888.0,630.0,1000.0,1281.0,1963.0,823.0,1450.0,764.0,2585.0,1996.0,651.0,2474.0,1178.0,731.0,867.0,1314.0,2370.0,1267.0,636.0,1858.0,2710.0,942.0,2593.0,1987.0,2475.0,1029.0,668.0,668.0,2366.0,1524.0,2390.0,775.0,788.0,1435.0,2183.0,1128.0,821.0,1421.0,825.0,2055.0,1286.0,00000000000000001340,68.6033712598537,C1507F13
1053.0,2664.0,2245.0,898.0,917.0,1854.0,1837.0,976.0,699.0,2669.0,2584.0,931.0,1317.0,2220.0,723.0,2393.0,2189.0,1453.0,1964.0,1049.0,2809.0,699.0,1066.0,1412.0,2130.0,947.0,1522.0,817.0,2632.0,2019.0,611.0,2564.0,1310.0,830.0,949.0,1378.0,2400.0,1347.0,797.0,2016.0,2691.0,1009.0,2602.0,2029.0,2450.0,1006.0,758.0,706.0,2360.0,1624.0,2498.0,938.0,872.0,1483.0,2375.0,1195.0,903.0,1524.0,922.0,2135.0,1303.0,00000000000000001342,49.2878262477675,C1507F17
1183.0,2720.0,2518.0,1134.0,984.0,1889.0,2042.0,1131.0,745.0,3028.0,2773.0,1059.0,1510.0,2522.0,730.0,2627.0,2217.0,1606.0,1933.0,1276.0,2875.0,760.0,1316.0,1382.0,2353.0,999.0,1668.0,1010.0,2787.0,2194.0,662.0,2790.0,1480.0,1034.0,1068.0,1533.0,2660.0,1577.0,995.0,2366.0,2925.0,1064.0,2770.0,2289.0,2631.0,1059.0,887.0,732.0,2673.0,1824.0,2823.0,1099.0,993.0,1659.0,2731.0,1261.0,1085.0,1648.0,1228.0,2458.0,1614.0,00000000000000001344,29.0309490326979,C1507F19
1301.0,2746.0,2640.0,1278.0,1007.0,1894.0,2048.0,1250.0,865.0,3037.0,2782.0,1217.0,1547.0,2620.0,825.0,2680.0,2385.0,1897.0,1916.0,1482.0,2875.0,872.0,1360.0,1641.0,2492.0,1117.0,1690.0,1058.0,2816.0,2243.0,700.0,2813.0,1700.0,1139.0,1198.0,1663.0,2735.0,1673.0,1145.0,2524.0,2957.0,1189.0,2811.0,2309.0,2638.0,1069.0,1023.0,826.0,2689.0,2024.0,2864.0,1276.0,1084.0,1673.0,2797.0,1422.0,1198.0,1787.0,1298.0,2526.0,1663.0,00000000000000001345,40.1847885580815,C1507F20
1135.0,2660.0,2408.0,1068.0,905.0,1890.0,1999.0,1022.0,626.0,2846.0,2694.0,1026.0,1459.0,2274.0,651.0,2546.0,2080.0,1570.0,1936.0,1123.0,2839.0,696.0,1239.0,1330.0,2249.0,870.0,1574.0,973.0,2766.0,2221.0,620.0,2670.0,1431.0,993.0,1004.0,1525.0,2600.0,1530.0,929.0,2293.0,2823.0,1009.0,2646.0,2183.0,2522.0,956.0,794.0,640.0,2652.0,1726.0,2810.0,984.0,922.0,1650.0,2608.0,1214.0,976.0,1512.0,1136.0,2414.0,1608.0,00000000000000001346,64.4754855132467,C1507F21
1091.0,2626.0,2341.0,1029.0,866.0,1838.0,1931.0,969.0,594.0,2802.0,2645.0,980.0,1445.0,2204.0,626.0,2481.0,2003.0,1492.0,1877.0,1061.0,2815.0,673.0,1188.0,1265.0,2165.0,825.0,1552.0,947.0,2716.0,2144.0,607.0,2608.0,1366.0,951.0,962.0,1461.0,2543.0,1470.0,875.0,2206.0,2836.0,971.0,2594.0,2175.0,2465.0,921.0,759.0,629.0,2599.0,1668.0,2733.0,928.0,883.0,1594.0,2535.0,1167.0,932.0,1448.0,1097.0,2352.0,1549.0,00000000000000001347,58.695281388373,C1507F22
990.0,2604.0,2115.0,830.0,866.0,1943.0,1860.0,856.0,629.0,2615.0,2619.0,913.0,1355.0,2068.0,701.0,2319.0,1958.0,1364.0,2002.0,915.0,2902.0,648.0,1028.0,1299.0,1975.0,848.0,1488.0,782.0,2585.0,2013.0,670.0,2485.0,1196.0,758.0,879.0,1347.0,2393.0,1293.0,655.0,1879.0,2725.0,952.0,2613.0,2012.0,2505.0,1057.0,686.0,686.0,2393.0,1533.0,2408.0,788.0,814.0,1457.0,2188.0,1151.0,833.0,1430.0,852.0,2080.0,1319.0,00000000000000001348,41.813110719611,C1507F23
809.0,2428.0,1850.0,663.0,681.0,1760.0,1656.0,653.0,457.0,2408.0,2483.0,749.0,1190.0,1785.0,526.0,2138.0,1668.0,1147.0,1785.0,740.0,2776.0,486.0,839.0,1095.0,1715.0,671.0,1182.0,632.0,2420.0,1758.0,525.0,2259.0,982.0,595.0,730.0,1137.0,2222.0,1061.0,461.0,1646.0,2619.0,810.0,2418.0,1804.0,2349.0,880.0,537.0,529.0,2265.0,1320.0,2206.0,606.0,636.0,1235.0,1936.0,967.0,673.0,1224.0,675.0,1904.0,1116.0,00000000000000001349,53.8612037868592,C1507F24
1075.0,2678.0,2235.0,893.0,924.0,1843.0,1816.0,942.0,687.0,2670.0,2542.0,947.0,1284.0,2232.0,735.0,2347.0,2233.0,1485.0,1989.0,1007.0,2805.0,708.0,1083.0,1441.0,2127.0,932.0,1423.0,838.0,2617.0,2027.0,695.0,2567.0,1334.0,799.0,953.0,1343.0,2384.0,1307.0,743.0,1976.0,2637.0,1029.0,2595.0,1990.0,2428.0,1106.0,740.0,730.0,2327.0,1667.0,2473.0,915.0,865.0,1463.0,2366.0,1230.0,909.0,1553.0,908.0,2069.0,1277.0,0000000000000000134a,42.2593854002151,C1507F25
1019.0,2622.0,2190.0,866.0,890.0,1904.0,1874.0,884.0,642.0,2643.0,2604.0,920.0,1358.0,2160.0,714.0,2342.0,2051.0,1405.0,2021.0,947.0,2870.0,677.0,1056.0,1336.0,2030.0,883.0,1482.0,797.0,2604.0,2043.0,674.0,2535.0,1248.0,780.0,915.0,1351.0,2397.0,1324.0,694.0,1922.0,2712.0,984.0,2600.0,2041.0,2502.0,1064.0,712.0,700.0,2379.0,1590.0,2451.0,825.0,844.0,1492.0,2265.0,1173.0,873.0,1493.0,885.0,2092.0,1339.0,0000000000000000134b,33.6076117956656,C1507F26
951.0,2558.0,2057.0,775.0,825.0,1915.0,1821.0,805.0,584.0,2574.0,2605.0,882.0,1326.0,1991.0,660.0,2282.0,1869.0,1306.0,1949.0,876.0,2897.0,611.0,978.0,1250.0,1902.0,810.0,1428.0,739.0,2557.0,1954.0,640.0,2432.0,1145.0,725.0,834.0,1294.0,2360.0,1240.0,612.0,1832.0,2733.0,916.0,2576.0,1971.0,2490.0,1015.0,650.0,644.0,2393.0,1481.0,2372.0,731.0,774.0,1404.0,2108.0,1097.0,788.0,1382.0,811.0,2062.0,1281.0,0000000000000000134c,74.5217375485741,C1507F27
894.0,2540.0,1967.0,727.0,775.0,1898.0,1784.0,746.0,530.0,2556.0,2600.0,844.0,1308.0,1901.0,617.0,2265.0,1779.0,1251.0,1917.0,826.0,2911.0,560.0,922.0,1198.0,1834.0,758.0,1383.0,697.0,2545.0,1890.0,606.0,2391.0,1097.0,685.0,795.0,1244.0,2349.0,1179.0,549.0,1778.0,2747.0,871.0,2561.0,1928.0,2476.0,970.0,608.0,599.0,2388.0,1415.0,2352.0,674.0,724.0,1347.0,2070.0,1039.0,748.0,1327.0,764.0,2042.0,1234.0,0000000000000000134d,70.6162252405567,C1507F28
956.0,2609.0,2082.0,788.0,832.0,1929.0,1835.0,813.0,589.0,2594.0,2627.0,877.0,1330.0,2018.0,664.0,2315.0,1912.0,1319.0,1983.0,882.0,2927.0,609.0,991.0,1261.0,1931.0,814.0,1452.0,756.0,2593.0,1970.0,640.0,2469.0,1148.0,722.0,848.0,1311.0,2387.0,1258.0,611.0,1842.0,2756.0,932.0,2602.0,1998.0,2505.0,1025.0,653.0,653.0,2398.0,1500.0,2393.0,745.0,775.0,1419.0,2145.0,1116.0,801.0,1404.0,811.0,2057.0,1283.0,0000000000000000134e,57.5489763999808,C1507F29
1077.0,2690.0,2214.0,864.0,898.0,1827.0,1807.0,907.0,657.0,2675.0,2541.0,942.0,1265.0,2240.0,712.0,2338.0,2258.0,1505.0,2003.0,980.0,2793.0,680.0,1062.0,1461.0,2121.0,922.0,1325.0,817.0,2623.0,2031.0,673.0,2575.0,1365.0,759.0,935.0,1321.0,2402.0,1288.0,703.0,1962.0,2603.0,1010.0,2590.0,1971.0,2445.0,1079.0,704.0,709.0,2336.0,1692.0,2473.0,883.0,834.0,1454.0,2381.0,1231.0,892.0,1572.0,872.0,2068.0,1256.0,0000000000000000134f,37.1516989894322,C1507F30
1045.0,2567.0,2258.0,932.0,871.0,1823.0,1898.0,923.0,642.0,2675.0,2602.0,930.0,1384.0,2248.0,679.0,2416.0,2095.0,1444.0,1984.0,1025.0,2801.0,683.0,1087.0,1326.0,2082.0,909.0,1509.0,778.0,2609.0,2048.0,611.0,2563.0,1320.0,827.0,937.0,1354.0,2419.0,1367.0,766.0,2039.0,2730.0,963.0,2577.0,2087.0,2504.0,995.0,749.0,655.0,2401.0,1615.0,2544.0,863.0,896.0,1526.0,2347.0,1173.0,905.0,1522.0,950.0,2170.0,1394.0,00000000000000001350,31.6981234559516,C1507F31
1040.0,2613.0,2185.0,912.0,872.0,1900.0,1902.0,951.0,676.0,2641.0,2573.0,929.0,1369.0,2140.0,703.0,2407.0,2093.0,1436.0,1986.0,1056.0,2801.0,698.0,1076.0,1342.0,2063.0,910.0,1500.0,787.0,2582.0,2030.0,644.0,2546.0,1303.0,828.0,937.0,1425.0,2401.0,1383.0,785.0,1988.0,2697.0,982.0,2595.0,2056.0,2448.0,1023.0,760.0,678.0,2367.0,1578.0,2486.0,911.0,885.0,1510.0,2313.0,1181.0,904.0,1459.0,938.0,2130.0,1363.0,00000000000000001351,31.6050236697168,C1507F32
1030.0,2643.0,2169.0,845.0,877.0,1814.0,1782.0,884.0,638.0,2623.0,2506.0,905.0,1244.0,2169.0,698.0,2293.0,2176.0,1429.0,1968.0,938.0,2773.0,666.0,1046.0,1385.0,2065.0,876.0,1335.0,798.0,2576.0,1996.0,646.0,2522.0,1280.0,745.0,908.0,1297.0,2348.0,1260.0,679.0,1903.0,2590.0,985.0,2550.0,1950.0,2395.0,1056.0,685.0,694.0,2291.0,1614.0,2425.0,852.0,822.0,1425.0,2312.0,1186.0,861.0,1500.0,860.0,2013.0,1242.0,00000000000000001352,38.6794586125086,C1507F33
1169.0,2658.0,2389.0,1109.0,926.0,1924.0,2030.0,1067.0,705.0,2879.0,2751.0,1055.0,1545.0,2366.0,688.0,2603.0,2212.0,1625.0,2020.0,1230.0,2867.0,727.0,1264.0,1400.0,2303.0,969.0,1600.0,950.0,2783.0,2248.0,619.0,2708.0,1482.0,970.0,1047.0,1554.0,2585.0,1552.0,941.0,2340.0,2939.0,1031.0,2715.0,2342.0,2585.0,1008.0,852.0,671.0,2641.0,1723.0,2846.0,1050.0,982.0,1688.0,2639.0,1266.0,1014.0,1580.0,1147.0,2426.0,1627.0,00000000000000001353,61.3199678115363,C1507F34
1134.0,2675.0,2397.0,1015.0,934.0,1835.0,1914.0,1043.0,699.0,2827.0,2651.0,999.0,1385.0,2310.0,697.0,2537.0,2228.0,1555.0,1920.0,1138.0,2811.0,723.0,1185.0,1420.0,2266.0,962.0,1571.0,922.0,2738.0,2076.0,612.0,2686.0,1448.0,953.0,1018.0,1435.0,2516.0,1447.0,918.0,2249.0,2806.0,1037.0,2671.0,2125.0,2481.0,990.0,815.0,695.0,2515.0,1718.0,2735.0,1030.0,935.0,1564.0,2569.0,1224.0,989.0,1588.0,1060.0,2296.0,1443.0,00000000000000001354,82.1892628824728,C1507F35
1242.0,2641.0,2432.0,1089.0,958.0,1871.0,1994.0,1059.0,637.0,2998.0,2810.0,1077.0,1594.0,2421.0,721.0,2553.0,2169.0,1594.0,2010.0,1133.0,2918.0,772.0,1349.0,1421.0,2332.0,947.0,1687.0,1078.0,2846.0,2274.0,706.0,2641.0,1557.0,1015.0,1040.0,1532.0,2640.0,1571.0,941.0,2407.0,2995.0,1060.0,2638.0,2358.0,2567.0,1002.0,821.0,714.0,2760.0,1780.0,2794.0,978.0,985.0,1774.0,2707.0,1299.0,1019.0,1605.0,1237.0,2558.0,1733.0,00000000000000001355,52.4691915161712,C1507F36
985.0,2576.0,2091.0,809.0,864.0,1957.0,1864.0,845.0,618.0,2610.0,2635.0,919.0,1372.0,2030.0,691.0,2307.0,1904.0,1337.0,1985.0,914.0,2920.0,646.0,1016.0,1281.0,1937.0,844.0,1479.0,771.0,2580.0,1995.0,673.0,2463.0,1180.0,757.0,864.0,1334.0,2388.0,1283.0,643.0,1877.0,2759.0,945.0,2612.0,2009.0,2521.0,1054.0,686.0,676.0,2426.0,1507.0,2408.0,760.0,804.0,1444.0,2140.0,1126.0,819.0,1410.0,841.0,2100.0,1325.0,00000000000000001356,43.8365467174738,C1507F37
920.0,2577.0,2009.0,748.0,802.0,1933.0,1822.0,775.0,552.0,2589.0,2631.0,868.0,1335.0,1942.0,637.0,2298.0,1819.0,1280.0,1952.0,851.0,2944.0,582.0,951.0,1231.0,1871.0,782.0,1409.0,717.0,2579.0,1932.0,625.0,2429.0,1126.0,706.0,814.0,1273.0,2378.0,1210.0,573.0,1815.0,2778.0,891.0,2598.0,1964.0,2508.0,998.0,629.0,621.0,2417.0,1444.0,2387.0,695.0,747.0,1378.0,2105.0,1064.0,767.0,1356.0,786.0,2074.0,1264.0,00000000000000001357,47.8313514198178,C1507F38
1046.0,2679.0,2186.0,843.0,869.0,1800.0,1788.0,879.0,636.0,2656.0,2516.0,912.0,1236.0,2213.0,691.0,2327.0,2240.0,1471.0,1984.0,950.0,2769.0,663.0,1032.0,1431.0,2089.0,892.0,1283.0,796.0,2612.0,2012.0,649.0,2560.0,1335.0,738.0,910.0,1292.0,2381.0,1263.0,681.0,1935.0,2579.0,984.0,2571.0,1948.0,2427.0,1050.0,683.0,684.0,2314.0,1661.0,2458.0,862.0,813.0,1429.0,2370.0,1201.0,871.0,1538.0,850.0,2054.0,1227.0,00000000000000001358,29.1027432238821,C1507F40
1118.0,2634.0,2331.0,1024.0,888.0,1835.0,1915.0,988.0,586.0,2868.0,2686.0,978.0,1490.0,2262.0,658.0,2495.0,2024.0,1476.0,1875.0,1056.0,2851.0,697.0,1217.0,1275.0,2164.0,851.0,1622.0,967.0,2747.0,2136.0,646.0,2597.0,1389.0,959.0,969.0,1469.0,2569.0,1490.0,877.0,2209.0,2911.0,983.0,2594.0,2232.0,2467.0,942.0,755.0,656.0,2630.0,1682.0,2723.0,919.0,912.0,1633.0,2572.0,1182.0,944.0,1466.0,1133.0,2384.0,1587.0,00000000000000001359,44.9143326622416,C1507F41
1057.0,2616.0,2286.0,990.0,843.0,1821.0,1892.0,938.0,569.0,2770.0,2632.0,944.0,1432.0,2160.0,611.0,2454.0,1953.0,1443.0,1853.0,1019.0,2821.0,658.0,1153.0,1230.0,2110.0,801.0,1539.0,921.0,2696.0,2103.0,596.0,2566.0,1323.0,920.0,931.0,1427.0,2522.0,1437.0,835.0,2142.0,2846.0,943.0,2565.0,2157.0,2446.0,910.0,731.0,616.0,2577.0,1633.0,2674.0,881.0,861.0,1564.0,2486.0,1136.0,896.0,1415.0,1067.0,2320.0,1513.0,0000000000000000135a,32.6750024982939,C1507F42
1141.0,2632.0,2355.0,1034.0,899.0,1842.0,1926.0,1001.0,591.0,2887.0,2702.0,994.0,1512.0,2298.0,661.0,2514.0,2047.0,1492.0,1893.0,1075.0,2854.0,708.0,1237.0,1297.0,2192.0,869.0,1624.0,985.0,2759.0,2156.0,656.0,2610.0,1417.0,971.0,979.0,1480.0,2588.0,1501.0,889.0,2246.0,2928.0,995.0,2614.0,2265.0,2485.0,946.0,766.0,663.0,2648.0,1703.0,2741.0,932.0,919.0,1651.0,2595.0,1202.0,960.0,1496.0,1146.0,2413.0,1607.0,0000000000000000135b,45.3353867753347,C1507P01
1179.0,2656.0,2411.0,1046.0,920.0,1867.0,1941.0,1018.0,594.0,2922.0,2743.0,1024.0,1533.0,2357.0,670.0,2571.0,2092.0,1527.0,1954.0,1107.0,2879.0,720.0,1281.0,1341.0,2270.0,898.0,1635.0,1024.0,2778.0,2204.0,673.0,2663.0,1477.0,1008.0,996.0,1503.0,2625.0,1522.0,912.0,2315.0,2943.0,1008.0,2676.0,2292.0,2511.0,952.0,779.0,669.0,2694.0,1766.0,2783.0,949.0,936.0,1708.0,2645.0,1238.0,991.0,1555.0,1187.0,2479.0,1652.0,0000000000000000135c,60.6528168309237,C1507P02
1254.0,2646.0,2441.0,1100.0,966.0,1878.0,2007.0,1067.0,646.0,3016.0,2828.0,1088.0,1608.0,2434.0,728.0,2556.0,2184.0,1607.0,2028.0,1139.0,2932.0,783.0,1364.0,1435.0,2349.0,955.0,1701.0,1093.0,2861.0,2292.0,713.0,2647.0,1571.0,1017.0,1050.0,1541.0,2648.0,1582.0,946.0,2426.0,3009.0,1070.0,2640.0,2374.0,2580.0,1012.0,830.0,723.0,2778.0,1788.0,2802.0,984.0,992.0,1792.0,2722.0,1312.0,1026.0,1615.0,1247.0,2577.0,1752.0,0000000000000000135d,97.1197101124103,C1507P04
911.0,2577.0,2027.0,749.0,788.0,1890.0,1794.0,768.0,551.0,2556.0,2605.0,841.0,1295.0,1969.0,636.0,2285.0,1846.0,1280.0,1939.0,842.0,2898.0,571.0,945.0,1214.0,1882.0,773.0,1403.0,720.0,2567.0,1920.0,608.0,2424.0,1107.0,695.0,808.0,1267.0,2355.0,1202.0,578.0,1796.0,2740.0,893.0,2565.0,1958.0,2479.0,983.0,620.0,620.0,2372.0,1462.0,2348.0,704.0,744.0,1372.0,2101.0,1075.0,760.0,1366.0,783.0,2016.0,1238.0,0000000000000000135e,62.6859252467436,C1507P05
992.0,2612.0,2127.0,829.0,856.0,1873.0,1810.0,846.0,621.0,2587.0,2548.0,889.0,1292.0,2082.0,692.0,2293.0,2028.0,1370.0,1979.0,917.0,2830.0,649.0,1017.0,1319.0,1986.0,852.0,1441.0,782.0,2566.0,1988.0,658.0,2484.0,1204.0,738.0,891.0,1319.0,2338.0,1278.0,655.0,1855.0,2652.0,974.0,2556.0,1979.0,2422.0,1038.0,678.0,687.0,2319.0,1545.0,2389.0,811.0,803.0,1438.0,2210.0,1152.0,845.0,1443.0,841.0,2020.0,1273.0,0000000000000000135f,39.7304892278692,C1507P06
836.0,2474.0,1907.0,691.0,712.0,1794.0,1691.0,687.0,488.0,2451.0,2515.0,773.0,1219.0,1844.0,563.0,2184.0,1724.0,1187.0,1826.0,768.0,2813.0,514.0,868.0,1133.0,1769.0,699.0,1216.0,661.0,2466.0,1802.0,550.0,2304.0,1020.0,629.0,751.0,1175.0,2258.0,1103.0,500.0,1695.0,2656.0,831.0,2456.0,1845.0,2389.0,909.0,565.0,559.0,2293.0,1364.0,2247.0,635.0,673.0,1275.0,1983.0,997.0,698.0,1267.0,712.0,1935.0,1151.0,00000000000000001360,62.3972530253662,C1507P08
815.0,2444.0,1866.0,662.0,689.0,1775.0,1669.0,662.0,458.0,2431.0,2498.0,756.0,1201.0,1802.0,535.0,2156.0,1681.0,1158.0,1801.0,746.0,2794.0,486.0,844.0,1103.0,1730.0,677.0,1198.0,632.0,2439.0,1775.0,534.0,2279.0,992.0,604.0,737.0,1151.0,2240.0,1076.0,471.0,1663.0,2636.0,818.0,2438.0,1820.0,2368.0,888.0,537.0,530.0,2279.0,1331.0,2225.0,615.0,646.0,1250.0,1956.0,972.0,681.0,1235.0,685.0,1918.0,1129.0,00000000000000001362,55.7841165815385,C1507P10
1072.0,2690.0,2211.0,864.0,894.0,1825.0,1806.0,904.0,657.0,2676.0,2540.0,938.0,1261.0,2238.0,712.0,2338.0,2257.0,1501.0,2003.0,976.0,2792.0,680.0,1058.0,1457.0,2118.0,918.0,1320.0,817.0,2624.0,2031.0,670.0,2577.0,1361.0,759.0,932.0,1316.0,2401.0,1284.0,703.0,1959.0,2602.0,1007.0,2591.0,1970.0,2444.0,1076.0,704.0,708.0,2334.0,1688.0,2474.0,880.0,835.0,1450.0,2383.0,1227.0,890.0,1568.0,872.0,2068.0,1252.0,00000000000000001363,43.986817070699,C1507P11
942.0,2585.0,2071.0,785.0,816.0,1895.0,1808.0,800.0,582.0,2567.0,2589.0,861.0,1300.0,2008.0,652.0,2292.0,1909.0,1310.0,1957.0,870.0,2888.0,601.0,975.0,1250.0,1919.0,803.0,1422.0,743.0,2561.0,1955.0,629.0,2445.0,1142.0,709.0,838.0,1290.0,2354.0,1239.0,604.0,1820.0,2715.0,918.0,2568.0,1966.0,2469.0,1005.0,640.0,640.0,2359.0,1489.0,2366.0,739.0,766.0,1402.0,2129.0,1105.0,791.0,1391.0,803.0,2033.0,1262.0,00000000000000001364,70.83331345483,C1507P13
1216.0,2710.0,2544.0,1146.0,970.0,1869.0,2024.0,1140.0,733.0,2998.0,2772.0,1101.0,1479.0,2465.0,714.0,2663.0,2332.0,1744.0,1941.0,1291.0,2826.0,750.0,1313.0,1498.0,2425.0,1010.0,1641.0,988.0,2822.0,2179.0,623.0,2811.0,1608.0,1047.0,1106.0,1544.0,2652.0,1580.0,1021.0,2468.0,2924.0,1094.0,2786.0,2261.0,2575.0,991.0,882.0,716.0,2667.0,1848.0,2924.0,1153.0,1010.0,1656.0,2734.0,1295.0,1092.0,1689.0,1167.0,2446.0,1608.0,00000000000000001365,66.6100357834564,C1507R01
989.0,2619.0,2128.0,828.0,864.0,1934.0,1859.0,854.0,628.0,2628.0,2608.0,904.0,1341.0,2086.0,696.0,2326.0,1983.0,1370.0,2001.0,914.0,2897.0,647.0,1026.0,1305.0,1987.0,848.0,1472.0,780.0,2600.0,2020.0,669.0,2498.0,1203.0,752.0,885.0,1341.0,2390.0,1295.0,659.0,1884.0,2727.0,958.0,2614.0,2010.0,2494.0,1054.0,685.0,685.0,2385.0,1546.0,2413.0,793.0,808.0,1457.0,2208.0,1149.0,839.0,1444.0,845.0,2078.0,1314.0,00000000000000001366,119.849256826725,C1507R02
1129.0,2679.0,2383.0,1002.0,940.0,1839.0,1902.0,1041.0,704.0,2810.0,2643.0,994.0,1381.0,2306.0,701.0,2524.0,2233.0,1549.0,1927.0,1136.0,2814.0,724.0,1172.0,1429.0,2257.0,968.0,1571.0,911.0,2728.0,2069.0,620.0,2674.0,1436.0,938.0,1012.0,1435.0,2501.0,1441.0,905.0,2226.0,2793.0,1037.0,2667.0,2114.0,2475.0,1003.0,812.0,700.0,2492.0,1714.0,2705.0,1025.0,927.0,1560.0,2549.0,1227.0,981.0,1588.0,1041.0,2276.0,1427.0,00000000000000001367,53.6323077758516,C1507R05
1095.0,2689.0,2237.0,895.0,924.0,1853.0,1825.0,934.0,685.0,2685.0,2554.0,959.0,1288.0,2249.0,743.0,2338.0,2266.0,1518.0,2014.0,999.0,2810.0,710.0,1096.0,1471.0,2141.0,940.0,1388.0,847.0,2623.0,2043.0,701.0,2581.0,1367.0,791.0,965.0,1344.0,2405.0,1307.0,728.0,1979.0,2629.0,1040.0,2606.0,1993.0,2443.0,1106.0,733.0,741.0,2345.0,1701.0,2484.0,909.0,868.0,1473.0,2383.0,1250.0,918.0,1586.0,906.0,2070.0,1285.0,00000000000000001368,39.2119381873192,C1507W01
970.0,2610.0,2106.0,811.0,847.0,1929.0,1847.0,835.0,609.0,2609.0,2615.0,887.0,1335.0,2052.0,680.0,2320.0,1950.0,1347.0,1993.0,896.0,2912.0,628.0,1010.0,1283.0,1960.0,828.0,1469.0,767.0,2591.0,2000.0,654.0,2481.0,1178.0,737.0,866.0,1327.0,2385.0,1275.0,634.0,1861.0,2738.0,942.0,2604.0,2003.0,2501.0,1039.0,667.0,667.0,2390.0,1524.0,2400.0,770.0,795.0,1439.0,2176.0,1134.0,819.0,1423.0,830.0,2070.0,1299.0,00000000000000001369,234.235882555255,C1507W02
958.0,2574.0,2072.0,785.0,834.0,1925.0,1830.0,815.0,593.0,2583.0,2613.0,887.0,1332.0,2004.0,666.0,2292.0,1886.0,1316.0,1964.0,885.0,2910.0,618.0,988.0,1260.0,1914.0,818.0,1441.0,750.0,2568.0,1966.0,646.0,2448.0,1153.0,729.0,842.0,1304.0,2369.0,1252.0,617.0,1842.0,2742.0,925.0,2587.0,1985.0,2498.0,1024.0,657.0,652.0,2400.0,1493.0,2385.0,740.0,780.0,1415.0,2122.0,1108.0,796.0,1394.0,815.0,2066.0,1288.0,0000000000000000136a,78.7713883250273,C1507W04
1082.0,2675.0,2258.0,906.0,937.0,1839.0,1817.0,967.0,704.0,2684.0,2554.0,950.0,1290.0,2251.0,743.0,2373.0,2241.0,1501.0,1970.0,1054.0,2805.0,714.0,1075.0,1461.0,2147.0,955.0,1476.0,839.0,2623.0,2024.0,711.0,2580.0,1350.0,831.0,961.0,1358.0,2390.0,1322.0,791.0,2012.0,2653.0,1036.0,2609.0,1999.0,2430.0,1118.0,765.0,728.0,2333.0,1682.0,2487.0,950.0,881.0,1467.0,2388.0,1237.0,920.0,1568.0,932.0,2101.0,1277.0,0000000000000000136b,27.3443781340854,C1507W05
954.0,2598.0,2085.0,787.0,834.0,1924.0,1831.0,816.0,592.0,2586.0,2613.0,876.0,1322.0,2017.0,671.0,2305.0,1918.0,1326.0,1981.0,884.0,2917.0,611.0,991.0,1268.0,1931.0,817.0,1446.0,755.0,2580.0,1973.0,641.0,2467.0,1156.0,729.0,847.0,1309.0,2375.0,1260.0,621.0,1842.0,2740.0,929.0,2592.0,1992.0,2496.0,1022.0,652.0,652.0,2389.0,1506.0,2390.0,746.0,785.0,1419.0,2145.0,1115.0,801.0,1410.0,817.0,2056.0,1282.0,0000000000000000136c,56.3341838201105,C1507X01
933.0,2585.0,2065.0,780.0,813.0,1895.0,1802.0,795.0,576.0,2558.0,2591.0,855.0,1295.0,1996.0,651.0,2290.0,1897.0,1303.0,1953.0,863.0,2892.0,595.0,971.0,1245.0,1909.0,796.0,1418.0,740.0,2560.0,1946.0,623.0,2440.0,1133.0,708.0,829.0,1283.0,2353.0,1234.0,602.0,1813.0,2720.0,912.0,2564.0,1963.0,2468.0,1002.0,636.0,636.0,2361.0,1482.0,2363.0,728.0,765.0,1395.0,2117.0,1096.0,783.0,1386.0,803.0,2028.0,1255.0,0000000000000000136d,74.1533998476588,C1507X02
956.0,2600.0,2086.0,806.0,821.0,1866.0,1791.0,811.0,594.0,2558.0,2545.0,860.0,1279.0,2039.0,662.0,2282.0,1973.0,1327.0,1962.0,880.0,2833.0,623.0,984.0,1276.0,1944.0,814.0,1357.0,757.0,2557.0,1967.0,626.0,2455.0,1164.0,709.0,857.0,1298.0,2326.0,1252.0,624.0,1811.0,2653.0,941.0,2538.0,1962.0,2421.0,1013.0,652.0,661.0,2315.0,1509.0,2362.0,774.0,776.0,1419.0,2166.0,1118.0,811.0,1406.0,813.0,2003.0,1252.0,0000000000000000136e,56.7078969943362,C1507X03
921.0,2558.0,2025.0,756.0,793.0,1895.0,1799.0,774.0,560.0,2555.0,2596.0,851.0,1302.0,1964.0,636.0,2279.0,1844.0,1283.0,1932.0,846.0,2895.0,584.0,948.0,1224.0,1879.0,779.0,1402.0,722.0,2557.0,1926.0,612.0,2415.0,1117.0,698.0,809.0,1268.0,2348.0,1210.0,583.0,1804.0,2732.0,893.0,2562.0,1951.0,2476.0,987.0,628.0,628.0,2373.0,1459.0,2349.0,703.0,746.0,1375.0,2092.0,1072.0,763.0,1364.0,785.0,2035.0,1249.0,0000000000000000136f,66.0155003642735,C1507X04
988.0,2622.0,2126.0,825.0,866.0,1945.0,1865.0,856.0,624.0,2628.0,2623.0,906.0,1352.0,2077.0,700.0,2332.0,1971.0,1366.0,2008.0,912.0,2916.0,643.0,1029.0,1302.0,1983.0,846.0,1489.0,778.0,2603.0,2022.0,669.0,2497.0,1199.0,756.0,879.0,1347.0,2400.0,1297.0,657.0,1884.0,2741.0,953.0,2622.0,2018.0,2509.0,1058.0,682.0,682.0,2400.0,1540.0,2417.0,787.0,813.0,1459.0,2202.0,1149.0,833.0,1438.0,850.0,2086.0,1320.0,00000000000000001370,53.2359540036607,C1507X05
825.0,2454.0,1882.0,673.0,699.0,1779.0,1672.0,673.0,470.0,2436.0,2500.0,762.0,1206.0,1819.0,545.0,2168.0,1696.0,1169.0,1809.0,756.0,2801.0,496.0,851.0,1114.0,1745.0,687.0,1207.0,642.0,2449.0,1784.0,539.0,2286.0,1003.0,613.0,741.0,1160.0,2242.0,1087.0,484.0,1676.0,2642.0,821.0,2439.0,1828.0,2374.0,896.0,547.0,541.0,2280.0,1344.0,2229.0,623.0,655.0,1259.0,1965.0,985.0,687.0,1246.0,694.0,1922.0,1137.0,00000000000000001371,48.8605672714627,C1507X06
982.0,2622.0,2123.0,824.0,859.0,1937.0,1859.0,849.0,623.0,2624.0,2616.0,899.0,1344.0,2075.0,692.0,2331.0,1970.0,1363.0,2002.0,907.0,2913.0,642.0,1021.0,1298.0,1981.0,841.0,1479.0,777.0,2603.0,2016.0,665.0,2493.0,1195.0,748.0,875.0,1340.0,2394.0,1291.0,651.0,1880.0,2740.0,949.0,2617.0,2011.0,2502.0,1050.0,681.0,681.0,2395.0,1538.0,2411.0,783.0,804.0,1451.0,2199.0,1143.0,830.0,1436.0,841.0,2080.0,1312.0,00000000000000001372,64.6806378464372,C1507X07
1087.0,2607.0,2339.0,1027.0,879.0,1791.0,1883.0,986.0,676.0,2862.0,2686.0,993.0,1373.0,2344.0,685.0,2473.0,2235.0,1570.0,1925.0,1081.0,2794.0,670.0,1166.0,1383.0,2261.0,962.0,1566.0,842.0,2738.0,2079.0,570.0,2617.0,1400.0,876.0,1003.0,1351.0,2447.0,1376.0,837.0,2240.0,2836.0,1011.0,2615.0,2150.0,2513.0,955.0,782.0,668.0,2508.0,1674.0,2729.0,945.0,938.0,1535.0,2557.0,1197.0,956.0,1591.0,1033.0,2279.0,1455.0,00000000000000001373,34.4576374300952,C1507X10
950.0,2606.0,2071.0,778.0,823.0,1929.0,1832.0,803.0,581.0,2594.0,2623.0,873.0,1327.0,2011.0,665.0,2314.0,1899.0,1316.0,1978.0,874.0,2926.0,601.0,980.0,1259.0,1925.0,807.0,1443.0,748.0,2594.0,1961.0,631.0,2464.0,1144.0,723.0,837.0,1302.0,2382.0,1247.0,608.0,1838.0,2758.0,922.0,2603.0,1996.0,2499.0,1018.0,648.0,648.0,2393.0,1498.0,2389.0,734.0,774.0,1407.0,2141.0,1107.0,791.0,1402.0,811.0,2048.0,1274.0,00000000000000001374,100.28420787148,C1508C01
1036.0,2636.0,2163.0,844.0,867.0,1794.0,1766.0,876.0,635.0,2629.0,2493.0,903.0,1235.0,2180.0,691.0,2286.0,2189.0,1454.0,1960.0,940.0,2758.0,656.0,1038.0,1406.0,2067.0,882.0,1314.0,797.0,2569.0,1987.0,645.0,2526.0,1308.0,739.0,907.0,1290.0,2349.0,1253.0,680.0,1905.0,2571.0,981.0,2547.0,1934.0,2387.0,1048.0,683.0,692.0,2285.0,1636.0,2432.0,851.0,814.0,1419.0,2329.0,1190.0,860.0,1521.0,852.0,2017.0,1227.0,00000000000000001375,33.2272146805091,C1508C02
899.0,2565.0,2017.0,740.0,773.0,1870.0,1773.0,753.0,540.0,2532.0,2584.0,826.0,1272.0,1951.0,618.0,2266.0,1839.0,1266.0,1922.0,830.0,2890.0,560.0,931.0,1203.0,1865.0,761.0,1337.0,710.0,2549.0,1907.0,594.0,2406.0,1092.0,680.0,799.0,1249.0,2336.0,1192.0,566.0,1776.0,2720.0,884.0,2542.0,1938.0,2461.0,967.0,607.0,607.0,2351.0,1449.0,2330.0,694.0,733.0,1359.0,2079.0,1066.0,751.0,1353.0,769.0,2000.0,1222.0,00000000000000001376,156.987205177999,C1508C03
1087.0,2672.0,2277.0,918.0,948.0,1837.0,1816.0,998.0,725.0,2688.0,2566.0,954.0,1303.0,2267.0,747.0,2399.0,2249.0,1512.0,1948.0,1097.0,2799.0,724.0,1073.0,1478.0,2168.0,976.0,1514.0,837.0,2625.0,2014.0,695.0,2586.0,1365.0,857.0,966.0,1379.0,2396.0,1348.0,835.0,2044.0,2668.0,1040.0,2614.0,2007.0,2430.0,1100.0,787.0,724.0,2337.0,1690.0,2494.0,980.0,893.0,1476.0,2406.0,1237.0,929.0,1581.0,949.0,2130.0,1285.0,00000000000000001377,57.1421206889817,C1508C04
1165.0,2628.0,2366.0,1052.0,918.0,1851.0,1958.0,1029.0,606.0,2923.0,2722.0,1009.0,1551.0,2346.0,682.0,2527.0,2072.0,1519.0,1889.0,1092.0,2864.0,727.0,1256.0,1324.0,2194.0,893.0,1638.0,995.0,2801.0,2176.0,668.0,2605.0,1443.0,981.0,991.0,1508.0,2616.0,1535.0,911.0,2277.0,2966.0,1016.0,2611.0,2310.0,2521.0,967.0,785.0,681.0,2666.0,1707.0,2762.0,951.0,941.0,1660.0,2622.0,1223.0,971.0,1525.0,1155.0,2437.0,1637.0,00000000000000001378,71.3488115317972,C1508F01
1086.0,2608.0,2351.0,1045.0,875.0,1801.0,1901.0,986.0,684.0,2884.0,2711.0,996.0,1393.0,2357.0,694.0,2478.0,2234.0,1582.0,1938.0,1085.0,2813.0,675.0,1174.0,1385.0,2274.0,966.0,1578.0,853.0,2749.0,2110.0,593.0,2631.0,1395.0,889.0,1008.0,1364.0,2469.0,1397.0,847.0,2247.0,2857.0,1014.0,2622.0,2181.0,2537.0,982.0,788.0,679.0,2532.0,1683.0,2737.0,947.0,939.0,1550.0,2575.0,1204.0,962.0,1601.0,1051.0,2305.0,1476.0,00000000000000001379,157.569793373099,C1508F02
1163.0,2668.0,2457.0,1052.0,916.0,1825.0,1950.0,1057.0,682.0,2877.0,2674.0,1024.0,1414.0,2338.0,673.0,2577.0,2225.0,1583.0,1901.0,1152.0,2803.0,720.0,1235.0,1401.0,2308.0,953.0,1585.0,958.0,2772.0,2099.0,593.0,2721.0,1492.0,985.0,1036.0,1456.0,2561.0,1484.0,943.0,2332.0,2845.0,1037.0,2682.0,2162.0,2500.0,966.0,823.0,677.0,2586.0,1743.0,2822.0,1043.0,945.0,1598.0,2630.0,1226.0,1015.0,1600.0,1100.0,2357.0,1507.0,0000000000000000137a,81.869338145666,C1508F03
1014.0,2617.0,2176.0,858.0,885.0,1912.0,1872.0,878.0,638.0,2640.0,2605.0,921.0,1356.0,2144.0,713.0,2335.0,2035.0,1398.0,2016.0,942.0,2874.0,672.0,1050.0,1330.0,2022.0,877.0,1474.0,795.0,2600.0,2038.0,676.0,2528.0,1238.0,776.0,910.0,1350.0,2396.0,1317.0,688.0,1916.0,2714.0,979.0,2604.0,2034.0,2501.0,1063.0,708.0,699.0,2381.0,1580.0,2442.0,822.0,837.0,1484.0,2253.0,1169.0,867.0,1482.0,877.0,2087.0,1334.0,0000000000000000137c,149.622423748859,C1508F05
1021.0,2558.0,2227.0,903.0,855.0,1816.0,1871.0,874.0,604.0,2682.0,2647.0,938.0,1388.0,2192.0,672.0,2378.0,1975.0,1411.0,1964.0,956.0,2871.0,654.0,1077.0,1292.0,2040.0,851.0,1518.0,825.0,2638.0,2035.0,640.0,2513.0,1258.0,806.0,905.0,1313.0,2415.0,1332.0,715.0,2008.0,2775.0,960.0,2545.0,2052.0,2524.0,1011.0,718.0,668.0,2473.0,1592.0,2539.0,795.0,849.0,1503.0,2282.0,1145.0,870.0,1486.0,917.0,2168.0,1401.0,0000000000000000137d,30.4370579731859,C1508F06
1087.0,2681.0,2228.0,886.0,918.0,1845.0,1817.0,927.0,676.0,2674.0,2545.0,952.0,1280.0,2240.0,738.0,2330.0,2256.0,1511.0,2007.0,990.0,2801.0,702.0,1090.0,1463.0,2132.0,932.0,1379.0,838.0,2614.0,2035.0,695.0,2571.0,1360.0,785.0,959.0,1335.0,2396.0,1299.0,721.0,1970.0,2621.0,1034.0,2596.0,1985.0,2434.0,1100.0,724.0,734.0,2337.0,1693.0,2474.0,902.0,862.0,1464.0,2373.0,1242.0,912.0,1578.0,900.0,2062.0,1278.0,0000000000000000137e,71.3101630554226,C1508F07
1259.0,2673.0,2544.0,1231.0,931.0,1812.0,1967.0,1157.0,802.0,2993.0,2741.0,1181.0,1460.0,2498.0,765.0,2648.0,2375.0,1856.0,1898.0,1406.0,2777.0,786.0,1308.0,1590.0,2455.0,1076.0,1602.0,1005.0,2779.0,2125.0,674.0,2789.0,1679.0,1096.0,1174.0,1537.0,2609.0,1567.0,1084.0,2494.0,2892.0,1153.0,2789.0,2211.0,2524.0,984.0,947.0,768.0,2612.0,1912.0,2886.0,1244.0,1069.0,1612.0,2709.0,1355.0,1162.0,1741.0,1216.0,2397.0,1588.0,0000000000000000137f,142.162661330968,C1508F08
1268.0,2761.0,2583.0,1230.0,1022.0,1924.0,2079.0,1205.0,797.0,3031.0,2815.0,1152.0,1557.0,2516.0,770.0,2695.0,2351.0,1784.0,2003.0,1350.0,2891.0,831.0,1396.0,1534.0,2479.0,1052.0,1733.0,1080.0,2868.0,2288.0,691.0,2833.0,1657.0,1114.0,1172.0,1624.0,2706.0,1657.0,1094.0,2532.0,2963.0,1158.0,2803.0,2329.0,2622.0,1057.0,959.0,767.0,2747.0,1890.0,2961.0,1204.0,1073.0,1749.0,2803.0,1342.0,1152.0,1697.0,1282.0,2547.0,1702.0,00000000000000001380,172.528648953257,C1508F09
1214.0,2684.0,2483.0,1181.0,974.0,1907.0,2073.0,1110.0,732.0,2975.0,2794.0,1101.0,1606.0,2493.0,705.0,2632.0,2240.0,1698.0,2019.0,1252.0,2887.0,772.0,1352.0,1427.0,2396.0,997.0,1642.0,1054.0,2866.0,2334.0,659.0,2748.0,1562.0,1011.0,1084.0,1560.0,2643.0,1601.0,976.0,2458.0,3021.0,1079.0,2715.0,2436.0,2643.0,1032.0,887.0,700.0,2751.0,1807.0,2949.0,1070.0,1006.0,1742.0,2764.0,1290.0,1064.0,1649.0,1230.0,2534.0,1711.0,00000000000000001381,101.05565331371,C1508F10
1794.0,2813.0,2749.0,1751.0,1317.0,2123.0,2281.0,1606.0,1357.0,2999.0,2877.0,1642.0,1854.0,2763.0,1186.0,2821.0,2745.0,2322.0,2259.0,2068.0,2892.0,1322.0,1661.0,2130.0,2743.0,1663.0,1911.0,1410.0,2823.0,2346.0,1080.0,2969.0,2195.0,1577.0,1776.0,2027.0,2742.0,1950.0,1684.0,2860.0,2970.0,1669.0,2907.0,2476.0,2658.0,1333.0,1545.0,1178.0,2752.0,2361.0,2975.0,1910.0,1607.0,2002.0,2850.0,1927.0,1675.0,2222.0,1755.0,2628.0,1889.0,00000000000000001382,49.8400301527529,C1508P01
1775.0,2764.0,2739.0,1743.0,1314.0,2116.0,2254.0,1621.0,1367.0,2956.0,2872.0,1619.0,1829.0,2740.0,1190.0,2810.0,2775.0,2309.0,2271.0,2031.0,2884.0,1331.0,1667.0,2150.0,2748.0,1655.0,1869.0,1413.0,2792.0,2301.0,1075.0,2928.0,2214.0,1588.0,1759.0,1995.0,2697.0,1912.0,1708.0,2852.0,2933.0,1649.0,2899.0,2437.0,2604.0,1332.0,1550.0,1184.0,2706.0,2355.0,2948.0,1887.0,1616.0,2020.0,2833.0,1894.0,1641.0,2242.0,1738.0,2621.0,1849.0,00000000000000001383,30.530370918411,C1508P02
1252.0,2686.0,2551.0,1229.0,927.0,1822.0,1980.0,1158.0,800.0,3004.0,2752.0,1178.0,1464.0,2506.0,758.0,2658.0,2378.0,1853.0,1907.0,1406.0,2788.0,783.0,1307.0,1584.0,2460.0,1069.0,1603.0,1001.0,2788.0,2139.0,670.0,2802.0,1669.0,1087.0,1168.0,1545.0,2622.0,1574.0,1077.0,2497.0,2898.0,1150.0,2802.0,2224.0,2539.0,983.0,946.0,765.0,2623.0,1909.0,2895.0,1240.0,1060.0,1612.0,2719.0,1352.0,1159.0,1733.0,1206.0,2410.0,1593.0,00000000000000001384,72.7515102505656,C1508P03
1107.0,2630.0,2386.0,1093.0,888.0,1817.0,1936.0,1032.0,693.0,2954.0,2744.0,1048.0,1426.0,2359.0,692.0,2562.0,2241.0,1647.0,1916.0,1148.0,2856.0,684.0,1216.0,1395.0,2327.0,982.0,1606.0,878.0,2803.0,2174.0,595.0,2679.0,1422.0,931.0,1042.0,1408.0,2513.0,1441.0,899.0,2320.0,2927.0,1038.0,2680.0,2240.0,2530.0,975.0,812.0,684.0,2598.0,1699.0,2782.0,1020.0,943.0,1560.0,2664.0,1235.0,1006.0,1615.0,1107.0,2392.0,1534.0,00000000000000001385,83.4908823003669,C1508P04
1003.0,2627.0,2152.0,833.0,868.0,1865.0,1809.0,862.0,625.0,2605.0,2548.0,899.0,1271.0,2114.0,699.0,2297.0,2070.0,1389.0,1982.0,924.0,2828.0,654.0,1031.0,1342.0,2010.0,861.0,1427.0,786.0,2581.0,1995.0,659.0,2502.0,1230.0,747.0,900.0,1307.0,2348.0,1271.0,664.0,1868.0,2648.0,975.0,2568.0,1982.0,2425.0,1050.0,682.0,691.0,2320.0,1576.0,2399.0,826.0,813.0,1426.0,2238.0,1164.0,854.0,1464.0,851.0,2024.0,1262.0,00000000000000001386,37.7820719650682,C1508P05
1120.0,2641.0,2411.0,1104.0,892.0,1830.0,1956.0,1045.0,695.0,2975.0,2757.0,1058.0,1442.0,2370.0,693.0,2582.0,2248.0,1661.0,1922.0,1162.0,2865.0,690.0,1233.0,1400.0,2346.0,985.0,1618.0,894.0,2817.0,2194.0,599.0,2703.0,1439.0,949.0,1051.0,1428.0,2537.0,1464.0,917.0,2346.0,2942.0,1044.0,2699.0,2261.0,2540.0,981.0,819.0,686.0,2623.0,1714.0,2809.0,1035.0,949.0,1577.0,2691.0,1244.0,1018.0,1624.0,1125.0,2417.0,1556.0,00000000000000001387,92.438896435775,C1508P09
1763.0,2789.0,2767.0,1704.0,1314.0,2140.0,2277.0,1617.0,1325.0,2987.0,2907.0,1601.0,1854.0,2768.0,1169.0,2838.0,2803.0,2308.0,2295.0,2007.0,2913.0,1296.0,1662.0,2148.0,2767.0,1634.0,1877.0,1382.0,2828.0,2336.0,1057.0,2954.0,2209.0,1568.0,1736.0,2020.0,2738.0,1939.0,1678.0,2873.0,2963.0,1630.0,2937.0,2475.0,2647.0,1330.0,1513.0,1150.0,2735.0,2351.0,2997.0,1862.0,1597.0,2045.0,2871.0,1879.0,1625.0,2237.0,1722.0,2650.0,1885.0,00000000000000001388,50.9433110237191,C1508R01
1775.0,2826.0,2818.0,1726.0,1350.0,2195.0,2324.0,1658.0,1335.0,3040.0,2966.0,1610.0,1902.0,2813.0,1187.0,2884.0,2851.0,2339.0,2337.0,2015.0,2969.0,1307.0,1708.0,2170.0,2818.0,1636.0,1940.0,1407.0,2880.0,2402.0,1066.0,3000.0,2232.0,1597.0,1752.0,2073.0,2793.0,1988.0,1700.0,2925.0,3008.0,1643.0,2991.0,2534.0,2711.0,1375.0,1523.0,1157.0,2788.0,2388.0,3061.0,1879.0,1616.0,2093.0,2929.0,1888.0,1650.0,2271.0,1751.0,2696.0,1937.0,00000000000000001389,115.536469901923,C1508R02
1668.0,2768.0,2717.0,1610.0,1182.0,2063.0,2187.0,1463.0,1190.0,3002.0,2866.0,1532.0,1763.0,2751.0,1081.0,2812.0,2712.0,2249.0,2173.0,1867.0,2906.0,1172.0,1561.0,2022.0,2707.0,1506.0,1830.0,1317.0,2841.0,2322.0,953.0,2914.0,2092.0,1445.0,1629.0,1903.0,2717.0,1847.0,1509.0,2794.0,2947.0,1540.0,2893.0,2422.0,2658.0,1219.0,1373.0,1071.0,2721.0,2272.0,3003.0,1736.0,1468.0,1925.0,2842.0,1775.0,1555.0,2146.0,1610.0,2561.0,1846.0,0000000000000000138a,34.3002585487466,C1508R03
1750.0,2825.0,2809.0,1701.0,1329.0,2185.0,2314.0,1634.0,1309.0,3036.0,2960.0,1586.0,1890.0,2803.0,1164.0,2886.0,2838.0,2315.0,2324.0,1987.0,2969.0,1281.0,1690.0,2141.0,2808.0,1609.0,1928.0,1383.0,2882.0,2397.0,1044.0,2994.0,2208.0,1575.0,1723.0,2058.0,2790.0,1976.0,1671.0,2912.0,3007.0,1614.0,2984.0,2526.0,2709.0,1357.0,1496.0,1131.0,2783.0,2364.0,3061.0,1850.0,1594.0,2077.0,2926.0,1860.0,1623.0,2247.0,1728.0,2690.0,1928.0,0000000000000000138b,57.9906015570991,C1508R04
1697.0,2787.0,2697.0,1665.0,1232.0,2059.0,2220.0,1512.0,1256.0,2956.0,2827.0,1545.0,1784.0,2711.0,1098.0,2797.0,2700.0,2252.0,2205.0,1956.0,2865.0,1225.0,1583.0,2053.0,2698.0,1559.0,1830.0,1316.0,2792.0,2281.0,1001.0,2942.0,2124.0,1488.0,1694.0,1956.0,2695.0,1876.0,1591.0,2819.0,2943.0,1578.0,2873.0,2412.0,2609.0,1261.0,1450.0,1082.0,2711.0,2283.0,2943.0,1819.0,1525.0,1929.0,2814.0,1824.0,1587.0,2144.0,1671.0,2586.0,1825.0,0000000000000000138c,304.503760480057,C1508R05
1202.0,2688.0,2474.0,1152.0,992.0,1877.0,2006.0,1102.0,716.0,3020.0,2789.0,1079.0,1534.0,2501.0,735.0,2595.0,2227.0,1645.0,1973.0,1218.0,2880.0,787.0,1334.0,1413.0,2376.0,974.0,1661.0,1053.0,2827.0,2257.0,672.0,2738.0,1537.0,1023.0,1063.0,1526.0,2638.0,1567.0,977.0,2422.0,2912.0,1070.0,2718.0,2301.0,2576.0,1056.0,872.0,742.0,2721.0,1796.0,2877.0,1053.0,998.0,1699.0,2747.0,1266.0,1053.0,1604.0,1222.0,2496.0,1666.0,0000000000000000138d,309.022800956866,C1508W01
1841.0,2787.0,2802.0,1777.0,1359.0,2166.0,2283.0,1654.0,1409.0,3030.0,2908.0,1694.0,1877.0,2808.0,1257.0,2842.0,2770.0,2365.0,2228.0,2088.0,2909.0,1379.0,1688.0,2160.0,2761.0,1709.0,1958.0,1481.0,2846.0,2414.0,1120.0,2919.0,2231.0,1617.0,1779.0,2030.0,2782.0,1979.0,1701.0,2836.0,2959.0,1717.0,2920.0,2521.0,2709.0,1373.0,1577.0,1255.0,2728.0,2409.0,3015.0,1921.0,1632.0,2047.0,2867.0,1950.0,1736.0,2274.0,1768.0,2613.0,1934.0,0000000000000000138e,3.29935522408256,C1508W03
1910.0,2826.0,2845.0,1864.0,1464.0,2239.0,2372.0,1781.0,1502.0,3046.0,2983.0,1747.0,1970.0,2845.0,1320.0,2866.0,2875.0,2440.0,2382.0,2188.0,2950.0,1453.0,1793.0,2296.0,2844.0,1802.0,1991.0,1540.0,2858.0,2423.0,1212.0,2997.0,2339.0,1729.0,1887.0,2137.0,2805.0,2063.0,1859.0,2943.0,3006.0,1787.0,2985.0,2573.0,2709.0,1461.0,1685.0,1306.0,2794.0,2498.0,3018.0,2035.0,1738.0,2171.0,2922.0,2029.0,1774.0,2380.0,1871.0,2734.0,1981.0,0000000000000000138f,49.4817053580817,C1508W04
1775.0,2797.0,2779.0,1715.0,1324.0,2153.0,2289.0,1630.0,1333.0,2997.0,2924.0,1610.0,1865.0,2779.0,1172.0,2848.0,2817.0,2322.0,2308.0,2017.0,2925.0,1305.0,1674.0,2163.0,2779.0,1644.0,1891.0,1392.0,2839.0,2349.0,1063.0,2962.0,2223.0,1574.0,1744.0,2031.0,2753.0,1950.0,1682.0,2884.0,2972.0,1639.0,2949.0,2489.0,2662.0,1341.0,1523.0,1158.0,2747.0,2366.0,3010.0,1871.0,1601.0,2059.0,2882.0,1890.0,1633.0,2252.0,1727.0,2664.0,1897.0,00000000000000001390,36.8254625834765,C1508W05
1841.0,2803.0,2809.0,1779.0,1358.0,2172.0,2295.0,1654.0,1402.0,3041.0,2920.0,1692.0,1885.0,2813.0,1247.0,2852.0,2779.0,2374.0,2244.0,2090.0,2920.0,1371.0,1697.0,2166.0,2770.0,1707.0,1967.0,1474.0,2858.0,2418.0,1118.0,2939.0,2239.0,1614.0,1790.0,2039.0,2792.0,1985.0,1700.0,2852.0,2973.0,1721.0,2930.0,2529.0,2716.0,1375.0,1574.0,1246.0,2747.0,2415.0,3026.0,1930.0,1633.0,2051.0,2874.0,1955.0,1739.0,2278.0,1772.0,2626.0,1939.0,00000000000000001391,339.797829452078,C1508W06
1900.0,2824.0,2842.0,1853.0,1455.0,2234.0,2367.0,1772.0,1490.0,3043.0,2980.0,1737.0,1963.0,2842.0,1311.0,2865.0,2872.0,2431.0,2377.0,2177.0,2948.0,1442.0,1785.0,2285.0,2841.0,1790.0,1984.0,1530.0,2857.0,2419.0,1202.0,2994.0,2329.0,1720.0,1876.0,2131.0,2803.0,2056.0,1848.0,2940.0,3005.0,1776.0,2983.0,2569.0,2707.0,1454.0,1673.0,1297.0,2793.0,2488.0,3017.0,2023.0,1728.0,2163.0,2919.0,2019.0,1764.0,2369.0,1863.0,2732.0,1976.0,00000000000000001392,15.4007441067935,C1508W07
993.0,2626.0,2135.0,834.0,866.0,1938.0,1863.0,857.0,633.0,2635.0,2610.0,908.0,1345.0,2096.0,700.0,2332.0,1992.0,1374.0,2005.0,918.0,2903.0,652.0,1029.0,1309.0,1993.0,852.0,1473.0,786.0,2607.0,2024.0,667.0,2504.0,1206.0,757.0,888.0,1345.0,2392.0,1299.0,663.0,1890.0,2732.0,961.0,2618.0,2015.0,2496.0,1058.0,691.0,691.0,2384.0,1551.0,2420.0,796.0,813.0,1464.0,2214.0,1154.0,841.0,1449.0,851.0,2079.0,1317.0,00000000000000001394,82.6813385313874,C1508W09
1037.0,2646.0,2195.0,866.0,894.0,1926.0,1868.0,914.0,668.0,2647.0,2601.0,934.0,1350.0,2151.0,737.0,2347.0,2101.0,1423.0,2022.0,983.0,2854.0,689.0,1061.0,1370.0,2058.0,908.0,1487.0,812.0,2604.0,2042.0,686.0,2546.0,1262.0,798.0,929.0,1383.0,2398.0,1338.0,727.0,1935.0,2690.0,1006.0,2615.0,2037.0,2477.0,1061.0,725.0,717.0,2376.0,1593.0,2454.0,865.0,854.0,1492.0,2281.0,1187.0,884.0,1493.0,895.0,2096.0,1329.0,00000000000000001395,40.4371212318591,C1508W11
1014.0,2644.0,2162.0,846.0,876.0,1899.0,1838.0,866.0,636.0,2628.0,2575.0,910.0,1316.0,2119.0,709.0,2322.0,2064.0,1392.0,2007.0,938.0,2862.0,664.0,1040.0,1342.0,2020.0,872.0,1470.0,798.0,2596.0,2017.0,671.0,2525.0,1224.0,756.0,908.0,1344.0,2365.0,1305.0,671.0,1887.0,2682.0,992.0,2595.0,2007.0,2450.0,1060.0,693.0,702.0,2346.0,1568.0,2426.0,829.0,822.0,1464.0,2249.0,1175.0,862.0,1466.0,859.0,2044.0,1298.0,00000000000000001396,72.8577697871059,C1508W12
1013.0,2642.0,2161.0,846.0,876.0,1897.0,1836.0,866.0,635.0,2625.0,2573.0,909.0,1308.0,2119.0,706.0,2320.0,2065.0,1391.0,2006.0,937.0,2860.0,664.0,1039.0,1344.0,2019.0,871.0,1470.0,798.0,2594.0,2016.0,670.0,2521.0,1224.0,753.0,908.0,1336.0,2364.0,1298.0,669.0,1886.0,2680.0,992.0,2591.0,2006.0,2449.0,1059.0,693.0,702.0,2346.0,1567.0,2421.0,830.0,819.0,1456.0,2247.0,1174.0,862.0,1465.0,857.0,2044.0,1290.0,00000000000000001397,149.868280225754,C1508W14
965.0,2604.0,2101.0,807.0,839.0,1914.0,1838.0,829.0,605.0,2605.0,2602.0,879.0,1324.0,2053.0,676.0,2315.0,1950.0,1345.0,1981.0,888.0,2897.0,624.0,1003.0,1279.0,1959.0,821.0,1458.0,759.0,2585.0,1993.0,648.0,2474.0,1176.0,733.0,862.0,1317.0,2377.0,1264.0,632.0,1855.0,2724.0,936.0,2595.0,1990.0,2488.0,1032.0,663.0,663.0,2376.0,1522.0,2389.0,769.0,790.0,1430.0,2176.0,1127.0,815.0,1419.0,827.0,2062.0,1289.0,00000000000000001398,69.4977199941373,C1508W15
919.0,2566.0,2045.0,764.0,795.0,1874.0,1779.0,775.0,561.0,2532.0,2573.0,841.0,1273.0,1970.0,631.0,2268.0,1875.0,1285.0,1932.0,851.0,2877.0,581.0,951.0,1228.0,1884.0,783.0,1379.0,727.0,2540.0,1923.0,611.0,2419.0,1115.0,689.0,818.0,1264.0,2333.0,1217.0,584.0,1791.0,2702.0,902.0,2541.0,1941.0,2450.0,981.0,620.0,620.0,2342.0,1465.0,2343.0,715.0,746.0,1377.0,2090.0,1083.0,771.0,1370.0,782.0,2007.0,1236.0,00000000000000001399,59.8553778597235,C1508X01
952.0,2602.0,2078.0,779.0,831.0,1932.0,1836.0,811.0,584.0,2597.0,2629.0,877.0,1334.0,2013.0,664.0,2313.0,1902.0,1316.0,1979.0,878.0,2930.0,606.0,988.0,1259.0,1927.0,811.0,1449.0,747.0,2592.0,1969.0,636.0,2466.0,1147.0,724.0,839.0,1309.0,2386.0,1256.0,611.0,1845.0,2760.0,923.0,2604.0,1996.0,2508.0,1024.0,649.0,649.0,2404.0,1496.0,2395.0,736.0,775.0,1417.0,2141.0,1107.0,793.0,1400.0,811.0,2064.0,1285.0,0000000000000000139a,94.5316500697564,C1508X03
961.0,2591.0,2085.0,788.0,840.0,1938.0,1842.0,821.0,595.0,2597.0,2626.0,889.0,1340.0,2016.0,670.0,2305.0,1901.0,1325.0,1979.0,888.0,2927.0,619.0,996.0,1268.0,1927.0,821.0,1452.0,754.0,2583.0,1979.0,648.0,2463.0,1160.0,733.0,847.0,1315.0,2382.0,1263.0,622.0,1852.0,2756.0,930.0,2601.0,1999.0,2511.0,1031.0,659.0,654.0,2411.0,1503.0,2398.0,745.0,785.0,1426.0,2136.0,1113.0,801.0,1405.0,820.0,2076.0,1297.0,0000000000000000139b,26.2344274863948,C1508X04
952.0,2602.0,2078.0,779.0,831.0,1932.0,1836.0,811.0,584.0,2597.0,2629.0,877.0,1334.0,2013.0,664.0,2313.0,1902.0,1316.0,1979.0,878.0,2930.0,606.0,988.0,1259.0,1927.0,811.0,1449.0,747.0,2592.0,1969.0,636.0,2466.0,1147.0,724.0,839.0,1309.0,2386.0,1256.0,611.0,1845.0,2760.0,923.0,2604.0,1996.0,2508.0,1024.0,649.0,649.0,2404.0,1496.0,2395.0,736.0,775.0,1417.0,2141.0,1107.0,793.0,1400.0,811.0,2064.0,1285.0,0000000000000000139c,55.6169722932795,C1508X05
962.0,2608.0,2099.0,803.0,838.0,1922.0,1840.0,826.0,601.0,2605.0,2615.0,878.0,1328.0,2043.0,672.0,2317.0,1941.0,1341.0,1986.0,888.0,2914.0,621.0,1001.0,1278.0,1951.0,820.0,1458.0,760.0,2589.0,1990.0,646.0,2479.0,1171.0,729.0,858.0,1319.0,2382.0,1265.0,624.0,1852.0,2739.0,935.0,2601.0,1996.0,2499.0,1030.0,660.0,660.0,2387.0,1520.0,2397.0,761.0,786.0,1431.0,2168.0,1126.0,811.0,1419.0,821.0,2065.0,1291.0,0000000000000000139d,54.6726078651159,C1509C01
1058.0,2694.0,2255.0,900.0,931.0,1877.0,1850.0,990.0,712.0,2681.0,2594.0,935.0,1328.0,2227.0,737.0,2413.0,2205.0,1461.0,1982.0,1063.0,2837.0,710.0,1067.0,1431.0,2140.0,957.0,1535.0,824.0,2647.0,2038.0,623.0,2586.0,1314.0,842.0,955.0,1399.0,2415.0,1365.0,813.0,2016.0,2705.0,1020.0,2628.0,2042.0,2458.0,1023.0,767.0,717.0,2364.0,1636.0,2500.0,955.0,877.0,1495.0,2390.0,1206.0,910.0,1534.0,929.0,2145.0,1305.0,0000000000000000139e,118.968141184595,C1509C02
1070.0,2666.0,2259.0,913.0,938.0,1830.0,1807.0,991.0,721.0,2673.0,2565.0,938.0,1295.0,2250.0,738.0,2395.0,2231.0,1491.0,1936.0,1085.0,2791.0,721.0,1061.0,1459.0,2153.0,962.0,1498.0,828.0,2619.0,2001.0,669.0,2571.0,1343.0,846.0,953.0,1372.0,2393.0,1345.0,828.0,2027.0,2666.0,1025.0,2599.0,2001.0,2426.0,1075.0,782.0,716.0,2333.0,1667.0,2484.0,967.0,883.0,1467.0,2392.0,1221.0,916.0,1561.0,939.0,2129.0,1277.0,0000000000000000139f,34.8518968138991,C1509C03
972.0,2610.0,2107.0,814.0,847.0,1927.0,1847.0,837.0,612.0,2611.0,2613.0,888.0,1335.0,2057.0,681.0,2321.0,1953.0,1351.0,1991.0,897.0,2907.0,632.0,1010.0,1287.0,1963.0,830.0,1467.0,768.0,2591.0,2001.0,655.0,2482.0,1183.0,738.0,867.0,1328.0,2386.0,1276.0,637.0,1863.0,2734.0,942.0,2605.0,2001.0,2499.0,1039.0,670.0,670.0,2388.0,1528.0,2400.0,773.0,795.0,1440.0,2182.0,1134.0,820.0,1427.0,831.0,2071.0,1300.0,000000000000000013a0,131.423613082114,C1509C04
1036.0,2638.0,2175.0,853.0,886.0,1828.0,1788.0,892.0,646.0,2621.0,2517.0,915.0,1256.0,2170.0,705.0,2294.0,2165.0,1424.0,1971.0,950.0,2785.0,675.0,1052.0,1384.0,2064.0,886.0,1342.0,806.0,2580.0,1996.0,657.0,2519.0,1277.0,754.0,913.0,1301.0,2350.0,1265.0,686.0,1908.0,2604.0,987.0,2555.0,1955.0,2402.0,1064.0,696.0,703.0,2299.0,1613.0,2422.0,852.0,827.0,1426.0,2300.0,1192.0,867.0,1500.0,864.0,2018.0,1250.0,000000000000000013a1,33.4713523133202,C1509C05
1047.0,2650.0,2197.0,865.0,899.0,1836.0,1798.0,913.0,661.0,2637.0,2534.0,923.0,1271.0,2191.0,718.0,2319.0,2183.0,1443.0,1972.0,979.0,2795.0,685.0,1059.0,1403.0,2085.0,904.0,1377.0,812.0,2594.0,2004.0,668.0,2535.0,1295.0,778.0,928.0,1322.0,2364.0,1287.0,718.0,1935.0,2623.0,1002.0,2570.0,1971.0,2413.0,1072.0,714.0,708.0,2312.0,1630.0,2439.0,879.0,844.0,1441.0,2322.0,1202.0,884.0,1517.0,886.0,2044.0,1262.0,000000000000000013a2,49.8478071063094,C1509C09
1012.0,2614.0,2149.0,840.0,876.0,1858.0,1802.0,870.0,634.0,2595.0,2539.0,909.0,1271.0,2112.0,703.0,2287.0,2069.0,1389.0,1973.0,933.0,2811.0,662.0,1037.0,1343.0,2009.0,871.0,1449.0,793.0,2568.0,1986.0,667.0,2493.0,1233.0,750.0,905.0,1307.0,2342.0,1271.0,670.0,1869.0,2633.0,979.0,2558.0,1973.0,2417.0,1056.0,690.0,700.0,2314.0,1574.0,2391.0,832.0,815.0,1424.0,2234.0,1170.0,860.0,1463.0,852.0,2022.0,1262.0,000000000000000013a3,63.5461174853383,C1509F01
1109.0,2630.0,2397.0,1104.0,889.0,1822.0,1946.0,1039.0,694.0,2975.0,2754.0,1056.0,1435.0,2366.0,696.0,2573.0,2245.0,1661.0,1916.0,1157.0,2863.0,684.0,1226.0,1395.0,2342.0,985.0,1613.0,882.0,2812.0,2192.0,597.0,2692.0,1426.0,944.0,1046.0,1416.0,2522.0,1452.0,914.0,2338.0,2941.0,1038.0,2693.0,2259.0,2532.0,979.0,815.0,685.0,2614.0,1702.0,2796.0,1028.0,949.0,1565.0,2686.0,1240.0,1011.0,1619.0,1126.0,2411.0,1550.0,000000000000000013a4,79.1155636663559,C1509F02
1018.0,2586.0,2176.0,860.0,882.0,1902.0,1877.0,877.0,632.0,2652.0,2645.0,938.0,1388.0,2148.0,715.0,2341.0,1998.0,1397.0,2018.0,940.0,2894.0,661.0,1061.0,1321.0,2017.0,872.0,1530.0,801.0,2604.0,2032.0,682.0,2508.0,1236.0,784.0,907.0,1341.0,2404.0,1317.0,685.0,1933.0,2748.0,975.0,2595.0,2047.0,2530.0,1066.0,706.0,696.0,2424.0,1579.0,2457.0,802.0,847.0,1493.0,2227.0,1168.0,866.0,1479.0,884.0,2112.0,1361.0,000000000000000013a5,61.5410929339063,C1509F03
936.0,2557.0,2036.0,765.0,808.0,1905.0,1810.0,789.0,572.0,2568.0,2600.0,866.0,1313.0,1973.0,646.0,2284.0,1854.0,1292.0,1939.0,859.0,2899.0,598.0,963.0,1236.0,1888.0,793.0,1416.0,729.0,2561.0,1940.0,623.0,2424.0,1130.0,710.0,819.0,1279.0,2355.0,1224.0,595.0,1817.0,2737.0,902.0,2571.0,1958.0,2483.0,1001.0,639.0,639.0,2385.0,1464.0,2363.0,712.0,758.0,1388.0,2100.0,1082.0,773.0,1370.0,796.0,2055.0,1265.0,000000000000000013a6,167.432549031387,C1509F04
957.0,2593.0,2089.0,803.0,830.0,1902.0,1825.0,820.0,600.0,2593.0,2591.0,871.0,1314.0,2042.0,668.0,2304.0,1940.0,1336.0,1968.0,881.0,2886.0,619.0,994.0,1271.0,1947.0,814.0,1448.0,754.0,2574.0,1981.0,641.0,2462.0,1168.0,725.0,854.0,1307.0,2365.0,1254.0,624.0,1843.0,2711.0,928.0,2584.0,1978.0,2476.0,1023.0,658.0,658.0,2365.0,1514.0,2377.0,761.0,781.0,1422.0,2165.0,1120.0,808.0,1411.0,819.0,2051.0,1279.0,000000000000000013a7,32.4534283054869,C1509F05
1053.0,2635.0,2228.0,895.0,904.0,1856.0,1836.0,929.0,669.0,2670.0,2585.0,943.0,1311.0,2205.0,723.0,2351.0,2152.0,1448.0,1978.0,998.0,2810.0,686.0,1082.0,1384.0,2102.0,922.0,1499.0,820.0,2621.0,2012.0,654.0,2545.0,1303.0,806.0,950.0,1340.0,2385.0,1317.0,743.0,1991.0,2687.0,1009.0,2589.0,2022.0,2458.0,1041.0,735.0,707.0,2368.0,1621.0,2498.0,888.0,872.0,1472.0,2334.0,1193.0,903.0,1518.0,914.0,2102.0,1315.0,000000000000000013a8,45.3506554059183,C1509F06
962.0,2593.0,2093.0,805.0,832.0,1902.0,1826.0,822.0,604.0,2593.0,2582.0,876.0,1309.0,2048.0,672.0,2299.0,1950.0,1341.0,1968.0,886.0,2879.0,623.0,995.0,1275.0,1952.0,819.0,1444.0,757.0,2574.0,1986.0,643.0,2462.0,1173.0,729.0,857.0,1307.0,2361.0,1260.0,633.0,1848.0,2702.0,930.0,2582.0,1978.0,2467.0,1024.0,662.0,662.0,2359.0,1518.0,2378.0,765.0,785.0,1426.0,2171.0,1125.0,811.0,1415.0,823.0,2047.0,1279.0,000000000000000013a9,41.5709591357931,C1509F07
1027.0,2511.0,2247.0,894.0,843.0,1724.0,1838.0,850.0,591.0,2673.0,2645.0,936.0,1390.0,2269.0,685.0,2360.0,2004.0,1415.0,1977.0,944.0,2852.0,645.0,1069.0,1309.0,2040.0,870.0,1527.0,804.0,2621.0,2004.0,647.0,2494.0,1267.0,785.0,913.0,1247.0,2369.0,1301.0,699.0,1999.0,2771.0,969.0,2488.0,2056.0,2525.0,1012.0,709.0,674.0,2439.0,1614.0,2522.0,772.0,866.0,1506.0,2258.0,1152.0,884.0,1538.0,904.0,2131.0,1387.0,000000000000000013aa,30.3368845684285,C1509F08
1148.0,2719.0,2437.0,1079.0,929.0,1823.0,1934.0,1083.0,733.0,2912.0,2701.0,1061.0,1394.0,2425.0,712.0,2600.0,2289.0,1681.0,1902.0,1289.0,2817.0,713.0,1206.0,1473.0,2336.0,988.0,1560.0,895.0,2763.0,2116.0,618.0,2739.0,1491.0,968.0,1046.0,1487.0,2584.0,1500.0,959.0,2319.0,2854.0,1056.0,2746.0,2165.0,2538.0,985.0,846.0,704.0,2547.0,1777.0,2768.0,1113.0,953.0,1550.0,2636.0,1270.0,1033.0,1608.0,1088.0,2342.0,1486.0,000000000000000013ab,76.5221723544941,C1509F10
954.0,2579.0,2073.0,800.0,815.0,1841.0,1772.0,806.0,590.0,2538.0,2523.0,853.0,1260.0,2026.0,658.0,2260.0,1967.0,1320.0,1941.0,879.0,2807.0,619.0,977.0,1268.0,1932.0,813.0,1358.0,752.0,2533.0,1949.0,623.0,2436.0,1157.0,704.0,853.0,1285.0,2306.0,1239.0,620.0,1800.0,2628.0,935.0,2513.0,1941.0,2396.0,1006.0,647.0,657.0,2290.0,1499.0,2343.0,770.0,769.0,1404.0,2154.0,1114.0,807.0,1397.0,807.0,1985.0,1239.0,000000000000000013ac,68.473528530559,C1509F11
1089.0,2670.0,2305.0,942.0,939.0,1834.0,1843.0,1018.0,718.0,2725.0,2605.0,961.0,1330.0,2274.0,723.0,2449.0,2240.0,1516.0,1931.0,1119.0,2796.0,716.0,1098.0,1449.0,2199.0,972.0,1523.0,843.0,2658.0,2027.0,635.0,2610.0,1378.0,876.0,979.0,1401.0,2442.0,1388.0,862.0,2112.0,2723.0,1029.0,2626.0,2042.0,2450.0,1024.0,791.0,702.0,2395.0,1677.0,2568.0,1001.0,899.0,1500.0,2456.0,1220.0,942.0,1568.0,973.0,2194.0,1337.0,000000000000000013ad,76.4401972141913,C1509F12
992.0,2578.0,2114.0,826.0,872.0,1928.0,1852.0,863.0,632.0,2599.0,2600.0,916.0,1353.0,2070.0,705.0,2297.0,1967.0,1364.0,1991.0,918.0,2863.0,650.0,1030.0,1301.0,1976.0,854.0,1485.0,780.0,2559.0,2003.0,679.0,2471.0,1201.0,760.0,884.0,1346.0,2379.0,1295.0,662.0,1876.0,2693.0,955.0,2591.0,2001.0,2488.0,1057.0,687.0,687.0,2379.0,1535.0,2390.0,794.0,814.0,1454.0,2181.0,1149.0,839.0,1431.0,851.0,2072.0,1320.0,000000000000000013ae,51.1381323790683,C1509F13
897.0,2537.0,1996.0,739.0,774.0,1871.0,1775.0,755.0,541.0,2530.0,2581.0,830.0,1285.0,1935.0,619.0,2258.0,1812.0,1259.0,1905.0,826.0,2877.0,566.0,929.0,1197.0,1850.0,758.0,1380.0,705.0,2536.0,1899.0,598.0,2390.0,1092.0,681.0,795.0,1248.0,2328.0,1186.0,565.0,1778.0,2714.0,879.0,2539.0,1924.0,2461.0,968.0,611.0,610.0,2356.0,1434.0,2323.0,687.0,729.0,1355.0,2067.0,1052.0,748.0,1340.0,767.0,2014.0,1228.0,000000000000000013af,54.9612880306884,C1509F14
995.0,2612.0,2128.0,830.0,872.0,1941.0,1864.0,863.0,632.0,2623.0,2613.0,913.0,1353.0,2084.0,704.0,2323.0,1980.0,1372.0,2005.0,920.0,2897.0,650.0,1033.0,1308.0,1988.0,855.0,1488.0,783.0,2593.0,2022.0,678.0,2494.0,1207.0,760.0,886.0,1351.0,2394.0,1303.0,665.0,1887.0,2724.0,959.0,2615.0,2015.0,2500.0,1061.0,688.0,688.0,2394.0,1546.0,2411.0,796.0,816.0,1461.0,2204.0,1154.0,841.0,1444.0,853.0,2083.0,1324.0,000000000000000013b0,59.3246757013532,C1509F15
850.0,2485.0,1911.0,690.0,724.0,1821.0,1715.0,694.0,490.0,2474.0,2533.0,792.0,1243.0,1845.0,569.0,2195.0,1730.0,1196.0,1841.0,781.0,2836.0,520.0,882.0,1148.0,1778.0,713.0,1250.0,660.0,2476.0,1812.0,560.0,2313.0,1033.0,638.0,759.0,1186.0,2272.0,1110.0,501.0,1712.0,2680.0,835.0,2474.0,1860.0,2407.0,923.0,570.0,560.0,2320.0,1368.0,2275.0,636.0,677.0,1281.0,1992.0,1006.0,703.0,1273.0,717.0,1962.0,1167.0,000000000000000013b1,63.6847429028064,C1509F16
1023.0,2636.0,2167.0,854.0,899.0,1922.0,1858.0,890.0,652.0,2626.0,2592.0,923.0,1342.0,2121.0,728.0,2322.0,2068.0,1404.0,2024.0,950.0,2855.0,679.0,1055.0,1349.0,2029.0,887.0,1473.0,808.0,2590.0,2033.0,695.0,2525.0,1241.0,773.0,917.0,1369.0,2382.0,1325.0,692.0,1900.0,2679.0,997.0,2599.0,2024.0,2471.0,1079.0,707.0,716.0,2363.0,1575.0,2433.0,837.0,837.0,1485.0,2250.0,1178.0,873.0,1476.0,873.0,2068.0,1325.0,000000000000000013b2,94.73716502998,C1509F17
1033.0,2647.0,2200.0,866.0,898.0,1842.0,1803.0,933.0,667.0,2633.0,2547.0,911.0,1277.0,2176.0,712.0,2343.0,2148.0,1429.0,1957.0,1001.0,2807.0,684.0,1047.0,1389.0,2077.0,910.0,1475.0,802.0,2600.0,1998.0,615.0,2537.0,1273.0,793.0,922.0,1336.0,2365.0,1305.0,747.0,1943.0,2652.0,995.0,2583.0,1990.0,2416.0,1013.0,729.0,696.0,2318.0,1608.0,2441.0,894.0,841.0,1442.0,2320.0,1187.0,882.0,1503.0,890.0,2069.0,1268.0,000000000000000013b3,50.1959837125702,C1509F18
891.0,2546.0,1997.0,734.0,764.0,1855.0,1759.0,745.0,535.0,2518.0,2571.0,820.0,1266.0,1936.0,613.0,2253.0,1818.0,1256.0,1905.0,822.0,2870.0,555.0,921.0,1191.0,1850.0,754.0,1336.0,705.0,2534.0,1887.0,588.0,2389.0,1083.0,675.0,788.0,1238.0,2322.0,1178.0,560.0,1763.0,2706.0,873.0,2528.0,1922.0,2447.0,959.0,603.0,603.0,2339.0,1438.0,2314.0,685.0,726.0,1347.0,2066.0,1057.0,741.0,1342.0,763.0,1988.0,1212.0,000000000000000013b4,127.564883119556,C1509F19
1021.0,2629.0,2161.0,850.0,884.0,1880.0,1824.0,875.0,643.0,2608.0,2552.0,919.0,1287.0,2123.0,715.0,2303.0,2075.0,1398.0,1991.0,947.0,2830.0,672.0,1045.0,1352.0,2020.0,881.0,1463.0,803.0,2582.0,2001.0,678.0,2506.0,1240.0,761.0,917.0,1321.0,2354.0,1285.0,677.0,1882.0,2652.0,993.0,2570.0,1991.0,2431.0,1064.0,700.0,709.0,2328.0,1580.0,2404.0,843.0,826.0,1438.0,2244.0,1180.0,871.0,1471.0,864.0,2037.0,1276.0,000000000000000013b5,142.486914226422,C1509F26
1052.0,2617.0,2226.0,904.0,891.0,1847.0,1841.0,917.0,661.0,2681.0,2592.0,942.0,1316.0,2210.0,712.0,2346.0,2140.0,1448.0,1976.0,989.0,2800.0,678.0,1088.0,1371.0,2101.0,915.0,1497.0,820.0,2623.0,2009.0,648.0,2540.0,1307.0,801.0,949.0,1330.0,2383.0,1315.0,732.0,2004.0,2695.0,1003.0,2576.0,2030.0,2466.0,1031.0,731.0,700.0,2380.0,1618.0,2519.0,873.0,875.0,1478.0,2338.0,1184.0,900.0,1518.0,915.0,2107.0,1331.0,000000000000000013b6,53.8389062531881,C1509P01
971.0,2613.0,2108.0,809.0,850.0,1936.0,1849.0,836.0,610.0,2607.0,2623.0,891.0,1337.0,2046.0,680.0,2320.0,1946.0,1344.0,1998.0,899.0,2925.0,629.0,1011.0,1283.0,1956.0,832.0,1470.0,770.0,2594.0,1998.0,656.0,2484.0,1175.0,737.0,866.0,1329.0,2389.0,1278.0,633.0,1863.0,2747.0,946.0,2608.0,2007.0,2508.0,1040.0,668.0,668.0,2399.0,1522.0,2406.0,768.0,795.0,1441.0,2170.0,1135.0,820.0,1423.0,828.0,2074.0,1301.0,000000000000000013b7,71.9051460438635,C1509P02
984.0,2577.0,2102.0,823.0,859.0,1924.0,1846.0,849.0,622.0,2596.0,2606.0,909.0,1349.0,2056.0,693.0,2301.0,1941.0,1354.0,1984.0,909.0,2880.0,643.0,1020.0,1289.0,1960.0,843.0,1477.0,776.0,2564.0,1994.0,666.0,2463.0,1190.0,751.0,873.0,1334.0,2377.0,1283.0,648.0,1869.0,2708.0,946.0,2589.0,1997.0,2493.0,1047.0,682.0,680.0,2383.0,1523.0,2393.0,781.0,807.0,1447.0,2167.0,1141.0,829.0,1421.0,844.0,2071.0,1313.0,000000000000000013b9,185.961494241739,C1509P05
926.0,2578.0,2038.0,758.0,797.0,1899.0,1803.0,778.0,561.0,2563.0,2607.0,853.0,1304.0,1980.0,646.0,2289.0,1861.0,1287.0,1946.0,853.0,2898.0,581.0,954.0,1225.0,1894.0,785.0,1412.0,728.0,2569.0,1928.0,615.0,2430.0,1116.0,704.0,817.0,1276.0,2361.0,1215.0,588.0,1810.0,2738.0,902.0,2572.0,1966.0,2482.0,993.0,630.0,630.0,2376.0,1467.0,2356.0,714.0,753.0,1379.0,2109.0,1085.0,770.0,1372.0,792.0,2026.0,1248.0,000000000000000013ba,105.946350613431,C1509P10
1061.0,2694.0,2251.0,895.0,932.0,1879.0,1846.0,980.0,703.0,2683.0,2593.0,939.0,1322.0,2224.0,739.0,2402.0,2200.0,1464.0,1988.0,1050.0,2845.0,708.0,1073.0,1430.0,2133.0,951.0,1528.0,825.0,2647.0,2038.0,641.0,2586.0,1313.0,835.0,955.0,1387.0,2411.0,1354.0,798.0,2005.0,2704.0,1023.0,2631.0,2038.0,2457.0,1043.0,760.0,719.0,2362.0,1641.0,2495.0,943.0,875.0,1488.0,2379.0,1212.0,910.0,1538.0,926.0,2131.0,1304.0,000000000000000013bb,47.393517821049,C1509W01
1079.0,2629.0,2274.0,994.0,903.0,1923.0,1965.0,985.0,664.0,2784.0,2708.0,998.0,1441.0,2217.0,692.0,2511.0,2103.0,1526.0,1985.0,1121.0,2853.0,668.0,1158.0,1347.0,2162.0,909.0,1562.0,853.0,2696.0,2118.0,635.0,2630.0,1357.0,909.0,978.0,1475.0,2523.0,1465.0,859.0,2156.0,2824.0,998.0,2693.0,2159.0,2537.0,1009.0,777.0,672.0,2543.0,1627.0,2673.0,973.0,923.0,1573.0,2443.0,1203.0,949.0,1499.0,1021.0,2268.0,1502.0,000000000000000013bc,77.975450690144,C1509W02
1029.0,2639.0,2181.0,850.0,894.0,1874.0,1818.0,892.0,645.0,2626.0,2561.0,926.0,1286.0,2143.0,720.0,2310.0,2104.0,1411.0,1994.0,946.0,2837.0,673.0,1056.0,1364.0,2040.0,888.0,1467.0,803.0,2592.0,2011.0,683.0,2524.0,1253.0,767.0,923.0,1323.0,2364.0,1286.0,690.0,1899.0,2658.0,997.0,2589.0,1994.0,2439.0,1075.0,701.0,710.0,2336.0,1596.0,2422.0,849.0,832.0,1440.0,2263.0,1189.0,877.0,1485.0,870.0,2041.0,1277.0,000000000000000013bd,280.291649473164,C1509W04
1062.0,2586.0,2313.0,979.0,860.0,1798.0,1912.0,924.0,599.0,2752.0,2657.0,966.0,1413.0,2240.0,651.0,2446.0,2011.0,1475.0,1933.0,1016.0,2840.0,662.0,1139.0,1292.0,2121.0,846.0,1538.0,884.0,2693.0,2101.0,618.0,2572.0,1328.0,879.0,945.0,1374.0,2480.0,1407.0,802.0,2128.0,2797.0,975.0,2553.0,2107.0,2514.0,967.0,744.0,649.0,2541.0,1649.0,2662.0,865.0,876.0,1560.0,2423.0,1163.0,915.0,1498.0,1006.0,2266.0,1485.0,000000000000000013be,50.8570527990391,C1509W05
876.0,2526.0,1965.0,720.0,754.0,1853.0,1753.0,730.0,521.0,2511.0,2568.0,812.0,1266.0,1904.0,596.0,2239.0,1780.0,1236.0,1888.0,807.0,2869.0,545.0,908.0,1177.0,1825.0,739.0,1338.0,689.0,2521.0,1867.0,583.0,2366.0,1067.0,664.0,782.0,1220.0,2312.0,1155.0,538.0,1753.0,2708.0,863.0,2521.0,1908.0,2443.0,951.0,594.0,590.0,2344.0,1414.0,2307.0,670.0,709.0,1326.0,2044.0,1036.0,735.0,1318.0,748.0,1993.0,1201.0,000000000000000013bf,75.0196234662328,C1509X01
1112.0,2637.0,2403.0,1121.0,896.0,1829.0,1956.0,1048.0,703.0,2997.0,2772.0,1070.0,1445.0,2380.0,702.0,2588.0,2253.0,1683.0,1921.0,1175.0,2879.0,687.0,1235.0,1403.0,2358.0,994.0,1626.0,884.0,2827.0,2216.0,604.0,2702.0,1429.0,950.0,1056.0,1425.0,2533.0,1461.0,922.0,2353.0,2961.0,1047.0,2708.0,2279.0,2545.0,986.0,823.0,692.0,2630.0,1710.0,2806.0,1042.0,955.0,1568.0,2707.0,1251.0,1021.0,1628.0,1141.0,2431.0,1565.0,000000000000000013c0,63.429792503163,C1509X02
1016.0,2625.0,2174.0,856.0,887.0,1917.0,1871.0,880.0,640.0,2640.0,2604.0,920.0,1353.0,2138.0,716.0,2335.0,2042.0,1399.0,2021.0,943.0,2874.0,672.0,1050.0,1334.0,2022.0,878.0,1475.0,797.0,2601.0,2040.0,680.0,2530.0,1238.0,775.0,912.0,1355.0,2393.0,1320.0,688.0,1911.0,2710.0,985.0,2605.0,2034.0,2496.0,1067.0,706.0,701.0,2377.0,1580.0,2442.0,826.0,837.0,1486.0,2254.0,1171.0,869.0,1481.0,876.0,2083.0,1332.0,000000000000000013c1,87.9447926443174,C1509X03
958.0,2607.0,2093.0,794.0,838.0,1928.0,1838.0,821.0,596.0,2595.0,2620.0,878.0,1328.0,2028.0,671.0,2313.0,1927.0,1329.0,1988.0,887.0,2922.0,616.0,997.0,1270.0,1939.0,819.0,1455.0,759.0,2588.0,1982.0,645.0,2474.0,1159.0,729.0,853.0,1316.0,2383.0,1265.0,622.0,1848.0,2745.0,934.0,2599.0,1999.0,2503.0,1028.0,656.0,656.0,2394.0,1508.0,2396.0,753.0,785.0,1427.0,2154.0,1121.0,806.0,1411.0,819.0,2063.0,1288.0,000000000000000013c2,133.347189706711,C1509X04
982.0,2617.0,2118.0,824.0,859.0,1938.0,1858.0,849.0,623.0,2621.0,2616.0,900.0,1344.0,2070.0,692.0,2327.0,1965.0,1363.0,2001.0,907.0,2910.0,642.0,1021.0,1298.0,1976.0,841.0,1478.0,777.0,2598.0,2015.0,666.0,2492.0,1195.0,749.0,875.0,1340.0,2393.0,1290.0,651.0,1876.0,2736.0,949.0,2615.0,2011.0,2502.0,1050.0,681.0,681.0,2394.0,1537.0,2410.0,783.0,805.0,1451.0,2196.0,1143.0,830.0,1436.0,842.0,2079.0,1312.0,000000000000000013c3,199.869691653103,C1509X05
962.0,2608.0,2099.0,803.0,838.0,1922.0,1840.0,826.0,601.0,2605.0,2615.0,878.0,1328.0,2043.0,672.0,2317.0,1941.0,1341.0,1986.0,888.0,2914.0,621.0,1001.0,1278.0,1951.0,820.0,1458.0,760.0,2589.0,1990.0,646.0,2479.0,1171.0,729.0,858.0,1319.0,2382.0,1265.0,624.0,1852.0,2739.0,935.0,2601.0,1996.0,2499.0,1030.0,660.0,660.0,2387.0,1520.0,2397.0,761.0,786.0,1431.0,2168.0,1126.0,811.0,1419.0,821.0,2065.0,1291.0,000000000000000013c4,52.6545100788685,C1509X06
850.0,2495.0,1932.0,701.0,725.0,1807.0,1708.0,702.0,499.0,2468.0,2529.0,785.0,1229.0,1871.0,576.0,2203.0,1751.0,1205.0,1846.0,782.0,2826.0,522.0,884.0,1150.0,1791.0,713.0,1224.0,671.0,2485.0,1824.0,561.0,2326.0,1035.0,640.0,763.0,1190.0,2274.0,1121.0,514.0,1711.0,2669.0,846.0,2474.0,1865.0,2403.0,924.0,573.0,570.0,2302.0,1384.0,2262.0,651.0,686.0,1293.0,2004.0,1014.0,712.0,1288.0,725.0,1944.0,1165.0,000000000000000013c5,68.6148707096939,C1509X07
1095.0,2667.0,2274.0,923.0,949.0,1831.0,1812.0,991.0,727.0,2684.0,2556.0,961.0,1297.0,2267.0,752.0,2385.0,2253.0,1519.0,1951.0,1091.0,2794.0,728.0,1078.0,1483.0,2166.0,978.0,1511.0,847.0,2619.0,2014.0,715.0,2582.0,1371.0,855.0,974.0,1370.0,2391.0,1335.0,827.0,2040.0,2653.0,1049.0,2609.0,1996.0,2426.0,1115.0,789.0,735.0,2333.0,1698.0,2489.0,981.0,895.0,1471.0,2399.0,1245.0,936.0,1587.0,950.0,2117.0,1280.0,000000000000000013c6,76.2319827196527,C1510C01
1056.0,2681.0,2242.0,889.0,927.0,1876.0,1842.0,971.0,697.0,2669.0,2586.0,937.0,1318.0,2212.0,736.0,2388.0,2187.0,1454.0,1985.0,1040.0,2836.0,704.0,1068.0,1419.0,2121.0,945.0,1518.0,821.0,2634.0,2032.0,643.0,2572.0,1304.0,827.0,951.0,1380.0,2403.0,1346.0,787.0,1993.0,2692.0,1019.0,2619.0,2030.0,2453.0,1040.0,754.0,718.0,2357.0,1630.0,2482.0,933.0,870.0,1481.0,2361.0,1208.0,906.0,1527.0,918.0,2122.0,1299.0,000000000000000013c7,45.8744165237323,C1510C02
1069.0,2702.0,2277.0,919.0,949.0,1868.0,1840.0,1015.0,733.0,2702.0,2601.0,940.0,1328.0,2258.0,745.0,2431.0,2242.0,1489.0,1971.0,1096.0,2833.0,724.0,1072.0,1461.0,2174.0,976.0,1545.0,833.0,2655.0,2036.0,652.0,2602.0,1342.0,862.0,966.0,1401.0,2425.0,1373.0,846.0,2053.0,2711.0,1031.0,2636.0,2042.0,2453.0,1058.0,789.0,722.0,2360.0,1664.0,2518.0,984.0,893.0,1497.0,2426.0,1217.0,921.0,1563.0,949.0,2164.0,1302.0,000000000000000013c8,58.5004900447614,C1510C03
871.0,2525.0,1966.0,720.0,742.0,1829.0,1733.0,723.0,520.0,2492.0,2551.0,803.0,1243.0,1908.0,588.0,2231.0,1787.0,1231.0,1877.0,803.0,2849.0,540.0,900.0,1167.0,1822.0,734.0,1278.0,690.0,2512.0,1858.0,573.0,2360.0,1058.0,656.0,774.0,1208.0,2302.0,1151.0,539.0,1733.0,2684.0,859.0,2501.0,1897.0,2425.0,940.0,590.0,590.0,2319.0,1414.0,2284.0,670.0,705.0,1319.0,2038.0,1038.0,727.0,1318.0,744.0,1970.0,1186.0,000000000000000013c9,25.0401108234624,C1510C05
1085.0,2672.0,2278.0,925.0,946.0,1834.0,1814.0,1003.0,734.0,2686.0,2571.0,953.0,1305.0,2269.0,749.0,2404.0,2250.0,1510.0,1941.0,1102.0,2797.0,731.0,1070.0,1478.0,2172.0,978.0,1511.0,839.0,2625.0,2010.0,678.0,2584.0,1364.0,860.0,968.0,1383.0,2402.0,1354.0,844.0,2049.0,2670.0,1042.0,2612.0,2006.0,2433.0,1078.0,794.0,727.0,2340.0,1686.0,2495.0,986.0,895.0,1477.0,2408.0,1233.0,931.0,1580.0,951.0,2138.0,1287.0,000000000000000013ca,38.008690589221,C1510C06
1118.0,2692.0,2303.0,947.0,968.0,1845.0,1827.0,1021.0,753.0,2706.0,2577.0,983.0,1318.0,2301.0,770.0,2410.0,2294.0,1551.0,1963.0,1120.0,2807.0,752.0,1097.0,1518.0,2201.0,1005.0,1525.0,864.0,2641.0,2029.0,721.0,2605.0,1409.0,877.0,996.0,1396.0,2418.0,1364.0,857.0,2076.0,2670.0,1068.0,2629.0,2012.0,2447.0,1119.0,811.0,752.0,2354.0,1729.0,2513.0,1009.0,917.0,1497.0,2432.0,1264.0,957.0,1621.0,971.0,2144.0,1302.0,000000000000000013cb,42.9655430269752,C1510C09
1038.0,2649.0,2205.0,871.0,913.0,1929.0,1886.0,906.0,657.0,2655.0,2618.0,935.0,1367.0,2166.0,737.0,2349.0,2088.0,1424.0,2046.0,966.0,2877.0,689.0,1074.0,1363.0,2053.0,902.0,1498.0,811.0,2614.0,2060.0,698.0,2553.0,1265.0,793.0,932.0,1379.0,2409.0,1345.0,710.0,1932.0,2710.0,1007.0,2616.0,2056.0,2507.0,1089.0,719.0,717.0,2389.0,1603.0,2467.0,847.0,858.0,1509.0,2283.0,1191.0,890.0,1506.0,897.0,2101.0,1350.0,000000000000000013cc,41.6540756187459,C1510F02
1100.0,2654.0,2356.0,1004.0,897.0,1828.0,1904.0,1014.0,689.0,2830.0,2667.0,987.0,1380.0,2315.0,694.0,2500.0,2226.0,1549.0,1934.0,1103.0,2815.0,693.0,1160.0,1399.0,2250.0,959.0,1570.0,869.0,2734.0,2088.0,582.0,2646.0,1403.0,902.0,1000.0,1403.0,2482.0,1414.0,868.0,2216.0,2817.0,1020.0,2643.0,2139.0,2502.0,970.0,791.0,680.0,2505.0,1682.0,2704.0,982.0,922.0,1548.0,2550.0,1207.0,962.0,1578.0,1029.0,2284.0,1439.0,000000000000000013cd,50.9416434292792,C1510F03
1056.0,2681.0,2254.0,900.0,855.0,1940.0,1904.0,986.0,713.0,2701.0,2652.0,938.0,1383.0,2216.0,734.0,2439.0,2153.0,1465.0,2015.0,1072.0,2868.0,707.0,1064.0,1416.0,2125.0,953.0,1545.0,816.0,2652.0,2078.0,621.0,2599.0,1311.0,852.0,943.0,1436.0,2449.0,1392.0,823.0,2024.0,2746.0,1012.0,2655.0,2088.0,2513.0,994.0,778.0,706.0,2412.0,1627.0,2509.0,939.0,883.0,1525.0,2375.0,1193.0,899.0,1526.0,937.0,2186.0,1350.0,000000000000000013ce,40.8660887164479,C1510F04
958.0,2594.0,2081.0,786.0,834.0,1933.0,1837.0,815.0,592.0,2596.0,2626.0,885.0,1333.0,2013.0,668.0,2307.0,1901.0,1318.0,1977.0,885.0,2926.0,615.0,990.0,1262.0,1926.0,817.0,1448.0,753.0,2585.0,1973.0,645.0,2464.0,1152.0,730.0,847.0,1309.0,2382.0,1256.0,618.0,1848.0,2756.0,931.0,2601.0,1995.0,2508.0,1026.0,656.0,654.0,2406.0,1497.0,2396.0,743.0,782.0,1418.0,2137.0,1113.0,800.0,1400.0,817.0,2069.0,1288.0,000000000000000013cf,46.3120206975736,C1510F05
887.0,2535.0,1975.0,724.0,761.0,1869.0,1768.0,737.0,525.0,2526.0,2580.0,823.0,1279.0,1912.0,604.0,2251.0,1788.0,1245.0,1899.0,817.0,2884.0,551.0,914.0,1188.0,1835.0,748.0,1357.0,692.0,2533.0,1881.0,586.0,2377.0,1078.0,671.0,784.0,1232.0,2323.0,1166.0,545.0,1767.0,2723.0,864.0,2535.0,1918.0,2456.0,958.0,599.0,594.0,2358.0,1422.0,2322.0,670.0,716.0,1336.0,2054.0,1045.0,737.0,1326.0,755.0,2008.0,1214.0,000000000000000013d1,47.3687522994775,C1510P01
1191.0,2698.0,2508.0,1116.0,944.0,1847.0,2000.0,1103.0,710.0,2946.0,2719.0,1068.0,1456.0,2411.0,688.0,2632.0,2251.0,1656.0,1909.0,1224.0,2821.0,741.0,1293.0,1426.0,2368.0,975.0,1626.0,997.0,2814.0,2162.0,609.0,2774.0,1544.0,1027.0,1077.0,1509.0,2622.0,1547.0,992.0,2413.0,2893.0,1068.0,2733.0,2217.0,2551.0,975.0,860.0,693.0,2652.0,1792.0,2898.0,1100.0,978.0,1636.0,2708.0,1254.0,1063.0,1628.0,1160.0,2425.0,1582.0,000000000000000013d2,67.167046092518,C1510P03
1461.0,2712.0,2637.0,1443.0,1117.0,1956.0,2120.0,1366.0,1059.0,2950.0,2745.0,1338.0,1632.0,2621.0,953.0,2724.0,2519.0,2058.0,2012.0,1698.0,2814.0,1059.0,1430.0,1827.0,2551.0,1321.0,1705.0,1142.0,2749.0,2217.0,857.0,2810.0,1930.0,1290.0,1409.0,1782.0,2675.0,1758.0,1346.0,2624.0,2897.0,1361.0,2786.0,2312.0,2581.0,1164.0,1222.0,940.0,2622.0,2133.0,2859.0,1512.0,1301.0,1778.0,2748.0,1577.0,1386.0,1942.0,1458.0,2503.0,1705.0,000000000000000013d3,38.2691878691918,C1510P04
1241.0,2702.0,2530.0,1154.0,1017.0,1941.0,2113.0,1124.0,711.0,2996.0,2794.0,1094.0,1599.0,2499.0,734.0,2621.0,2208.0,1646.0,1983.0,1212.0,2893.0,786.0,1347.0,1410.0,2351.0,1000.0,1711.0,1070.0,2845.0,2280.0,709.0,2748.0,1554.0,1055.0,1073.0,1590.0,2679.0,1639.0,1002.0,2410.0,2961.0,1082.0,2679.0,2357.0,2660.0,1024.0,887.0,728.0,2747.0,1862.0,2885.0,1056.0,1017.0,1763.0,2741.0,1291.0,1085.0,1702.0,1246.0,2501.0,1726.0,000000000000000013d4,106.807375527538,C1510P05
1023.0,2619.0,2160.0,848.0,889.0,1881.0,1826.0,879.0,645.0,2607.0,2556.0,921.0,1302.0,2123.0,720.0,2301.0,2070.0,1398.0,1991.0,949.0,2827.0,673.0,1047.0,1353.0,2021.0,884.0,1464.0,802.0,2572.0,2000.0,681.0,2506.0,1241.0,766.0,916.0,1331.0,2355.0,1296.0,683.0,1889.0,2650.0,995.0,2570.0,1991.0,2436.0,1066.0,700.0,710.0,2334.0,1574.0,2404.0,844.0,830.0,1447.0,2241.0,1179.0,871.0,1471.0,867.0,2041.0,1287.0,000000000000000013d5,80.3673835540729,C1510P08
1807.0,2803.0,2761.0,1761.0,1328.0,2133.0,2279.0,1617.0,1376.0,2998.0,2877.0,1656.0,1858.0,2774.0,1208.0,2821.0,2751.0,2333.0,2250.0,2076.0,2890.0,1342.0,1662.0,2140.0,2747.0,1679.0,1915.0,1431.0,2823.0,2360.0,1093.0,2951.0,2203.0,1589.0,1778.0,2026.0,2746.0,1955.0,1693.0,2854.0,2963.0,1682.0,2904.0,2484.0,2665.0,1342.0,1558.0,1202.0,2741.0,2373.0,2976.0,1914.0,1613.0,2009.0,2848.0,1933.0,1690.0,2235.0,1759.0,2622.0,1897.0,000000000000000013d6,23.6089952378686,C1510R01
1803.0,2814.0,2773.0,1753.0,1320.0,2140.0,2290.0,1612.0,1361.0,3019.0,2897.0,1653.0,1861.0,2784.0,1193.0,2835.0,2761.0,2337.0,2259.0,2068.0,2906.0,1327.0,1669.0,2137.0,2757.0,1668.0,1926.0,1422.0,2839.0,2372.0,1083.0,2966.0,2208.0,1578.0,1773.0,2027.0,2763.0,1957.0,1676.0,2864.0,2975.0,1678.0,2919.0,2498.0,2681.0,1339.0,1545.0,1190.0,2757.0,2376.0,2999.0,1908.0,1608.0,2014.0,2862.0,1931.0,1687.0,2236.0,1752.0,2629.0,1903.0,000000000000000013d7,23.0716928889846,C1510R02
1744.0,2793.0,2716.0,1723.0,1280.0,2079.0,2241.0,1562.0,1324.0,2960.0,2830.0,1589.0,1810.0,2732.0,1147.0,2797.0,2728.0,2285.0,2236.0,2014.0,2867.0,1287.0,1623.0,2102.0,2721.0,1612.0,1861.0,1374.0,2795.0,2291.0,1044.0,2955.0,2161.0,1544.0,1744.0,1986.0,2691.0,1902.0,1658.0,2850.0,2949.0,1623.0,2883.0,2425.0,2605.0,1297.0,1515.0,1137.0,2717.0,2319.0,2942.0,1874.0,1579.0,1954.0,2825.0,1877.0,1626.0,2186.0,1726.0,2598.0,1840.0,000000000000000013d8,59.6665397715774,C1510R03
1833.0,2792.0,2792.0,1772.0,1352.0,2160.0,2282.0,1645.0,1401.0,3024.0,2905.0,1685.0,1873.0,2799.0,1246.0,2840.0,2765.0,2359.0,2232.0,2084.0,2908.0,1371.0,1681.0,2155.0,2756.0,1702.0,1947.0,1470.0,2844.0,2404.0,1114.0,2923.0,2225.0,1609.0,1775.0,2029.0,2778.0,1975.0,1696.0,2836.0,2962.0,1708.0,2916.0,2514.0,2704.0,1366.0,1571.0,1244.0,2733.0,2401.0,3007.0,1916.0,1625.0,2040.0,2863.0,1945.0,1725.0,2266.0,1763.0,2617.0,1927.0,000000000000000013d9,113.396390382755,C1510R04
943.0,2598.0,2076.0,784.0,821.0,1909.0,1817.0,804.0,581.0,2577.0,2603.0,863.0,1307.0,2009.0,655.0,2303.0,1908.0,1315.0,1967.0,872.0,2907.0,600.0,981.0,1256.0,1921.0,804.0,1433.0,745.0,2575.0,1960.0,629.0,2457.0,1144.0,713.0,838.0,1295.0,2365.0,1245.0,606.0,1825.0,2735.0,920.0,2583.0,1978.0,2481.0,1012.0,641.0,641.0,2373.0,1495.0,2379.0,737.0,769.0,1407.0,2134.0,1106.0,791.0,1398.0,807.0,2039.0,1267.0,000000000000000013da,119.404581301227,C1510W01
1069.0,2596.0,2310.0,983.0,871.0,1830.0,1931.0,936.0,614.0,2754.0,2663.0,976.0,1410.0,2228.0,659.0,2455.0,2026.0,1490.0,1945.0,1030.0,2840.0,665.0,1144.0,1307.0,2130.0,855.0,1535.0,886.0,2696.0,2112.0,623.0,2586.0,1338.0,886.0,951.0,1397.0,2491.0,1420.0,812.0,2136.0,2783.0,982.0,2579.0,2099.0,2523.0,977.0,752.0,653.0,2544.0,1649.0,2671.0,885.0,880.0,1564.0,2427.0,1172.0,923.0,1499.0,1004.0,2271.0,1490.0,000000000000000013db,86.2886765245376,C1510W02
993.0,2630.0,2131.0,834.0,860.0,1909.0,1837.0,851.0,626.0,2609.0,2581.0,899.0,1325.0,2086.0,694.0,2316.0,2015.0,1372.0,2000.0,918.0,2866.0,653.0,1021.0,1315.0,1990.0,853.0,1444.0,787.0,2589.0,2012.0,660.0,2502.0,1206.0,742.0,886.0,1342.0,2365.0,1296.0,657.0,1865.0,2689.0,966.0,2588.0,2002.0,2461.0,1050.0,684.0,691.0,2353.0,1547.0,2410.0,803.0,805.0,1462.0,2216.0,1153.0,840.0,1446.0,842.0,2046.0,1300.0,000000000000000013dc,98.6237845897059,C1510W03
1536.0,2803.0,2797.0,1442.0,1112.0,2022.0,2164.0,1418.0,1086.0,3153.0,2893.0,1430.0,1659.0,2806.0,995.0,2785.0,2593.0,2138.0,2051.0,1693.0,2981.0,1058.0,1479.0,1942.0,2676.0,1388.0,1769.0,1244.0,2907.0,2321.0,851.0,2893.0,1963.0,1319.0,1411.0,1795.0,2825.0,1810.0,1356.0,2734.0,3029.0,1417.0,2929.0,2387.0,2740.0,1152.0,1216.0,1016.0,2796.0,2262.0,2973.0,1526.0,1260.0,1832.0,2921.0,1654.0,1382.0,2068.0,1456.0,2654.0,1775.0,000000000000000013dd,107.392265050155,C1510W05
1096.0,2613.0,2378.0,1109.0,896.0,1813.0,1931.0,1024.0,699.0,2967.0,2755.0,1043.0,1432.0,2369.0,706.0,2539.0,2245.0,1651.0,1922.0,1140.0,2854.0,683.0,1216.0,1394.0,2332.0,989.0,1616.0,873.0,2792.0,2187.0,601.0,2669.0,1406.0,932.0,1038.0,1400.0,2504.0,1440.0,897.0,2314.0,2929.0,1033.0,2670.0,2254.0,2538.0,1000.0,816.0,691.0,2598.0,1693.0,2777.0,1006.0,951.0,1560.0,2664.0,1235.0,1000.0,1618.0,1119.0,2390.0,1543.0,000000000000000013de,90.4933921041952,C1510W06
1006.0,2644.0,2151.0,844.0,878.0,1915.0,1849.0,869.0,637.0,2620.0,2586.0,905.0,1330.0,2104.0,711.0,2325.0,2047.0,1388.0,2017.0,931.0,2867.0,665.0,1038.0,1333.0,2011.0,866.0,1461.0,797.0,2597.0,2026.0,678.0,2518.0,1223.0,757.0,906.0,1356.0,2371.0,1311.0,674.0,1880.0,2689.0,988.0,2593.0,2017.0,2463.0,1065.0,693.0,703.0,2353.0,1562.0,2425.0,824.0,822.0,1475.0,2238.0,1164.0,860.0,1461.0,859.0,2054.0,1311.0,000000000000000013df,38.0113966131349,C1510W10
956.0,2598.0,2078.0,783.0,831.0,1934.0,1838.0,811.0,588.0,2596.0,2627.0,881.0,1333.0,2013.0,664.0,2310.0,1901.0,1318.0,1979.0,882.0,2929.0,611.0,988.0,1261.0,1926.0,814.0,1447.0,751.0,2590.0,1971.0,641.0,2465.0,1150.0,725.0,844.0,1308.0,2384.0,1255.0,612.0,1846.0,2759.0,928.0,2603.0,1996.0,2508.0,1024.0,654.0,652.0,2405.0,1497.0,2395.0,739.0,776.0,1417.0,2139.0,1110.0,797.0,1401.0,812.0,2066.0,1286.0,000000000000000013e0,59.076943768895,C1510X01
824.0,2457.0,1883.0,673.0,699.0,1782.0,1674.0,673.0,470.0,2440.0,2504.0,761.0,1208.0,1819.0,544.0,2171.0,1696.0,1170.0,1812.0,755.0,2806.0,496.0,851.0,1115.0,1746.0,686.0,1209.0,643.0,2453.0,1787.0,539.0,2290.0,1004.0,613.0,742.0,1162.0,2246.0,1089.0,483.0,1677.0,2647.0,823.0,2443.0,1831.0,2378.0,897.0,547.0,541.0,2283.0,1346.0,2232.0,623.0,655.0,1261.0,1968.0,985.0,687.0,1247.0,694.0,1924.0,1139.0,000000000000000013e1,55.1250640188036,C1510X02
943.0,2565.0,2044.0,768.0,817.0,1920.0,1825.0,797.0,574.0,2587.0,2617.0,877.0,1328.0,1979.0,651.0,2296.0,1855.0,1301.0,1947.0,867.0,2920.0,603.0,971.0,1245.0,1892.0,799.0,1425.0,729.0,2574.0,1957.0,631.0,2436.0,1142.0,718.0,825.0,1288.0,2367.0,1234.0,602.0,1829.0,2756.0,908.0,2587.0,1967.0,2502.0,1010.0,643.0,641.0,2406.0,1471.0,2379.0,715.0,766.0,1400.0,2108.0,1086.0,779.0,1376.0,805.0,2079.0,1280.0,000000000000000013e2,43.6515364748737,C1510X03
946.0,2597.0,2064.0,778.0,819.0,1925.0,1829.0,800.0,581.0,2590.0,2624.0,869.0,1330.0,2005.0,658.0,2308.0,1891.0,1307.0,1973.0,869.0,2918.0,601.0,977.0,1250.0,1920.0,802.0,1440.0,748.0,2588.0,1955.0,631.0,2458.0,1136.0,717.0,837.0,1302.0,2382.0,1246.0,601.0,1834.0,2753.0,922.0,2599.0,1992.0,2499.0,1016.0,649.0,649.0,2394.0,1487.0,2383.0,733.0,765.0,1406.0,2136.0,1100.0,790.0,1392.0,804.0,2048.0,1274.0,000000000000000013e3,136.552855556225,C1510X04
931.0,2576.0,2034.0,758.0,810.0,1929.0,1830.0,789.0,562.0,2595.0,2628.0,869.0,1330.0,1967.0,642.0,2304.0,1843.0,1293.0,1952.0,858.0,2941.0,591.0,965.0,1237.0,1884.0,788.0,1423.0,721.0,2585.0,1955.0,624.0,2440.0,1133.0,710.0,819.0,1281.0,2373.0,1225.0,590.0,1826.0,2772.0,901.0,2599.0,1970.0,2511.0,1006.0,634.0,631.0,2413.0,1462.0,2386.0,705.0,757.0,1392.0,2110.0,1076.0,772.0,1369.0,796.0,2081.0,1274.0,000000000000000013e4,45.6494870699247,C1510X05
1715.0,2791.0,2701.0,1685.0,1247.0,2059.0,2221.0,1526.0,1280.0,2954.0,2826.0,1562.0,1791.0,2717.0,1116.0,2797.0,2707.0,2260.0,2209.0,1979.0,2866.0,1246.0,1594.0,2067.0,2703.0,1578.0,1839.0,1336.0,2794.0,2278.0,1017.0,2945.0,2132.0,1509.0,1713.0,1965.0,2693.0,1883.0,1618.0,2829.0,2946.0,1595.0,2873.0,2409.0,2608.0,1271.0,1473.0,1100.0,2714.0,2291.0,2939.0,1841.0,1547.0,1933.0,2816.0,1846.0,1602.0,2155.0,1695.0,2589.0,1829.0,000000000000000013e5,14.4369240594071,C1511C01
1719.0,2795.0,2768.0,1668.0,1287.0,2141.0,2272.0,1585.0,1279.0,2994.0,2919.0,1561.0,1844.0,2761.0,1133.0,2852.0,2797.0,2276.0,2282.0,1954.0,2936.0,1252.0,1641.0,2104.0,2768.0,1580.0,1874.0,1353.0,2851.0,2348.0,1014.0,2957.0,2170.0,1537.0,1690.0,2013.0,2749.0,1929.0,1632.0,2873.0,2976.0,1579.0,2945.0,2480.0,2672.0,1316.0,1464.0,1105.0,2749.0,2322.0,3021.0,1810.0,1557.0,2031.0,2887.0,1832.0,1588.0,2207.0,1690.0,2652.0,1883.0,000000000000000013e6,89.6802604497092,C1511C02
1725.0,2803.0,2703.0,1694.0,1251.0,2074.0,2242.0,1532.0,1285.0,2965.0,2837.0,1573.0,1803.0,2721.0,1115.0,2803.0,2708.0,2268.0,2228.0,1995.0,2876.0,1252.0,1601.0,2074.0,2707.0,1591.0,1846.0,1339.0,2802.0,2293.0,1023.0,2958.0,2143.0,1508.0,1720.0,1978.0,2702.0,1894.0,1618.0,2836.0,2956.0,1602.0,2882.0,2427.0,2615.0,1275.0,1481.0,1106.0,2727.0,2303.0,2945.0,1848.0,1546.0,1946.0,2822.0,1860.0,1608.0,2163.0,1695.0,2599.0,1839.0,000000000000000013e7,73.955300345225,C1511C04
1731.0,2819.0,2720.0,1687.0,1251.0,2087.0,2257.0,1534.0,1270.0,2987.0,2862.0,1578.0,1815.0,2738.0,1109.0,2820.0,2721.0,2279.0,2239.0,2000.0,2895.0,1240.0,1608.0,2079.0,2721.0,1596.0,1860.0,1327.0,2819.0,2312.0,1021.0,2977.0,2154.0,1502.0,1723.0,1989.0,2729.0,1904.0,1614.0,2851.0,2971.0,1607.0,2901.0,2445.0,2636.0,1279.0,1469.0,1097.0,2749.0,2316.0,2968.0,1849.0,1540.0,1960.0,2837.0,1865.0,1615.0,2173.0,1691.0,2617.0,1853.0,000000000000000013e8,122.503564082092,C1511F01
1510.0,2736.0,2645.0,1490.0,1146.0,1985.0,2143.0,1396.0,1101.0,2957.0,2782.0,1380.0,1673.0,2651.0,984.0,2755.0,2582.0,2109.0,2074.0,1751.0,2831.0,1085.0,1466.0,1884.0,2596.0,1375.0,1728.0,1174.0,2773.0,2229.0,886.0,2854.0,1978.0,1328.0,1472.0,1823.0,2682.0,1787.0,1401.0,2683.0,2912.0,1405.0,2820.0,2337.0,2594.0,1195.0,1266.0,969.0,2657.0,2157.0,2893.0,1584.0,1351.0,1818.0,2766.0,1626.0,1424.0,1995.0,1496.0,2518.0,1740.0,000000000000000013e9,132.383463586965,C1511F03
1493.0,2780.0,2766.0,1409.0,1087.0,1986.0,2131.0,1383.0,1052.0,3125.0,2868.0,1393.0,1629.0,2775.0,970.0,2754.0,2554.0,2097.0,2013.0,1650.0,2952.0,1025.0,1446.0,1896.0,2639.0,1348.0,1737.0,1213.0,2882.0,2289.0,825.0,2864.0,1920.0,1290.0,1365.0,1758.0,2798.0,1773.0,1322.0,2697.0,3007.0,1375.0,2896.0,2354.0,2713.0,1130.0,1183.0,987.0,2769.0,2222.0,2941.0,1475.0,1228.0,1792.0,2890.0,1612.0,1342.0,2025.0,1425.0,2627.0,1740.0,000000000000000013eb,164.786408530628,C1511F07
1720.0,2770.0,2734.0,1668.0,1265.0,2106.0,2241.0,1561.0,1281.0,2962.0,2876.0,1562.0,1818.0,2737.0,1122.0,2817.0,2766.0,2275.0,2254.0,1965.0,2891.0,1252.0,1617.0,2102.0,2734.0,1589.0,1841.0,1343.0,2809.0,2305.0,1014.0,2937.0,2166.0,1520.0,1700.0,1981.0,2714.0,1904.0,1625.0,2843.0,2945.0,1588.0,2909.0,2442.0,2629.0,1290.0,1465.0,1105.0,2717.0,2311.0,2975.0,1823.0,1550.0,1996.0,2845.0,1842.0,1589.0,2194.0,1683.0,2618.0,1855.0,000000000000000013ed,59.8540797253227,C1511P01
1670.0,2775.0,2727.0,1626.0,1239.0,2097.0,2224.0,1524.0,1227.0,2964.0,2866.0,1517.0,1801.0,2728.0,1086.0,2820.0,2741.0,2238.0,2224.0,1908.0,2898.0,1204.0,1590.0,2047.0,2722.0,1522.0,1835.0,1308.0,2822.0,2319.0,975.0,2929.0,2115.0,1480.0,1642.0,1969.0,2721.0,1886.0,1566.0,2826.0,2949.0,1534.0,2902.0,2440.0,2644.0,1272.0,1415.0,1062.0,2718.0,2279.0,2986.0,1762.0,1501.0,1972.0,2847.0,1787.0,1547.0,2150.0,1646.0,2608.0,1853.0,000000000000000013ee,78.7195363756966,C1511P02
1737.0,2790.0,2708.0,1716.0,1279.0,2072.0,2230.0,1561.0,1319.0,2953.0,2829.0,1582.0,1801.0,2724.0,1148.0,2798.0,2721.0,2278.0,2225.0,2002.0,2868.0,1282.0,1621.0,2096.0,2712.0,1604.0,1858.0,1370.0,2796.0,2283.0,1039.0,2945.0,2155.0,1545.0,1737.0,1976.0,2690.0,1892.0,1659.0,2839.0,2948.0,1617.0,2878.0,2415.0,2604.0,1297.0,1508.0,1133.0,2712.0,2312.0,2938.0,1866.0,1580.0,1947.0,2820.0,1868.0,1621.0,2181.0,1726.0,2595.0,1832.0,000000000000000013ef,62.8274639449609,C1511P03
1761.0,2803.0,2787.0,1704.0,1315.0,2161.0,2294.0,1622.0,1316.0,3008.0,2930.0,1599.0,1870.0,2785.0,1160.0,2858.0,2823.0,2321.0,2311.0,2004.0,2937.0,1288.0,1672.0,2154.0,2787.0,1628.0,1896.0,1381.0,2851.0,2360.0,1048.0,2974.0,2217.0,1565.0,1738.0,2036.0,2758.0,1955.0,1670.0,2892.0,2982.0,1628.0,2960.0,2499.0,2672.0,1338.0,1504.0,1139.0,2756.0,2364.0,3026.0,1863.0,1591.0,2062.0,2894.0,1879.0,1628.0,2249.0,1721.0,2665.0,1905.0,000000000000000013f0,102.023302407081,C1511P05
1785.0,2824.0,2783.0,1725.0,1293.0,2144.0,2295.0,1582.0,1308.0,3048.0,2916.0,1629.0,1855.0,2798.0,1161.0,2856.0,2764.0,2333.0,2257.0,2036.0,2929.0,1283.0,1657.0,2113.0,2759.0,1639.0,1931.0,1387.0,2861.0,2390.0,1059.0,2982.0,2203.0,1545.0,1754.0,2014.0,2784.0,1953.0,1640.0,2868.0,2992.0,1662.0,2942.0,2507.0,2701.0,1323.0,1497.0,1154.0,2776.0,2373.0,3033.0,1884.0,1575.0,2012.0,2878.0,1906.0,1682.0,2233.0,1725.0,2630.0,1909.0,000000000000000013f1,48.3168780847378,C1511P09
1707.0,2792.0,2697.0,1672.0,1241.0,2062.0,2225.0,1522.0,1264.0,2963.0,2826.0,1555.0,1788.0,2712.0,1106.0,2798.0,2700.0,2261.0,2210.0,1970.0,2868.0,1232.0,1592.0,2063.0,2698.0,1570.0,1839.0,1322.0,2795.0,2283.0,1009.0,2952.0,2133.0,1497.0,1704.0,1960.0,2694.0,1879.0,1604.0,2823.0,2947.0,1588.0,2880.0,2414.0,2607.0,1268.0,1458.0,1088.0,2713.0,2293.0,2948.0,1830.0,1535.0,1932.0,2821.0,1837.0,1595.0,2154.0,1682.0,2587.0,1827.0,000000000000000013f2,71.1576868820511,C1511R03
1764.0,2813.0,2738.0,1719.0,1282.0,2110.0,2274.0,1569.0,1314.0,3000.0,2877.0,1612.0,1836.0,2754.0,1148.0,2821.0,2735.0,2304.0,2252.0,2034.0,2895.0,1282.0,1636.0,2105.0,2733.0,1629.0,1889.0,1372.0,2823.0,2337.0,1051.0,2973.0,2178.0,1539.0,1747.0,2006.0,2741.0,1930.0,1645.0,2854.0,2970.0,1639.0,2907.0,2467.0,2655.0,1305.0,1507.0,1141.0,2755.0,2342.0,2978.0,1878.0,1573.0,1984.0,2847.0,1897.0,1647.0,2201.0,1722.0,2622.0,1874.0,000000000000000013f3,36.8559029485228,C1511R04
1791.0,2819.0,2746.0,1752.0,1309.0,2117.0,2280.0,1597.0,1355.0,2993.0,2875.0,1638.0,1848.0,2762.0,1177.0,2821.0,2746.0,2321.0,2263.0,2069.0,2893.0,1319.0,1653.0,2130.0,2744.0,1660.0,1900.0,1405.0,2822.0,2337.0,1074.0,2974.0,2194.0,1571.0,1773.0,2023.0,2739.0,1943.0,1681.0,2867.0,2975.0,1662.0,2904.0,2470.0,2654.0,1325.0,1546.0,1172.0,2757.0,2359.0,2968.0,1906.0,1602.0,1993.0,2847.0,1926.0,1666.0,2219.0,1752.0,2632.0,1880.0,000000000000000013f4,99.2365779208885,C1511R05
1776.0,2822.0,2779.0,1713.0,1285.0,2139.0,2289.0,1573.0,1295.0,3048.0,2911.0,1621.0,1849.0,2795.0,1151.0,2854.0,2761.0,2328.0,2253.0,2024.0,2928.0,1271.0,1650.0,2108.0,2756.0,1629.0,1924.0,1376.0,2860.0,2386.0,1051.0,2980.0,2197.0,1534.0,1744.0,2008.0,2781.0,1947.0,1627.0,2864.0,2990.0,1652.0,2942.0,2502.0,2699.0,1316.0,1484.0,1143.0,2772.0,2367.0,3032.0,1872.0,1564.0,2009.0,2879.0,1897.0,1672.0,2226.0,1713.0,2628.0,1905.0,000000000000000013f5,135.981657077253,C1511R07
1670.0,2775.0,2727.0,1626.0,1239.0,2097.0,2224.0,1524.0,1227.0,2964.0,2866.0,1517.0,1801.0,2728.0,1086.0,2820.0,2741.0,2238.0,2224.0,1908.0,2898.0,1204.0,1590.0,2047.0,2722.0,1522.0,1835.0,1308.0,2822.0,2319.0,975.0,2929.0,2115.0,1480.0,1642.0,1969.0,2721.0,1886.0,1566.0,2826.0,2949.0,1534.0,2902.0,2440.0,2644.0,1272.0,1415.0,1062.0,2718.0,2279.0,2986.0,1762.0,1501.0,1972.0,2847.0,1787.0,1547.0,2150.0,1646.0,2608.0,1853.0,000000000000000013f6,125.320645107328,C1511W01
1055.0,2686.0,2194.0,843.0,878.0,1806.0,1793.0,888.0,637.0,2663.0,2525.0,919.0,1246.0,2221.0,694.0,2333.0,2247.0,1479.0,1990.0,958.0,2778.0,664.0,1041.0,1440.0,2098.0,900.0,1294.0,796.0,2619.0,2018.0,652.0,2567.0,1343.0,741.0,913.0,1302.0,2389.0,1273.0,684.0,1942.0,2587.0,987.0,2578.0,1954.0,2435.0,1059.0,684.0,686.0,2322.0,1670.0,2464.0,865.0,815.0,1440.0,2377.0,1209.0,874.0,1547.0,853.0,2061.0,1237.0,000000000000000013f7,326.579577110915,C1511W02
1053.0,2685.0,2194.0,844.0,877.0,1807.0,1793.0,887.0,638.0,2664.0,2524.0,918.0,1245.0,2221.0,695.0,2332.0,2245.0,1480.0,1989.0,957.0,2779.0,664.0,1041.0,1439.0,2098.0,899.0,1296.0,797.0,2618.0,2017.0,654.0,2567.0,1343.0,742.0,916.0,1301.0,2387.0,1271.0,686.0,1942.0,2589.0,990.0,2579.0,1954.0,2433.0,1058.0,685.0,687.0,2320.0,1670.0,2465.0,867.0,817.0,1438.0,2376.0,1208.0,876.0,1547.0,855.0,2059.0,1236.0,000000000000000013f8,50.8227689239756,C1511W04
1792.0,2818.0,2782.0,1732.0,1302.0,2144.0,2291.0,1592.0,1325.0,3039.0,2910.0,1638.0,1856.0,2794.0,1176.0,2851.0,2761.0,2335.0,2252.0,2044.0,2923.0,1298.0,1661.0,2119.0,2756.0,1649.0,1932.0,1401.0,2857.0,2388.0,1067.0,2969.0,2204.0,1557.0,1755.0,2014.0,2779.0,1955.0,1650.0,2861.0,2986.0,1667.0,2932.0,2505.0,2697.0,1329.0,1510.0,1169.0,2766.0,2374.0,3024.0,1887.0,1586.0,2013.0,2870.0,1913.0,1685.0,2235.0,1733.0,2624.0,1908.0,000000000000000013f9,238.250501965815,C1511W05
1690.0,2783.0,2710.0,1638.0,1213.0,2069.0,2215.0,1493.0,1223.0,2984.0,2852.0,1544.0,1782.0,2731.0,1090.0,2809.0,2705.0,2253.0,2194.0,1925.0,2887.0,1200.0,1576.0,2038.0,2702.0,1543.0,1835.0,1310.0,2817.0,2308.0,982.0,2933.0,2116.0,1465.0,1660.0,1939.0,2716.0,1873.0,1552.0,2808.0,2948.0,1561.0,2887.0,2425.0,2639.0,1247.0,1413.0,1076.0,2721.0,2282.0,2973.0,1777.0,1497.0,1937.0,2828.0,1808.0,1575.0,2147.0,1640.0,2581.0,1842.0,000000000000000013fa,59.0100219078345,C1511W06
1833.0,2792.0,2792.0,1772.0,1352.0,2160.0,2282.0,1645.0,1401.0,3024.0,2905.0,1685.0,1873.0,2799.0,1246.0,2840.0,2765.0,2359.0,2232.0,2084.0,2908.0,1371.0,1681.0,2155.0,2756.0,1702.0,1947.0,1470.0,2844.0,2404.0,1114.0,2923.0,2225.0,1609.0,1775.0,2029.0,2778.0,1975.0,1696.0,2836.0,2962.0,1708.0,2916.0,2514.0,2704.0,1366.0,1571.0,1244.0,2733.0,2401.0,3007.0,1916.0,1625.0,2040.0,2863.0,1945.0,1725.0,2266.0,1763.0,2617.0,1927.0,000000000000000013fb,1270.75442695091,C1512C02
1813.0,2806.0,2774.0,1760.0,1331.0,2143.0,2286.0,1623.0,1374.0,3015.0,2896.0,1662.0,1865.0,2784.0,1210.0,2831.0,2759.0,2344.0,2252.0,2076.0,2901.0,1340.0,1673.0,2145.0,2754.0,1680.0,1931.0,1435.0,2835.0,2375.0,1093.0,2954.0,2213.0,1591.0,1777.0,2030.0,2765.0,1963.0,1689.0,2856.0,2969.0,1687.0,2915.0,2497.0,2684.0,1348.0,1555.0,1205.0,2751.0,2384.0,2995.0,1914.0,1616.0,2020.0,2858.0,1937.0,1698.0,2245.0,1760.0,2628.0,1909.0,000000000000000013fc,164.923931753483,C1512C04
1796.0,2783.0,2731.0,1775.0,1326.0,2099.0,2249.0,1623.0,1388.0,2947.0,2841.0,1637.0,1830.0,2740.0,1206.0,2799.0,2756.0,2316.0,2259.0,2068.0,2870.0,1351.0,1666.0,2152.0,2740.0,1677.0,1881.0,1429.0,2789.0,2287.0,1094.0,2940.0,2206.0,1606.0,1795.0,2002.0,2685.0,1917.0,1733.0,2862.0,2944.0,1676.0,2882.0,2426.0,2592.0,1338.0,1578.0,1198.0,2707.0,2359.0,2927.0,1925.0,1634.0,1992.0,2819.0,1924.0,1670.0,2234.0,1772.0,2612.0,1847.0,000000000000000013fd,329.764225550722,C1512C05
1755.0,2826.0,2745.0,1705.0,1268.0,2112.0,2278.0,1553.0,1288.0,3010.0,2884.0,1600.0,1834.0,2762.0,1129.0,2833.0,2741.0,2300.0,2256.0,2023.0,2908.0,1259.0,1627.0,2096.0,2740.0,1618.0,1885.0,1349.0,2834.0,2343.0,1037.0,2987.0,2174.0,1520.0,1740.0,2005.0,2750.0,1925.0,1630.0,2866.0,2981.0,1630.0,2919.0,2473.0,2659.0,1295.0,1485.0,1119.0,2764.0,2338.0,2991.0,1868.0,1557.0,1982.0,2854.0,1888.0,1641.0,2196.0,1708.0,2628.0,1875.0,000000000000000013ff,1293.15715881425,C1512C07
1755.0,2826.0,2745.0,1705.0,1268.0,2112.0,2278.0,1553.0,1288.0,3010.0,2884.0,1600.0,1834.0,2762.0,1129.0,2833.0,2741.0,2300.0,2256.0,2023.0,2908.0,1259.0,1627.0,2096.0,2740.0,1618.0,1885.0,1349.0,2834.0,2343.0,1037.0,2987.0,2174.0,1520.0,1740.0,2005.0,2750.0,1925.0,1630.0,2866.0,2981.0,1630.0,2919.0,2473.0,2659.0,1295.0,1485.0,1119.0,2764.0,2338.0,2991.0,1868.0,1557.0,1982.0,2854.0,1888.0,1641.0,2196.0,1708.0,2628.0,1875.0,00000000000000001400,1179.7703850927,C1512C95
1245.0,2728.0,2573.0,1231.0,965.0,1874.0,2034.0,1207.0,816.0,3013.0,2773.0,1168.0,1514.0,2529.0,766.0,2682.0,2369.0,1857.0,1924.0,1437.0,2825.0,806.0,1326.0,1579.0,2463.0,1069.0,1644.0,988.0,2796.0,2199.0,669.0,2818.0,1661.0,1101.0,1164.0,1627.0,2689.0,1639.0,1103.0,2495.0,2931.0,1144.0,2807.0,2278.0,2596.0,1026.0,965.0,767.0,2656.0,1935.0,2886.0,1248.0,1059.0,1656.0,2755.0,1358.0,1159.0,1722.0,1239.0,2476.0,1639.0,00000000000000001401,139.488072316185,C1512F02
1199.0,2699.0,2520.0,1178.0,898.0,1811.0,1969.0,1126.0,753.0,2990.0,2735.0,1126.0,1433.0,2475.0,720.0,2658.0,2332.0,1793.0,1885.0,1357.0,2801.0,735.0,1278.0,1511.0,2424.0,1016.0,1585.0,953.0,2801.0,2137.0,628.0,2786.0,1594.0,1044.0,1111.0,1517.0,2625.0,1550.0,1034.0,2453.0,2906.0,1093.0,2781.0,2212.0,2542.0,968.0,897.0,725.0,2614.0,1848.0,2874.0,1185.0,1007.0,1581.0,2711.0,1305.0,1102.0,1666.0,1167.0,2399.0,1569.0,00000000000000001402,392.891458429245,C1512F03
1565.0,2820.0,2821.0,1464.0,1130.0,2045.0,2187.0,1445.0,1106.0,3176.0,2916.0,1457.0,1680.0,2831.0,1014.0,2804.0,2619.0,2169.0,2076.0,1722.0,3001.0,1077.0,1505.0,1972.0,2700.0,1416.0,1797.0,1265.0,2925.0,2344.0,867.0,2915.0,1993.0,1343.0,1442.0,1820.0,2846.0,1835.0,1382.0,2759.0,3046.0,1448.0,2953.0,2412.0,2762.0,1171.0,1237.0,1035.0,2818.0,2294.0,2995.0,1561.0,1284.0,1858.0,2944.0,1683.0,1411.0,2100.0,1480.0,2675.0,1798.0,00000000000000001403,1892.87676796283,C1512F04
1278.0,2742.0,2615.0,1267.0,998.0,1892.0,2049.0,1241.0,854.0,3023.0,2776.0,1197.0,1544.0,2583.0,804.0,2682.0,2381.0,1885.0,1923.0,1473.0,2854.0,855.0,1348.0,1621.0,2479.0,1100.0,1673.0,1029.0,2801.0,2229.0,693.0,2818.0,1690.0,1129.0,1191.0,1664.0,2719.0,1671.0,1137.0,2512.0,2946.0,1175.0,2809.0,2302.0,2622.0,1058.0,1009.0,803.0,2672.0,1996.0,2870.0,1272.0,1081.0,1675.0,2782.0,1399.0,1189.0,1761.0,1285.0,2511.0,1660.0,00000000000000001404,4007.66111726445,C1512F05
1234.0,2696.0,2502.0,1180.0,987.0,1918.0,2079.0,1120.0,731.0,3009.0,2823.0,1114.0,1615.0,2505.0,722.0,2635.0,2261.0,1708.0,2041.0,1249.0,2911.0,784.0,1371.0,1449.0,2418.0,1002.0,1673.0,1067.0,2881.0,2347.0,681.0,2760.0,1584.0,1026.0,1093.0,1568.0,2658.0,1612.0,986.0,2478.0,3018.0,1090.0,2723.0,2429.0,2646.0,1045.0,888.0,716.0,2774.0,1826.0,2958.0,1071.0,1017.0,1766.0,2785.0,1305.0,1072.0,1662.0,1245.0,2557.0,1733.0,00000000000000001405,2756.83136812114,C1512F07
1236.0,2683.0,2497.0,1160.0,975.0,1903.0,2055.0,1103.0,709.0,3006.0,2822.0,1105.0,1609.0,2475.0,715.0,2610.0,2248.0,1683.0,2042.0,1222.0,2911.0,779.0,1370.0,1442.0,2414.0,984.0,1672.0,1072.0,2866.0,2334.0,688.0,2743.0,1583.0,1023.0,1082.0,1553.0,2646.0,1597.0,973.0,2470.0,3008.0,1080.0,2704.0,2418.0,2615.0,1029.0,870.0,711.0,2773.0,1821.0,2937.0,1047.0,1007.0,1775.0,2777.0,1302.0,1057.0,1644.0,1247.0,2564.0,1732.0,00000000000000001406,1216.00470247839,C1512F10
1755.0,2824.0,2740.0,1706.0,1269.0,2108.0,2274.0,1554.0,1291.0,3008.0,2881.0,1601.0,1832.0,2757.0,1130.0,2831.0,2737.0,2297.0,2252.0,2023.0,2906.0,1261.0,1627.0,2094.0,2735.0,1618.0,1883.0,1351.0,2832.0,2337.0,1038.0,2986.0,2172.0,1522.0,1740.0,2003.0,2747.0,1923.0,1632.0,2862.0,2980.0,1629.0,2917.0,2468.0,2657.0,1296.0,1488.0,1120.0,2762.0,2336.0,2988.0,1868.0,1558.0,1979.0,2853.0,1888.0,1639.0,2193.0,1710.0,2627.0,1872.0,00000000000000001407,627.84443956677,C1512P04
1708.0,2788.0,2700.0,1692.0,1253.0,2060.0,2217.0,1529.0,1289.0,2954.0,2816.0,1553.0,1782.0,2716.0,1122.0,2798.0,2707.0,2261.0,2206.0,1966.0,2864.0,1253.0,1595.0,2071.0,2700.0,1570.0,1841.0,1346.0,2796.0,2280.0,1016.0,2943.0,2131.0,1514.0,1713.0,1956.0,2685.0,1874.0,1623.0,2827.0,2946.0,1593.0,2876.0,2409.0,2601.0,1275.0,1478.0,1106.0,2702.0,2290.0,2944.0,1841.0,1552.0,1922.0,2820.0,1836.0,1602.0,2157.0,1700.0,2581.0,1820.0,00000000000000001408,556.639355729202,C1512P07
1332.0,2735.0,2651.0,1302.0,1029.0,1907.0,2065.0,1269.0,892.0,3033.0,2787.0,1236.0,1566.0,2638.0,850.0,2685.0,2409.0,1930.0,1933.0,1508.0,2873.0,902.0,1377.0,1678.0,2508.0,1149.0,1700.0,1081.0,2814.0,2250.0,726.0,2804.0,1745.0,1161.0,1226.0,1681.0,2737.0,1689.0,1172.0,2549.0,2950.0,1216.0,2806.0,2317.0,2643.0,1084.0,1053.0,850.0,2692.0,2054.0,2863.0,1306.0,1114.0,1693.0,2793.0,1448.0,1226.0,1827.0,1322.0,2535.0,1675.0,0000000000000000140a,647.915966241322,C1512W02
1491.0,2816.0,2725.0,1490.0,1201.0,2039.0,2221.0,1448.0,1090.0,3066.0,2859.0,1368.0,1727.0,2717.0,980.0,2801.0,2592.0,2123.0,2114.0,1739.0,2894.0,1081.0,1523.0,1877.0,2643.0,1346.0,1805.0,1178.0,2843.0,2308.0,898.0,2930.0,1974.0,1327.0,1458.0,1871.0,2778.0,1851.0,1393.0,2724.0,3001.0,1406.0,2886.0,2419.0,2676.0,1246.0,1259.0,973.0,2751.0,2201.0,2949.0,1569.0,1333.0,1858.0,2846.0,1615.0,1423.0,1997.0,1499.0,2608.0,1794.0,0000000000000000140b,1895.5889056898,C1512W03
1951.0,2841.0,2868.0,1905.0,1500.0,2262.0,2396.0,1823.0,1545.0,3060.0,3003.0,1786.0,2001.0,2868.0,1356.0,2881.0,2899.0,2475.0,2410.0,2235.0,2969.0,1493.0,1830.0,2335.0,2868.0,1848.0,2025.0,1580.0,2871.0,2444.0,1252.0,3011.0,2377.0,1769.0,1932.0,2167.0,2820.0,2095.0,1903.0,2967.0,3023.0,1833.0,2997.0,2596.0,2724.0,1490.0,1729.0,1342.0,2811.0,2534.0,3027.0,2084.0,1779.0,2207.0,2935.0,2072.0,1817.0,2421.0,1908.0,2752.0,2006.0,0000000000000000140c,2034.50662126145,C1512W04
1184.0,2741.0,2529.0,1153.0,940.0,1846.0,2014.0,1134.0,737.0,3020.0,2777.0,1110.0,1460.0,2501.0,708.0,2683.0,2321.0,1767.0,1911.0,1354.0,2834.0,722.0,1285.0,1486.0,2424.0,997.0,1608.0,941.0,2826.0,2190.0,615.0,2818.0,1567.0,1030.0,1097.0,1556.0,2674.0,1586.0,1017.0,2455.0,2940.0,1080.0,2809.0,2259.0,2596.0,972.0,877.0,705.0,2658.0,1837.0,2899.0,1174.0,991.0,1613.0,2746.0,1291.0,1091.0,1643.0,1159.0,2449.0,1599.0,0000000000000000140d,429.625961450246,C1512W06
1501.0,2814.0,2718.0,1502.0,1211.0,2042.0,2225.0,1453.0,1107.0,3062.0,2867.0,1378.0,1733.0,2723.0,996.0,2801.0,2608.0,2139.0,2127.0,1753.0,2887.0,1090.0,1528.0,1895.0,2649.0,1365.0,1801.0,1185.0,2841.0,2303.0,910.0,2932.0,1989.0,1338.0,1471.0,1875.0,2773.0,1858.0,1412.0,2733.0,2993.0,1421.0,2886.0,2420.0,2673.0,1258.0,1273.0,987.0,2753.0,2201.0,2950.0,1587.0,1352.0,1863.0,2838.0,1622.0,1434.0,2013.0,1506.0,2598.0,1797.0,0000000000000000140e,2923.50836344645,C1512W08
1214.0,2771.0,2559.0,1198.0,1002.0,1904.0,2071.0,1176.0,776.0,3032.0,2791.0,1131.0,1507.0,2535.0,735.0,2696.0,2305.0,1765.0,1952.0,1352.0,2874.0,774.0,1354.0,1483.0,2448.0,1017.0,1700.0,1031.0,2866.0,2278.0,644.0,2843.0,1586.0,1068.0,1128.0,1596.0,2706.0,1633.0,1052.0,2490.0,2950.0,1118.0,2819.0,2296.0,2644.0,1014.0,919.0,732.0,2723.0,1855.0,2954.0,1186.0,1022.0,1676.0,2800.0,1303.0,1123.0,1659.0,1233.0,2511.0,1665.0,0000000000000000140f,691.226872750181,C1512W09
1865.0,2805.0,2828.0,1804.0,1378.0,2190.0,2308.0,1677.0,1426.0,3059.0,2932.0,1715.0,1900.0,2832.0,1271.0,2862.0,2793.0,2396.0,2251.0,2111.0,2931.0,1396.0,1719.0,2183.0,2784.0,1728.0,1995.0,1503.0,2869.0,2442.0,1139.0,2943.0,2259.0,1638.0,1813.0,2052.0,2806.0,2003.0,1721.0,2860.0,2979.0,1751.0,2944.0,2549.0,2731.0,1395.0,1596.0,1272.0,2750.0,2438.0,3046.0,1956.0,1655.0,2072.0,2888.0,1975.0,1771.0,2301.0,1794.0,2629.0,1959.0,00000000000000001410,510.429058235066,C1512W75
896.0,2232.0,1941.0,688.0,672.0,1630.0,1679.0,680.0,441.0,2537.0,2539.0,830.0,1276.0,1939.0,516.0,2115.0,1646.0,1218.0,1752.0,786.0,2725.0,518.0,916.0,1157.0,1713.0,705.0,1312.0,692.0,2391.0,1853.0,530.0,2225.0,1182.0,634.0,715.0,1080.0,2264.0,1111.0,522.0,1859.0,2637.0,741.0,2271.0,1858.0,2391.0,828.0,568.0,515.0,2421.0,1405.0,2286.0,568.0,662.0,1297.0,2035.0,957.0,702.0,1331.0,774.0,2191.0,1285.0,00000000000000001411,55.3331615271111,C1601F01
981.0,2359.0,2067.0,773.0,739.0,1763.0,1829.0,767.0,469.0,2688.0,2710.0,862.0,1361.0,2092.0,544.0,2269.0,1755.0,1326.0,1847.0,865.0,2803.0,569.0,1005.0,1232.0,1863.0,768.0,1371.0,782.0,2559.0,2010.0,569.0,2372.0,1308.0,714.0,750.0,1206.0,2443.0,1246.0,606.0,1966.0,2746.0,785.0,2407.0,2056.0,2536.0,859.0,619.0,535.0,2576.0,1548.0,2523.0,636.0,720.0,1452.0,2239.0,1020.0,777.0,1464.0,895.0,2381.0,1422.0,00000000000000001412,357.628438050568,C1601F02
764.0,2128.0,1747.0,561.0,630.0,1676.0,1577.0,603.0,421.0,2337.0,2363.0,764.0,1147.0,1692.0,476.0,1963.0,1488.0,1089.0,1631.0,708.0,2631.0,439.0,760.0,1061.0,1506.0,633.0,1198.0,551.0,2192.0,1649.0,508.0,2116.0,1015.0,549.0,646.0,1019.0,2139.0,974.0,413.0,1648.0,2476.0,683.0,2284.0,1632.0,2269.0,806.0,514.0,467.0,2213.0,1217.0,2117.0,502.0,567.0,1100.0,1768.0,850.0,619.0,1153.0,613.0,1959.0,1091.0,00000000000000001413,64.6513045500166,C1601F04
851.0,2234.0,1956.0,645.0,658.0,1669.0,1702.0,662.0,427.0,2539.0,2531.0,806.0,1235.0,1959.0,494.0,2131.0,1628.0,1195.0,1704.0,765.0,2766.0,489.0,861.0,1139.0,1663.0,692.0,1241.0,652.0,2394.0,1815.0,521.0,2264.0,1172.0,610.0,656.0,1062.0,2290.0,1084.0,490.0,1852.0,2646.0,692.0,2310.0,1811.0,2435.0,815.0,559.0,486.0,2408.0,1385.0,2330.0,533.0,611.0,1239.0,2026.0,881.0,683.0,1337.0,743.0,2210.0,1255.0,00000000000000001414,25.0748043550554,C1601F05
781.0,2144.0,1802.0,555.0,637.0,1700.0,1607.0,618.0,427.0,2403.0,2394.0,790.0,1175.0,1757.0,491.0,2005.0,1519.0,1107.0,1638.0,723.0,2684.0,440.0,770.0,1096.0,1512.0,653.0,1191.0,555.0,2228.0,1672.0,517.0,2176.0,1067.0,563.0,638.0,1019.0,2178.0,982.0,425.0,1726.0,2516.0,669.0,2330.0,1638.0,2312.0,826.0,527.0,468.0,2262.0,1226.0,2170.0,498.0,575.0,1092.0,1803.0,838.0,636.0,1179.0,622.0,2025.0,1120.0,00000000000000001415,91.1154718010848,C1601F06
848.0,2287.0,1900.0,615.0,710.0,1830.0,1726.0,683.0,469.0,2518.0,2533.0,845.0,1271.0,1846.0,539.0,2120.0,1625.0,1200.0,1775.0,783.0,2822.0,489.0,848.0,1178.0,1639.0,709.0,1310.0,607.0,2359.0,1801.0,569.0,2286.0,1129.0,615.0,711.0,1124.0,2302.0,1078.0,471.0,1806.0,2657.0,749.0,2458.0,1780.0,2440.0,900.0,570.0,519.0,2382.0,1331.0,2291.0,559.0,634.0,1203.0,1917.0,926.0,690.0,1268.0,683.0,2119.0,1206.0,00000000000000001416,48.5551835447748,C1601F10
845.0,2331.0,1856.0,623.0,707.0,1831.0,1718.0,679.0,472.0,2515.0,2533.0,836.0,1261.0,1792.0,544.0,2141.0,1603.0,1189.0,1785.0,779.0,2822.0,491.0,848.0,1151.0,1640.0,712.0,1319.0,613.0,2388.0,1802.0,572.0,2292.0,1086.0,617.0,720.0,1142.0,2294.0,1086.0,479.0,1746.0,2670.0,766.0,2478.0,1794.0,2427.0,895.0,566.0,528.0,2361.0,1320.0,2292.0,582.0,636.0,1225.0,1940.0,941.0,692.0,1245.0,682.0,2082.0,1205.0,00000000000000001417,26.4279902453397,C1601P01
848.0,2337.0,1861.0,625.0,710.0,1838.0,1725.0,683.0,474.0,2522.0,2538.0,838.0,1266.0,1798.0,546.0,2147.0,1608.0,1194.0,1792.0,781.0,2830.0,492.0,852.0,1156.0,1643.0,715.0,1325.0,615.0,2394.0,1810.0,574.0,2299.0,1091.0,619.0,722.0,1146.0,2299.0,1090.0,481.0,1751.0,2677.0,769.0,2484.0,1801.0,2433.0,899.0,568.0,530.0,2367.0,1325.0,2299.0,584.0,638.0,1228.0,1945.0,944.0,694.0,1250.0,684.0,2087.0,1210.0,00000000000000001418,33.3826254723356,C1601P02
874.0,2261.0,1938.0,635.0,699.0,1766.0,1731.0,685.0,469.0,2550.0,2559.0,866.0,1287.0,1916.0,540.0,2132.0,1649.0,1220.0,1788.0,790.0,2823.0,501.0,881.0,1209.0,1670.0,721.0,1293.0,645.0,2380.0,1843.0,555.0,2284.0,1199.0,623.0,702.0,1098.0,2304.0,1089.0,490.0,1878.0,2679.0,727.0,2396.0,1815.0,2450.0,880.0,584.0,520.0,2428.0,1362.0,2298.0,550.0,646.0,1239.0,1969.0,934.0,695.0,1311.0,721.0,2207.0,1258.0,00000000000000001419,100.976584176539,C1601P03
833.0,2279.0,1871.0,612.0,697.0,1815.0,1709.0,670.0,464.0,2499.0,2519.0,833.0,1255.0,1812.0,526.0,2105.0,1600.0,1181.0,1767.0,774.0,2806.0,482.0,838.0,1152.0,1620.0,694.0,1313.0,602.0,2346.0,1787.0,563.0,2268.0,1102.0,602.0,710.0,1116.0,2282.0,1068.0,458.0,1766.0,2644.0,749.0,2443.0,1769.0,2418.0,888.0,561.0,513.0,2360.0,1317.0,2271.0,560.0,622.0,1202.0,1901.0,926.0,680.0,1249.0,670.0,2089.0,1193.0,0000000000000000141a,24.4971331440857,C1601P04
839.0,2315.0,1844.0,620.0,699.0,1817.0,1705.0,673.0,469.0,2500.0,2518.0,829.0,1249.0,1781.0,537.0,2127.0,1591.0,1179.0,1771.0,773.0,2807.0,488.0,840.0,1142.0,1625.0,706.0,1307.0,610.0,2372.0,1789.0,565.0,2278.0,1078.0,610.0,712.0,1129.0,2280.0,1074.0,473.0,1735.0,2655.0,758.0,2461.0,1780.0,2413.0,886.0,563.0,525.0,2348.0,1309.0,2278.0,574.0,628.0,1211.0,1926.0,933.0,684.0,1235.0,674.0,2071.0,1194.0,0000000000000000141b,27.3626139937701,C1601P10
858.0,2295.0,1926.0,621.0,718.0,1844.0,1746.0,696.0,486.0,2549.0,2553.0,863.0,1289.0,1877.0,549.0,2144.0,1639.0,1211.0,1785.0,796.0,2847.0,499.0,857.0,1198.0,1637.0,726.0,1310.0,618.0,2377.0,1815.0,573.0,2314.0,1162.0,626.0,704.0,1130.0,2326.0,1089.0,481.0,1841.0,2676.0,736.0,2478.0,1782.0,2464.0,914.0,586.0,529.0,2412.0,1338.0,2315.0,556.0,638.0,1206.0,1934.0,922.0,699.0,1285.0,687.0,2162.0,1229.0,0000000000000000141c,42.3979401884207,C1601R02
834.0,2219.0,1906.0,600.0,671.0,1741.0,1691.0,659.0,450.0,2510.0,2487.0,830.0,1239.0,1881.0,499.0,2104.0,1597.0,1160.0,1701.0,766.0,2788.0,478.0,824.0,1150.0,1573.0,695.0,1205.0,607.0,2345.0,1767.0,530.0,2270.0,1162.0,594.0,650.0,1063.0,2279.0,1056.0,463.0,1827.0,2613.0,671.0,2372.0,1724.0,2406.0,842.0,573.0,497.0,2371.0,1302.0,2287.0,511.0,602.0,1179.0,1926.0,860.0,664.0,1261.0,678.0,2177.0,1220.0,0000000000000000141d,92.9780354284581,C1601R03
921.0,2280.0,2004.0,683.0,686.0,1668.0,1735.0,691.0,445.0,2625.0,2625.0,879.0,1319.0,2017.0,548.0,2174.0,1701.0,1269.0,1833.0,797.0,2845.0,525.0,944.0,1233.0,1743.0,726.0,1333.0,691.0,2469.0,1922.0,561.0,2289.0,1247.0,636.0,733.0,1082.0,2310.0,1121.0,521.0,1945.0,2740.0,763.0,2326.0,1899.0,2473.0,886.0,578.0,529.0,2497.0,1448.0,2353.0,567.0,683.0,1311.0,2063.0,985.0,720.0,1389.0,774.0,2277.0,1324.0,0000000000000000141e,31.7907303984469,C1601R04
854.0,2237.0,1956.0,642.0,662.0,1684.0,1706.0,665.0,430.0,2546.0,2531.0,809.0,1242.0,1957.0,493.0,2134.0,1633.0,1199.0,1706.0,767.0,2773.0,489.0,866.0,1139.0,1670.0,693.0,1238.0,657.0,2396.0,1815.0,522.0,2272.0,1180.0,613.0,654.0,1069.0,2298.0,1087.0,492.0,1868.0,2649.0,691.0,2324.0,1811.0,2438.0,817.0,563.0,488.0,2417.0,1381.0,2347.0,531.0,613.0,1245.0,2034.0,881.0,681.0,1334.0,750.0,2217.0,1263.0,0000000000000000141f,29.3556464386776,C1601R05
892.0,2529.0,1957.0,717.0,772.0,1891.0,1776.0,743.0,522.0,2550.0,2592.0,844.0,1302.0,1892.0,609.0,2257.0,1769.0,1245.0,1909.0,825.0,2903.0,551.0,918.0,1192.0,1825.0,757.0,1380.0,688.0,2536.0,1881.0,600.0,2383.0,1094.0,677.0,786.0,1236.0,2343.0,1171.0,542.0,1771.0,2739.0,860.0,2553.0,1918.0,2468.0,966.0,600.0,590.0,2382.0,1407.0,2346.0,665.0,715.0,1339.0,2062.0,1037.0,739.0,1321.0,754.0,2038.0,1228.0,00000000000000001420,50.6962049194979,C1602C01
746.0,2332.0,1762.0,602.0,627.0,1712.0,1591.0,607.0,408.0,2375.0,2425.0,717.0,1172.0,1678.0,478.0,2057.0,1551.0,1098.0,1716.0,688.0,2694.0,429.0,785.0,1032.0,1626.0,620.0,1129.0,571.0,2337.0,1668.0,501.0,2195.0,937.0,546.0,682.0,1086.0,2173.0,1000.0,400.0,1589.0,2564.0,756.0,2371.0,1731.0,2299.0,835.0,489.0,479.0,2212.0,1244.0,2167.0,540.0,575.0,1168.0,1873.0,895.0,628.0,1145.0,623.0,1859.0,1072.0,00000000000000001421,67.6979542855567,C1602C03
895.0,2500.0,1952.0,706.0,773.0,1909.0,1804.0,754.0,531.0,2597.0,2616.0,862.0,1314.0,1887.0,606.0,2267.0,1740.0,1247.0,1899.0,826.0,2938.0,550.0,928.0,1200.0,1786.0,759.0,1377.0,687.0,2527.0,1909.0,607.0,2392.0,1106.0,674.0,784.0,1239.0,2356.0,1183.0,540.0,1792.0,2767.0,849.0,2588.0,1909.0,2500.0,967.0,617.0,589.0,2424.0,1397.0,2381.0,654.0,712.0,1335.0,2062.0,1029.0,738.0,1312.0,750.0,2097.0,1264.0,00000000000000001422,66.2067852793441,C1602C04
764.0,2356.0,1783.0,614.0,641.0,1728.0,1614.0,619.0,419.0,2389.0,2440.0,730.0,1179.0,1704.0,488.0,2085.0,1579.0,1111.0,1738.0,703.0,2721.0,442.0,792.0,1047.0,1651.0,636.0,1142.0,584.0,2362.0,1691.0,509.0,2215.0,951.0,556.0,693.0,1098.0,2189.0,1017.0,414.0,1609.0,2587.0,765.0,2386.0,1752.0,2315.0,845.0,500.0,490.0,2228.0,1258.0,2181.0,555.0,587.0,1187.0,1893.0,910.0,637.0,1165.0,633.0,1877.0,1087.0,00000000000000001423,72.8018535030677,C1602C05
931.0,2536.0,1996.0,728.0,806.0,1952.0,1847.0,787.0,555.0,2632.0,2647.0,894.0,1352.0,1931.0,636.0,2304.0,1783.0,1285.0,1944.0,857.0,2970.0,574.0,960.0,1238.0,1829.0,790.0,1419.0,709.0,2564.0,1952.0,636.0,2433.0,1144.0,704.0,815.0,1277.0,2389.0,1221.0,570.0,1829.0,2805.0,881.0,2630.0,1952.0,2532.0,999.0,641.0,613.0,2456.0,1435.0,2423.0,684.0,742.0,1379.0,2103.0,1058.0,768.0,1351.0,781.0,2131.0,1296.0,00000000000000001424,29.4878582710914,C1602C09
1004.0,2640.0,2132.0,859.0,887.0,2011.0,1966.0,910.0,626.0,2779.0,2739.0,966.0,1458.0,2101.0,702.0,2434.0,1914.0,1407.0,2002.0,1001.0,3002.0,636.0,1072.0,1296.0,1983.0,851.0,1533.0,782.0,2673.0,2092.0,656.0,2555.0,1235.0,820.0,880.0,1413.0,2521.0,1375.0,713.0,1988.0,2896.0,935.0,2695.0,2113.0,2612.0,1051.0,723.0,666.0,2564.0,1533.0,2548.0,805.0,836.0,1484.0,2290.0,1131.0,855.0,1413.0,914.0,2258.0,1445.0,00000000000000001425,43.5170056848446,C1602C93
798.0,2424.0,1837.0,633.0,677.0,1778.0,1663.0,652.0,441.0,2455.0,2491.0,759.0,1215.0,1763.0,519.0,2153.0,1631.0,1149.0,1788.0,735.0,2802.0,466.0,830.0,1091.0,1702.0,667.0,1204.0,604.0,2429.0,1750.0,531.0,2279.0,996.0,586.0,714.0,1139.0,2240.0,1058.0,448.0,1664.0,2652.0,791.0,2454.0,1802.0,2371.0,880.0,520.0,510.0,2279.0,1305.0,2246.0,580.0,620.0,1225.0,1957.0,943.0,666.0,1215.0,663.0,1932.0,1130.0,00000000000000001426,57.4562785847368,C1602C95
977.0,2381.0,2084.0,776.0,744.0,1730.0,1814.0,761.0,485.0,2717.0,2682.0,886.0,1378.0,2090.0,559.0,2267.0,1775.0,1313.0,1871.0,854.0,2875.0,572.0,1025.0,1234.0,1856.0,768.0,1435.0,777.0,2559.0,2007.0,573.0,2377.0,1285.0,705.0,784.0,1182.0,2408.0,1228.0,592.0,2000.0,2798.0,811.0,2402.0,2024.0,2531.0,892.0,624.0,563.0,2578.0,1525.0,2454.0,636.0,732.0,1426.0,2223.0,1034.0,774.0,1443.0,872.0,2343.0,1412.0,00000000000000001427,81.5460832757154,C1602F03
999.0,2456.0,2137.0,827.0,788.0,1836.0,1884.0,840.0,504.0,2718.0,2651.0,902.0,1407.0,2094.0,577.0,2360.0,1815.0,1356.0,1858.0,911.0,2850.0,584.0,1057.0,1225.0,1918.0,780.0,1500.0,804.0,2605.0,2047.0,581.0,2421.0,1292.0,785.0,827.0,1303.0,2485.0,1318.0,681.0,2024.0,2847.0,850.0,2512.0,2118.0,2525.0,891.0,650.0,565.0,2578.0,1555.0,2539.0,722.0,772.0,1462.0,2301.0,1061.0,806.0,1424.0,926.0,2321.0,1440.0,00000000000000001428,21.3078771487945,C1602F04
1337.0,2677.0,2540.0,1158.0,1063.0,1966.0,2077.0,1140.0,717.0,3057.0,2893.0,1152.0,1644.0,2558.0,799.0,2632.0,2227.0,1650.0,2091.0,1224.0,2939.0,866.0,1422.0,1497.0,2416.0,1062.0,1760.0,1168.0,2882.0,2337.0,840.0,2740.0,1631.0,1098.0,1112.0,1607.0,2722.0,1647.0,1012.0,2450.0,2994.0,1138.0,2750.0,2395.0,2670.0,1089.0,906.0,791.0,2811.0,1906.0,2910.0,1055.0,1046.0,1863.0,2775.0,1384.0,1137.0,1752.0,1318.0,2637.0,1806.0,00000000000000001429,76.3677435947577,C1602F05
894.0,2533.0,1964.0,714.0,773.0,1902.0,1790.0,746.0,524.0,2570.0,2605.0,846.0,1308.0,1899.0,611.0,2269.0,1768.0,1250.0,1914.0,824.0,2923.0,550.0,922.0,1197.0,1822.0,756.0,1384.0,688.0,2544.0,1896.0,605.0,2393.0,1100.0,680.0,790.0,1240.0,2352.0,1177.0,544.0,1781.0,2759.0,863.0,2569.0,1923.0,2483.0,968.0,602.0,589.0,2399.0,1410.0,2360.0,665.0,719.0,1343.0,2068.0,1037.0,743.0,1324.0,758.0,2058.0,1239.0,0000000000000000142a,85.2246072660528,C1602F07
882.0,2316.0,1913.0,658.0,744.0,1872.0,1768.0,725.0,514.0,2522.0,2566.0,880.0,1308.0,1850.0,575.0,2143.0,1650.0,1227.0,1826.0,824.0,2826.0,533.0,887.0,1198.0,1674.0,748.0,1369.0,648.0,2381.0,1853.0,601.0,2296.0,1145.0,649.0,742.0,1180.0,2327.0,1132.0,510.0,1808.0,2674.0,780.0,2468.0,1835.0,2461.0,935.0,604.0,562.0,2403.0,1356.0,2301.0,602.0,668.0,1262.0,1934.0,974.0,714.0,1291.0,715.0,2130.0,1253.0,0000000000000000142b,79.4621621766738,C1602F09
873.0,2347.0,1911.0,643.0,736.0,1871.0,1763.0,717.0,495.0,2551.0,2577.0,866.0,1298.0,1847.0,563.0,2164.0,1647.0,1224.0,1827.0,811.0,2858.0,508.0,882.0,1188.0,1677.0,737.0,1372.0,633.0,2410.0,1849.0,593.0,2322.0,1132.0,638.0,742.0,1174.0,2335.0,1120.0,497.0,1800.0,2698.0,787.0,2502.0,1833.0,2471.0,930.0,585.0,547.0,2410.0,1353.0,2327.0,600.0,657.0,1253.0,1960.0,970.0,714.0,1283.0,704.0,2129.0,1242.0,0000000000000000142c,103.144682324199,C1602P01
862.0,2503.0,1927.0,698.0,743.0,1852.0,1742.0,714.0,501.0,2511.0,2561.0,811.0,1271.0,1861.0,588.0,2227.0,1736.0,1216.0,1871.0,794.0,2870.0,530.0,890.0,1162.0,1795.0,726.0,1330.0,669.0,2507.0,1843.0,576.0,2347.0,1058.0,656.0,765.0,1208.0,2309.0,1138.0,520.0,1740.0,2711.0,840.0,2516.0,1886.0,2438.0,939.0,580.0,570.0,2350.0,1381.0,2309.0,642.0,695.0,1307.0,2026.0,1010.0,719.0,1292.0,733.0,1999.0,1196.0,0000000000000000142d,45.67274485513,C1602P02
1112.0,2528.0,2236.0,917.0,834.0,1822.0,1950.0,893.0,527.0,2900.0,2813.0,965.0,1467.0,2247.0,622.0,2443.0,1969.0,1478.0,2008.0,967.0,2930.0,652.0,1211.0,1337.0,2124.0,849.0,1571.0,933.0,2787.0,2224.0,626.0,2505.0,1450.0,838.0,898.0,1358.0,2563.0,1409.0,753.0,2216.0,2942.0,928.0,2516.0,2257.0,2609.0,915.0,689.0,603.0,2740.0,1671.0,2658.0,784.0,850.0,1651.0,2536.0,1175.0,878.0,1558.0,1072.0,2538.0,1611.0,0000000000000000142e,54.2382394516023,C1602P04
829.0,2464.0,1876.0,669.0,709.0,1811.0,1706.0,679.0,470.0,2475.0,2523.0,781.0,1236.0,1810.0,551.0,2193.0,1684.0,1178.0,1830.0,761.0,2840.0,500.0,856.0,1121.0,1745.0,694.0,1240.0,639.0,2470.0,1802.0,549.0,2311.0,1025.0,618.0,738.0,1166.0,2274.0,1096.0,484.0,1693.0,2680.0,813.0,2480.0,1845.0,2403.0,909.0,554.0,540.0,2316.0,1339.0,2273.0,611.0,657.0,1266.0,1987.0,973.0,691.0,1250.0,695.0,1966.0,1157.0,0000000000000000142f,52.7950618603718,C1602P06
1126.0,2581.0,2342.0,899.0,905.0,1861.0,1888.0,928.0,558.0,2806.0,2705.0,1059.0,1458.0,2286.0,608.0,2515.0,2066.0,1529.0,2026.0,1008.0,2855.0,686.0,1229.0,1398.0,2140.0,923.0,1541.0,1018.0,2633.0,2154.0,741.0,2567.0,1511.0,949.0,878.0,1354.0,2578.0,1440.0,803.0,2224.0,2742.0,944.0,2558.0,2221.0,2549.0,897.0,684.0,656.0,2747.0,1681.0,2801.0,767.0,808.0,1711.0,2591.0,1204.0,932.0,1643.0,1108.0,2544.0,1657.0,00000000000000001430,107.217649604891,C1602P08
1282.0,2735.0,2554.0,1011.0,1144.0,2019.0,2039.0,1105.0,747.0,2991.0,2889.0,1295.0,1628.0,2490.0,737.0,2725.0,2411.0,1725.0,2306.0,1155.0,3043.0,833.0,1440.0,1650.0,2343.0,1107.0,1692.0,1159.0,2720.0,2361.0,911.0,2719.0,1763.0,1149.0,990.0,1494.0,2782.0,1637.0,929.0,2453.0,2832.0,1092.0,2728.0,2410.0,2715.0,1076.0,805.0,805.0,2908.0,1848.0,3000.0,870.0,938.0,1932.0,2822.0,1368.0,1082.0,1848.0,1221.0,2767.0,1883.0,00000000000000001432,173.915963891137,C1602R98
763.0,2361.0,1788.0,613.0,641.0,1734.0,1616.0,620.0,419.0,2402.0,2442.0,732.0,1182.0,1706.0,488.0,2089.0,1579.0,1115.0,1741.0,704.0,2728.0,440.0,795.0,1050.0,1653.0,636.0,1147.0,583.0,2369.0,1691.0,510.0,2224.0,954.0,556.0,692.0,1098.0,2191.0,1014.0,412.0,1616.0,2598.0,765.0,2398.0,1755.0,2316.0,849.0,500.0,490.0,2229.0,1260.0,2193.0,552.0,586.0,1183.0,1901.0,910.0,637.0,1166.0,633.0,1880.0,1088.0,00000000000000001433,260.323961899748,C1602W02
842.0,2462.0,1892.0,671.0,720.0,1834.0,1728.0,696.0,484.0,2510.0,2542.0,800.0,1256.0,1825.0,560.0,2209.0,1685.0,1195.0,1839.0,776.0,2863.0,511.0,871.0,1142.0,1745.0,707.0,1315.0,643.0,2479.0,1825.0,565.0,2326.0,1047.0,630.0,744.0,1182.0,2290.0,1113.0,495.0,1721.0,2703.0,814.0,2507.0,1848.0,2427.0,918.0,566.0,550.0,2342.0,1350.0,2299.0,614.0,666.0,1278.0,2000.0,983.0,699.0,1263.0,706.0,2005.0,1186.0,00000000000000001434,124.781114623139,C1602W03
931.0,2459.0,1994.0,705.0,793.0,1950.0,1851.0,776.0,539.0,2634.0,2655.0,915.0,1370.0,1926.0,619.0,2263.0,1740.0,1293.0,1921.0,867.0,2929.0,561.0,948.0,1245.0,1791.0,795.0,1428.0,691.0,2517.0,1937.0,636.0,2408.0,1180.0,697.0,796.0,1256.0,2412.0,1202.0,559.0,1864.0,2788.0,850.0,2582.0,1939.0,2547.0,982.0,633.0,596.0,2483.0,1432.0,2418.0,661.0,720.0,1349.0,2072.0,1038.0,765.0,1356.0,773.0,2187.0,1312.0,00000000000000001435,127.459281746557,C1602W09
1165.0,2624.0,2359.0,1059.0,925.0,1854.0,1960.0,1035.0,611.0,2915.0,2721.0,1011.0,1558.0,2340.0,692.0,2524.0,2057.0,1519.0,1892.0,1093.0,2861.0,733.0,1262.0,1325.0,2188.0,894.0,1643.0,1002.0,2804.0,2177.0,673.0,2597.0,1435.0,980.0,994.0,1507.0,2615.0,1534.0,911.0,2271.0,2962.0,1020.0,2605.0,2310.0,2521.0,973.0,791.0,686.0,2672.0,1705.0,2754.0,955.0,941.0,1659.0,2607.0,1223.0,975.0,1525.0,1152.0,2436.0,1636.0,00000000000000001437,83.5919325315037,C1602X04
966.0,2596.0,2057.0,771.0,844.0,1982.0,1880.0,824.0,588.0,2651.0,2675.0,914.0,1383.0,1991.0,674.0,2342.0,1855.0,1318.0,1990.0,893.0,2998.0,611.0,1000.0,1267.0,1898.0,821.0,1466.0,738.0,2611.0,1993.0,651.0,2473.0,1170.0,742.0,841.0,1321.0,2416.0,1263.0,614.0,1868.0,2824.0,914.0,2651.0,1997.0,2560.0,1039.0,666.0,650.0,2475.0,1476.0,2439.0,718.0,785.0,1423.0,2143.0,1104.0,794.0,1393.0,824.0,2139.0,1327.0,00000000000000001438,87.7304603877867,C1602X05
1431.0,2691.0,2617.0,1236.0,1141.0,2039.0,2143.0,1219.0,805.0,3094.0,2904.0,1276.0,1694.0,2635.0,870.0,2646.0,2299.0,1759.0,2144.0,1336.0,2960.0,957.0,1505.0,1566.0,2509.0,1169.0,1880.0,1300.0,2849.0,2361.0,987.0,2792.0,1732.0,1183.0,1211.0,1666.0,2777.0,1696.0,1094.0,2562.0,2975.0,1261.0,2800.0,2412.0,2736.0,1162.0,999.0,889.0,2852.0,2041.0,3021.0,1163.0,1086.0,1918.0,2849.0,1472.0,1270.0,1891.0,1435.0,2673.0,1862.0,00000000000000001439,64.5563200868014,C1603C01
922.0,2508.0,1965.0,711.0,793.0,1945.0,1839.0,774.0,541.0,2620.0,2645.0,888.0,1347.0,1898.0,627.0,2278.0,1745.0,1278.0,1934.0,850.0,2948.0,562.0,946.0,1231.0,1800.0,781.0,1416.0,692.0,2538.0,1940.0,631.0,2412.0,1140.0,694.0,804.0,1267.0,2395.0,1210.0,559.0,1812.0,2779.0,862.0,2609.0,1934.0,2530.0,986.0,628.0,600.0,2460.0,1425.0,2403.0,673.0,729.0,1358.0,2082.0,1046.0,759.0,1341.0,769.0,2137.0,1295.0,0000000000000000143a,77.1870163438142,C1603C02
860.0,2430.0,1892.0,667.0,727.0,1871.0,1758.0,708.0,493.0,2552.0,2573.0,840.0,1292.0,1813.0,578.0,2201.0,1667.0,1216.0,1849.0,802.0,2867.0,521.0,880.0,1169.0,1721.0,727.0,1344.0,648.0,2468.0,1841.0,587.0,2340.0,1082.0,644.0,745.0,1196.0,2324.0,1129.0,503.0,1746.0,2715.0,810.0,2534.0,1854.0,2458.0,926.0,586.0,560.0,2382.0,1357.0,2331.0,617.0,673.0,1280.0,2005.0,988.0,708.0,1273.0,720.0,2066.0,1221.0,0000000000000000143b,70.0587716992811,C1603C03
876.0,2485.0,1935.0,690.0,752.0,1886.0,1780.0,733.0,514.0,2574.0,2595.0,839.0,1295.0,1868.0,594.0,2249.0,1719.0,1236.0,1875.0,807.0,2917.0,535.0,908.0,1188.0,1767.0,738.0,1360.0,668.0,2511.0,1882.0,599.0,2372.0,1093.0,664.0,774.0,1217.0,2337.0,1159.0,527.0,1773.0,2754.0,839.0,2566.0,1883.0,2480.0,948.0,596.0,574.0,2403.0,1387.0,2357.0,643.0,701.0,1315.0,2040.0,1011.0,728.0,1301.0,741.0,2078.0,1238.0,0000000000000000143c,76.1301641266355,C1603C05
763.0,2368.0,1786.0,601.0,641.0,1736.0,1613.0,622.0,413.0,2422.0,2450.0,734.0,1191.0,1703.0,489.0,2099.0,1574.0,1120.0,1737.0,706.0,2745.0,433.0,788.0,1055.0,1648.0,639.0,1175.0,571.0,2379.0,1688.0,507.0,2233.0,961.0,555.0,679.0,1097.0,2200.0,1012.0,413.0,1620.0,2611.0,753.0,2412.0,1755.0,2333.0,846.0,492.0,482.0,2247.0,1261.0,2205.0,545.0,583.0,1183.0,1911.0,907.0,630.0,1167.0,631.0,1894.0,1096.0,0000000000000000143d,50.9959623084707,C1603C06
1110.0,2636.0,2282.0,936.0,890.0,1910.0,1973.0,965.0,531.0,2911.0,2799.0,950.0,1492.0,2297.0,637.0,2559.0,1984.0,1453.0,1977.0,1010.0,2919.0,664.0,1216.0,1317.0,2139.0,861.0,1593.0,933.0,2813.0,2206.0,655.0,2616.0,1422.0,903.0,910.0,1458.0,2667.0,1474.0,819.0,2198.0,2949.0,936.0,2661.0,2289.0,2605.0,926.0,711.0,611.0,2709.0,1706.0,2714.0,852.0,851.0,1664.0,2584.0,1166.0,922.0,1551.0,1085.0,2520.0,1619.0,0000000000000000143e,78.6501840020448,C1603F01
1245.0,2690.0,2441.0,1045.0,1003.0,1956.0,2045.0,1079.0,623.0,3026.0,2887.0,1061.0,1562.0,2460.0,732.0,2632.0,2134.0,1570.0,2046.0,1138.0,2961.0,776.0,1341.0,1410.0,2311.0,979.0,1711.0,1069.0,2886.0,2279.0,774.0,2723.0,1550.0,1025.0,1014.0,1547.0,2721.0,1561.0,939.0,2353.0,2994.0,1053.0,2741.0,2340.0,2675.0,1028.0,808.0,712.0,2797.0,1838.0,2897.0,963.0,962.0,1780.0,2736.0,1284.0,1054.0,1693.0,1235.0,2610.0,1727.0,0000000000000000143f,121.626932624258,C1603F03
1347.0,2687.0,2529.0,1174.0,1036.0,1936.0,2082.0,1133.0,709.0,3109.0,2933.0,1173.0,1702.0,2524.0,800.0,2593.0,2298.0,1711.0,2158.0,1198.0,3009.0,857.0,1478.0,1552.0,2489.0,1021.0,1796.0,1198.0,2929.0,2408.0,776.0,2703.0,1701.0,1080.0,1128.0,1614.0,2700.0,1664.0,1009.0,2565.0,3074.0,1147.0,2681.0,2469.0,2649.0,1085.0,897.0,788.0,2886.0,1879.0,2858.0,1046.0,1070.0,1926.0,2816.0,1401.0,1096.0,1708.0,1355.0,2699.0,1873.0,00000000000000001440,55.8548717228265,C1603F04
1026.0,2486.0,2159.0,859.0,809.0,1856.0,1896.0,874.0,507.0,2766.0,2683.0,915.0,1429.0,2111.0,588.0,2393.0,1864.0,1386.0,1884.0,931.0,2865.0,604.0,1110.0,1247.0,1981.0,786.0,1527.0,838.0,2660.0,2094.0,591.0,2440.0,1328.0,815.0,850.0,1345.0,2524.0,1354.0,717.0,2075.0,2882.0,876.0,2542.0,2167.0,2520.0,901.0,662.0,575.0,2618.0,1571.0,2576.0,759.0,795.0,1506.0,2377.0,1091.0,823.0,1421.0,970.0,2372.0,1482.0,00000000000000001441,120.724065440082,C1603F05
1227.0,2695.0,2428.0,1038.0,988.0,1957.0,2042.0,1073.0,608.0,3027.0,2879.0,1047.0,1562.0,2444.0,714.0,2652.0,2122.0,1563.0,2052.0,1124.0,2969.0,755.0,1339.0,1409.0,2297.0,957.0,1689.0,1049.0,2897.0,2295.0,725.0,2724.0,1544.0,1016.0,1001.0,1554.0,2726.0,1567.0,930.0,2354.0,3010.0,1033.0,2757.0,2348.0,2658.0,1014.0,796.0,691.0,2797.0,1820.0,2843.0,950.0,954.0,1775.0,2722.0,1273.0,1029.0,1668.0,1211.0,2608.0,1725.0,00000000000000001442,58.7741386770508,C1603F06
1210.0,2690.0,2386.0,1008.0,967.0,1936.0,2022.0,1043.0,587.0,3014.0,2886.0,1013.0,1528.0,2410.0,700.0,2618.0,2078.0,1530.0,2015.0,1098.0,2962.0,738.0,1300.0,1376.0,2250.0,939.0,1681.0,1020.0,2903.0,2259.0,733.0,2711.0,1512.0,986.0,971.0,1518.0,2707.0,1528.0,908.0,2286.0,3000.0,1007.0,2723.0,2319.0,2660.0,1002.0,766.0,673.0,2782.0,1795.0,2880.0,916.0,936.0,1745.0,2704.0,1247.0,1007.0,1657.0,1193.0,2587.0,1689.0,00000000000000001443,40.052261215559,C1603F07
996.0,2388.0,2108.0,797.0,763.0,1782.0,1848.0,787.0,484.0,2715.0,2727.0,883.0,1387.0,2125.0,554.0,2309.0,1785.0,1342.0,1883.0,884.0,2834.0,579.0,1040.0,1252.0,1896.0,786.0,1408.0,807.0,2581.0,2038.0,579.0,2403.0,1328.0,736.0,770.0,1231.0,2466.0,1275.0,623.0,2001.0,2787.0,797.0,2439.0,2083.0,2557.0,873.0,634.0,545.0,2601.0,1578.0,2519.0,656.0,733.0,1481.0,2267.0,1035.0,793.0,1489.0,913.0,2409.0,1452.0,00000000000000001444,43.2235900305978,C1603P02
903.0,2329.0,1956.0,687.0,746.0,1841.0,1782.0,734.0,514.0,2563.0,2590.0,883.0,1329.0,1909.0,576.0,2172.0,1676.0,1245.0,1835.0,833.0,2834.0,548.0,914.0,1204.0,1713.0,754.0,1392.0,677.0,2421.0,1888.0,599.0,2310.0,1170.0,665.0,753.0,1183.0,2343.0,1158.0,532.0,1845.0,2699.0,787.0,2449.0,1874.0,2476.0,928.0,611.0,569.0,2437.0,1396.0,2337.0,612.0,686.0,1300.0,1993.0,989.0,730.0,1327.0,749.0,2166.0,1290.0,00000000000000001445,32.105178092073,C1603P04
1060.0,2476.0,2213.0,841.0,815.0,1813.0,1852.0,846.0,481.0,2762.0,2690.0,952.0,1426.0,2219.0,565.0,2396.0,1913.0,1434.0,1932.0,950.0,2805.0,628.0,1141.0,1306.0,2026.0,843.0,1453.0,936.0,2576.0,2092.0,650.0,2477.0,1410.0,838.0,804.0,1314.0,2531.0,1360.0,712.0,2120.0,2761.0,863.0,2488.0,2138.0,2550.0,856.0,644.0,610.0,2671.0,1652.0,2704.0,705.0,762.0,1627.0,2455.0,1126.0,854.0,1565.0,1032.0,2463.0,1571.0,00000000000000001446,65.0948137149553,C1603P05
1173.0,2611.0,2313.0,957.0,913.0,1922.0,1993.0,980.0,549.0,2901.0,2838.0,999.0,1498.0,2329.0,657.0,2537.0,2011.0,1517.0,2007.0,1067.0,2887.0,695.0,1241.0,1365.0,2170.0,916.0,1613.0,978.0,2800.0,2231.0,703.0,2612.0,1491.0,943.0,922.0,1476.0,2665.0,1495.0,853.0,2211.0,2903.0,970.0,2627.0,2284.0,2623.0,945.0,720.0,635.0,2751.0,1765.0,2802.0,857.0,886.0,1718.0,2607.0,1224.0,960.0,1641.0,1146.0,2551.0,1662.0,00000000000000001447,40.8780189345868,C1603P95
1253.0,2684.0,2459.0,1056.0,1010.0,1956.0,2049.0,1087.0,637.0,3026.0,2873.0,1079.0,1576.0,2479.0,739.0,2637.0,2153.0,1583.0,2054.0,1150.0,2956.0,784.0,1356.0,1420.0,2334.0,990.0,1712.0,1082.0,2876.0,2288.0,780.0,2720.0,1562.0,1032.0,1026.0,1555.0,2718.0,1577.0,945.0,2380.0,2990.0,1064.0,2739.0,2343.0,2669.0,1034.0,822.0,720.0,2795.0,1846.0,2890.0,978.0,965.0,1791.0,2745.0,1294.0,1065.0,1699.0,1244.0,2610.0,1739.0,00000000000000001448,54.3245358545703,C1603P97
925.0,2313.0,2037.0,728.0,706.0,1729.0,1787.0,721.0,454.0,2640.0,2668.0,831.0,1315.0,2062.0,525.0,2208.0,1713.0,1280.0,1789.0,815.0,2801.0,541.0,940.0,1204.0,1780.0,730.0,1325.0,729.0,2507.0,1936.0,551.0,2337.0,1265.0,667.0,714.0,1143.0,2394.0,1182.0,560.0,1926.0,2712.0,748.0,2367.0,1959.0,2515.0,846.0,601.0,522.0,2522.0,1487.0,2439.0,592.0,680.0,1358.0,2150.0,953.0,736.0,1420.0,830.0,2334.0,1355.0,00000000000000001449,112.880962742461,C1603R02
993.0,2387.0,2104.0,793.0,757.0,1778.0,1843.0,782.0,481.0,2714.0,2725.0,880.0,1378.0,2122.0,550.0,2305.0,1781.0,1339.0,1877.0,880.0,2833.0,575.0,1033.0,1248.0,1892.0,782.0,1405.0,803.0,2580.0,2033.0,575.0,2400.0,1324.0,728.0,765.0,1222.0,2462.0,1266.0,617.0,1998.0,2785.0,793.0,2437.0,2077.0,2554.0,870.0,630.0,541.0,2598.0,1573.0,2517.0,651.0,728.0,1471.0,2264.0,1032.0,788.0,1487.0,906.0,2404.0,1442.0,0000000000000000144a,104.964460964856,C1603R03
842.0,2216.0,1918.0,612.0,662.0,1707.0,1688.0,658.0,436.0,2518.0,2491.0,816.0,1235.0,1906.0,488.0,2107.0,1607.0,1174.0,1688.0,763.0,2769.0,477.0,843.0,1133.0,1616.0,690.0,1204.0,631.0,2361.0,1776.0,525.0,2262.0,1172.0,603.0,647.0,1063.0,2281.0,1064.0,476.0,1852.0,2615.0,677.0,2338.0,1755.0,2408.0,820.0,564.0,486.0,2389.0,1329.0,2321.0,517.0,602.0,1210.0,1979.0,863.0,671.0,1286.0,719.0,2195.0,1242.0,0000000000000000144b,70.9189659369244,C1603R04
1066.0,2497.0,2243.0,849.0,871.0,1801.0,1834.0,873.0,527.0,2738.0,2697.0,1022.0,1418.0,2211.0,563.0,2448.0,2027.0,1472.0,2007.0,948.0,2824.0,646.0,1182.0,1367.0,2048.0,875.0,1468.0,976.0,2540.0,2116.0,694.0,2472.0,1476.0,903.0,804.0,1301.0,2545.0,1393.0,737.0,2141.0,2677.0,885.0,2470.0,2167.0,2525.0,853.0,642.0,629.0,2703.0,1637.0,2721.0,695.0,761.0,1682.0,2523.0,1144.0,876.0,1594.0,1046.0,2510.0,1626.0,0000000000000000144c,39.7877699722631,C1603R07
1324.0,2681.0,2525.0,1132.0,1057.0,1970.0,2076.0,1131.0,707.0,3058.0,2878.0,1151.0,1631.0,2546.0,790.0,2634.0,2212.0,1641.0,2080.0,1217.0,2945.0,856.0,1407.0,1474.0,2404.0,1060.0,1759.0,1162.0,2867.0,2312.0,857.0,2749.0,1620.0,1082.0,1094.0,1599.0,2725.0,1635.0,998.0,2440.0,2982.0,1132.0,2754.0,2368.0,2681.0,1082.0,894.0,787.0,2806.0,1908.0,2951.0,1045.0,1013.0,1851.0,2790.0,1365.0,1136.0,1760.0,1310.0,2627.0,1795.0,0000000000000000144d,120.260014753618,C1603W01
1264.0,2674.0,2476.0,1069.0,1025.0,1956.0,2058.0,1093.0,665.0,3029.0,2852.0,1105.0,1592.0,2502.0,754.0,2621.0,2173.0,1598.0,2053.0,1166.0,2947.0,809.0,1372.0,1418.0,2362.0,1013.0,1735.0,1114.0,2850.0,2277.0,826.0,2718.0,1573.0,1034.0,1036.0,1556.0,2705.0,1587.0,950.0,2404.0,2966.0,1085.0,2721.0,2333.0,2679.0,1046.0,846.0,748.0,2788.0,1867.0,2942.0,994.0,959.0,1806.0,2774.0,1302.0,1092.0,1727.0,1268.0,2604.0,1756.0,0000000000000000144e,120.760591386165,C1603W02
1297.0,2675.0,2502.0,1103.0,1045.0,1962.0,2066.0,1117.0,689.0,3042.0,2862.0,1131.0,1613.0,2526.0,776.0,2626.0,2194.0,1621.0,2068.0,1195.0,2943.0,835.0,1393.0,1448.0,2384.0,1040.0,1751.0,1140.0,2856.0,2295.0,843.0,2733.0,1598.0,1061.0,1067.0,1580.0,2712.0,1615.0,977.0,2423.0,2973.0,1110.0,2737.0,2351.0,2675.0,1068.0,872.0,769.0,2793.0,1888.0,2944.0,1021.0,989.0,1831.0,2780.0,1337.0,1115.0,1744.0,1291.0,2613.0,1777.0,0000000000000000144f,48.1152128850096,C1603W03
1270.0,2671.0,2477.0,1074.0,1026.0,1955.0,2058.0,1095.0,668.0,3029.0,2855.0,1110.0,1600.0,2504.0,761.0,2619.0,2175.0,1601.0,2054.0,1171.0,2943.0,812.0,1373.0,1423.0,2363.0,1018.0,1733.0,1116.0,2849.0,2280.0,828.0,2718.0,1577.0,1042.0,1041.0,1564.0,2706.0,1597.0,958.0,2404.0,2966.0,1088.0,2721.0,2336.0,2678.0,1048.0,849.0,750.0,2789.0,1869.0,2940.0,998.0,968.0,1816.0,2773.0,1308.0,1095.0,1729.0,1277.0,2606.0,1764.0,00000000000000001450,135.842224323106,C1603W04
1118.0,2664.0,2307.0,960.0,901.0,1908.0,1969.0,986.0,543.0,2918.0,2809.0,965.0,1491.0,2315.0,648.0,2588.0,2007.0,1465.0,1975.0,1032.0,2930.0,674.0,1234.0,1318.0,2177.0,866.0,1607.0,959.0,2823.0,2208.0,669.0,2638.0,1437.0,932.0,924.0,1465.0,2671.0,1482.0,848.0,2207.0,2962.0,945.0,2680.0,2293.0,2599.0,932.0,719.0,618.0,2714.0,1734.0,2740.0,870.0,869.0,1678.0,2620.0,1180.0,935.0,1573.0,1122.0,2529.0,1623.0,00000000000000001451,59.2409377677985,C1603W05
1252.0,2680.0,2458.0,1054.0,1010.0,1956.0,2050.0,1082.0,642.0,3028.0,2868.0,1080.0,1582.0,2481.0,744.0,2625.0,2153.0,1581.0,2048.0,1150.0,2953.0,790.0,1352.0,1411.0,2336.0,994.0,1718.0,1089.0,2866.0,2276.0,794.0,2722.0,1559.0,1031.0,1017.0,1558.0,2712.0,1579.0,946.0,2378.0,2978.0,1061.0,2733.0,2335.0,2675.0,1033.0,824.0,728.0,2791.0,1849.0,2919.0,971.0,962.0,1799.0,2754.0,1291.0,1065.0,1708.0,1254.0,2605.0,1748.0,00000000000000001452,66.1584580172103,C1603X01
1009.0,2605.0,2141.0,851.0,879.0,1978.0,1905.0,874.0,631.0,2658.0,2657.0,941.0,1405.0,2066.0,699.0,2355.0,1936.0,1377.0,2006.0,950.0,2935.0,665.0,1049.0,1300.0,1982.0,856.0,1509.0,805.0,2625.0,2046.0,678.0,2508.0,1220.0,794.0,889.0,1379.0,2429.0,1332.0,685.0,1936.0,2788.0,963.0,2636.0,2046.0,2540.0,1056.0,710.0,685.0,2468.0,1541.0,2474.0,788.0,828.0,1489.0,2211.0,1146.0,844.0,1436.0,884.0,2154.0,1379.0,00000000000000001453,75.1572321829704,C1603X02
755.0,2333.0,1765.0,605.0,632.0,1711.0,1598.0,609.0,408.0,2368.0,2425.0,718.0,1165.0,1686.0,478.0,2055.0,1563.0,1094.0,1723.0,693.0,2690.0,432.0,788.0,1030.0,1633.0,625.0,1130.0,574.0,2331.0,1681.0,502.0,2194.0,933.0,546.0,693.0,1086.0,2169.0,1003.0,403.0,1583.0,2549.0,765.0,2364.0,1736.0,2298.0,838.0,490.0,479.0,2210.0,1248.0,2159.0,551.0,578.0,1177.0,1871.0,908.0,634.0,1150.0,624.0,1850.0,1068.0,00000000000000001454,57.9787105018302,C1603X03
1311.0,2679.0,2517.0,1110.0,1056.0,1969.0,2072.0,1128.0,708.0,3043.0,2851.0,1164.0,1626.0,2538.0,790.0,2631.0,2209.0,1636.0,2069.0,1216.0,2952.0,852.0,1401.0,1447.0,2407.0,1064.0,1770.0,1171.0,2839.0,2278.0,876.0,2741.0,1609.0,1077.0,1076.0,1595.0,2724.0,1623.0,993.0,2458.0,2963.0,1131.0,2741.0,2333.0,2692.0,1075.0,890.0,794.0,2801.0,1906.0,2968.0,1038.0,982.0,1844.0,2797.0,1349.0,1140.0,1770.0,1319.0,2616.0,1791.0,00000000000000001455,67.8415661261786,C1603X04
753.0,2354.0,1776.0,599.0,633.0,1726.0,1603.0,613.0,410.0,2406.0,2440.0,725.0,1183.0,1692.0,479.0,2086.0,1563.0,1110.0,1727.0,696.0,2733.0,430.0,781.0,1044.0,1637.0,629.0,1167.0,570.0,2367.0,1678.0,503.0,2219.0,950.0,545.0,676.0,1090.0,2190.0,1004.0,403.0,1612.0,2599.0,751.0,2398.0,1745.0,2322.0,839.0,490.0,480.0,2236.0,1251.0,2190.0,541.0,573.0,1174.0,1896.0,897.0,627.0,1157.0,621.0,1885.0,1088.0,00000000000000001456,41.5204606315197,C1605C01
763.0,2369.0,1795.0,610.0,643.0,1740.0,1622.0,623.0,419.0,2417.0,2453.0,734.0,1194.0,1711.0,494.0,2099.0,1586.0,1127.0,1746.0,705.0,2739.0,440.0,791.0,1061.0,1661.0,638.0,1154.0,580.0,2379.0,1692.0,516.0,2234.0,967.0,561.0,695.0,1106.0,2203.0,1020.0,417.0,1628.0,2611.0,766.0,2408.0,1759.0,2331.0,848.0,500.0,490.0,2244.0,1269.0,2205.0,554.0,590.0,1191.0,1911.0,907.0,641.0,1174.0,637.0,1895.0,1099.0,00000000000000001458,54.5635115674459,C1605C03
865.0,2363.0,1897.0,635.0,728.0,1871.0,1756.0,708.0,483.0,2558.0,2574.0,856.0,1292.0,1833.0,557.0,2171.0,1637.0,1220.0,1824.0,798.0,2865.0,502.0,872.0,1182.0,1668.0,731.0,1360.0,626.0,2420.0,1842.0,586.0,2331.0,1123.0,631.0,738.0,1171.0,2333.0,1114.0,492.0,1781.0,2706.0,785.0,2513.0,1833.0,2468.0,920.0,578.0,540.0,2406.0,1352.0,2333.0,596.0,650.0,1249.0,1969.0,963.0,709.0,1276.0,697.0,2119.0,1235.0,00000000000000001459,30.1569256510792,C1605C04
1200.0,2643.0,2362.0,992.0,957.0,1922.0,2024.0,1026.0,594.0,2957.0,2824.0,1033.0,1526.0,2394.0,696.0,2574.0,2064.0,1540.0,2009.0,1099.0,2924.0,737.0,1290.0,1364.0,2250.0,948.0,1665.0,1031.0,2829.0,2236.0,758.0,2649.0,1510.0,969.0,958.0,1500.0,2675.0,1525.0,891.0,2287.0,2931.0,1009.0,2647.0,2282.0,2652.0,989.0,770.0,678.0,2756.0,1802.0,2883.0,908.0,900.0,1744.0,2691.0,1231.0,1006.0,1672.0,1202.0,2565.0,1689.0,0000000000000000145a,51.1943124931713,C1605C05
795.0,2417.0,1835.0,632.0,673.0,1777.0,1662.0,650.0,441.0,2453.0,2491.0,759.0,1219.0,1757.0,519.0,2146.0,1626.0,1150.0,1784.0,733.0,2794.0,464.0,826.0,1091.0,1698.0,666.0,1207.0,602.0,2423.0,1742.0,533.0,2275.0,996.0,586.0,713.0,1139.0,2240.0,1056.0,445.0,1664.0,2649.0,790.0,2452.0,1800.0,2370.0,877.0,520.0,510.0,2280.0,1304.0,2243.0,578.0,617.0,1222.0,1952.0,940.0,664.0,1212.0,662.0,1932.0,1130.0,0000000000000000145b,13.0958100922766,C1605C06
795.0,2425.0,1838.0,632.0,675.0,1787.0,1674.0,653.0,444.0,2458.0,2501.0,762.0,1227.0,1758.0,526.0,2154.0,1627.0,1151.0,1792.0,735.0,2802.0,465.0,830.0,1095.0,1700.0,668.0,1220.0,603.0,2433.0,1748.0,535.0,2281.0,1000.0,593.0,710.0,1145.0,2250.0,1062.0,452.0,1667.0,2661.0,787.0,2459.0,1809.0,2378.0,881.0,523.0,512.0,2290.0,1305.0,2250.0,577.0,624.0,1226.0,1958.0,940.0,663.0,1212.0,669.0,1942.0,1136.0,0000000000000000145c,73.1231543713663,C1605C10
1245.0,2681.0,2437.0,1028.0,1004.0,1960.0,2073.0,1070.0,640.0,3013.0,2833.0,1094.0,1578.0,2468.0,730.0,2621.0,2133.0,1593.0,2055.0,1151.0,2971.0,781.0,1344.0,1397.0,2332.0,1002.0,1727.0,1092.0,2849.0,2272.0,827.0,2700.0,1556.0,1004.0,1002.0,1546.0,2715.0,1576.0,925.0,2376.0,2951.0,1058.0,2691.0,2314.0,2701.0,1028.0,819.0,725.0,2794.0,1855.0,2972.0,958.0,915.0,1801.0,2773.0,1274.0,1062.0,1729.0,1249.0,2607.0,1745.0,0000000000000000145d,23.0857243213704,C1605F01
854.0,2245.0,1961.0,644.0,666.0,1688.0,1711.0,668.0,433.0,2549.0,2538.0,814.0,1244.0,1960.0,500.0,2141.0,1633.0,1199.0,1714.0,770.0,2785.0,491.0,864.0,1148.0,1661.0,697.0,1249.0,650.0,2401.0,1820.0,525.0,2277.0,1178.0,613.0,660.0,1069.0,2299.0,1088.0,490.0,1858.0,2658.0,694.0,2331.0,1811.0,2443.0,827.0,565.0,491.0,2414.0,1384.0,2337.0,534.0,616.0,1239.0,2024.0,885.0,684.0,1337.0,740.0,2215.0,1258.0,0000000000000000145e,18.2630007398596,C1605F03
993.0,2500.0,2140.0,830.0,785.0,1823.0,1857.0,835.0,499.0,2726.0,2649.0,896.0,1387.0,2076.0,575.0,2372.0,1824.0,1354.0,1854.0,902.0,2866.0,587.0,1059.0,1214.0,1936.0,771.0,1495.0,808.0,2626.0,2037.0,582.0,2453.0,1281.0,790.0,836.0,1301.0,2479.0,1312.0,680.0,2018.0,2842.0,859.0,2531.0,2064.0,2496.0,892.0,649.0,562.0,2574.0,1550.0,2565.0,731.0,771.0,1466.0,2319.0,1060.0,806.0,1403.0,931.0,2310.0,1433.0,0000000000000000145f,53.2616870267636,C1605F05
1118.0,2512.0,2231.0,915.0,840.0,1834.0,1955.0,890.0,534.0,2886.0,2813.0,970.0,1474.0,2242.0,621.0,2427.0,1964.0,1477.0,2013.0,972.0,2924.0,651.0,1207.0,1337.0,2112.0,852.0,1574.0,931.0,2764.0,2222.0,620.0,2491.0,1450.0,836.0,893.0,1363.0,2563.0,1415.0,744.0,2211.0,2927.0,923.0,2509.0,2254.0,2609.0,912.0,688.0,602.0,2740.0,1663.0,2636.0,779.0,849.0,1660.0,2515.0,1182.0,873.0,1557.0,1070.0,2538.0,1619.0,00000000000000001460,49.5505815641485,C1605F09
1070.0,2480.0,2192.0,882.0,814.0,1824.0,1925.0,866.0,520.0,2832.0,2754.0,941.0,1458.0,2183.0,600.0,2392.0,1907.0,1432.0,1957.0,940.0,2902.0,625.0,1153.0,1294.0,2034.0,818.0,1546.0,881.0,2718.0,2165.0,602.0,2454.0,1388.0,807.0,867.0,1328.0,2524.0,1373.0,713.0,2145.0,2913.0,895.0,2495.0,2226.0,2575.0,907.0,673.0,588.0,2685.0,1619.0,2597.0,750.0,815.0,1579.0,2435.0,1136.0,841.0,1501.0,1006.0,2461.0,1552.0,00000000000000001461,63.9829225218,C1605F94
1097.0,2499.0,2220.0,906.0,827.0,1818.0,1941.0,879.0,530.0,2874.0,2797.0,959.0,1469.0,2224.0,614.0,2412.0,1951.0,1465.0,1999.0,952.0,2923.0,644.0,1195.0,1326.0,2094.0,837.0,1565.0,919.0,2754.0,2207.0,615.0,2475.0,1432.0,823.0,891.0,1343.0,2545.0,1397.0,731.0,2201.0,2929.0,919.0,2496.0,2244.0,2601.0,912.0,684.0,600.0,2729.0,1646.0,2618.0,771.0,839.0,1634.0,2493.0,1164.0,863.0,1537.0,1051.0,2521.0,1599.0,00000000000000001462,85.3384428414289,C1605P01
1252.0,2680.0,2442.0,1026.0,1009.0,1966.0,2080.0,1075.0,641.0,3017.0,2839.0,1101.0,1583.0,2473.0,736.0,2621.0,2138.0,1598.0,2061.0,1158.0,2969.0,781.0,1349.0,1402.0,2337.0,1008.0,1733.0,1090.0,2847.0,2278.0,828.0,2705.0,1562.0,1012.0,1001.0,1552.0,2723.0,1581.0,932.0,2381.0,2948.0,1057.0,2696.0,2319.0,2708.0,1032.0,819.0,725.0,2802.0,1861.0,2980.0,957.0,923.0,1806.0,2779.0,1281.0,1062.0,1734.0,1258.0,2614.0,1750.0,00000000000000001463,71.7365770364535,C1605P03
1113.0,2511.0,2222.0,897.0,839.0,1836.0,1937.0,886.0,525.0,2854.0,2806.0,955.0,1474.0,2240.0,615.0,2422.0,1936.0,1461.0,1985.0,974.0,2883.0,650.0,1178.0,1321.0,2084.0,858.0,1536.0,920.0,2737.0,2182.0,634.0,2495.0,1433.0,840.0,871.0,1363.0,2562.0,1409.0,743.0,2157.0,2880.0,907.0,2513.0,2243.0,2594.0,908.0,680.0,600.0,2711.0,1675.0,2672.0,768.0,832.0,1648.0,2491.0,1169.0,874.0,1571.0,1061.0,2509.0,1598.0,00000000000000001465,28.7427650016221,C1605P08
1126.0,2595.0,2342.0,891.0,938.0,1860.0,1887.0,936.0,576.0,2822.0,2756.0,1089.0,1472.0,2291.0,610.0,2550.0,2117.0,1540.0,2071.0,1005.0,2901.0,686.0,1249.0,1430.0,2144.0,937.0,1537.0,1017.0,2632.0,2177.0,756.0,2570.0,1539.0,975.0,868.0,1355.0,2613.0,1458.0,795.0,2231.0,2746.0,947.0,2571.0,2243.0,2572.0,907.0,678.0,662.0,2775.0,1685.0,2813.0,748.0,808.0,1742.0,2623.0,1209.0,937.0,1657.0,1103.0,2582.0,1690.0,00000000000000001466,72.9173218178731,C1605P86
1133.0,2570.0,2344.0,894.0,968.0,1858.0,1893.0,955.0,605.0,2802.0,2764.0,1115.0,1480.0,2298.0,619.0,2538.0,2175.0,1549.0,2112.0,1009.0,2900.0,703.0,1276.0,1458.0,2148.0,954.0,1539.0,1030.0,2592.0,2192.0,771.0,2539.0,1568.0,991.0,860.0,1355.0,2609.0,1471.0,800.0,2242.0,2702.0,952.0,2539.0,2245.0,2566.0,926.0,690.0,684.0,2763.0,1689.0,2797.0,749.0,818.0,1763.0,2626.0,1208.0,943.0,1668.0,1098.0,2590.0,1710.0,00000000000000001467,28.8082334434338,C1605P91
1103.0,2558.0,2302.0,871.0,926.0,1836.0,1865.0,916.0,569.0,2781.0,2742.0,1077.0,1450.0,2254.0,594.0,2521.0,2099.0,1520.0,2066.0,981.0,2873.0,671.0,1228.0,1418.0,2107.0,920.0,1508.0,1002.0,2589.0,2161.0,737.0,2527.0,1526.0,963.0,838.0,1329.0,2596.0,1438.0,775.0,2196.0,2702.0,921.0,2527.0,2224.0,2552.0,887.0,662.0,649.0,2754.0,1660.0,2772.0,719.0,791.0,1724.0,2592.0,1187.0,912.0,1637.0,1083.0,2567.0,1674.0,00000000000000001468,38.5356398317756,C1605P93
832.0,2460.0,1881.0,662.0,710.0,1827.0,1719.0,684.0,471.0,2507.0,2539.0,791.0,1255.0,1809.0,549.0,2200.0,1671.0,1187.0,1833.0,768.0,2857.0,500.0,861.0,1133.0,1736.0,697.0,1291.0,635.0,2472.0,1812.0,556.0,2322.0,1038.0,617.0,735.0,1174.0,2288.0,1099.0,479.0,1710.0,2704.0,806.0,2500.0,1842.0,2423.0,915.0,559.0,540.0,2339.0,1342.0,2295.0,603.0,652.0,1266.0,1988.0,974.0,691.0,1251.0,693.0,1995.0,1175.0,00000000000000001469,36.3026705036034,C1605X02
1447.0,2780.0,2726.0,1377.0,1184.0,2083.0,2223.0,1309.0,854.0,3159.0,2969.0,1285.0,1875.0,2689.0,930.0,2687.0,2422.0,1905.0,2163.0,1379.0,3033.0,979.0,1585.0,1670.0,2559.0,1151.0,1982.0,1288.0,2983.0,2490.0,896.0,2837.0,1806.0,1280.0,1296.0,1793.0,2823.0,1835.0,1203.0,2639.0,3154.0,1305.0,2812.0,2641.0,2750.0,1238.0,1056.0,916.0,2922.0,2119.0,3027.0,1246.0,1235.0,1998.0,2882.0,1516.0,1276.0,1903.0,1497.0,2684.0,1968.0,0000000000000000146b,980.324239874196,C1606W04
791.0,2401.0,1819.0,640.0,670.0,1756.0,1648.0,641.0,438.0,2411.0,2471.0,744.0,1186.0,1751.0,511.0,2127.0,1625.0,1128.0,1774.0,724.0,2765.0,468.0,819.0,1070.0,1687.0,656.0,1180.0,610.0,2402.0,1743.0,522.0,2247.0,968.0,579.0,715.0,1121.0,2220.0,1047.0,442.0,1634.0,2612.0,791.0,2417.0,1791.0,2347.0,869.0,519.0,509.0,2258.0,1287.0,2203.0,586.0,617.0,1219.0,1925.0,936.0,658.0,1201.0,657.0,1903.0,1108.0,0000000000000000146d,47.344229289075,C1607C01
884.0,2473.0,1931.0,692.0,760.0,1904.0,1796.0,741.0,518.0,2590.0,2606.0,859.0,1315.0,1860.0,598.0,2243.0,1714.0,1239.0,1891.0,821.0,2913.0,541.0,915.0,1193.0,1763.0,751.0,1373.0,672.0,2505.0,1892.0,604.0,2379.0,1103.0,664.0,772.0,1229.0,2351.0,1169.0,528.0,1780.0,2749.0,837.0,2576.0,1896.0,2491.0,957.0,609.0,580.0,2414.0,1385.0,2370.0,643.0,698.0,1319.0,2047.0,1014.0,730.0,1301.0,739.0,2093.0,1257.0,0000000000000000146e,39.0863852327472,C1607C03
804.0,2386.0,1845.0,622.0,675.0,1796.0,1682.0,656.0,447.0,2489.0,2508.0,781.0,1233.0,1762.0,527.0,2151.0,1614.0,1158.0,1777.0,742.0,2815.0,476.0,829.0,1111.0,1678.0,671.0,1247.0,603.0,2420.0,1762.0,547.0,2276.0,1017.0,593.0,707.0,1139.0,2259.0,1064.0,452.0,1688.0,2671.0,772.0,2470.0,1781.0,2393.0,878.0,535.0,515.0,2316.0,1300.0,2272.0,575.0,622.0,1223.0,1942.0,933.0,669.0,1215.0,669.0,1991.0,1158.0,0000000000000000146f,21.4591984877257,C1607C04
792.0,2398.0,1821.0,645.0,665.0,1745.0,1639.0,636.0,438.0,2390.0,2463.0,731.0,1176.0,1754.0,512.0,2110.0,1637.0,1126.0,1768.0,722.0,2749.0,468.0,821.0,1076.0,1688.0,653.0,1174.0,614.0,2391.0,1738.0,512.0,2235.0,961.0,580.0,720.0,1121.0,2200.0,1044.0,444.0,1618.0,2593.0,800.0,2395.0,1786.0,2331.0,867.0,519.0,510.0,2245.0,1299.0,2185.0,593.0,621.0,1219.0,1912.0,951.0,661.0,1202.0,661.0,1884.0,1100.0,00000000000000001470,54.576770674554,C1607C05
970.0,2594.0,2066.0,772.0,851.0,1996.0,1892.0,832.0,594.0,2663.0,2687.0,921.0,1398.0,2001.0,679.0,2349.0,1862.0,1326.0,1999.0,895.0,3011.0,615.0,1008.0,1278.0,1907.0,827.0,1478.0,741.0,2613.0,2000.0,666.0,2479.0,1183.0,747.0,854.0,1334.0,2429.0,1271.0,613.0,1884.0,2837.0,922.0,2663.0,2002.0,2572.0,1047.0,672.0,654.0,2492.0,1479.0,2454.0,726.0,787.0,1430.0,2148.0,1106.0,807.0,1401.0,826.0,2156.0,1342.0,00000000000000001471,33.817401147181,C1607C10
785.0,2151.0,1808.0,560.0,641.0,1707.0,1615.0,622.0,430.0,2409.0,2403.0,795.0,1181.0,1762.0,494.0,2012.0,1525.0,1113.0,1646.0,727.0,2692.0,444.0,774.0,1100.0,1519.0,657.0,1202.0,560.0,2235.0,1680.0,520.0,2182.0,1072.0,566.0,641.0,1024.0,2186.0,988.0,428.0,1731.0,2524.0,673.0,2337.0,1646.0,2322.0,831.0,531.0,473.0,2271.0,1231.0,2176.0,501.0,579.0,1098.0,1808.0,843.0,638.0,1184.0,626.0,2031.0,1126.0,00000000000000001472,129.943530314116,C1607F01
1010.0,2579.0,2176.0,882.0,804.0,1859.0,1882.0,872.0,530.0,2756.0,2657.0,912.0,1394.0,2060.0,589.0,2414.0,1854.0,1363.0,1873.0,936.0,2876.0,615.0,1081.0,1212.0,1988.0,770.0,1498.0,851.0,2668.0,2061.0,586.0,2524.0,1280.0,839.0,861.0,1359.0,2504.0,1356.0,731.0,2051.0,2848.0,882.0,2584.0,2077.0,2476.0,905.0,675.0,586.0,2584.0,1553.0,2622.0,773.0,799.0,1500.0,2379.0,1083.0,827.0,1373.0,973.0,2318.0,1463.0,00000000000000001473,87.0573697805472,C1607F03
1190.0,2650.0,2445.0,950.0,1011.0,1937.0,1964.0,1015.0,641.0,2868.0,2793.0,1167.0,1529.0,2386.0,667.0,2597.0,2221.0,1623.0,2151.0,1078.0,2944.0,751.0,1332.0,1515.0,2239.0,1004.0,1628.0,1086.0,2680.0,2250.0,822.0,2632.0,1620.0,1024.0,936.0,1416.0,2660.0,1520.0,860.0,2333.0,2780.0,1010.0,2622.0,2309.0,2629.0,985.0,744.0,722.0,2833.0,1764.0,2886.0,822.0,866.0,1798.0,2696.0,1277.0,1001.0,1736.0,1164.0,2654.0,1757.0,00000000000000001474,106.37996900464,C1607F04
1209.0,2655.0,2358.0,986.0,951.0,1943.0,2038.0,1024.0,578.0,2963.0,2867.0,1024.0,1532.0,2388.0,690.0,2583.0,2055.0,1541.0,2031.0,1101.0,2933.0,724.0,1286.0,1376.0,2234.0,946.0,1665.0,1010.0,2852.0,2266.0,741.0,2662.0,1511.0,970.0,957.0,1515.0,2701.0,1530.0,888.0,2272.0,2955.0,1005.0,2666.0,2311.0,2665.0,986.0,754.0,662.0,2780.0,1804.0,2871.0,904.0,912.0,1750.0,2676.0,1244.0,999.0,1670.0,1190.0,2584.0,1694.0,00000000000000001475,31.1094058092849,C1607F09
1119.0,2561.0,2250.0,920.0,851.0,1858.0,1963.0,913.0,526.0,2903.0,2816.0,964.0,1473.0,2260.0,630.0,2478.0,1969.0,1475.0,1996.0,991.0,2924.0,655.0,1206.0,1331.0,2126.0,858.0,1579.0,929.0,2795.0,2219.0,640.0,2542.0,1444.0,862.0,902.0,1394.0,2599.0,1429.0,779.0,2202.0,2943.0,935.0,2562.0,2268.0,2612.0,920.0,692.0,604.0,2733.0,1686.0,2699.0,805.0,856.0,1655.0,2552.0,1178.0,897.0,1564.0,1081.0,2529.0,1612.0,00000000000000001476,153.634609549914,C1607F10
745.0,2081.0,1746.0,527.0,602.0,1636.0,1544.0,583.0,396.0,2339.0,2323.0,754.0,1126.0,1700.0,461.0,1943.0,1461.0,1055.0,1579.0,687.0,2616.0,412.0,734.0,1047.0,1452.0,619.0,1147.0,527.0,2164.0,1609.0,493.0,2113.0,1018.0,537.0,616.0,970.0,2108.0,934.0,396.0,1664.0,2451.0,644.0,2273.0,1572.0,2246.0,790.0,500.0,441.0,2192.0,1176.0,2113.0,474.0,546.0,1043.0,1744.0,803.0,616.0,1129.0,593.0,1960.0,1071.0,00000000000000001477,83.4857249755044,C1607P01
716.0,2023.0,1696.0,495.0,573.0,1580.0,1489.0,555.0,369.0,2295.0,2260.0,726.0,1088.0,1651.0,434.0,1884.0,1412.0,1018.0,1520.0,658.0,2549.0,383.0,703.0,1005.0,1410.0,588.0,1092.0,495.0,2105.0,1553.0,473.0,2061.0,977.0,505.0,596.0,933.0,2047.0,897.0,370.0,1620.0,2386.0,628.0,2226.0,1520.0,2180.0,759.0,467.0,411.0,2130.0,1135.0,2065.0,454.0,517.0,1010.0,1702.0,774.0,593.0,1088.0,564.0,1896.0,1033.0,00000000000000001478,71.6109148351348,C1607P03
1008.0,2619.0,2160.0,889.0,864.0,1948.0,1955.0,916.0,591.0,2791.0,2707.0,954.0,1440.0,2098.0,653.0,2445.0,1896.0,1416.0,1942.0,995.0,2939.0,629.0,1094.0,1266.0,2001.0,816.0,1531.0,816.0,2687.0,2107.0,616.0,2556.0,1272.0,840.0,874.0,1412.0,2528.0,1393.0,743.0,2041.0,2867.0,913.0,2644.0,2106.0,2561.0,991.0,715.0,629.0,2586.0,1547.0,2610.0,812.0,826.0,1499.0,2359.0,1109.0,853.0,1401.0,948.0,2300.0,1481.0,00000000000000001479,55.458608402613,C1607P04
883.0,2523.0,1950.0,718.0,764.0,1884.0,1770.0,735.0,521.0,2543.0,2586.0,835.0,1296.0,1885.0,608.0,2251.0,1763.0,1239.0,1904.0,816.0,2897.0,550.0,910.0,1184.0,1819.0,749.0,1373.0,688.0,2531.0,1875.0,598.0,2375.0,1086.0,675.0,785.0,1231.0,2337.0,1165.0,540.0,1763.0,2733.0,861.0,2545.0,1914.0,2462.0,958.0,599.0,590.0,2375.0,1402.0,2338.0,664.0,714.0,1334.0,2055.0,1028.0,739.0,1316.0,753.0,2030.0,1221.0,0000000000000000147a,43.4727756719249,C1607P05
713.0,2049.0,1705.0,487.0,570.0,1579.0,1493.0,552.0,360.0,2341.0,2270.0,723.0,1084.0,1659.0,423.0,1926.0,1413.0,1015.0,1517.0,649.0,2607.0,379.0,696.0,1009.0,1400.0,579.0,1072.0,487.0,2149.0,1557.0,464.0,2104.0,981.0,497.0,588.0,927.0,2057.0,896.0,359.0,1629.0,2435.0,619.0,2261.0,1508.0,2196.0,753.0,466.0,408.0,2134.0,1128.0,2098.0,445.0,513.0,1001.0,1724.0,764.0,585.0,1087.0,552.0,1915.0,1035.0,0000000000000000147b,125.550874389101,C1607P09
920.0,2301.0,2039.0,722.0,702.0,1729.0,1776.0,713.0,448.0,2631.0,2635.0,834.0,1305.0,2057.0,511.0,2192.0,1720.0,1289.0,1783.0,811.0,2782.0,541.0,943.0,1201.0,1788.0,724.0,1305.0,746.0,2472.0,1922.0,555.0,2331.0,1272.0,670.0,706.0,1140.0,2389.0,1174.0,559.0,1944.0,2689.0,749.0,2359.0,1945.0,2507.0,829.0,596.0,526.0,2528.0,1484.0,2468.0,584.0,666.0,1365.0,2164.0,949.0,735.0,1426.0,841.0,2326.0,1360.0,0000000000000000147c,132.167641278962,C1607R01
1248.0,2683.0,2446.0,1047.0,1008.0,1957.0,2049.0,1081.0,632.0,3032.0,2872.0,1068.0,1569.0,2467.0,738.0,2622.0,2141.0,1574.0,2045.0,1142.0,2955.0,784.0,1347.0,1407.0,2320.0,987.0,1722.0,1080.0,2873.0,2273.0,791.0,2727.0,1552.0,1027.0,1014.0,1550.0,2709.0,1566.0,942.0,2360.0,2982.0,1058.0,2738.0,2335.0,2673.0,1033.0,815.0,722.0,2787.0,1844.0,2925.0,966.0,960.0,1788.0,2751.0,1285.0,1062.0,1703.0,1247.0,2600.0,1736.0,0000000000000000147d,133.882442746052,C1607W01
915.0,2538.0,1985.0,719.0,793.0,1929.0,1824.0,773.0,543.0,2612.0,2629.0,872.0,1332.0,1919.0,622.0,2296.0,1770.0,1265.0,1924.0,843.0,2965.0,563.0,949.0,1218.0,1817.0,775.0,1399.0,699.0,2558.0,1929.0,622.0,2414.0,1123.0,695.0,805.0,1257.0,2370.0,1201.0,559.0,1812.0,2800.0,871.0,2603.0,1929.0,2514.0,988.0,622.0,602.0,2437.0,1416.0,2395.0,673.0,734.0,1360.0,2083.0,1055.0,758.0,1331.0,773.0,2111.0,1276.0,0000000000000000147e,215.870844473843,C1607W04
1262.0,2689.0,2476.0,1075.0,1016.0,1964.0,2057.0,1100.0,642.0,3030.0,2884.0,1090.0,1591.0,2494.0,745.0,2659.0,2169.0,1595.0,2074.0,1160.0,2961.0,788.0,1373.0,1440.0,2350.0,992.0,1707.0,1088.0,2888.0,2320.0,758.0,2723.0,1577.0,1046.0,1040.0,1569.0,2736.0,1598.0,957.0,2405.0,3008.0,1070.0,2754.0,2368.0,2669.0,1039.0,833.0,719.0,2810.0,1849.0,2850.0,991.0,982.0,1803.0,2741.0,1308.0,1066.0,1693.0,1245.0,2627.0,1749.0,0000000000000000147f,131.934809202756,C1607W05
970.0,2589.0,2055.0,766.0,851.0,1998.0,1892.0,832.0,591.0,2666.0,2688.0,924.0,1393.0,1990.0,678.0,2348.0,1848.0,1320.0,1996.0,895.0,3015.0,611.0,1008.0,1273.0,1895.0,828.0,1476.0,738.0,2609.0,1998.0,660.0,2475.0,1180.0,746.0,844.0,1326.0,2429.0,1262.0,610.0,1880.0,2843.0,909.0,2666.0,1998.0,2573.0,1047.0,669.0,650.0,2496.0,1470.0,2458.0,714.0,785.0,1421.0,2144.0,1107.0,798.0,1393.0,824.0,2163.0,1337.0,00000000000000001480,161.259187663297,C1607W06
1248.0,2683.0,2446.0,1047.0,1008.0,1957.0,2049.0,1081.0,632.0,3032.0,2872.0,1068.0,1569.0,2467.0,738.0,2622.0,2141.0,1574.0,2045.0,1142.0,2955.0,784.0,1347.0,1407.0,2320.0,987.0,1722.0,1080.0,2873.0,2273.0,791.0,2727.0,1552.0,1027.0,1014.0,1550.0,2709.0,1566.0,942.0,2360.0,2982.0,1058.0,2738.0,2335.0,2673.0,1033.0,815.0,722.0,2787.0,1844.0,2925.0,966.0,960.0,1788.0,2751.0,1285.0,1062.0,1703.0,1247.0,2600.0,1736.0,00000000000000001481,132.012360414152,C1607W08
781.0,2374.0,1799.0,631.0,658.0,1730.0,1625.0,629.0,428.0,2377.0,2444.0,728.0,1166.0,1733.0,503.0,2098.0,1608.0,1114.0,1749.0,713.0,2732.0,458.0,809.0,1061.0,1667.0,645.0,1165.0,600.0,2373.0,1720.0,511.0,2218.0,953.0,571.0,711.0,1105.0,2189.0,1032.0,435.0,1606.0,2579.0,789.0,2383.0,1768.0,2317.0,857.0,509.0,499.0,2232.0,1280.0,2170.0,584.0,609.0,1204.0,1897.0,932.0,653.0,1190.0,648.0,1874.0,1089.0,00000000000000001482,50.5751701324539,C1607X03
1011.0,2616.0,2149.0,876.0,864.0,1962.0,1948.0,904.0,596.0,2782.0,2712.0,956.0,1446.0,2090.0,663.0,2432.0,1895.0,1399.0,1957.0,984.0,2958.0,634.0,1082.0,1269.0,1989.0,825.0,1526.0,813.0,2678.0,2094.0,633.0,2549.0,1259.0,829.0,877.0,1405.0,2518.0,1381.0,725.0,2022.0,2875.0,919.0,2655.0,2101.0,2566.0,1002.0,715.0,640.0,2579.0,1537.0,2591.0,801.0,824.0,1498.0,2332.0,1115.0,851.0,1400.0,934.0,2285.0,1469.0,00000000000000001483,106.442346102043,C1607X06
898.0,2536.0,1970.0,725.0,779.0,1906.0,1794.0,753.0,534.0,2570.0,2608.0,851.0,1313.0,1904.0,616.0,2271.0,1774.0,1255.0,1918.0,829.0,2923.0,560.0,928.0,1204.0,1828.0,761.0,1387.0,698.0,2546.0,1899.0,610.0,2395.0,1106.0,686.0,795.0,1245.0,2355.0,1182.0,550.0,1786.0,2759.0,868.0,2570.0,1927.0,2486.0,974.0,612.0,600.0,2402.0,1415.0,2363.0,671.0,724.0,1348.0,2072.0,1041.0,749.0,1329.0,763.0,2062.0,1244.0,00000000000000001484,55.0188430734659,C1607X08
854.0,2459.0,1915.0,677.0,732.0,1859.0,1753.0,713.0,500.0,2546.0,2565.0,817.0,1275.0,1847.0,568.0,2227.0,1698.0,1212.0,1848.0,787.0,2892.0,521.0,888.0,1165.0,1746.0,718.0,1347.0,649.0,2488.0,1856.0,580.0,2346.0,1069.0,643.0,755.0,1198.0,2308.0,1139.0,508.0,1749.0,2731.0,820.0,2543.0,1857.0,2450.0,928.0,580.0,560.0,2374.0,1363.0,2328.0,625.0,680.0,1299.0,2014.0,989.0,710.0,1278.0,720.0,2050.0,1217.0,00000000000000001485,46.5572491902498,C1608C01
885.0,2424.0,1913.0,675.0,748.0,1906.0,1793.0,729.0,514.0,2571.0,2606.0,872.0,1323.0,1840.0,587.0,2214.0,1687.0,1250.0,1878.0,828.0,2871.0,533.0,900.0,1203.0,1735.0,752.0,1372.0,656.0,2472.0,1869.0,604.0,2351.0,1120.0,652.0,761.0,1221.0,2358.0,1156.0,513.0,1777.0,2728.0,820.0,2546.0,1882.0,2492.0,947.0,599.0,571.0,2425.0,1384.0,2351.0,626.0,680.0,1304.0,2016.0,1009.0,724.0,1300.0,727.0,2109.0,1254.0,00000000000000001486,88.6637716407024,C1608C02
827.0,2385.0,1846.0,636.0,697.0,1829.0,1716.0,678.0,468.0,2514.0,2533.0,808.0,1255.0,1764.0,544.0,2161.0,1620.0,1185.0,1801.0,770.0,2828.0,492.0,849.0,1139.0,1674.0,695.0,1314.0,616.0,2428.0,1792.0,565.0,2300.0,1055.0,609.0,723.0,1154.0,2285.0,1089.0,469.0,1706.0,2681.0,788.0,2495.0,1810.0,2418.0,897.0,559.0,530.0,2347.0,1325.0,2295.0,593.0,637.0,1237.0,1963.0,951.0,686.0,1241.0,683.0,2033.0,1181.0,00000000000000001487,22.322646501188,C1608C03
718.0,2033.0,1708.0,496.0,576.0,1586.0,1497.0,557.0,371.0,2316.0,2269.0,727.0,1093.0,1662.0,434.0,1898.0,1422.0,1022.0,1524.0,659.0,2566.0,384.0,705.0,1012.0,1414.0,589.0,1089.0,496.0,2118.0,1560.0,474.0,2081.0,984.0,506.0,598.0,937.0,2056.0,902.0,369.0,1633.0,2401.0,628.0,2244.0,1522.0,2189.0,762.0,469.0,412.0,2138.0,1139.0,2081.0,455.0,519.0,1012.0,1716.0,774.0,596.0,1094.0,564.0,1908.0,1039.0,00000000000000001488,130.759040549111,C1608C04
1045.0,2484.0,2177.0,873.0,813.0,1854.0,1918.0,875.0,516.0,2792.0,2720.0,927.0,1442.0,2142.0,597.0,2392.0,1886.0,1412.0,1926.0,935.0,2880.0,615.0,1130.0,1274.0,2011.0,799.0,1539.0,862.0,2681.0,2132.0,598.0,2443.0,1361.0,816.0,859.0,1341.0,2530.0,1364.0,719.0,2112.0,2895.0,886.0,2525.0,2210.0,2548.0,905.0,671.0,586.0,2652.0,1597.0,2580.0,755.0,806.0,1538.0,2400.0,1111.0,831.0,1458.0,988.0,2415.0,1513.0,00000000000000001489,46.9285559592019,C1608C05
719.0,2063.0,1719.0,497.0,574.0,1592.0,1508.0,555.0,370.0,2358.0,2284.0,728.0,1095.0,1673.0,427.0,1942.0,1424.0,1019.0,1527.0,652.0,2626.0,389.0,697.0,1018.0,1406.0,585.0,1065.0,497.0,2164.0,1573.0,464.0,2120.0,990.0,501.0,587.0,937.0,2069.0,908.0,362.0,1644.0,2451.0,616.0,2276.0,1519.0,2209.0,753.0,476.0,418.0,2144.0,1133.0,2111.0,445.0,519.0,1011.0,1737.0,768.0,587.0,1094.0,557.0,1928.0,1048.0,0000000000000000148a,95.4275062856141,C1608C06
976.0,2602.0,2066.0,779.0,859.0,2004.0,1900.0,839.0,600.0,2672.0,2696.0,927.0,1400.0,2000.0,686.0,2357.0,1861.0,1328.0,2007.0,902.0,3019.0,621.0,1016.0,1280.0,1906.0,833.0,1489.0,748.0,2622.0,2008.0,668.0,2487.0,1185.0,754.0,853.0,1335.0,2438.0,1274.0,620.0,1885.0,2846.0,921.0,2672.0,2011.0,2580.0,1055.0,678.0,660.0,2500.0,1482.0,2462.0,726.0,795.0,1433.0,2156.0,1113.0,806.0,1402.0,834.0,2165.0,1344.0,0000000000000000148b,51.346093089329,C1608C08
1065.0,2514.0,2200.0,898.0,831.0,1853.0,1921.0,894.0,525.0,2814.0,2722.0,941.0,1465.0,2166.0,608.0,2423.0,1911.0,1425.0,1928.0,957.0,2885.0,636.0,1157.0,1282.0,2042.0,816.0,1555.0,888.0,2708.0,2146.0,609.0,2475.0,1376.0,838.0,877.0,1370.0,2549.0,1390.0,749.0,2134.0,2917.0,899.0,2540.0,2233.0,2545.0,914.0,685.0,600.0,2660.0,1617.0,2615.0,782.0,826.0,1570.0,2443.0,1130.0,852.0,1473.0,1020.0,2432.0,1538.0,0000000000000000148c,82.278354925993,C1608F01
962.0,2507.0,2036.0,746.0,817.0,1975.0,1884.0,810.0,561.0,2660.0,2684.0,931.0,1407.0,1961.0,644.0,2304.0,1793.0,1326.0,1957.0,900.0,2938.0,590.0,989.0,1265.0,1858.0,815.0,1456.0,729.0,2562.0,1975.0,649.0,2440.0,1206.0,735.0,822.0,1308.0,2447.0,1255.0,599.0,1899.0,2814.0,879.0,2614.0,1998.0,2562.0,1002.0,654.0,618.0,2519.0,1476.0,2454.0,696.0,755.0,1407.0,2132.0,1077.0,786.0,1374.0,820.0,2210.0,1352.0,0000000000000000148d,48.4448875298467,C1608F02
1227.0,2691.0,2485.0,989.0,1007.0,1967.0,1990.0,1038.0,635.0,2940.0,2799.0,1153.0,1554.0,2446.0,700.0,2622.0,2194.0,1626.0,2124.0,1118.0,2964.0,777.0,1344.0,1499.0,2278.0,1020.0,1664.0,1112.0,2749.0,2263.0,833.0,2697.0,1607.0,1028.0,987.0,1470.0,2687.0,1535.0,891.0,2376.0,2867.0,1051.0,2688.0,2324.0,2664.0,1005.0,779.0,753.0,2846.0,1807.0,2949.0,884.0,901.0,1808.0,2720.0,1309.0,1038.0,1746.0,1201.0,2643.0,1760.0,0000000000000000148e,41.3405677204484,C1608F03
767.0,2200.0,1756.0,556.0,618.0,1703.0,1595.0,599.0,408.0,2403.0,2415.0,764.0,1158.0,1693.0,469.0,2020.0,1494.0,1101.0,1656.0,705.0,2711.0,423.0,760.0,1063.0,1524.0,631.0,1218.0,547.0,2266.0,1679.0,507.0,2170.0,1006.0,543.0,651.0,1025.0,2176.0,975.0,404.0,1648.0,2553.0,697.0,2352.0,1665.0,2312.0,808.0,498.0,460.0,2252.0,1228.0,2174.0,509.0,561.0,1105.0,1809.0,864.0,623.0,1158.0,607.0,1972.0,1096.0,0000000000000000148f,22.7297198197468,C1608F04
1250.0,2708.0,2515.0,986.0,1086.0,1987.0,2006.0,1070.0,701.0,2940.0,2853.0,1244.0,1588.0,2449.0,711.0,2671.0,2330.0,1684.0,2239.0,1127.0,3005.0,797.0,1395.0,1592.0,2304.0,1068.0,1664.0,1129.0,2710.0,2314.0,872.0,2687.0,1701.0,1093.0,967.0,1464.0,2735.0,1583.0,901.0,2403.0,2816.0,1057.0,2691.0,2367.0,2684.0,1038.0,781.0,773.0,2883.0,1811.0,2958.0,854.0,905.0,1870.0,2775.0,1335.0,1049.0,1799.0,1193.0,2725.0,1824.0,00000000000000001491,112.976468044445,C1608F11
1190.0,2622.0,2355.0,968.0,939.0,1925.0,1985.0,1000.0,572.0,2910.0,2811.0,1035.0,1513.0,2366.0,672.0,2552.0,2053.0,1536.0,2024.0,1083.0,2894.0,722.0,1271.0,1389.0,2199.0,946.0,1625.0,1021.0,2773.0,2231.0,742.0,2630.0,1511.0,963.0,942.0,1478.0,2664.0,1502.0,864.0,2261.0,2886.0,995.0,2635.0,2280.0,2631.0,966.0,741.0,675.0,2763.0,1778.0,2843.0,872.0,890.0,1740.0,2632.0,1244.0,984.0,1663.0,1162.0,2561.0,1684.0,00000000000000001492,125.918006180827,C1608F95
727.0,2091.0,1748.0,499.0,590.0,1617.0,1527.0,571.0,375.0,2381.0,2311.0,737.0,1115.0,1702.0,435.0,1974.0,1451.0,1035.0,1552.0,665.0,2656.0,393.0,721.0,1034.0,1424.0,600.0,1072.0,499.0,2192.0,1598.0,473.0,2148.0,1012.0,509.0,597.0,950.0,2100.0,928.0,377.0,1668.0,2480.0,619.0,2300.0,1544.0,2233.0,771.0,484.0,422.0,2176.0,1148.0,2139.0,454.0,527.0,1031.0,1765.0,771.0,597.0,1110.0,564.0,1965.0,1068.0,00000000000000001493,122.233535778568,C1608P01
686.0,2048.0,1646.0,479.0,538.0,1548.0,1447.0,517.0,343.0,2296.0,2265.0,696.0,1052.0,1593.0,406.0,1899.0,1371.0,997.0,1491.0,622.0,2580.0,362.0,669.0,965.0,1389.0,553.0,1074.0,477.0,2142.0,1511.0,444.0,2038.0,927.0,470.0,566.0,904.0,2038.0,858.0,332.0,1566.0,2428.0,610.0,2230.0,1491.0,2180.0,716.0,441.0,391.0,2123.0,1113.0,2056.0,426.0,490.0,978.0,1695.0,760.0,557.0,1047.0,534.0,1860.0,989.0,00000000000000001494,98.3204715869656,C1608P03
675.0,2081.0,1643.0,468.0,527.0,1534.0,1432.0,508.0,332.0,2338.0,2272.0,685.0,1044.0,1586.0,395.0,1935.0,1365.0,993.0,1479.0,612.0,2628.0,352.0,662.0,963.0,1382.0,543.0,1073.0,468.0,2178.0,1497.0,434.0,2069.0,921.0,460.0,557.0,895.0,2041.0,849.0,320.0,1566.0,2467.0,596.0,2264.0,1477.0,2187.0,709.0,433.0,381.0,2130.0,1106.0,2092.0,416.0,487.0,970.0,1719.0,751.0,547.0,1040.0,526.0,1870.0,982.0,00000000000000001495,150.64640064845,C1608P04
956.0,2390.0,2086.0,763.0,758.0,1768.0,1836.0,769.0,509.0,2645.0,2614.0,888.0,1343.0,2073.0,561.0,2279.0,1745.0,1294.0,1827.0,868.0,2832.0,566.0,983.0,1201.0,1822.0,784.0,1446.0,754.0,2511.0,1954.0,577.0,2389.0,1233.0,709.0,788.0,1196.0,2395.0,1223.0,598.0,1950.0,2768.0,804.0,2426.0,1965.0,2544.0,890.0,632.0,558.0,2511.0,1511.0,2457.0,655.0,728.0,1383.0,2169.0,1014.0,782.0,1439.0,848.0,2255.0,1360.0,00000000000000001496,70.7559426380807,C1608P05
933.0,2310.0,2019.0,728.0,698.0,1660.0,1736.0,708.0,456.0,2637.0,2611.0,846.0,1323.0,2027.0,536.0,2196.0,1693.0,1256.0,1794.0,816.0,2805.0,543.0,951.0,1181.0,1758.0,729.0,1374.0,720.0,2489.0,1919.0,550.0,2304.0,1211.0,669.0,747.0,1117.0,2332.0,1163.0,556.0,1912.0,2720.0,775.0,2332.0,1921.0,2458.0,860.0,592.0,542.0,2488.0,1472.0,2386.0,598.0,697.0,1344.0,2121.0,991.0,738.0,1388.0,812.0,2239.0,1334.0,00000000000000001497,65.8534763026459,C1608P89
928.0,2305.0,2063.0,730.0,709.0,1736.0,1763.0,723.0,443.0,2622.0,2612.0,848.0,1311.0,2071.0,500.0,2212.0,1756.0,1314.0,1807.0,816.0,2755.0,553.0,970.0,1226.0,1824.0,730.0,1307.0,788.0,2443.0,1937.0,567.0,2333.0,1298.0,691.0,716.0,1155.0,2404.0,1188.0,571.0,1976.0,2665.0,764.0,2365.0,1955.0,2498.0,811.0,592.0,544.0,2552.0,1504.0,2516.0,592.0,665.0,1409.0,2191.0,972.0,750.0,1448.0,862.0,2345.0,1390.0,00000000000000001498,30.4223730672132,C1608R02
934.0,2315.0,2045.0,734.0,712.0,1737.0,1790.0,727.0,452.0,2641.0,2665.0,834.0,1323.0,2069.0,521.0,2208.0,1725.0,1296.0,1795.0,821.0,2787.0,546.0,954.0,1211.0,1799.0,731.0,1326.0,746.0,2500.0,1942.0,556.0,2337.0,1282.0,675.0,715.0,1155.0,2404.0,1192.0,567.0,1940.0,2702.0,755.0,2367.0,1971.0,2517.0,841.0,603.0,526.0,2536.0,1502.0,2468.0,597.0,682.0,1379.0,2169.0,962.0,742.0,1436.0,847.0,2342.0,1370.0,00000000000000001499,72.7277129834798,C1608R03
885.0,2260.0,1981.0,686.0,672.0,1682.0,1736.0,682.0,437.0,2580.0,2598.0,803.0,1266.0,2005.0,505.0,2142.0,1658.0,1234.0,1721.0,781.0,2760.0,513.0,890.0,1155.0,1710.0,703.0,1267.0,687.0,2449.0,1860.0,529.0,2284.0,1215.0,633.0,675.0,1094.0,2329.0,1128.0,526.0,1874.0,2654.0,714.0,2308.0,1879.0,2465.0,823.0,575.0,503.0,2457.0,1424.0,2369.0,555.0,645.0,1290.0,2085.0,905.0,698.0,1368.0,789.0,2261.0,1299.0,0000000000000000149a,98.5471523516451,C1608R04
896.0,2286.0,2026.0,698.0,693.0,1703.0,1754.0,703.0,443.0,2607.0,2629.0,830.0,1287.0,2040.0,516.0,2200.0,1699.0,1249.0,1775.0,796.0,2802.0,521.0,920.0,1193.0,1751.0,718.0,1309.0,702.0,2472.0,1905.0,536.0,2315.0,1236.0,653.0,699.0,1107.0,2361.0,1145.0,540.0,1917.0,2708.0,724.0,2354.0,1911.0,2491.0,836.0,588.0,505.0,2487.0,1454.0,2383.0,570.0,658.0,1318.0,2102.0,929.0,718.0,1391.0,798.0,2312.0,1322.0,0000000000000000149b,124.469131254638,C1608R05
918.0,2299.0,2021.0,716.0,699.0,1720.0,1777.0,711.0,448.0,2626.0,2653.0,823.0,1304.0,2048.0,519.0,2182.0,1697.0,1270.0,1767.0,808.0,2785.0,533.0,927.0,1190.0,1758.0,724.0,1311.0,715.0,2492.0,1915.0,546.0,2323.0,1254.0,655.0,701.0,1132.0,2378.0,1170.0,550.0,1907.0,2689.0,739.0,2347.0,1939.0,2504.0,844.0,592.0,518.0,2506.0,1470.0,2423.0,581.0,670.0,1339.0,2134.0,941.0,723.0,1408.0,818.0,2312.0,1340.0,0000000000000000149c,94.461161333583,C1608R07
725.0,2082.0,1734.0,498.0,581.0,1603.0,1517.0,562.0,371.0,2378.0,2295.0,736.0,1102.0,1687.0,431.0,1963.0,1436.0,1024.0,1539.0,661.0,2650.0,391.0,707.0,1024.0,1410.0,592.0,1074.0,498.0,2186.0,1583.0,464.0,2141.0,999.0,506.0,587.0,940.0,2084.0,914.0,368.0,1657.0,2473.0,612.0,2294.0,1528.0,2220.0,762.0,481.0,419.0,2159.0,1137.0,2133.0,444.0,523.0,1017.0,1756.0,770.0,587.0,1099.0,562.0,1948.0,1055.0,0000000000000000149d,69.3070050442288,C1608X01
714.0,2055.0,1711.0,489.0,571.0,1584.0,1499.0,552.0,363.0,2348.0,2276.0,724.0,1090.0,1665.0,424.0,1932.0,1418.0,1015.0,1522.0,649.0,2614.0,382.0,696.0,1010.0,1404.0,580.0,1068.0,489.0,2154.0,1564.0,464.0,2110.0,982.0,497.0,588.0,933.0,2062.0,902.0,359.0,1635.0,2441.0,618.0,2268.0,1513.0,2202.0,753.0,468.0,410.0,2139.0,1127.0,2103.0,445.0,513.0,1007.0,1729.0,764.0,586.0,1088.0,552.0,1920.0,1041.0,0000000000000000149f,64.833930006609,C1608X03
763.0,2369.0,1788.0,608.0,644.0,1743.0,1619.0,624.0,418.0,2422.0,2460.0,735.0,1195.0,1705.0,489.0,2100.0,1575.0,1128.0,1743.0,706.0,2745.0,438.0,790.0,1062.0,1650.0,639.0,1180.0,578.0,2379.0,1695.0,508.0,2233.0,968.0,555.0,678.0,1101.0,2210.0,1015.0,414.0,1622.0,2611.0,753.0,2413.0,1762.0,2344.0,849.0,498.0,488.0,2257.0,1270.0,2205.0,545.0,583.0,1186.0,1911.0,907.0,630.0,1175.0,631.0,1902.0,1100.0,000000000000000014a0,89.8032144181234,C1609C01
814.0,2393.0,1851.0,626.0,685.0,1807.0,1693.0,666.0,458.0,2498.0,2516.0,792.0,1242.0,1768.0,535.0,2160.0,1621.0,1169.0,1787.0,756.0,2825.0,481.0,838.0,1122.0,1679.0,681.0,1286.0,607.0,2429.0,1771.0,557.0,2289.0,1034.0,601.0,716.0,1142.0,2268.0,1074.0,460.0,1701.0,2679.0,782.0,2480.0,1790.0,2401.0,886.0,539.0,520.0,2325.0,1310.0,2281.0,585.0,629.0,1226.0,1952.0,940.0,679.0,1225.0,676.0,2007.0,1168.0,000000000000000014a1,57.2501548051016,C1609C02
977.0,2609.0,2076.0,782.0,857.0,1993.0,1893.0,838.0,597.0,2665.0,2685.0,923.0,1391.0,2010.0,683.0,2355.0,1875.0,1331.0,2004.0,904.0,3008.0,621.0,1014.0,1280.0,1917.0,832.0,1487.0,748.0,2626.0,2006.0,661.0,2490.0,1181.0,751.0,850.0,1331.0,2427.0,1274.0,623.0,1884.0,2834.0,925.0,2665.0,2013.0,2569.0,1053.0,675.0,660.0,2482.0,1491.0,2453.0,729.0,795.0,1434.0,2159.0,1116.0,804.0,1406.0,834.0,2147.0,1335.0,000000000000000014a2,53.2638576526699,C1609C03
763.0,2368.0,1786.0,601.0,641.0,1736.0,1613.0,622.0,413.0,2422.0,2450.0,734.0,1191.0,1703.0,489.0,2099.0,1574.0,1120.0,1737.0,706.0,2745.0,433.0,788.0,1055.0,1648.0,639.0,1175.0,571.0,2379.0,1688.0,507.0,2233.0,961.0,555.0,679.0,1097.0,2200.0,1012.0,413.0,1620.0,2611.0,753.0,2412.0,1755.0,2333.0,846.0,492.0,482.0,2247.0,1261.0,2205.0,545.0,583.0,1183.0,1911.0,907.0,630.0,1167.0,631.0,1894.0,1096.0,000000000000000014a3,58.3438020614456,C1609C04
917.0,2536.0,1985.0,727.0,797.0,1937.0,1832.0,777.0,551.0,2622.0,2637.0,878.0,1342.0,1920.0,629.0,2298.0,1772.0,1276.0,1932.0,846.0,2966.0,571.0,952.0,1228.0,1818.0,779.0,1404.0,708.0,2559.0,1937.0,623.0,2423.0,1134.0,701.0,805.0,1267.0,2378.0,1211.0,565.0,1815.0,2801.0,870.0,2615.0,1937.0,2522.0,991.0,633.0,610.0,2446.0,1427.0,2408.0,674.0,739.0,1369.0,2092.0,1053.0,758.0,1342.0,778.0,2120.0,1287.0,000000000000000014a4,123.92599995519,C1609C05
809.0,2423.0,1850.0,637.0,686.0,1797.0,1685.0,663.0,451.0,2483.0,2509.0,777.0,1235.0,1771.0,529.0,2165.0,1634.0,1159.0,1795.0,747.0,2820.0,477.0,840.0,1106.0,1702.0,678.0,1247.0,611.0,2439.0,1765.0,547.0,2293.0,1012.0,595.0,721.0,1149.0,2260.0,1070.0,456.0,1683.0,2675.0,793.0,2476.0,1806.0,2391.0,892.0,536.0,520.0,2308.0,1310.0,2271.0,587.0,626.0,1233.0,1963.0,948.0,677.0,1219.0,671.0,1967.0,1150.0,000000000000000014a5,119.746060072701,C1609C06
779.0,2374.0,1811.0,613.0,655.0,1766.0,1650.0,635.0,431.0,2448.0,2479.0,755.0,1204.0,1728.0,500.0,2125.0,1588.0,1131.0,1756.0,718.0,2781.0,456.0,808.0,1078.0,1656.0,650.0,1198.0,588.0,2399.0,1724.0,523.0,2247.0,986.0,565.0,687.0,1111.0,2229.0,1033.0,426.0,1652.0,2641.0,757.0,2436.0,1765.0,2361.0,858.0,515.0,500.0,2280.0,1274.0,2234.0,555.0,593.0,1192.0,1921.0,911.0,645.0,1185.0,639.0,1945.0,1120.0,000000000000000014a6,103.452003116406,C1609C07
997.0,2616.0,2094.0,796.0,893.0,2046.0,1941.0,873.0,623.0,2708.0,2726.0,953.0,1441.0,2029.0,710.0,2377.0,1881.0,1356.0,2043.0,923.0,3044.0,642.0,1048.0,1309.0,1927.0,856.0,1516.0,776.0,2637.0,2046.0,691.0,2508.0,1216.0,778.0,873.0,1366.0,2467.0,1310.0,643.0,1927.0,2878.0,938.0,2699.0,2046.0,2611.0,1087.0,702.0,680.0,2534.0,1505.0,2492.0,744.0,817.0,1469.0,2179.0,1129.0,827.0,1421.0,855.0,2209.0,1387.0,000000000000000014a7,87.0493753530685,C1609C08
894.0,2452.0,1924.0,685.0,759.0,1915.0,1802.0,740.0,519.0,2592.0,2613.0,873.0,1331.0,1848.0,606.0,2231.0,1699.0,1250.0,1893.0,835.0,2893.0,542.0,911.0,1203.0,1754.0,760.0,1384.0,666.0,2492.0,1886.0,616.0,2378.0,1119.0,672.0,776.0,1232.0,2365.0,1168.0,532.0,1782.0,2742.0,840.0,2574.0,1897.0,2499.0,957.0,608.0,580.0,2428.0,1390.0,2373.0,646.0,702.0,1316.0,2043.0,1018.0,738.0,1306.0,748.0,2111.0,1260.0,000000000000000014a8,75.6056248404596,C1609C12
763.0,2380.0,1797.0,609.0,644.0,1747.0,1625.0,624.0,420.0,2429.0,2460.0,735.0,1194.0,1713.0,498.0,2109.0,1586.0,1128.0,1750.0,706.0,2754.0,440.0,790.0,1062.0,1660.0,639.0,1169.0,579.0,2389.0,1699.0,517.0,2242.0,968.0,565.0,691.0,1103.0,2210.0,1018.0,422.0,1629.0,2621.0,765.0,2419.0,1766.0,2342.0,848.0,500.0,490.0,2255.0,1269.0,2213.0,555.0,594.0,1188.0,1919.0,906.0,641.0,1175.0,642.0,1902.0,1100.0,000000000000000014a9,13.891323407832,C1609C13
952.0,2530.0,2009.0,730.0,829.0,1997.0,1888.0,810.0,563.0,2658.0,2686.0,920.0,1393.0,1939.0,657.0,2307.0,1787.0,1313.0,1981.0,887.0,2978.0,582.0,983.0,1267.0,1836.0,812.0,1457.0,711.0,2567.0,1982.0,652.0,2443.0,1182.0,723.0,821.0,1309.0,2435.0,1249.0,587.0,1856.0,2811.0,879.0,2640.0,1984.0,2576.0,1025.0,648.0,620.0,2502.0,1454.0,2436.0,692.0,758.0,1399.0,2111.0,1075.0,778.0,1375.0,800.0,2176.0,1337.0,000000000000000014aa,163.774599596214,C1609C15
813.0,2400.0,1855.0,626.0,684.0,1806.0,1692.0,665.0,452.0,2500.0,2518.0,787.0,1243.0,1772.0,533.0,2162.0,1623.0,1168.0,1787.0,753.0,2828.0,480.0,839.0,1121.0,1688.0,679.0,1276.0,607.0,2432.0,1774.0,557.0,2290.0,1027.0,599.0,717.0,1149.0,2269.0,1074.0,457.0,1698.0,2683.0,783.0,2481.0,1793.0,2403.0,888.0,539.0,519.0,2326.0,1310.0,2283.0,585.0,628.0,1233.0,1953.0,943.0,679.0,1225.0,675.0,2001.0,1168.0,000000000000000014ab,284.797247202623,C1609C16
812.0,2402.0,1854.0,629.0,682.0,1798.0,1684.0,662.0,451.0,2496.0,2508.0,786.0,1237.0,1772.0,529.0,2161.0,1625.0,1161.0,1782.0,750.0,2825.0,480.0,837.0,1112.0,1691.0,678.0,1258.0,608.0,2432.0,1765.0,552.0,2288.0,1018.0,595.0,715.0,1145.0,2259.0,1069.0,454.0,1694.0,2680.0,782.0,2479.0,1788.0,2392.0,886.0,538.0,519.0,2315.0,1304.0,2280.0,583.0,624.0,1230.0,1954.0,944.0,676.0,1218.0,670.0,1986.0,1160.0,000000000000000014ad,82.1663829028248,C1609C18
998.0,2673.0,2165.0,905.0,878.0,1987.0,1977.0,930.0,632.0,2813.0,2737.0,964.0,1468.0,2146.0,693.0,2479.0,1937.0,1437.0,1978.0,1047.0,2983.0,634.0,1081.0,1283.0,2023.0,842.0,1536.0,789.0,2703.0,2116.0,629.0,2587.0,1237.0,845.0,887.0,1447.0,2547.0,1419.0,756.0,2025.0,2916.0,935.0,2698.0,2150.0,2607.0,1024.0,738.0,660.0,2570.0,1553.0,2574.0,846.0,845.0,1497.0,2356.0,1130.0,872.0,1405.0,952.0,2280.0,1477.0,000000000000000014ae,102.093923684409,C1609C19
829.0,2447.0,1878.0,651.0,703.0,1820.0,1711.0,678.0,464.0,2506.0,2529.0,789.0,1251.0,1804.0,548.0,2190.0,1664.0,1177.0,1822.0,766.0,2847.0,493.0,854.0,1125.0,1730.0,694.0,1285.0,626.0,2461.0,1802.0,556.0,2318.0,1030.0,615.0,731.0,1167.0,2279.0,1092.0,477.0,1708.0,2696.0,802.0,2498.0,1831.0,2414.0,908.0,552.0,532.0,2331.0,1330.0,2293.0,600.0,649.0,1258.0,1983.0,969.0,688.0,1240.0,692.0,1990.0,1171.0,000000000000000014af,126.871289960548,C1609C21
923.0,2519.0,1976.0,725.0,801.0,1945.0,1839.0,782.0,551.0,2627.0,2646.0,888.0,1354.0,1910.0,636.0,2288.0,1759.0,1277.0,1935.0,850.0,2957.0,571.0,956.0,1230.0,1810.0,782.0,1423.0,705.0,2548.0,1942.0,629.0,2423.0,1138.0,703.0,804.0,1276.0,2391.0,1219.0,568.0,1817.0,2790.0,866.0,2621.0,1940.0,2531.0,996.0,639.0,610.0,2458.0,1426.0,2413.0,674.0,741.0,1373.0,2092.0,1048.0,759.0,1342.0,780.0,2133.0,1300.0,000000000000000014b0,73.6598519448901,C1609C22
980.0,2594.0,2064.0,776.0,871.0,2025.0,1920.0,851.0,602.0,2695.0,2714.0,940.0,1421.0,1999.0,696.0,2357.0,1852.0,1336.0,2017.0,907.0,3027.0,621.0,1026.0,1290.0,1898.0,841.0,1493.0,753.0,2618.0,2025.0,677.0,2493.0,1197.0,764.0,854.0,1346.0,2454.0,1290.0,628.0,1900.0,2859.0,916.0,2689.0,2022.0,2598.0,1065.0,684.0,660.0,2522.0,1485.0,2481.0,725.0,803.0,1447.0,2163.0,1112.0,808.0,1401.0,842.0,2198.0,1369.0,000000000000000014b1,135.488481638496,C1609C23
962.0,2575.0,2034.0,755.0,844.0,1996.0,1891.0,825.0,582.0,2669.0,2689.0,923.0,1399.0,1969.0,676.0,2338.0,1822.0,1316.0,1987.0,891.0,3007.0,601.0,999.0,1269.0,1868.0,824.0,1462.0,731.0,2598.0,1996.0,666.0,2468.0,1176.0,744.0,843.0,1324.0,2430.0,1268.0,608.0,1872.0,2839.0,904.0,2666.0,1993.0,2574.0,1037.0,663.0,640.0,2497.0,1465.0,2458.0,712.0,783.0,1424.0,2138.0,1096.0,796.0,1381.0,822.0,2175.0,1346.0,000000000000000014b2,34.1790952437852,C1609C26
825.0,2384.0,1847.0,636.0,694.0,1824.0,1711.0,675.0,469.0,2513.0,2534.0,806.0,1252.0,1765.0,539.0,2160.0,1620.0,1179.0,1798.0,768.0,2825.0,492.0,846.0,1133.0,1674.0,692.0,1308.0,617.0,2427.0,1787.0,561.0,2300.0,1049.0,604.0,718.0,1151.0,2286.0,1085.0,465.0,1706.0,2680.0,783.0,2494.0,1805.0,2419.0,893.0,557.0,530.0,2348.0,1318.0,2295.0,589.0,632.0,1234.0,1963.0,949.0,681.0,1235.0,678.0,2033.0,1178.0,000000000000000014b3,60.4853703435951,C1609C29
852.0,2404.0,1873.0,656.0,717.0,1862.0,1748.0,698.0,488.0,2543.0,2564.0,837.0,1283.0,1796.0,564.0,2184.0,1647.0,1210.0,1834.0,795.0,2847.0,512.0,869.0,1163.0,1701.0,719.0,1340.0,636.0,2447.0,1825.0,578.0,2324.0,1080.0,629.0,735.0,1181.0,2316.0,1117.0,489.0,1732.0,2699.0,799.0,2520.0,1839.0,2450.0,917.0,579.0,550.0,2378.0,1346.0,2319.0,606.0,657.0,1265.0,1988.0,976.0,698.0,1266.0,704.0,2064.0,1209.0,000000000000000014b4,52.7183303799463,C1609C30
931.0,2542.0,1998.0,736.0,813.0,1956.0,1851.0,794.0,562.0,2631.0,2657.0,893.0,1360.0,1933.0,644.0,2308.0,1785.0,1286.0,1948.0,857.0,2974.0,581.0,968.0,1239.0,1831.0,790.0,1429.0,717.0,2569.0,1956.0,635.0,2433.0,1146.0,714.0,815.0,1285.0,2398.0,1229.0,579.0,1829.0,2810.0,880.0,2629.0,1956.0,2542.0,1007.0,647.0,620.0,2465.0,1437.0,2422.0,684.0,753.0,1389.0,2104.0,1059.0,768.0,1352.0,791.0,2139.0,1304.0,000000000000000014b5,198.933671431627,C1609C31
936.0,2439.0,2002.0,699.0,796.0,1953.0,1848.0,778.0,540.0,2633.0,2654.0,923.0,1371.0,1935.0,622.0,2249.0,1732.0,1290.0,1913.0,867.0,2941.0,561.0,945.0,1249.0,1768.0,799.0,1439.0,689.0,2500.0,1937.0,633.0,2407.0,1191.0,701.0,786.0,1247.0,2413.0,1195.0,560.0,1884.0,2786.0,832.0,2578.0,1928.0,2549.0,986.0,638.0,598.0,2484.0,1421.0,2417.0,646.0,720.0,1335.0,2054.0,1031.0,759.0,1350.0,771.0,2207.0,1319.0,000000000000000014b6,51.3493294330345,C1609F01
1268.0,2678.0,2476.0,1080.0,1021.0,1956.0,2055.0,1096.0,658.0,3033.0,2873.0,1095.0,1593.0,2500.0,757.0,2632.0,2170.0,1601.0,2061.0,1164.0,2947.0,805.0,1370.0,1437.0,2354.0,1006.0,1720.0,1104.0,2872.0,2300.0,800.0,2721.0,1580.0,1044.0,1046.0,1562.0,2715.0,1596.0,958.0,2394.0,2986.0,1083.0,2734.0,2354.0,2670.0,1045.0,844.0,738.0,2795.0,1864.0,2906.0,998.0,981.0,1809.0,2758.0,1308.0,1084.0,1715.0,1262.0,2614.0,1753.0,000000000000000014b7,161.236199887848,C1609F02
988.0,2451.0,2126.0,820.0,781.0,1800.0,1859.0,826.0,497.0,2703.0,2643.0,904.0,1379.0,2097.0,576.0,2350.0,1812.0,1354.0,1856.0,895.0,2858.0,581.0,1052.0,1226.0,1913.0,776.0,1487.0,794.0,2608.0,2040.0,580.0,2414.0,1282.0,767.0,826.0,1271.0,2463.0,1292.0,665.0,2015.0,2818.0,852.0,2494.0,2056.0,2518.0,900.0,643.0,560.0,2569.0,1545.0,2543.0,713.0,766.0,1442.0,2286.0,1055.0,800.0,1423.0,913.0,2312.0,1423.0,000000000000000014b8,76.9915390037,C1609F03
858.0,2300.0,1907.0,623.0,719.0,1843.0,1738.0,691.0,477.0,2524.0,2547.0,853.0,1282.0,1852.0,544.0,2130.0,1635.0,1210.0,1787.0,792.0,2830.0,496.0,857.0,1189.0,1652.0,720.0,1315.0,614.0,2369.0,1814.0,574.0,2293.0,1136.0,620.0,717.0,1137.0,2314.0,1090.0,476.0,1813.0,2666.0,756.0,2466.0,1794.0,2452.0,907.0,576.0,526.0,2393.0,1343.0,2299.0,565.0,639.0,1215.0,1927.0,937.0,697.0,1277.0,687.0,2130.0,1216.0,000000000000000014b9,63.3919450625696,C1609F06
1355.0,2660.0,2518.0,1200.0,1055.0,1932.0,2076.0,1150.0,732.0,3083.0,2906.0,1183.0,1697.0,2511.0,823.0,2568.0,2294.0,1718.0,2151.0,1211.0,2984.0,882.0,1489.0,1558.0,2479.0,1039.0,1808.0,1220.0,2901.0,2401.0,801.0,2680.0,1709.0,1102.0,1155.0,1609.0,2678.0,1658.0,1030.0,2554.0,3040.0,1174.0,2661.0,2457.0,2634.0,1103.0,921.0,812.0,2859.0,1887.0,2835.0,1069.0,1092.0,1916.0,2798.0,1412.0,1126.0,1720.0,1372.0,2680.0,1868.0,000000000000000014ba,63.3377889440866,C1609F11
751.0,2096.0,1716.0,550.0,617.0,1645.0,1548.0,592.0,413.0,2295.0,2327.0,751.0,1125.0,1663.0,468.0,1934.0,1463.0,1069.0,1601.0,696.0,2589.0,431.0,744.0,1042.0,1481.0,622.0,1171.0,541.0,2158.0,1619.0,498.0,2079.0,997.0,539.0,632.0,1000.0,2107.0,956.0,406.0,1620.0,2437.0,668.0,2243.0,1602.0,2234.0,789.0,504.0,459.0,2180.0,1194.0,2080.0,493.0,556.0,1079.0,1739.0,834.0,606.0,1132.0,601.0,1930.0,1070.0,000000000000000014bb,77.4990858613704,C1609F83
991.0,2380.0,2096.0,793.0,756.0,1779.0,1844.0,781.0,481.0,2707.0,2720.0,876.0,1378.0,2115.0,549.0,2298.0,1776.0,1340.0,1876.0,878.0,2824.0,578.0,1029.0,1249.0,1887.0,781.0,1397.0,803.0,2574.0,2033.0,575.0,2394.0,1325.0,727.0,762.0,1223.0,2458.0,1266.0,616.0,1991.0,2775.0,792.0,2430.0,2078.0,2549.0,868.0,632.0,544.0,2593.0,1573.0,2519.0,649.0,727.0,1472.0,2260.0,1030.0,786.0,1486.0,905.0,2399.0,1443.0,000000000000000014bc,49.6660170820822,C1609P01
787.0,2350.0,1811.0,604.0,654.0,1762.0,1649.0,635.0,432.0,2457.0,2474.0,767.0,1206.0,1729.0,506.0,2120.0,1583.0,1134.0,1741.0,723.0,2782.0,461.0,806.0,1088.0,1644.0,654.0,1203.0,585.0,2387.0,1725.0,531.0,2240.0,998.0,570.0,689.0,1110.0,2227.0,1039.0,432.0,1659.0,2636.0,754.0,2439.0,1744.0,2360.0,853.0,518.0,499.0,2284.0,1274.0,2240.0,559.0,597.0,1194.0,1913.0,910.0,652.0,1190.0,643.0,1963.0,1132.0,000000000000000014bd,42.2667429105011,C1609P05
917.0,2445.0,1961.0,692.0,782.0,1946.0,1832.0,763.0,534.0,2609.0,2641.0,907.0,1357.0,1888.0,617.0,2241.0,1723.0,1280.0,1912.0,857.0,2908.0,553.0,931.0,1236.0,1772.0,784.0,1408.0,676.0,2496.0,1911.0,629.0,2385.0,1158.0,685.0,784.0,1250.0,2395.0,1187.0,545.0,1830.0,2762.0,843.0,2575.0,1915.0,2529.0,978.0,622.0,591.0,2462.0,1410.0,2387.0,650.0,710.0,1333.0,2043.0,1032.0,749.0,1335.0,757.0,2157.0,1289.0,000000000000000014be,96.5435297307543,C1609P07
1082.0,2643.0,2278.0,943.0,876.0,1909.0,1957.0,956.0,547.0,2863.0,2755.0,957.0,1481.0,2223.0,633.0,2529.0,1962.0,1440.0,1948.0,1008.0,2922.0,657.0,1192.0,1282.0,2118.0,833.0,1590.0,919.0,2770.0,2172.0,638.0,2599.0,1381.0,906.0,916.0,1450.0,2621.0,1459.0,814.0,2164.0,2942.0,933.0,2651.0,2244.0,2561.0,935.0,713.0,613.0,2675.0,1671.0,2703.0,849.0,853.0,1625.0,2536.0,1150.0,902.0,1492.0,1072.0,2449.0,1579.0,000000000000000014bf,103.083949467639,C1609P09
1375.0,2663.0,2561.0,1230.0,1087.0,1963.0,2094.0,1181.0,764.0,3084.0,2912.0,1202.0,1720.0,2558.0,851.0,2592.0,2307.0,1730.0,2152.0,1246.0,2965.0,910.0,1506.0,1573.0,2495.0,1071.0,1832.0,1247.0,2888.0,2403.0,839.0,2712.0,1718.0,1146.0,1182.0,1648.0,2706.0,1693.0,1067.0,2561.0,3024.0,1202.0,2706.0,2465.0,2654.0,1125.0,954.0,841.0,2856.0,1928.0,2854.0,1105.0,1118.0,1938.0,2802.0,1430.0,1170.0,1760.0,1400.0,2681.0,1887.0,000000000000000014c0,136.972960440471,C1609P70
863.0,2298.0,1908.0,628.0,722.0,1845.0,1742.0,694.0,482.0,2518.0,2550.0,856.0,1287.0,1853.0,549.0,2127.0,1638.0,1214.0,1793.0,797.0,2825.0,501.0,860.0,1193.0,1656.0,726.0,1312.0,618.0,2367.0,1820.0,575.0,2287.0,1139.0,626.0,718.0,1143.0,2317.0,1097.0,483.0,1813.0,2663.0,756.0,2459.0,1800.0,2453.0,908.0,579.0,530.0,2396.0,1348.0,2295.0,568.0,645.0,1223.0,1926.0,944.0,699.0,1282.0,693.0,2135.0,1221.0,000000000000000014c1,90.6321402795965,C1609R01
1282.0,2735.0,2554.0,1011.0,1144.0,2019.0,2039.0,1105.0,747.0,2991.0,2889.0,1295.0,1628.0,2490.0,737.0,2725.0,2411.0,1725.0,2306.0,1155.0,3043.0,833.0,1440.0,1650.0,2343.0,1107.0,1692.0,1159.0,2720.0,2361.0,911.0,2719.0,1763.0,1149.0,990.0,1494.0,2782.0,1637.0,929.0,2453.0,2832.0,1092.0,2728.0,2410.0,2715.0,1076.0,805.0,805.0,2908.0,1848.0,3000.0,870.0,938.0,1932.0,2822.0,1368.0,1082.0,1848.0,1221.0,2767.0,1883.0,000000000000000014c2,50.9003830380311,C1609R02
917.0,2537.0,1985.0,726.0,793.0,1938.0,1832.0,774.0,550.0,2617.0,2638.0,877.0,1342.0,1920.0,623.0,2298.0,1771.0,1270.0,1932.0,845.0,2967.0,569.0,949.0,1223.0,1818.0,778.0,1399.0,707.0,2559.0,1938.0,623.0,2418.0,1129.0,695.0,805.0,1267.0,2379.0,1211.0,560.0,1815.0,2801.0,871.0,2609.0,1938.0,2523.0,988.0,631.0,608.0,2446.0,1421.0,2402.0,674.0,733.0,1370.0,2087.0,1055.0,758.0,1336.0,772.0,2119.0,1287.0,000000000000000014c3,324.180543870474,C1609W01
870.0,2477.0,1926.0,686.0,746.0,1876.0,1769.0,726.0,509.0,2563.0,2584.0,833.0,1287.0,1857.0,582.0,2242.0,1708.0,1226.0,1865.0,801.0,2910.0,531.0,902.0,1179.0,1757.0,732.0,1358.0,662.0,2505.0,1871.0,589.0,2362.0,1083.0,654.0,763.0,1208.0,2327.0,1149.0,517.0,1763.0,2748.0,828.0,2557.0,1873.0,2469.0,942.0,591.0,570.0,2392.0,1377.0,2346.0,632.0,690.0,1307.0,2030.0,1005.0,718.0,1291.0,730.0,2068.0,1228.0,000000000000000014c4,140.850672601473,C1609W03
926.0,2549.0,1997.0,727.0,803.0,1948.0,1842.0,784.0,552.0,2626.0,2648.0,886.0,1352.0,1932.0,631.0,2309.0,1783.0,1277.0,1945.0,855.0,2977.0,572.0,959.0,1230.0,1830.0,788.0,1409.0,708.0,2570.0,1948.0,630.0,2428.0,1136.0,705.0,815.0,1277.0,2389.0,1221.0,570.0,1823.0,2812.0,881.0,2618.0,1948.0,2533.0,998.0,632.0,611.0,2456.0,1427.0,2411.0,683.0,744.0,1380.0,2098.0,1066.0,768.0,1343.0,783.0,2130.0,1296.0,000000000000000014c5,152.10416147863,C1609W04
889.0,2502.0,1948.0,696.0,763.0,1896.0,1791.0,744.0,521.0,2583.0,2603.0,846.0,1306.0,1883.0,604.0,2264.0,1734.0,1243.0,1887.0,815.0,2932.0,541.0,919.0,1196.0,1781.0,748.0,1368.0,676.0,2525.0,1896.0,607.0,2382.0,1101.0,672.0,785.0,1230.0,2344.0,1174.0,537.0,1783.0,2766.0,851.0,2574.0,1896.0,2488.0,958.0,601.0,580.0,2411.0,1395.0,2366.0,653.0,711.0,1331.0,2052.0,1024.0,738.0,1309.0,750.0,2085.0,1251.0,000000000000000014c6,142.216750438824,C1609W05
1063.0,2670.0,2273.0,973.0,862.0,1867.0,1914.0,948.0,566.0,2843.0,2707.0,944.0,1462.0,2186.0,641.0,2498.0,1966.0,1436.0,1894.0,1011.0,2902.0,667.0,1175.0,1244.0,2110.0,812.0,1598.0,921.0,2746.0,2124.0,612.0,2600.0,1340.0,926.0,925.0,1452.0,2570.0,1460.0,830.0,2137.0,2928.0,944.0,2603.0,2199.0,2489.0,933.0,727.0,632.0,2636.0,1634.0,2699.0,870.0,880.0,1600.0,2520.0,1131.0,898.0,1425.0,1079.0,2366.0,1555.0,000000000000000014c7,163.775296347376,C1609W06
842.0,2462.0,1892.0,671.0,720.0,1834.0,1728.0,696.0,484.0,2510.0,2542.0,800.0,1256.0,1825.0,560.0,2209.0,1685.0,1195.0,1839.0,776.0,2863.0,511.0,871.0,1142.0,1745.0,707.0,1315.0,643.0,2479.0,1825.0,565.0,2326.0,1047.0,630.0,744.0,1182.0,2290.0,1113.0,495.0,1721.0,2703.0,814.0,2507.0,1848.0,2427.0,918.0,566.0,550.0,2342.0,1350.0,2299.0,614.0,666.0,1278.0,2000.0,983.0,699.0,1263.0,706.0,2005.0,1186.0,000000000000000014c8,170.976575026334,C1609W08
925.0,2550.0,2005.0,738.0,809.0,1948.0,1843.0,789.0,561.0,2633.0,2648.0,886.0,1352.0,1940.0,633.0,2309.0,1791.0,1285.0,1947.0,856.0,2977.0,580.0,965.0,1238.0,1837.0,788.0,1416.0,718.0,2571.0,1948.0,629.0,2434.0,1144.0,710.0,815.0,1277.0,2389.0,1221.0,573.0,1830.0,2812.0,880.0,2625.0,1948.0,2533.0,1004.0,641.0,620.0,2456.0,1437.0,2417.0,683.0,748.0,1380.0,2104.0,1066.0,768.0,1352.0,787.0,2130.0,1296.0,000000000000000014c9,265.722831416862,C1609W11
797.0,2429.0,1844.0,642.0,677.0,1788.0,1674.0,653.0,449.0,2458.0,2502.0,760.0,1224.0,1768.0,528.0,2158.0,1637.0,1153.0,1796.0,735.0,2807.0,474.0,830.0,1096.0,1707.0,668.0,1210.0,613.0,2435.0,1757.0,533.0,2283.0,1001.0,596.0,713.0,1146.0,2251.0,1065.0,456.0,1670.0,2659.0,789.0,2458.0,1812.0,2380.0,880.0,529.0,519.0,2290.0,1310.0,2250.0,580.0,629.0,1231.0,1960.0,942.0,665.0,1218.0,673.0,1942.0,1136.0,000000000000000014ca,259.242497704686,C1609W12
896.0,2506.0,1954.0,705.0,773.0,1905.0,1800.0,753.0,528.0,2587.0,2607.0,850.0,1312.0,1889.0,606.0,2266.0,1740.0,1245.0,1896.0,820.0,2933.0,548.0,929.0,1197.0,1786.0,752.0,1381.0,685.0,2527.0,1905.0,607.0,2387.0,1103.0,674.0,785.0,1237.0,2348.0,1181.0,539.0,1788.0,2768.0,850.0,2578.0,1905.0,2492.0,969.0,608.0,587.0,2415.0,1397.0,2370.0,654.0,713.0,1339.0,2057.0,1031.0,738.0,1311.0,751.0,2089.0,1257.0,000000000000000014cb,392.361339158928,C1609W13
908.0,2523.0,1973.0,717.0,783.0,1925.0,1820.0,764.0,541.0,2604.0,2628.0,868.0,1329.0,1908.0,616.0,2285.0,1759.0,1260.0,1918.0,835.0,2954.0,560.0,939.0,1212.0,1806.0,768.0,1389.0,698.0,2546.0,1925.0,615.0,2404.0,1118.0,685.0,794.0,1254.0,2368.0,1198.0,550.0,1806.0,2788.0,860.0,2596.0,1925.0,2512.0,978.0,623.0,600.0,2436.0,1411.0,2388.0,664.0,724.0,1355.0,2074.0,1044.0,748.0,1326.0,762.0,2109.0,1275.0,000000000000000014cc,243.548605285232,C1609W14
897.0,2456.0,1934.0,692.0,767.0,1925.0,1812.0,748.0,528.0,2594.0,2624.0,876.0,1340.0,1858.0,607.0,2239.0,1708.0,1260.0,1899.0,838.0,2899.0,548.0,920.0,1213.0,1762.0,763.0,1396.0,673.0,2498.0,1894.0,617.0,2380.0,1129.0,673.0,776.0,1240.0,2375.0,1176.0,533.0,1793.0,2750.0,840.0,2576.0,1907.0,2509.0,967.0,615.0,586.0,2441.0,1400.0,2378.0,646.0,702.0,1324.0,2045.0,1020.0,738.0,1316.0,748.0,2122.0,1268.0,000000000000000014cd,116.27422933583,C1609W15
1045.0,2484.0,2177.0,873.0,813.0,1854.0,1918.0,875.0,516.0,2792.0,2720.0,927.0,1442.0,2142.0,597.0,2392.0,1886.0,1412.0,1926.0,935.0,2880.0,615.0,1130.0,1274.0,2011.0,799.0,1539.0,862.0,2681.0,2132.0,598.0,2443.0,1361.0,816.0,859.0,1341.0,2530.0,1364.0,719.0,2112.0,2895.0,886.0,2525.0,2210.0,2548.0,905.0,671.0,586.0,2652.0,1597.0,2580.0,755.0,806.0,1538.0,2400.0,1111.0,831.0,1458.0,988.0,2415.0,1513.0,000000000000000014ce,182.702837956157,C1609W16
919.0,2441.0,1964.0,690.0,783.0,1946.0,1832.0,764.0,534.0,2610.0,2642.0,910.0,1358.0,1892.0,616.0,2239.0,1721.0,1279.0,1909.0,858.0,2912.0,553.0,931.0,1237.0,1766.0,786.0,1410.0,676.0,2493.0,1912.0,630.0,2386.0,1163.0,686.0,783.0,1247.0,2397.0,1186.0,546.0,1837.0,2764.0,839.0,2573.0,1913.0,2531.0,978.0,624.0,591.0,2464.0,1409.0,2390.0,648.0,710.0,1330.0,2041.0,1030.0,750.0,1334.0,756.0,2165.0,1292.0,000000000000000014cf,111.748675804046,C1609W21
1364.0,2660.0,2529.0,1213.0,1064.0,1938.0,2079.0,1160.0,745.0,3085.0,2906.0,1192.0,1705.0,2521.0,834.0,2570.0,2302.0,1728.0,2153.0,1222.0,2981.0,895.0,1497.0,1568.0,2487.0,1050.0,1817.0,1233.0,2898.0,2402.0,815.0,2685.0,1718.0,1115.0,1169.0,1620.0,2683.0,1668.0,1044.0,2561.0,3037.0,1188.0,2669.0,2459.0,2637.0,1111.0,935.0,825.0,2858.0,1901.0,2839.0,1083.0,1103.0,1924.0,2801.0,1421.0,1142.0,1733.0,1382.0,2681.0,1876.0,000000000000000014d0,89.0923843136165,C1609W24
986.0,2601.0,2072.0,778.0,873.0,2029.0,1924.0,854.0,605.0,2692.0,2717.0,945.0,1423.0,2007.0,697.0,2362.0,1859.0,1344.0,2023.0,914.0,3030.0,624.0,1029.0,1297.0,1905.0,847.0,1495.0,755.0,2623.0,2029.0,684.0,2493.0,1204.0,765.0,864.0,1348.0,2457.0,1292.0,629.0,1906.0,2864.0,929.0,2687.0,2028.0,2601.0,1067.0,684.0,663.0,2525.0,1493.0,2480.0,734.0,803.0,1450.0,2163.0,1122.0,818.0,1409.0,842.0,2199.0,1369.0,000000000000000014d1,107.362744128446,C1609X01
909.0,2480.0,1947.0,698.0,780.0,1933.0,1823.0,760.0,530.0,2609.0,2630.0,882.0,1342.0,1874.0,617.0,2254.0,1724.0,1266.0,1916.0,844.0,2919.0,552.0,932.0,1219.0,1779.0,772.0,1406.0,679.0,2515.0,1916.0,624.0,2398.0,1132.0,683.0,790.0,1252.0,2381.0,1191.0,546.0,1799.0,2760.0,851.0,2595.0,1918.0,2515.0,976.0,618.0,590.0,2445.0,1409.0,2391.0,660.0,716.0,1339.0,2065.0,1033.0,749.0,1326.0,759.0,2124.0,1280.0,000000000000000014d2,62.9024057516751,C1609X06
813.0,2448.0,1859.0,659.0,693.0,1794.0,1684.0,664.0,459.0,2461.0,2508.0,765.0,1218.0,1793.0,538.0,2177.0,1666.0,1163.0,1813.0,746.0,2827.0,489.0,841.0,1106.0,1728.0,678.0,1202.0,629.0,2453.0,1784.0,538.0,2295.0,1011.0,606.0,728.0,1151.0,2257.0,1079.0,469.0,1677.0,2663.0,805.0,2465.0,1827.0,2388.0,891.0,539.0,529.0,2296.0,1324.0,2257.0,599.0,644.0,1250.0,1973.0,958.0,680.0,1238.0,683.0,1948.0,1142.0,000000000000000014d3,68.1761838630255,C1610C01
778.0,2372.0,1810.0,602.0,649.0,1756.0,1639.0,629.0,422.0,2447.0,2468.0,754.0,1204.0,1726.0,499.0,2120.0,1588.0,1132.0,1747.0,719.0,2775.0,446.0,800.0,1077.0,1656.0,649.0,1189.0,578.0,2395.0,1713.0,522.0,2247.0,985.0,565.0,687.0,1110.0,2219.0,1032.0,424.0,1649.0,2636.0,758.0,2435.0,1757.0,2351.0,852.0,504.0,490.0,2269.0,1275.0,2232.0,555.0,593.0,1193.0,1922.0,913.0,644.0,1185.0,640.0,1932.0,1119.0,000000000000000014d4,40.8956083109507,C1610C02
803.0,2434.0,1846.0,641.0,679.0,1794.0,1681.0,657.0,451.0,2464.0,2507.0,769.0,1232.0,1767.0,529.0,2164.0,1635.0,1158.0,1798.0,742.0,2814.0,474.0,834.0,1102.0,1707.0,674.0,1230.0,612.0,2442.0,1757.0,540.0,2286.0,1007.0,596.0,716.0,1148.0,2257.0,1066.0,455.0,1676.0,2673.0,792.0,2463.0,1814.0,2385.0,885.0,533.0,520.0,2299.0,1313.0,2256.0,582.0,627.0,1230.0,1961.0,947.0,669.0,1218.0,672.0,1950.0,1140.0,000000000000000014d5,126.355503773669,C1610C03
911.0,2521.0,1975.0,716.0,793.0,1930.0,1825.0,773.0,542.0,2615.0,2631.0,875.0,1332.0,1911.0,625.0,2288.0,1762.0,1266.0,1922.0,839.0,2957.0,561.0,948.0,1219.0,1809.0,772.0,1404.0,697.0,2548.0,1930.0,623.0,2413.0,1125.0,694.0,802.0,1257.0,2372.0,1201.0,559.0,1811.0,2789.0,867.0,2609.0,1930.0,2516.0,987.0,627.0,600.0,2439.0,1417.0,2402.0,671.0,732.0,1356.0,2083.0,1041.0,755.0,1332.0,771.0,2114.0,1279.0,000000000000000014d6,87.5840600003644,C1610C04
829.0,2469.0,1878.0,665.0,710.0,1818.0,1713.0,681.0,466.0,2493.0,2531.0,781.0,1243.0,1812.0,548.0,2198.0,1681.0,1177.0,1837.0,762.0,2847.0,496.0,858.0,1120.0,1746.0,694.0,1261.0,635.0,2470.0,1807.0,547.0,2322.0,1025.0,616.0,735.0,1167.0,2280.0,1092.0,481.0,1700.0,2692.0,811.0,2494.0,1847.0,2414.0,917.0,555.0,536.0,2328.0,1338.0,2285.0,603.0,654.0,1261.0,1991.0,974.0,688.0,1243.0,693.0,1972.0,1158.0,000000000000000014d7,87.413324890937,C1610C05
989.0,2475.0,2133.0,828.0,778.0,1796.0,1852.0,821.0,501.0,2709.0,2645.0,900.0,1375.0,2092.0,573.0,2357.0,1815.0,1349.0,1854.0,895.0,2864.0,586.0,1049.0,1215.0,1922.0,777.0,1485.0,804.0,2615.0,2033.0,580.0,2435.0,1274.0,770.0,828.0,1271.0,2462.0,1291.0,664.0,2011.0,2824.0,854.0,2502.0,2047.0,2511.0,894.0,649.0,564.0,2568.0,1546.0,2552.0,715.0,765.0,1449.0,2295.0,1056.0,802.0,1418.0,916.0,2307.0,1420.0,000000000000000014d8,74.3357369198349,C1610F01
1006.0,2683.0,2221.0,936.0,861.0,1933.0,1942.0,923.0,623.0,2786.0,2697.0,954.0,1449.0,2165.0,667.0,2482.0,1955.0,1435.0,1943.0,1054.0,2947.0,639.0,1091.0,1268.0,2065.0,827.0,1525.0,820.0,2705.0,2099.0,615.0,2585.0,1239.0,857.0,906.0,1448.0,2529.0,1418.0,773.0,2048.0,2906.0,942.0,2678.0,2158.0,2565.0,986.0,737.0,654.0,2551.0,1584.0,2580.0,870.0,843.0,1510.0,2380.0,1139.0,888.0,1408.0,977.0,2269.0,1465.0,000000000000000014d9,66.1654237760972,C1610F02
865.0,2506.0,1935.0,705.0,742.0,1851.0,1743.0,713.0,506.0,2503.0,2561.0,809.0,1267.0,1869.0,587.0,2223.0,1746.0,1218.0,1872.0,797.0,2862.0,535.0,890.0,1166.0,1801.0,729.0,1315.0,675.0,2505.0,1844.0,576.0,2345.0,1055.0,656.0,771.0,1209.0,2304.0,1138.0,520.0,1742.0,2706.0,848.0,2512.0,1891.0,2435.0,938.0,585.0,575.0,2346.0,1388.0,2304.0,650.0,695.0,1308.0,2024.0,1019.0,724.0,1296.0,734.0,1990.0,1193.0,000000000000000014da,80.3493127618007,C1610F05
1228.0,2678.0,2497.0,985.0,1040.0,1967.0,1986.0,1049.0,670.0,2893.0,2804.0,1212.0,1560.0,2427.0,701.0,2614.0,2259.0,1667.0,2175.0,1119.0,2956.0,784.0,1363.0,1556.0,2284.0,1042.0,1662.0,1125.0,2705.0,2271.0,856.0,2665.0,1659.0,1053.0,972.0,1452.0,2682.0,1551.0,894.0,2376.0,2795.0,1043.0,2660.0,2327.0,2648.0,1013.0,780.0,758.0,2858.0,1795.0,2923.0,857.0,888.0,1824.0,2730.0,1319.0,1035.0,1772.0,1188.0,2686.0,1785.0,000000000000000014db,75.2910987479224,C1610F07
1146.0,2639.0,2352.0,1045.0,913.0,1860.0,1948.0,1019.0,602.0,2900.0,2715.0,1003.0,1534.0,2306.0,680.0,2518.0,2042.0,1502.0,1899.0,1079.0,2870.0,719.0,1248.0,1305.0,2183.0,876.0,1646.0,989.0,2784.0,2168.0,663.0,2607.0,1416.0,975.0,986.0,1495.0,2599.0,1519.0,899.0,2246.0,2943.0,1005.0,2609.0,2280.0,2505.0,965.0,776.0,675.0,2660.0,1699.0,2746.0,940.0,932.0,1655.0,2592.0,1208.0,964.0,1499.0,1145.0,2417.0,1619.0,000000000000000014dc,60.6103596885232,C1610F10
1029.0,2662.0,2242.0,960.0,854.0,1882.0,1919.0,936.0,589.0,2807.0,2687.0,942.0,1455.0,2168.0,645.0,2480.0,1951.0,1430.0,1906.0,1028.0,2905.0,645.0,1133.0,1244.0,2081.0,814.0,1562.0,873.0,2715.0,2106.0,610.0,2586.0,1286.0,893.0,913.0,1443.0,2541.0,1437.0,806.0,2091.0,2911.0,940.0,2630.0,2183.0,2510.0,953.0,729.0,637.0,2582.0,1607.0,2635.0,868.0,858.0,1551.0,2452.0,1127.0,889.0,1407.0,1033.0,2313.0,1508.0,000000000000000014dd,53.0618804878563,C1610P01
818.0,2445.0,1864.0,662.0,694.0,1788.0,1677.0,665.0,459.0,2444.0,2503.0,765.0,1213.0,1798.0,538.0,2165.0,1674.0,1159.0,1807.0,750.0,2807.0,489.0,843.0,1106.0,1731.0,682.0,1208.0,631.0,2446.0,1778.0,540.0,2283.0,998.0,606.0,739.0,1154.0,2247.0,1079.0,469.0,1675.0,2651.0,816.0,2449.0,1826.0,2378.0,892.0,540.0,530.0,2290.0,1326.0,2237.0,612.0,645.0,1251.0,1961.0,970.0,682.0,1236.0,684.0,1933.0,1137.0,000000000000000014de,53.0136710701628,C1610P03
813.0,2448.0,1859.0,659.0,693.0,1794.0,1684.0,664.0,459.0,2461.0,2508.0,765.0,1218.0,1793.0,538.0,2177.0,1666.0,1163.0,1813.0,746.0,2827.0,489.0,841.0,1106.0,1728.0,678.0,1202.0,629.0,2453.0,1784.0,538.0,2295.0,1011.0,606.0,728.0,1151.0,2257.0,1079.0,469.0,1677.0,2663.0,805.0,2465.0,1827.0,2388.0,891.0,539.0,529.0,2296.0,1324.0,2257.0,599.0,644.0,1250.0,1973.0,958.0,680.0,1238.0,683.0,1948.0,1142.0,000000000000000014df,37.1162143073921,C1610P05
1158.0,2574.0,2366.0,906.0,1010.0,1913.0,1925.0,982.0,630.0,2825.0,2776.0,1148.0,1515.0,2301.0,639.0,2550.0,2204.0,1582.0,2152.0,1021.0,2890.0,725.0,1301.0,1502.0,2169.0,973.0,1575.0,1040.0,2603.0,2242.0,790.0,2554.0,1597.0,1015.0,869.0,1374.0,2649.0,1501.0,820.0,2280.0,2699.0,970.0,2546.0,2278.0,2585.0,958.0,698.0,702.0,2758.0,1696.0,2819.0,747.0,835.0,1791.0,2641.0,1239.0,948.0,1699.0,1121.0,2626.0,1752.0,000000000000000014e0,120.352542996913,C1610P09
966.0,2596.0,2057.0,771.0,844.0,1982.0,1880.0,824.0,588.0,2651.0,2675.0,914.0,1383.0,1991.0,674.0,2342.0,1855.0,1318.0,1990.0,893.0,2998.0,611.0,1000.0,1267.0,1898.0,821.0,1466.0,738.0,2611.0,1993.0,651.0,2473.0,1170.0,742.0,841.0,1321.0,2416.0,1263.0,614.0,1868.0,2824.0,914.0,2651.0,1997.0,2560.0,1039.0,666.0,650.0,2475.0,1476.0,2439.0,718.0,785.0,1423.0,2143.0,1104.0,794.0,1393.0,824.0,2139.0,1327.0,000000000000000014e1,85.3615535567165,C1610P78
1169.0,2609.0,2394.0,916.0,1011.0,1912.0,1944.0,994.0,629.0,2845.0,2813.0,1156.0,1524.0,2343.0,639.0,2580.0,2235.0,1600.0,2174.0,1037.0,2937.0,725.0,1324.0,1513.0,2195.0,986.0,1589.0,1059.0,2624.0,2252.0,795.0,2578.0,1625.0,1026.0,881.0,1393.0,2666.0,1515.0,828.0,2295.0,2730.0,980.0,2578.0,2301.0,2618.0,965.0,709.0,706.0,2813.0,1734.0,2842.0,770.0,841.0,1812.0,2670.0,1246.0,971.0,1722.0,1128.0,2647.0,1761.0,000000000000000014e2,159.88604120984,C1610R99
1100.0,2512.0,2228.0,871.0,837.0,1837.0,1905.0,877.0,509.0,2814.0,2768.0,957.0,1464.0,2243.0,600.0,2425.0,1930.0,1452.0,1963.0,975.0,2842.0,645.0,1156.0,1315.0,2065.0,865.0,1494.0,926.0,2677.0,2141.0,653.0,2502.0,1424.0,854.0,841.0,1354.0,2560.0,1399.0,742.0,2129.0,2819.0,888.0,2516.0,2213.0,2575.0,890.0,665.0,605.0,2692.0,1680.0,2716.0,743.0,806.0,1647.0,2481.0,1158.0,873.0,1585.0,1057.0,2487.0,1589.0,000000000000000014e3,270.852012032923,C1610W02
832.0,2460.0,1881.0,662.0,710.0,1827.0,1719.0,684.0,471.0,2507.0,2539.0,791.0,1255.0,1809.0,549.0,2200.0,1671.0,1187.0,1833.0,768.0,2857.0,500.0,861.0,1133.0,1736.0,697.0,1291.0,635.0,2472.0,1812.0,556.0,2322.0,1038.0,617.0,735.0,1174.0,2288.0,1099.0,479.0,1710.0,2704.0,806.0,2500.0,1842.0,2423.0,915.0,559.0,540.0,2339.0,1342.0,2295.0,603.0,652.0,1266.0,1988.0,974.0,691.0,1251.0,693.0,1995.0,1175.0,000000000000000014e4,147.778210216996,C1610W03
1182.0,2626.0,2374.0,1065.0,934.0,1857.0,1971.0,1047.0,615.0,2937.0,2735.0,1022.0,1573.0,2366.0,699.0,2533.0,2081.0,1534.0,1902.0,1104.0,2869.0,740.0,1278.0,1342.0,2207.0,908.0,1653.0,1010.0,2819.0,2193.0,679.0,2606.0,1457.0,990.0,1002.0,1519.0,2627.0,1548.0,923.0,2297.0,2978.0,1029.0,2614.0,2331.0,2535.0,982.0,797.0,691.0,2685.0,1717.0,2769.0,963.0,953.0,1675.0,2631.0,1239.0,983.0,1543.0,1167.0,2456.0,1655.0,000000000000000014e5,101.584738431658,C1610W04
1176.0,2661.0,2392.0,1062.0,950.0,1895.0,2003.0,1061.0,618.0,2959.0,2776.0,1026.0,1588.0,2382.0,709.0,2577.0,2091.0,1544.0,1946.0,1110.0,2905.0,741.0,1297.0,1356.0,2225.0,912.0,1671.0,1012.0,2843.0,2226.0,685.0,2636.0,1468.0,1003.0,1007.0,1539.0,2671.0,1567.0,933.0,2312.0,3015.0,1033.0,2659.0,2358.0,2576.0,1001.0,799.0,694.0,2729.0,1735.0,2778.0,969.0,960.0,1697.0,2652.0,1241.0,993.0,1560.0,1178.0,2498.0,1674.0,000000000000000014e6,64.4636280252439,C1610W17
885.0,2526.0,1957.0,714.0,766.0,1896.0,1784.0,739.0,521.0,2567.0,2599.0,837.0,1302.0,1891.0,607.0,2264.0,1760.0,1244.0,1907.0,815.0,2919.0,548.0,916.0,1189.0,1814.0,747.0,1380.0,687.0,2539.0,1889.0,600.0,2388.0,1093.0,675.0,786.0,1233.0,2346.0,1170.0,538.0,1774.0,2754.0,859.0,2565.0,1917.0,2477.0,962.0,601.0,588.0,2393.0,1405.0,2356.0,660.0,714.0,1336.0,2063.0,1028.0,739.0,1318.0,753.0,2052.0,1232.0,000000000000000014e7,51.4777236568334,C1610X03
923.0,2562.0,2003.0,734.0,803.0,1944.0,1836.0,780.0,552.0,2616.0,2639.0,881.0,1346.0,1938.0,632.0,2308.0,1796.0,1278.0,1949.0,854.0,2972.0,574.0,956.0,1230.0,1845.0,787.0,1409.0,712.0,2576.0,1941.0,628.0,2428.0,1133.0,706.0,816.0,1274.0,2383.0,1214.0,569.0,1823.0,2807.0,884.0,2612.0,1953.0,2521.0,998.0,630.0,614.0,2441.0,1432.0,2404.0,687.0,745.0,1377.0,2100.0,1068.0,769.0,1347.0,784.0,2109.0,1284.0,000000000000000014e8,56.0470397622524,C1610X96
966.0,2596.0,2057.0,771.0,844.0,1982.0,1880.0,824.0,588.0,2651.0,2675.0,914.0,1383.0,1991.0,674.0,2342.0,1855.0,1318.0,1990.0,893.0,2998.0,611.0,1000.0,1267.0,1898.0,821.0,1466.0,738.0,2611.0,1993.0,651.0,2473.0,1170.0,742.0,841.0,1321.0,2416.0,1263.0,614.0,1868.0,2824.0,914.0,2651.0,1997.0,2560.0,1039.0,666.0,650.0,2475.0,1476.0,2439.0,718.0,785.0,1423.0,2143.0,1104.0,794.0,1393.0,824.0,2139.0,1327.0,000000000000000014e9,39.8235040867072,C1610X98
755.0,2326.0,1773.0,581.0,626.0,1724.0,1607.0,606.0,403.0,2420.0,2438.0,731.0,1174.0,1691.0,477.0,2082.0,1549.0,1103.0,1712.0,697.0,2743.0,428.0,775.0,1048.0,1611.0,625.0,1167.0,558.0,2357.0,1684.0,505.0,2210.0,963.0,543.0,666.0,1073.0,2187.0,999.0,403.0,1621.0,2601.0,734.0,2403.0,1721.0,2323.0,828.0,487.0,471.0,2244.0,1242.0,2203.0,534.0,571.0,1157.0,1886.0,883.0,625.0,1154.0,616.0,1913.0,1092.0,000000000000000014ea,61.4076621474172,C1610X99
952.0,2530.0,2009.0,730.0,829.0,1997.0,1888.0,810.0,563.0,2658.0,2686.0,920.0,1393.0,1939.0,657.0,2307.0,1787.0,1313.0,1981.0,887.0,2978.0,582.0,983.0,1267.0,1836.0,812.0,1457.0,711.0,2567.0,1982.0,652.0,2443.0,1182.0,723.0,821.0,1309.0,2435.0,1249.0,587.0,1856.0,2811.0,879.0,2640.0,1984.0,2576.0,1025.0,648.0,620.0,2502.0,1454.0,2436.0,692.0,758.0,1399.0,2111.0,1075.0,778.0,1375.0,800.0,2176.0,1337.0,000000000000000014eb,27.3335365383352,C1611C01
872.0,2503.0,1931.0,708.0,749.0,1859.0,1749.0,720.0,511.0,2514.0,2563.0,820.0,1276.0,1865.0,591.0,2229.0,1742.0,1222.0,1878.0,804.0,2870.0,540.0,895.0,1169.0,1799.0,736.0,1351.0,679.0,2508.0,1850.0,584.0,2349.0,1065.0,658.0,775.0,1214.0,2310.0,1144.0,523.0,1744.0,2710.0,850.0,2518.0,1892.0,2439.0,944.0,590.0,580.0,2352.0,1388.0,2311.0,653.0,697.0,1312.0,2029.0,1021.0,729.0,1298.0,736.0,2002.0,1201.0,000000000000000014ec,30.6995456219,C1611C02
842.0,2483.0,1895.0,679.0,723.0,1829.0,1722.0,693.0,480.0,2495.0,2541.0,794.0,1250.0,1829.0,563.0,2210.0,1701.0,1194.0,1848.0,774.0,2857.0,510.0,870.0,1137.0,1763.0,706.0,1279.0,649.0,2488.0,1819.0,559.0,2329.0,1040.0,631.0,747.0,1181.0,2291.0,1109.0,496.0,1713.0,2697.0,823.0,2499.0,1861.0,2422.0,922.0,563.0,550.0,2332.0,1356.0,2291.0,619.0,670.0,1279.0,2005.0,988.0,700.0,1267.0,708.0,1981.0,1172.0,000000000000000014ed,34.5627339554754,C1611C04
821.0,2452.0,1869.0,660.0,702.0,1796.0,1685.0,672.0,460.0,2455.0,2510.0,769.0,1220.0,1803.0,546.0,2175.0,1678.0,1166.0,1815.0,753.0,2821.0,490.0,850.0,1112.0,1736.0,685.0,1216.0,630.0,2455.0,1786.0,543.0,2293.0,1008.0,614.0,739.0,1159.0,2255.0,1086.0,477.0,1681.0,2661.0,816.0,2459.0,1833.0,2386.0,900.0,540.0,530.0,2298.0,1332.0,2250.0,613.0,653.0,1257.0,1971.0,971.0,686.0,1242.0,693.0,1944.0,1144.0,000000000000000014ee,39.3289990940612,C1611C05
874.0,2459.0,1915.0,680.0,749.0,1885.0,1775.0,729.0,506.0,2571.0,2587.0,850.0,1302.0,1841.0,587.0,2229.0,1694.0,1228.0,1869.0,812.0,2898.0,531.0,903.0,1181.0,1745.0,740.0,1363.0,661.0,2494.0,1868.0,597.0,2362.0,1090.0,654.0,762.0,1215.0,2334.0,1151.0,516.0,1765.0,2739.0,827.0,2557.0,1874.0,2472.0,947.0,596.0,570.0,2396.0,1372.0,2353.0,632.0,686.0,1303.0,2028.0,1005.0,721.0,1288.0,729.0,2076.0,1240.0,000000000000000014ef,23.9985603529406,C1611C08
1092.0,2491.0,2206.0,868.0,826.0,1827.0,1906.0,867.0,507.0,2810.0,2776.0,945.0,1465.0,2230.0,598.0,2400.0,1911.0,1436.0,1958.0,964.0,2846.0,641.0,1148.0,1306.0,2049.0,854.0,1489.0,913.0,2679.0,2136.0,639.0,2482.0,1413.0,830.0,836.0,1343.0,2546.0,1386.0,724.0,2117.0,2830.0,879.0,2498.0,2206.0,2577.0,894.0,666.0,600.0,2682.0,1670.0,2683.0,737.0,803.0,1630.0,2454.0,1146.0,861.0,1569.0,1040.0,2480.0,1575.0,000000000000000014f0,94.3778298811714,C1611F02
1214.0,2661.0,2419.0,1072.0,974.0,1910.0,2018.0,1076.0,632.0,2985.0,2816.0,1057.0,1593.0,2419.0,725.0,2596.0,2126.0,1570.0,2003.0,1127.0,2924.0,763.0,1333.0,1397.0,2280.0,945.0,1681.0,1048.0,2858.0,2268.0,707.0,2657.0,1520.0,1018.0,1022.0,1547.0,2686.0,1577.0,942.0,2361.0,3009.0,1049.0,2680.0,2360.0,2604.0,1016.0,816.0,706.0,2763.0,1774.0,2785.0,976.0,973.0,1742.0,2684.0,1273.0,1017.0,1608.0,1208.0,2554.0,1709.0,000000000000000014f2,72.6820326363895,C1611F04
764.0,2128.0,1747.0,561.0,630.0,1676.0,1577.0,603.0,421.0,2337.0,2363.0,764.0,1147.0,1692.0,476.0,1963.0,1488.0,1089.0,1631.0,708.0,2631.0,439.0,760.0,1061.0,1506.0,633.0,1198.0,551.0,2192.0,1649.0,508.0,2116.0,1015.0,549.0,646.0,1019.0,2139.0,974.0,413.0,1648.0,2476.0,683.0,2284.0,1632.0,2269.0,806.0,514.0,467.0,2213.0,1217.0,2117.0,502.0,567.0,1100.0,1768.0,850.0,619.0,1153.0,613.0,1959.0,1091.0,000000000000000014f3,81.0369300863268,C1611F05
771.0,2191.0,1751.0,563.0,622.0,1703.0,1595.0,604.0,414.0,2387.0,2410.0,768.0,1158.0,1688.0,475.0,2010.0,1491.0,1101.0,1657.0,708.0,2696.0,429.0,763.0,1064.0,1521.0,637.0,1223.0,553.0,2256.0,1679.0,509.0,2159.0,1007.0,548.0,653.0,1031.0,2172.0,979.0,411.0,1642.0,2539.0,699.0,2337.0,1666.0,2305.0,810.0,505.0,467.0,2248.0,1226.0,2162.0,514.0,567.0,1109.0,1802.0,867.0,625.0,1158.0,612.0,1969.0,1099.0,000000000000000014f4,41.580030791465,C1611F06
775.0,2368.0,1792.0,630.0,651.0,1730.0,1624.0,623.0,428.0,2386.0,2444.0,729.0,1169.0,1724.0,498.0,2098.0,1595.0,1109.0,1748.0,708.0,2733.0,457.0,799.0,1051.0,1661.0,641.0,1154.0,600.0,2369.0,1716.0,508.0,2223.0,949.0,566.0,700.0,1101.0,2193.0,1031.0,429.0,1607.0,2582.0,777.0,2393.0,1766.0,2319.0,849.0,509.0,499.0,2232.0,1267.0,2178.0,572.0,604.0,1203.0,1902.0,920.0,642.0,1181.0,644.0,1876.0,1091.0,000000000000000014f6,48.972538660481,C1611F13
780.0,2375.0,1801.0,633.0,656.0,1736.0,1629.0,626.0,425.0,2384.0,2451.0,720.0,1166.0,1734.0,499.0,2093.0,1612.0,1115.0,1757.0,711.0,2733.0,456.0,808.0,1066.0,1669.0,642.0,1172.0,602.0,2374.0,1727.0,505.0,2223.0,951.0,567.0,713.0,1109.0,2187.0,1031.0,430.0,1601.0,2577.0,793.0,2384.0,1775.0,2323.0,859.0,508.0,498.0,2235.0,1288.0,2174.0,584.0,607.0,1207.0,1899.0,938.0,654.0,1192.0,646.0,1873.0,1089.0,000000000000000014f7,55.9775747154158,C1611F14
1123.0,2550.0,2328.0,885.0,952.0,1856.0,1895.0,943.0,595.0,2786.0,2765.0,1104.0,1472.0,2283.0,607.0,2520.0,2155.0,1543.0,2115.0,998.0,2884.0,692.0,1267.0,1450.0,2130.0,941.0,1537.0,1026.0,2579.0,2194.0,752.0,2521.0,1561.0,978.0,844.0,1348.0,2610.0,1463.0,788.0,2227.0,2685.0,935.0,2519.0,2244.0,2565.0,914.0,683.0,673.0,2764.0,1683.0,2777.0,734.0,808.0,1759.0,2610.0,1200.0,926.0,1663.0,1094.0,2591.0,1701.0,000000000000000014f8,51.6700363456758,C1611F15
1005.0,2476.0,2134.0,844.0,796.0,1859.0,1880.0,862.0,499.0,2737.0,2653.0,902.0,1408.0,2079.0,575.0,2382.0,1837.0,1363.0,1852.0,920.0,2854.0,591.0,1079.0,1225.0,1945.0,770.0,1506.0,817.0,2636.0,2061.0,577.0,2425.0,1299.0,804.0,832.0,1338.0,2510.0,1338.0,703.0,2036.0,2860.0,859.0,2551.0,2115.0,2500.0,890.0,656.0,565.0,2587.0,1547.0,2561.0,747.0,777.0,1470.0,2341.0,1071.0,805.0,1391.0,943.0,2330.0,1451.0,000000000000000014f9,37.1389728246845,C1611F16
918.0,2377.0,1973.0,691.0,769.0,1893.0,1810.0,754.0,526.0,2580.0,2609.0,905.0,1338.0,1919.0,599.0,2202.0,1700.0,1270.0,1869.0,849.0,2877.0,551.0,925.0,1226.0,1735.0,779.0,1412.0,680.0,2449.0,1906.0,615.0,2352.0,1181.0,681.0,771.0,1210.0,2370.0,1170.0,545.0,1861.0,2725.0,812.0,2506.0,1891.0,2507.0,955.0,622.0,580.0,2450.0,1403.0,2369.0,630.0,702.0,1305.0,2012.0,1010.0,744.0,1338.0,757.0,2181.0,1295.0,000000000000000014fa,46.9097735406363,C1611F17
779.0,2374.0,1796.0,635.0,652.0,1732.0,1625.0,623.0,425.0,2380.0,2446.0,719.0,1162.0,1729.0,497.0,2089.0,1609.0,1111.0,1755.0,710.0,2730.0,456.0,805.0,1060.0,1665.0,640.0,1165.0,602.0,2369.0,1723.0,506.0,2220.0,947.0,565.0,714.0,1107.0,2183.0,1029.0,427.0,1596.0,2573.0,795.0,2383.0,1772.0,2318.0,855.0,507.0,498.0,2229.0,1283.0,2172.0,585.0,605.0,1204.0,1897.0,938.0,655.0,1188.0,645.0,1866.0,1085.0,000000000000000014fb,107.550961604492,C1611F18
1006.0,2479.0,2136.0,845.0,797.0,1857.0,1877.0,863.0,498.0,2740.0,2651.0,902.0,1407.0,2081.0,577.0,2384.0,1840.0,1362.0,1849.0,921.0,2854.0,592.0,1082.0,1223.0,1948.0,771.0,1506.0,817.0,2638.0,2060.0,577.0,2429.0,1298.0,809.0,833.0,1338.0,2509.0,1339.0,708.0,2038.0,2860.0,859.0,2554.0,2111.0,2497.0,890.0,656.0,564.0,2585.0,1546.0,2566.0,751.0,781.0,1471.0,2348.0,1071.0,806.0,1390.0,949.0,2329.0,1451.0,000000000000000014fc,43.5521598556884,C1611F19
896.0,2248.0,1949.0,678.0,682.0,1666.0,1698.0,683.0,448.0,2552.0,2561.0,847.0,1289.0,1943.0,532.0,2127.0,1654.0,1230.0,1777.0,790.0,2768.0,520.0,911.0,1181.0,1702.0,712.0,1316.0,679.0,2404.0,1862.0,547.0,2243.0,1188.0,633.0,719.0,1089.0,2279.0,1110.0,516.0,1867.0,2663.0,749.0,2304.0,1853.0,2418.0,859.0,573.0,524.0,2433.0,1406.0,2300.0,567.0,665.0,1286.0,2016.0,963.0,705.0,1339.0,756.0,2200.0,1284.0,000000000000000014fd,60.5377343682503,C1611F20
832.0,2479.0,1887.0,669.0,713.0,1827.0,1721.0,684.0,471.0,2495.0,2540.0,784.0,1250.0,1821.0,558.0,2207.0,1691.0,1187.0,1846.0,765.0,2857.0,500.0,861.0,1130.0,1755.0,697.0,1268.0,639.0,2481.0,1817.0,556.0,2326.0,1034.0,626.0,746.0,1177.0,2289.0,1103.0,490.0,1707.0,2699.0,822.0,2496.0,1857.0,2423.0,917.0,557.0,540.0,2334.0,1349.0,2288.0,614.0,664.0,1273.0,1998.0,977.0,699.0,1256.0,703.0,1981.0,1168.0,000000000000000014fe,58.150855538486,C1611F22
912.0,2396.0,1951.0,674.0,773.0,1917.0,1805.0,754.0,525.0,2582.0,2608.0,903.0,1337.0,1881.0,605.0,2207.0,1692.0,1261.0,1870.0,846.0,2889.0,544.0,914.0,1224.0,1727.0,779.0,1393.0,665.0,2453.0,1889.0,621.0,2360.0,1162.0,679.0,766.0,1218.0,2370.0,1163.0,540.0,1836.0,2737.0,812.0,2536.0,1880.0,2504.0,961.0,618.0,581.0,2437.0,1390.0,2369.0,630.0,697.0,1300.0,2009.0,1007.0,739.0,1316.0,743.0,2162.0,1282.0,000000000000000014ff,92.0250694926685,C1611F25
686.0,2013.0,1632.0,477.0,538.0,1541.0,1440.0,518.0,344.0,2260.0,2241.0,696.0,1043.0,1578.0,408.0,1872.0,1360.0,986.0,1486.0,621.0,2538.0,363.0,666.0,964.0,1379.0,555.0,1046.0,476.0,2105.0,1504.0,445.0,2013.0,920.0,471.0,564.0,899.0,2018.0,854.0,335.0,1557.0,2383.0,603.0,2196.0,1486.0,2157.0,712.0,438.0,391.0,2101.0,1104.0,2031.0,427.0,490.0,971.0,1670.0,761.0,555.0,1040.0,535.0,1848.0,981.0,00000000000000001500,68.8807457888648,C1611F26
896.0,2437.0,1934.0,685.0,767.0,1927.0,1813.0,748.0,524.0,2589.0,2624.0,886.0,1342.0,1861.0,601.0,2227.0,1707.0,1266.0,1899.0,839.0,2884.0,543.0,919.0,1219.0,1757.0,764.0,1393.0,666.0,2484.0,1889.0,615.0,2366.0,1136.0,666.0,772.0,1240.0,2376.0,1175.0,527.0,1797.0,2741.0,832.0,2561.0,1899.0,2510.0,966.0,609.0,581.0,2443.0,1396.0,2366.0,638.0,694.0,1324.0,2030.0,1019.0,735.0,1317.0,741.0,2127.0,1273.0,00000000000000001501,232.70127452886,C1611F27
778.0,2174.0,1747.0,571.0,635.0,1704.0,1596.0,617.0,424.0,2359.0,2395.0,774.0,1161.0,1686.0,487.0,1997.0,1493.0,1103.0,1659.0,714.0,2664.0,442.0,770.0,1067.0,1519.0,649.0,1219.0,562.0,2234.0,1677.0,514.0,2145.0,1013.0,558.0,657.0,1045.0,2163.0,992.0,425.0,1638.0,2509.0,701.0,2314.0,1668.0,2293.0,815.0,516.0,479.0,2237.0,1225.0,2145.0,523.0,575.0,1117.0,1796.0,870.0,630.0,1158.0,620.0,1965.0,1108.0,00000000000000001503,63.1773552314529,C1611F29
762.0,2163.0,1708.0,558.0,618.0,1674.0,1566.0,600.0,412.0,2340.0,2366.0,753.0,1135.0,1647.0,474.0,1981.0,1464.0,1078.0,1629.0,698.0,2638.0,431.0,752.0,1042.0,1498.0,634.0,1173.0,549.0,2218.0,1647.0,501.0,2118.0,988.0,544.0,641.0,1020.0,2136.0,968.0,412.0,1603.0,2492.0,685.0,2296.0,1638.0,2264.0,796.0,504.0,467.0,2209.0,1203.0,2127.0,509.0,561.0,1099.0,1780.0,854.0,615.0,1132.0,605.0,1934.0,1082.0,00000000000000001504,55.1178235950871,C1611F30
1213.0,2690.0,2391.0,1010.0,970.0,1938.0,2023.0,1047.0,589.0,3015.0,2886.0,1018.0,1533.0,2414.0,703.0,2621.0,2084.0,1534.0,2018.0,1102.0,2962.0,740.0,1305.0,1380.0,2256.0,942.0,1683.0,1023.0,2901.0,2262.0,735.0,2711.0,1516.0,992.0,977.0,1524.0,2709.0,1533.0,912.0,2294.0,3000.0,1013.0,2726.0,2321.0,2660.0,1004.0,769.0,675.0,2784.0,1799.0,2876.0,922.0,940.0,1750.0,2706.0,1251.0,1012.0,1659.0,1198.0,2590.0,1695.0,00000000000000001505,44.9314612191674,C1611F31
1157.0,2640.0,2373.0,1032.0,930.0,1886.0,1965.0,1024.0,592.0,2931.0,2757.0,1009.0,1525.0,2357.0,676.0,2594.0,2068.0,1511.0,1955.0,1092.0,2896.0,712.0,1286.0,1342.0,2231.0,889.0,1631.0,1011.0,2800.0,2211.0,659.0,2639.0,1463.0,987.0,980.0,1507.0,2646.0,1534.0,907.0,2298.0,2956.0,1000.0,2682.0,2294.0,2547.0,957.0,775.0,666.0,2709.0,1734.0,2722.0,936.0,924.0,1699.0,2639.0,1222.0,984.0,1552.0,1164.0,2497.0,1659.0,00000000000000001506,66.8247062267814,C1611F32
886.0,2346.0,1912.0,653.0,747.0,1875.0,1765.0,728.0,506.0,2536.0,2567.0,876.0,1301.0,1846.0,578.0,2160.0,1654.0,1230.0,1831.0,822.0,2843.0,523.0,887.0,1194.0,1685.0,753.0,1368.0,644.0,2405.0,1849.0,598.0,2314.0,1136.0,651.0,744.0,1182.0,2330.0,1128.0,514.0,1802.0,2688.0,790.0,2490.0,1838.0,2463.0,934.0,597.0,560.0,2399.0,1355.0,2318.0,607.0,670.0,1260.0,1961.0,981.0,717.0,1285.0,716.0,2126.0,1246.0,00000000000000001507,57.9668811825408,C1611F33
765.0,2173.0,1732.0,558.0,618.0,1688.0,1580.0,599.0,409.0,2364.0,2389.0,761.0,1145.0,1670.0,471.0,1994.0,1477.0,1090.0,1642.0,701.0,2670.0,426.0,756.0,1053.0,1508.0,633.0,1205.0,548.0,2236.0,1663.0,504.0,2139.0,997.0,544.0,647.0,1023.0,2154.0,971.0,408.0,1625.0,2516.0,693.0,2316.0,1651.0,2286.0,802.0,501.0,464.0,2229.0,1215.0,2143.0,510.0,562.0,1100.0,1788.0,860.0,620.0,1146.0,607.0,1952.0,1089.0,00000000000000001508,21.4525327853233,C1611F36
695.0,2095.0,1640.0,503.0,542.0,1575.0,1469.0,524.0,351.0,2273.0,2289.0,690.0,1057.0,1581.0,410.0,1907.0,1397.0,1011.0,1538.0,634.0,2591.0,370.0,681.0,966.0,1433.0,559.0,1100.0,493.0,2161.0,1548.0,447.0,2030.0,910.0,479.0,590.0,931.0,2053.0,876.0,342.0,1539.0,2435.0,640.0,2231.0,1542.0,2194.0,732.0,442.0,408.0,2128.0,1132.0,2048.0,451.0,501.0,1011.0,1697.0,793.0,558.0,1063.0,547.0,1841.0,994.0,00000000000000001509,58.1836479466534,C1611F37
997.0,2499.0,2133.0,842.0,790.0,1842.0,1852.0,851.0,501.0,2721.0,2641.0,893.0,1389.0,2051.0,572.0,2370.0,1827.0,1348.0,1842.0,908.0,2847.0,595.0,1067.0,1206.0,1940.0,763.0,1499.0,819.0,2620.0,2033.0,578.0,2442.0,1279.0,803.0,833.0,1324.0,2489.0,1324.0,692.0,2021.0,2839.0,855.0,2541.0,2074.0,2468.0,888.0,655.0,566.0,2570.0,1535.0,2556.0,741.0,770.0,1468.0,2327.0,1062.0,801.0,1370.0,937.0,2308.0,1435.0,0000000000000000150a,41.7509208979877,C1611F38
943.0,2421.0,2027.0,721.0,782.0,1886.0,1839.0,771.0,527.0,2630.0,2648.0,922.0,1360.0,1986.0,608.0,2251.0,1740.0,1310.0,1902.0,863.0,2919.0,562.0,959.0,1251.0,1785.0,795.0,1445.0,706.0,2509.0,1957.0,622.0,2397.0,1216.0,697.0,796.0,1222.0,2404.0,1198.0,566.0,1911.0,2766.0,837.0,2524.0,1935.0,2547.0,969.0,632.0,586.0,2499.0,1453.0,2434.0,647.0,724.0,1345.0,2078.0,1033.0,768.0,1388.0,790.0,2230.0,1333.0,0000000000000000150b,61.2528277885542,C1611F41
1098.0,2626.0,2269.0,933.0,883.0,1904.0,1963.0,957.0,531.0,2894.0,2781.0,945.0,1483.0,2274.0,634.0,2545.0,1970.0,1446.0,1964.0,1002.0,2912.0,660.0,1206.0,1307.0,2123.0,850.0,1587.0,927.0,2796.0,2192.0,646.0,2601.0,1411.0,900.0,901.0,1446.0,2649.0,1460.0,814.0,2181.0,2943.0,925.0,2651.0,2278.0,2588.0,924.0,708.0,609.0,2694.0,1694.0,2702.0,841.0,849.0,1645.0,2566.0,1156.0,908.0,1537.0,1078.0,2499.0,1601.0,0000000000000000150d,41.6560924720765,C1611F44
954.0,2457.0,2073.0,764.0,776.0,1818.0,1851.0,780.0,522.0,2656.0,2636.0,891.0,1362.0,2044.0,588.0,2305.0,1772.0,1307.0,1874.0,881.0,2871.0,569.0,993.0,1206.0,1863.0,800.0,1446.0,751.0,2555.0,1967.0,598.0,2421.0,1211.0,720.0,808.0,1233.0,2411.0,1235.0,603.0,1917.0,2796.0,850.0,2499.0,1991.0,2550.0,917.0,640.0,572.0,2512.0,1509.0,2471.0,679.0,742.0,1404.0,2181.0,1042.0,788.0,1424.0,849.0,2227.0,1355.0,0000000000000000150e,62.7629424214167,C1611F45
702.0,2035.0,1690.0,487.0,557.0,1569.0,1478.0,538.0,354.0,2318.0,2262.0,711.0,1075.0,1644.0,423.0,1907.0,1404.0,1012.0,1512.0,643.0,2584.0,373.0,688.0,995.0,1401.0,567.0,1073.0,487.0,2129.0,1542.0,459.0,2080.0,967.0,497.0,583.0,918.0,2047.0,882.0,359.0,1609.0,2417.0,620.0,2244.0,1503.0,2187.0,744.0,459.0,402.0,2130.0,1124.0,2079.0,440.0,507.0,992.0,1705.0,758.0,575.0,1078.0,552.0,1899.0,1021.0,0000000000000000150f,61.4874324450024,C1611F47
993.0,2624.0,2123.0,836.0,872.0,1979.0,1908.0,869.0,622.0,2672.0,2675.0,936.0,1408.0,2064.0,691.0,2373.0,1921.0,1367.0,2000.0,958.0,2965.0,643.0,1038.0,1288.0,1967.0,847.0,1504.0,777.0,2635.0,2036.0,665.0,2511.0,1196.0,779.0,876.0,1376.0,2441.0,1326.0,670.0,1921.0,2820.0,950.0,2656.0,2055.0,2562.0,1052.0,702.0,677.0,2474.0,1526.0,2460.0,784.0,815.0,1471.0,2206.0,1136.0,838.0,1418.0,870.0,2157.0,1370.0,00000000000000001511,53.5565886832149,C1611F54
1246.0,2712.0,2537.0,1006.0,1049.0,1993.0,2011.0,1069.0,681.0,2924.0,2817.0,1228.0,1574.0,2464.0,721.0,2640.0,2275.0,1689.0,2186.0,1144.0,2984.0,804.0,1381.0,1570.0,2320.0,1059.0,1689.0,1145.0,2748.0,2286.0,874.0,2709.0,1671.0,1065.0,1002.0,1471.0,2697.0,1565.0,916.0,2412.0,2839.0,1067.0,2700.0,2349.0,2668.0,1030.0,803.0,775.0,2886.0,1819.0,2962.0,889.0,910.0,1833.0,2759.0,1343.0,1060.0,1793.0,1216.0,2704.0,1798.0,00000000000000001514,38.2609827261605,C1611F58
1073.0,2570.0,2226.0,908.0,859.0,1892.0,1938.0,929.0,524.0,2831.0,2734.0,937.0,1477.0,2203.0,618.0,2484.0,1925.0,1426.0,1926.0,982.0,2884.0,642.0,1168.0,1285.0,2062.0,829.0,1571.0,892.0,2734.0,2150.0,627.0,2534.0,1379.0,871.0,887.0,1419.0,2607.0,1427.0,783.0,2135.0,2923.0,910.0,2605.0,2252.0,2556.0,919.0,693.0,602.0,2660.0,1649.0,2650.0,818.0,831.0,1592.0,2481.0,1133.0,880.0,1490.0,1036.0,2444.0,1555.0,00000000000000001515,44.1237582737417,C1611F59
692.0,2071.0,1661.0,483.0,545.0,1562.0,1459.0,525.0,345.0,2324.0,2285.0,701.0,1062.0,1606.0,411.0,1920.0,1382.0,1007.0,1504.0,626.0,2609.0,365.0,678.0,973.0,1399.0,557.0,1094.0,482.0,2166.0,1524.0,450.0,2061.0,935.0,476.0,574.0,912.0,2055.0,865.0,336.0,1578.0,2455.0,620.0,2256.0,1504.0,2199.0,725.0,445.0,394.0,2142.0,1123.0,2080.0,431.0,497.0,987.0,1714.0,767.0,565.0,1056.0,542.0,1875.0,998.0,00000000000000001516,201.184890706758,C1611F60
1225.0,2685.0,2503.0,989.0,1029.0,1965.0,1984.0,1048.0,664.0,2896.0,2790.0,1199.0,1551.0,2433.0,704.0,2611.0,2237.0,1658.0,2153.0,1122.0,2955.0,785.0,1358.0,1539.0,2288.0,1036.0,1667.0,1122.0,2723.0,2259.0,854.0,2678.0,1640.0,1044.0,986.0,1451.0,2669.0,1541.0,897.0,2378.0,2817.0,1049.0,2669.0,2321.0,2641.0,1011.0,785.0,757.0,2855.0,1793.0,2930.0,874.0,893.0,1808.0,2726.0,1319.0,1040.0,1764.0,1197.0,2671.0,1771.0,00000000000000001518,35.1193055662402,C1611F98
746.0,2097.0,1763.0,528.0,605.0,1646.0,1554.0,586.0,400.0,2367.0,2336.0,756.0,1136.0,1717.0,460.0,1963.0,1471.0,1061.0,1584.0,686.0,2644.0,415.0,737.0,1057.0,1459.0,621.0,1121.0,528.0,2185.0,1621.0,492.0,2137.0,1028.0,535.0,616.0,977.0,2121.0,944.0,396.0,1682.0,2475.0,642.0,2294.0,1579.0,2254.0,791.0,505.0,444.0,2203.0,1180.0,2135.0,473.0,546.0,1053.0,1764.0,802.0,616.0,1136.0,591.0,1979.0,1082.0,00000000000000001519,66.0373934138679,C1611P01
829.0,2456.0,1884.0,676.0,707.0,1797.0,1684.0,678.0,473.0,2451.0,2511.0,771.0,1223.0,1817.0,552.0,2173.0,1695.0,1173.0,1816.0,761.0,2815.0,504.0,858.0,1125.0,1750.0,692.0,1224.0,646.0,2455.0,1788.0,544.0,2290.0,1011.0,621.0,746.0,1165.0,2251.0,1090.0,484.0,1691.0,2659.0,822.0,2451.0,1835.0,2386.0,905.0,555.0,545.0,2299.0,1345.0,2245.0,621.0,660.0,1261.0,1970.0,985.0,688.0,1250.0,699.0,1941.0,1147.0,0000000000000000151a,40.4157419103268,C1611P02
806.0,2432.0,1847.0,646.0,685.0,1783.0,1672.0,658.0,451.0,2451.0,2496.0,763.0,1216.0,1777.0,531.0,2162.0,1648.0,1154.0,1798.0,741.0,2809.0,478.0,834.0,1097.0,1714.0,674.0,1205.0,616.0,2437.0,1765.0,536.0,2281.0,1003.0,598.0,722.0,1144.0,2246.0,1068.0,461.0,1669.0,2653.0,798.0,2453.0,1812.0,2376.0,885.0,531.0,520.0,2286.0,1312.0,2246.0,591.0,634.0,1236.0,1960.0,950.0,674.0,1224.0,675.0,1939.0,1135.0,0000000000000000151b,29.7348590952306,C1611P04
830.0,2285.0,1842.0,607.0,687.0,1805.0,1692.0,668.0,455.0,2481.0,2506.0,824.0,1237.0,1778.0,524.0,2099.0,1578.0,1172.0,1758.0,763.0,2790.0,474.0,829.0,1135.0,1605.0,696.0,1307.0,598.0,2345.0,1777.0,554.0,2258.0,1079.0,598.0,704.0,1116.0,2267.0,1061.0,460.0,1727.0,2629.0,750.0,2434.0,1768.0,2401.0,877.0,550.0,512.0,2343.0,1301.0,2259.0,563.0,617.0,1190.0,1897.0,926.0,676.0,1229.0,663.0,2060.0,1181.0,0000000000000000151c,39.849406388965,C1611P05
743.0,2167.0,1719.0,535.0,594.0,1663.0,1552.0,575.0,384.0,2359.0,2373.0,742.0,1119.0,1662.0,450.0,1988.0,1463.0,1068.0,1617.0,677.0,2676.0,403.0,734.0,1030.0,1492.0,610.0,1169.0,526.0,2233.0,1636.0,488.0,2128.0,974.0,522.0,629.0,999.0,2136.0,944.0,386.0,1617.0,2517.0,675.0,2313.0,1626.0,2276.0,780.0,478.0,441.0,2212.0,1192.0,2137.0,489.0,540.0,1072.0,1776.0,839.0,601.0,1124.0,586.0,1935.0,1063.0,0000000000000000151d,52.5228678544319,C1611P06
785.0,2278.0,1764.0,589.0,640.0,1747.0,1639.0,622.0,432.0,2427.0,2454.0,772.0,1188.0,1694.0,496.0,2073.0,1535.0,1129.0,1720.0,725.0,2735.0,452.0,786.0,1083.0,1585.0,650.0,1245.0,574.0,2332.0,1714.0,522.0,2199.0,1004.0,560.0,674.0,1084.0,2210.0,1017.0,424.0,1639.0,2590.0,730.0,2400.0,1724.0,2348.0,836.0,518.0,489.0,2280.0,1256.0,2209.0,537.0,587.0,1163.0,1873.0,901.0,638.0,1176.0,633.0,1968.0,1124.0,0000000000000000151e,41.3599915614149,C1611P07
827.0,2460.0,1873.0,667.0,706.0,1805.0,1700.0,677.0,468.0,2470.0,2518.0,779.0,1233.0,1808.0,548.0,2189.0,1682.0,1175.0,1824.0,760.0,2837.0,498.0,853.0,1118.0,1742.0,692.0,1231.0,637.0,2466.0,1796.0,547.0,2307.0,1023.0,616.0,736.0,1163.0,2269.0,1094.0,481.0,1690.0,2676.0,811.0,2476.0,1840.0,2397.0,905.0,551.0,538.0,2311.0,1336.0,2269.0,610.0,654.0,1264.0,1983.0,971.0,688.0,1248.0,692.0,1962.0,1154.0,0000000000000000151f,28.441126740814,C1611P08
686.0,2083.0,1631.0,490.0,532.0,1550.0,1449.0,513.0,339.0,2287.0,2284.0,680.0,1046.0,1560.0,400.0,1904.0,1382.0,1000.0,1508.0,621.0,2587.0,359.0,666.0,956.0,1416.0,539.0,1074.0,481.0,2170.0,1520.0,433.0,2028.0,899.0,471.0,574.0,914.0,2042.0,862.0,327.0,1535.0,2435.0,618.0,2236.0,1517.0,2185.0,719.0,435.0,394.0,2128.0,1118.0,2053.0,434.0,490.0,987.0,1699.0,775.0,540.0,1047.0,536.0,1831.0,983.0,00000000000000001520,79.5098187895786,C1611P09
726.0,2218.0,1697.0,549.0,580.0,1647.0,1533.0,561.0,374.0,2363.0,2370.0,698.0,1119.0,1623.0,441.0,1996.0,1467.0,1053.0,1629.0,660.0,2684.0,403.0,725.0,997.0,1523.0,586.0,1126.0,529.0,2274.0,1618.0,480.0,2120.0,930.0,506.0,630.0,1008.0,2112.0,932.0,366.0,1569.0,2532.0,686.0,2335.0,1639.0,2255.0,782.0,461.0,442.0,2187.0,1183.0,2146.0,490.0,534.0,1091.0,1809.0,839.0,592.0,1099.0,572.0,1862.0,1043.0,00000000000000001521,52.5442743318634,C1611P12
994.0,2672.0,2208.0,936.0,855.0,1921.0,1937.0,926.0,618.0,2785.0,2692.0,946.0,1442.0,2158.0,661.0,2478.0,1941.0,1435.0,1929.0,1054.0,2930.0,631.0,1089.0,1258.0,2055.0,819.0,1521.0,814.0,2695.0,2094.0,605.0,2579.0,1235.0,859.0,898.0,1445.0,2532.0,1420.0,776.0,2043.0,2898.0,932.0,2669.0,2154.0,2559.0,977.0,735.0,647.0,2549.0,1579.0,2574.0,869.0,841.0,1501.0,2384.0,1126.0,881.0,1396.0,982.0,2274.0,1467.0,00000000000000001523,62.3002377760728,C1611P14
1247.0,2691.0,2446.0,1049.0,1004.0,1960.0,2048.0,1083.0,625.0,3027.0,2881.0,1066.0,1569.0,2464.0,732.0,2641.0,2140.0,1574.0,2054.0,1142.0,2963.0,775.0,1348.0,1416.0,2317.0,980.0,1709.0,1070.0,2887.0,2289.0,764.0,2724.0,1555.0,1028.0,1017.0,1554.0,2722.0,1570.0,942.0,2365.0,2999.0,1053.0,2747.0,2347.0,2669.0,1029.0,811.0,711.0,2797.0,1838.0,2880.0,966.0,964.0,1785.0,2736.0,1288.0,1052.0,1690.0,1235.0,2610.0,1732.0,00000000000000001524,61.0408138377633,C1611P16
739.0,2074.0,1741.0,521.0,596.0,1628.0,1537.0,578.0,392.0,2340.0,2316.0,749.0,1122.0,1696.0,454.0,1937.0,1456.0,1050.0,1569.0,681.0,2610.0,407.0,728.0,1043.0,1446.0,614.0,1130.0,521.0,2158.0,1601.0,487.0,2111.0,1014.0,528.0,609.0,966.0,2102.0,930.0,389.0,1661.0,2444.0,637.0,2272.0,1564.0,2238.0,783.0,494.0,436.0,2185.0,1171.0,2111.0,468.0,538.0,1040.0,1743.0,796.0,609.0,1125.0,584.0,1955.0,1068.0,00000000000000001525,50.7381960558365,C1611P17
1116.0,2578.0,2328.0,888.0,934.0,1845.0,1875.0,930.0,579.0,2805.0,2748.0,1086.0,1463.0,2279.0,608.0,2536.0,2117.0,1530.0,2067.0,995.0,2891.0,685.0,1242.0,1425.0,2132.0,932.0,1522.0,1015.0,2612.0,2167.0,752.0,2552.0,1534.0,974.0,857.0,1344.0,2599.0,1450.0,790.0,2219.0,2725.0,938.0,2553.0,2230.0,2558.0,901.0,677.0,662.0,2760.0,1673.0,2797.0,739.0,805.0,1735.0,2613.0,1198.0,929.0,1646.0,1097.0,2571.0,1683.0,00000000000000001526,55.4427119364618,C1611P18
738.0,2112.0,1709.0,539.0,592.0,1638.0,1537.0,573.0,396.0,2316.0,2342.0,738.0,1114.0,1652.0,452.0,1943.0,1447.0,1058.0,1592.0,680.0,2614.0,412.0,731.0,1027.0,1469.0,605.0,1156.0,529.0,2178.0,1614.0,489.0,2089.0,977.0,525.0,628.0,983.0,2107.0,937.0,388.0,1607.0,2462.0,668.0,2267.0,1601.0,2239.0,777.0,488.0,444.0,2183.0,1185.0,2095.0,488.0,543.0,1064.0,1734.0,826.0,600.0,1120.0,588.0,1916.0,1056.0,00000000000000001527,52.0542099990261,C1611P21
736.0,2067.0,1735.0,517.0,595.0,1623.0,1532.0,577.0,388.0,2330.0,2308.0,746.0,1117.0,1690.0,453.0,1930.0,1451.0,1045.0,1565.0,678.0,2600.0,403.0,727.0,1037.0,1442.0,611.0,1132.0,517.0,2150.0,1596.0,484.0,2103.0,1009.0,528.0,606.0,961.0,2094.0,925.0,388.0,1656.0,2435.0,634.0,2264.0,1559.0,2230.0,782.0,489.0,432.0,2177.0,1166.0,2102.0,465.0,537.0,1035.0,1736.0,794.0,606.0,1120.0,584.0,1946.0,1062.0,00000000000000001528,54.5431715453181,C1611P22
814.0,2350.0,1819.0,621.0,676.0,1809.0,1696.0,657.0,458.0,2487.0,2512.0,800.0,1233.0,1743.0,526.0,2136.0,1589.0,1168.0,1781.0,757.0,2798.0,477.0,828.0,1122.0,1643.0,680.0,1292.0,602.0,2397.0,1771.0,547.0,2267.0,1038.0,591.0,705.0,1132.0,2264.0,1067.0,452.0,1683.0,2654.0,765.0,2463.0,1785.0,2402.0,875.0,544.0,516.0,2330.0,1303.0,2266.0,570.0,619.0,1215.0,1930.0,938.0,668.0,1220.0,665.0,2015.0,1164.0,00000000000000001529,81.6375318038357,C1611P28
730.0,2065.0,1717.0,515.0,583.0,1611.0,1515.0,562.0,376.0,2331.0,2302.0,740.0,1109.0,1669.0,445.0,1918.0,1427.0,1042.0,1555.0,669.0,2602.0,395.0,716.0,1021.0,1438.0,593.0,1127.0,513.0,2151.0,1581.0,482.0,2090.0,990.0,510.0,606.0,952.0,2082.0,912.0,377.0,1635.0,2438.0,644.0,2267.0,1555.0,2224.0,771.0,481.0,425.0,2167.0,1158.0,2099.0,463.0,529.0,1034.0,1727.0,794.0,596.0,1106.0,576.0,1918.0,1050.0,0000000000000000152a,110.955543760419,C1611P30
690.0,2084.0,1660.0,488.0,538.0,1556.0,1454.0,519.0,346.0,2327.0,2289.0,694.0,1057.0,1597.0,411.0,1931.0,1381.0,1006.0,1501.0,623.0,2620.0,365.0,678.0,969.0,1407.0,551.0,1087.0,482.0,2179.0,1519.0,450.0,2064.0,931.0,476.0,579.0,909.0,2058.0,863.0,336.0,1577.0,2467.0,620.0,2261.0,1508.0,2204.0,725.0,443.0,394.0,2145.0,1119.0,2083.0,431.0,495.0,983.0,1718.0,766.0,557.0,1053.0,542.0,1871.0,992.0,0000000000000000152b,62.4438954628794,C1611P31
1005.0,2466.0,2132.0,842.0,795.0,1861.0,1884.0,859.0,503.0,2725.0,2649.0,903.0,1410.0,2075.0,575.0,2371.0,1828.0,1364.0,1857.0,919.0,2847.0,591.0,1073.0,1228.0,1935.0,772.0,1506.0,815.0,2620.0,2059.0,580.0,2415.0,1300.0,798.0,831.0,1329.0,2502.0,1331.0,696.0,2031.0,2855.0,858.0,2538.0,2136.0,2500.0,892.0,656.0,569.0,2581.0,1550.0,2546.0,740.0,773.0,1464.0,2323.0,1070.0,804.0,1397.0,932.0,2324.0,1445.0,0000000000000000152c,46.2609806734726,C1611P32
747.0,2326.0,1759.0,585.0,622.0,1710.0,1589.0,603.0,402.0,2392.0,2423.0,720.0,1168.0,1677.0,474.0,2069.0,1544.0,1101.0,1706.0,690.0,2715.0,424.0,767.0,1039.0,1614.0,622.0,1155.0,558.0,2345.0,1665.0,499.0,2197.0,949.0,539.0,665.0,1071.0,2175.0,991.0,400.0,1601.0,2579.0,738.0,2380.0,1721.0,2308.0,823.0,482.0,471.0,2225.0,1239.0,2176.0,534.0,567.0,1156.0,1877.0,884.0,620.0,1149.0,613.0,1882.0,1078.0,0000000000000000152d,50.4401126865161,C1611P70
934.0,2315.0,2045.0,734.0,712.0,1737.0,1790.0,727.0,452.0,2641.0,2665.0,834.0,1323.0,2069.0,521.0,2208.0,1725.0,1296.0,1795.0,821.0,2787.0,546.0,954.0,1211.0,1799.0,731.0,1326.0,746.0,2500.0,1942.0,556.0,2337.0,1282.0,675.0,715.0,1155.0,2404.0,1192.0,567.0,1940.0,2702.0,755.0,2367.0,1971.0,2517.0,841.0,603.0,526.0,2536.0,1502.0,2468.0,597.0,682.0,1379.0,2169.0,962.0,742.0,1436.0,847.0,2342.0,1370.0,0000000000000000152e,95.0581307539937,C1611R02
848.0,2266.0,1928.0,615.0,704.0,1805.0,1731.0,682.0,472.0,2536.0,2542.0,851.0,1268.0,1890.0,538.0,2132.0,1622.0,1196.0,1757.0,784.0,2832.0,492.0,842.0,1192.0,1613.0,716.0,1278.0,612.0,2366.0,1808.0,555.0,2295.0,1164.0,617.0,681.0,1102.0,2313.0,1079.0,479.0,1834.0,2665.0,708.0,2435.0,1769.0,2452.0,887.0,584.0,517.0,2395.0,1332.0,2296.0,541.0,629.0,1194.0,1929.0,900.0,684.0,1286.0,683.0,2173.0,1223.0,0000000000000000152f,25.5370418759961,C1611R03
859.0,2240.0,1966.0,651.0,658.0,1670.0,1709.0,664.0,426.0,2550.0,2542.0,807.0,1239.0,1971.0,493.0,2139.0,1637.0,1206.0,1709.0,769.0,2769.0,491.0,869.0,1140.0,1682.0,695.0,1244.0,663.0,2406.0,1826.0,519.0,2270.0,1182.0,616.0,656.0,1067.0,2299.0,1091.0,496.0,1867.0,2655.0,693.0,2311.0,1828.0,2443.0,811.0,561.0,486.0,2422.0,1398.0,2349.0,535.0,615.0,1252.0,2048.0,888.0,684.0,1349.0,758.0,2223.0,1266.0,00000000000000001530,50.9644157866491,C1611R06
1195.0,2636.0,2388.0,1074.0,954.0,1874.0,1994.0,1061.0,630.0,2957.0,2775.0,1040.0,1592.0,2381.0,718.0,2544.0,2104.0,1556.0,1954.0,1113.0,2893.0,756.0,1309.0,1372.0,2242.0,924.0,1674.0,1030.0,2835.0,2232.0,696.0,2615.0,1487.0,1000.0,1018.0,1529.0,2645.0,1562.0,933.0,2329.0,2998.0,1044.0,2622.0,2353.0,2565.0,1007.0,809.0,704.0,2728.0,1735.0,2771.0,973.0,969.0,1708.0,2653.0,1257.0,998.0,1565.0,1192.0,2504.0,1685.0,00000000000000001531,71.4868931760829,C1611W10
824.0,2460.0,1870.0,664.0,704.0,1809.0,1704.0,675.0,466.0,2475.0,2519.0,776.0,1238.0,1805.0,549.0,2190.0,1677.0,1176.0,1828.0,757.0,2837.0,495.0,851.0,1119.0,1740.0,690.0,1241.0,634.0,2463.0,1799.0,547.0,2308.0,1024.0,616.0,735.0,1166.0,2270.0,1093.0,481.0,1690.0,2679.0,811.0,2478.0,1840.0,2402.0,906.0,552.0,535.0,2315.0,1337.0,2271.0,606.0,654.0,1263.0,1982.0,967.0,688.0,1245.0,693.0,1963.0,1156.0,00000000000000001532,61.8037032117451,C1611X02
790.0,2403.0,1819.0,636.0,670.0,1757.0,1643.0,643.0,440.0,2424.0,2470.0,747.0,1195.0,1750.0,516.0,2134.0,1621.0,1134.0,1773.0,725.0,2776.0,468.0,817.0,1076.0,1689.0,658.0,1172.0,607.0,2405.0,1738.0,520.0,2253.0,982.0,583.0,707.0,1124.0,2220.0,1046.0,446.0,1645.0,2621.0,781.0,2422.0,1783.0,2353.0,869.0,520.0,510.0,2259.0,1290.0,2217.0,572.0,620.0,1216.0,1933.0,934.0,657.0,1203.0,660.0,1913.0,1115.0,00000000000000001533,78.6924830233892,C1611X03
789.0,2391.0,1814.0,641.0,666.0,1744.0,1639.0,636.0,437.0,2397.0,2460.0,739.0,1179.0,1748.0,509.0,2116.0,1621.0,1123.0,1764.0,721.0,2752.0,467.0,815.0,1068.0,1682.0,653.0,1174.0,610.0,2390.0,1735.0,516.0,2237.0,962.0,577.0,712.0,1117.0,2207.0,1045.0,440.0,1624.0,2597.0,789.0,2406.0,1783.0,2334.0,864.0,518.0,508.0,2247.0,1286.0,2190.0,585.0,616.0,1218.0,1916.0,936.0,653.0,1199.0,654.0,1890.0,1103.0,00000000000000001534,45.7911726710662,C1611X04
982.0,2626.0,2121.0,844.0,863.0,1971.0,1908.0,867.0,621.0,2680.0,2675.0,930.0,1403.0,2064.0,685.0,2382.0,1912.0,1369.0,1988.0,961.0,2962.0,639.0,1034.0,1280.0,1966.0,836.0,1495.0,776.0,2639.0,2034.0,653.0,2512.0,1192.0,781.0,869.0,1373.0,2449.0,1326.0,674.0,1924.0,2825.0,938.0,2655.0,2058.0,2562.0,1038.0,705.0,674.0,2478.0,1524.0,2464.0,785.0,813.0,1461.0,2216.0,1126.0,833.0,1409.0,875.0,2164.0,1370.0,00000000000000001535,66.4853629780517,C1611X09
896.0,2453.0,1926.0,685.0,759.0,1915.0,1802.0,740.0,519.0,2593.0,2613.0,874.0,1331.0,1850.0,607.0,2231.0,1701.0,1250.0,1894.0,836.0,2894.0,542.0,911.0,1203.0,1755.0,761.0,1384.0,666.0,2493.0,1887.0,616.0,2380.0,1119.0,673.0,777.0,1232.0,2365.0,1169.0,533.0,1783.0,2742.0,841.0,2576.0,1897.0,2499.0,957.0,608.0,580.0,2427.0,1390.0,2374.0,647.0,703.0,1317.0,2044.0,1019.0,739.0,1306.0,749.0,2110.0,1260.0,00000000000000001536,64.7723214435126,C1612C02
867.0,2445.0,1904.0,673.0,737.0,1885.0,1773.0,718.0,501.0,2565.0,2584.0,846.0,1303.0,1825.0,587.0,2216.0,1680.0,1229.0,1865.0,808.0,2883.0,528.0,890.0,1182.0,1733.0,734.0,1356.0,654.0,2482.0,1858.0,596.0,2352.0,1095.0,654.0,756.0,1206.0,2335.0,1141.0,513.0,1757.0,2729.0,821.0,2547.0,1869.0,2470.0,936.0,594.0,566.0,2393.0,1370.0,2343.0,627.0,684.0,1291.0,2017.0,993.0,718.0,1286.0,729.0,2077.0,1233.0,00000000000000001537,67.0069900895639,C1612C03
885.0,2452.0,1924.0,685.0,755.0,1906.0,1792.0,736.0,513.0,2588.0,2604.0,866.0,1327.0,1842.0,598.0,2225.0,1697.0,1245.0,1886.0,828.0,2891.0,542.0,909.0,1198.0,1751.0,752.0,1387.0,666.0,2491.0,1876.0,608.0,2373.0,1114.0,664.0,765.0,1224.0,2356.0,1159.0,523.0,1779.0,2739.0,829.0,2569.0,1887.0,2489.0,956.0,608.0,580.0,2413.0,1384.0,2364.0,635.0,692.0,1308.0,2036.0,1009.0,728.0,1300.0,739.0,2098.0,1252.0,00000000000000001538,74.7952299018498,C1612C04
886.0,2435.0,1920.0,681.0,757.0,1914.0,1801.0,738.0,519.0,2583.0,2613.0,868.0,1332.0,1847.0,597.0,2224.0,1694.0,1250.0,1886.0,829.0,2881.0,538.0,910.0,1204.0,1748.0,754.0,1386.0,662.0,2481.0,1878.0,608.0,2368.0,1120.0,662.0,766.0,1230.0,2365.0,1165.0,521.0,1783.0,2737.0,830.0,2564.0,1895.0,2499.0,957.0,605.0,576.0,2432.0,1389.0,2368.0,635.0,691.0,1314.0,2032.0,1010.0,729.0,1306.0,738.0,2115.0,1258.0,00000000000000001539,71.2813875256135,C1612C05
887.0,2448.0,1923.0,685.0,757.0,1913.0,1799.0,738.0,519.0,2585.0,2613.0,867.0,1330.0,1847.0,598.0,2229.0,1698.0,1250.0,1889.0,829.0,2891.0,542.0,910.0,1203.0,1752.0,754.0,1385.0,666.0,2490.0,1881.0,609.0,2371.0,1119.0,664.0,767.0,1230.0,2364.0,1166.0,524.0,1782.0,2742.0,831.0,2567.0,1894.0,2498.0,957.0,609.0,580.0,2427.0,1390.0,2367.0,637.0,692.0,1314.0,2036.0,1010.0,729.0,1306.0,739.0,2111.0,1258.0,0000000000000000153a,35.2398127904062,C1612C10
911.0,2289.0,2012.0,712.0,694.0,1711.0,1767.0,704.0,447.0,2615.0,2637.0,821.0,1294.0,2037.0,516.0,2170.0,1688.0,1265.0,1756.0,802.0,2778.0,531.0,920.0,1183.0,1747.0,719.0,1300.0,713.0,2478.0,1901.0,541.0,2314.0,1247.0,654.0,692.0,1123.0,2365.0,1160.0,547.0,1902.0,2680.0,731.0,2337.0,1924.0,2494.0,838.0,590.0,517.0,2495.0,1461.0,2414.0,572.0,665.0,1329.0,2125.0,933.0,715.0,1401.0,816.0,2299.0,1332.0,0000000000000000153b,41.6813635496405,C1612F02
822.0,2311.0,1814.0,618.0,686.0,1797.0,1686.0,663.0,466.0,2469.0,2497.0,813.0,1233.0,1748.0,532.0,2114.0,1581.0,1167.0,1761.0,762.0,2770.0,484.0,828.0,1126.0,1626.0,693.0,1286.0,604.0,2361.0,1765.0,555.0,2250.0,1052.0,599.0,703.0,1126.0,2257.0,1067.0,464.0,1694.0,2626.0,758.0,2437.0,1765.0,2389.0,874.0,553.0,521.0,2323.0,1295.0,2250.0,573.0,621.0,1207.0,1913.0,930.0,672.0,1222.0,666.0,2031.0,1170.0,0000000000000000153c,69.5942066745318,C1612F03
998.0,2545.0,2146.0,842.0,785.0,1840.0,1841.0,848.0,505.0,2728.0,2646.0,895.0,1381.0,2038.0,573.0,2377.0,1829.0,1338.0,1850.0,904.0,2861.0,599.0,1064.0,1197.0,1953.0,757.0,1493.0,829.0,2632.0,2023.0,581.0,2483.0,1271.0,813.0,844.0,1323.0,2485.0,1323.0,698.0,2019.0,2844.0,862.0,2557.0,2069.0,2455.0,887.0,648.0,570.0,2570.0,1537.0,2577.0,743.0,775.0,1481.0,2337.0,1063.0,807.0,1363.0,944.0,2303.0,1434.0,0000000000000000153d,53.8091601768971,C1612F06
716.0,2039.0,1661.0,524.0,573.0,1587.0,1489.0,554.0,386.0,2246.0,2276.0,717.0,1079.0,1607.0,439.0,1881.0,1404.0,1022.0,1539.0,659.0,2532.0,404.0,706.0,996.0,1422.0,586.0,1112.0,516.0,2107.0,1559.0,471.0,2022.0,951.0,509.0,602.0,951.0,2049.0,907.0,375.0,1568.0,2385.0,638.0,2197.0,1548.0,2179.0,751.0,479.0,432.0,2124.0,1148.0,2031.0,467.0,527.0,1029.0,1679.0,797.0,578.0,1084.0,571.0,1869.0,1023.0,0000000000000000153e,78.0338839875669,C1612F08
716.0,2036.0,1665.0,520.0,574.0,1588.0,1490.0,556.0,384.0,2250.0,2275.0,719.0,1081.0,1611.0,439.0,1882.0,1406.0,1024.0,1538.0,658.0,2532.0,403.0,707.0,999.0,1424.0,586.0,1112.0,514.0,2108.0,1559.0,474.0,2024.0,954.0,508.0,604.0,951.0,2050.0,907.0,374.0,1576.0,2385.0,640.0,2199.0,1546.0,2181.0,752.0,477.0,430.0,2126.0,1148.0,2032.0,468.0,525.0,1028.0,1682.0,795.0,583.0,1085.0,570.0,1873.0,1024.0,0000000000000000153f,87.6620115406262,C1612F09
852.0,2265.0,1877.0,628.0,714.0,1822.0,1719.0,688.0,484.0,2476.0,2521.0,851.0,1272.0,1819.0,546.0,2095.0,1612.0,1196.0,1774.0,793.0,2782.0,503.0,851.0,1169.0,1630.0,717.0,1306.0,618.0,2331.0,1797.0,572.0,2254.0,1121.0,621.0,712.0,1135.0,2288.0,1088.0,480.0,1777.0,2624.0,749.0,2421.0,1778.0,2422.0,898.0,580.0,532.0,2365.0,1328.0,2255.0,570.0,640.0,1217.0,1893.0,938.0,690.0,1262.0,687.0,2102.0,1209.0,00000000000000001540,53.9496881475549,C1612F14
847.0,2296.0,1875.0,619.0,707.0,1823.0,1719.0,685.0,475.0,2504.0,2529.0,847.0,1261.0,1813.0,538.0,2126.0,1611.0,1189.0,1776.0,789.0,2808.0,487.0,849.0,1161.0,1636.0,711.0,1317.0,609.0,2362.0,1802.0,572.0,2276.0,1107.0,612.0,714.0,1129.0,2292.0,1082.0,474.0,1768.0,2648.0,752.0,2449.0,1783.0,2426.0,897.0,564.0,523.0,2368.0,1320.0,2283.0,572.0,630.0,1212.0,1917.0,942.0,686.0,1255.0,676.0,2093.0,1203.0,00000000000000001541,31.6355089912428,C1612F15
1241.0,2711.0,2532.0,1004.0,1046.0,1985.0,2004.0,1066.0,679.0,2922.0,2812.0,1220.0,1569.0,2459.0,716.0,2638.0,2266.0,1679.0,2177.0,1138.0,2982.0,801.0,1377.0,1560.0,2315.0,1054.0,1686.0,1140.0,2747.0,2279.0,870.0,2706.0,1661.0,1060.0,1001.0,1467.0,2692.0,1560.0,911.0,2406.0,2842.0,1066.0,2697.0,2343.0,2663.0,1027.0,800.0,772.0,2880.0,1812.0,2959.0,889.0,907.0,1828.0,2754.0,1337.0,1058.0,1785.0,1212.0,2696.0,1792.0,00000000000000001542,50.018405958135,C1612F16
724.0,2035.0,1677.0,522.0,588.0,1597.0,1500.0,566.0,389.0,2261.0,2277.0,729.0,1090.0,1625.0,448.0,1887.0,1418.0,1034.0,1545.0,665.0,2537.0,408.0,715.0,1011.0,1434.0,595.0,1127.0,517.0,2110.0,1567.0,479.0,2034.0,967.0,516.0,606.0,958.0,2058.0,914.0,382.0,1593.0,2385.0,641.0,2204.0,1549.0,2190.0,760.0,481.0,435.0,2136.0,1155.0,2038.0,466.0,534.0,1032.0,1696.0,798.0,588.0,1093.0,578.0,1890.0,1033.0,00000000000000001543,83.9787344095519,C1612F17
881.0,2318.0,1913.0,654.0,739.0,1870.0,1765.0,720.0,509.0,2526.0,2569.0,879.0,1303.0,1849.0,571.0,2144.0,1648.0,1226.0,1824.0,822.0,2831.0,527.0,883.0,1196.0,1671.0,745.0,1360.0,644.0,2384.0,1850.0,598.0,2301.0,1144.0,647.0,740.0,1175.0,2329.0,1126.0,505.0,1808.0,2677.0,780.0,2472.0,1832.0,2463.0,931.0,601.0,557.0,2405.0,1355.0,2303.0,599.0,665.0,1257.0,1935.0,972.0,712.0,1289.0,712.0,2132.0,1247.0,00000000000000001544,77.4149732912136,C1612F18
1094.0,2606.0,2254.0,925.0,876.0,1902.0,1958.0,949.0,528.0,2875.0,2771.0,945.0,1485.0,2255.0,630.0,2526.0,1956.0,1442.0,1956.0,998.0,2901.0,655.0,1195.0,1304.0,2104.0,848.0,1584.0,916.0,2778.0,2182.0,641.0,2579.0,1404.0,891.0,899.0,1441.0,2641.0,1454.0,804.0,2168.0,2935.0,923.0,2634.0,2273.0,2583.0,921.0,703.0,607.0,2687.0,1682.0,2684.0,836.0,843.0,1633.0,2539.0,1152.0,903.0,1526.0,1065.0,2488.0,1592.0,00000000000000001545,78.9507693366364,C1612F19
1051.0,2571.0,2216.0,899.0,845.0,1873.0,1913.0,912.0,527.0,2810.0,2700.0,927.0,1455.0,2163.0,612.0,2462.0,1906.0,1396.0,1902.0,963.0,2881.0,638.0,1147.0,1253.0,2041.0,807.0,1555.0,882.0,2713.0,2117.0,618.0,2527.0,1343.0,865.0,878.0,1401.0,2567.0,1406.0,770.0,2110.0,2910.0,896.0,2598.0,2208.0,2518.0,914.0,688.0,596.0,2630.0,1611.0,2641.0,800.0,826.0,1569.0,2459.0,1112.0,861.0,1443.0,1022.0,2398.0,1527.0,00000000000000001546,65.9052008083045,C1612F20
931.0,2280.0,1996.0,723.0,691.0,1664.0,1728.0,709.0,448.0,2603.0,2609.0,852.0,1316.0,2003.0,523.0,2172.0,1708.0,1268.0,1810.0,808.0,2771.0,536.0,972.0,1202.0,1805.0,722.0,1347.0,745.0,2452.0,1928.0,535.0,2275.0,1254.0,657.0,733.0,1116.0,2322.0,1153.0,547.0,1937.0,2701.0,757.0,2312.0,1952.0,2446.0,833.0,584.0,517.0,2501.0,1458.0,2349.0,584.0,684.0,1373.0,2127.0,986.0,724.0,1386.0,832.0,2290.0,1352.0,00000000000000001547,52.2634086080693,C1612F22
767.0,2221.0,1730.0,557.0,615.0,1701.0,1597.0,597.0,408.0,2390.0,2409.0,750.0,1152.0,1667.0,472.0,2026.0,1500.0,1100.0,1670.0,702.0,2703.0,426.0,755.0,1056.0,1543.0,629.0,1218.0,547.0,2286.0,1673.0,504.0,2153.0,985.0,537.0,651.0,1042.0,2172.0,973.0,401.0,1621.0,2553.0,704.0,2359.0,1679.0,2305.0,808.0,493.0,463.0,2248.0,1223.0,2176.0,514.0,562.0,1115.0,1832.0,869.0,616.0,1148.0,607.0,1942.0,1091.0,00000000000000001548,65.3389669672117,C1612F23
752.0,2169.0,1743.0,546.0,603.0,1674.0,1570.0,584.0,400.0,2378.0,2389.0,752.0,1143.0,1679.0,457.0,1994.0,1476.0,1085.0,1626.0,694.0,2683.0,416.0,746.0,1047.0,1503.0,616.0,1180.0,536.0,2236.0,1649.0,497.0,2144.0,990.0,531.0,640.0,1003.0,2150.0,957.0,392.0,1638.0,2527.0,682.0,2327.0,1636.0,2289.0,793.0,488.0,449.0,2227.0,1209.0,2150.0,497.0,549.0,1087.0,1781.0,849.0,611.0,1142.0,595.0,1954.0,1078.0,00000000000000001549,44.8513272067059,C1612F24
1135.0,2600.0,2363.0,909.0,924.0,1872.0,1905.0,941.0,573.0,2827.0,2739.0,1085.0,1477.0,2310.0,616.0,2540.0,2111.0,1548.0,2061.0,1017.0,2891.0,697.0,1252.0,1425.0,2163.0,937.0,1556.0,1032.0,2651.0,2177.0,759.0,2583.0,1537.0,965.0,885.0,1365.0,2602.0,1460.0,809.0,2247.0,2757.0,956.0,2573.0,2243.0,2573.0,911.0,694.0,667.0,2776.0,1698.0,2826.0,773.0,816.0,1739.0,2625.0,1217.0,946.0,1663.0,1118.0,2578.0,1687.0,0000000000000000154a,91.751065143471,C1612F25
896.0,2246.0,1964.0,660.0,675.0,1658.0,1704.0,675.0,442.0,2579.0,2577.0,863.0,1291.0,1969.0,541.0,2137.0,1661.0,1239.0,1793.0,784.0,2808.0,514.0,904.0,1207.0,1684.0,715.0,1299.0,661.0,2424.0,1871.0,558.0,2257.0,1207.0,621.0,715.0,1066.0,2276.0,1094.0,504.0,1893.0,2692.0,746.0,2309.0,1841.0,2435.0,879.0,570.0,524.0,2444.0,1409.0,2318.0,555.0,663.0,1261.0,2005.0,961.0,704.0,1353.0,735.0,2221.0,1282.0,0000000000000000154b,103.430337416873,C1612F26
797.0,2223.0,1774.0,585.0,653.0,1739.0,1629.0,633.0,435.0,2409.0,2435.0,791.0,1187.0,1712.0,501.0,2040.0,1521.0,1126.0,1693.0,732.0,2714.0,454.0,791.0,1089.0,1551.0,666.0,1244.0,575.0,2282.0,1711.0,530.0,2189.0,1032.0,574.0,675.0,1070.0,2201.0,1015.0,438.0,1666.0,2560.0,721.0,2365.0,1702.0,2332.0,837.0,529.0,491.0,2274.0,1252.0,2191.0,539.0,592.0,1146.0,1839.0,891.0,648.0,1181.0,637.0,1997.0,1133.0,0000000000000000154c,69.0583586707238,C1612F27
760.0,2098.0,1760.0,541.0,619.0,1657.0,1566.0,600.0,413.0,2346.0,2342.0,769.0,1144.0,1715.0,476.0,1961.0,1482.0,1079.0,1599.0,703.0,2627.0,428.0,748.0,1065.0,1478.0,632.0,1169.0,541.0,2180.0,1629.0,503.0,2124.0,1037.0,544.0,622.0,991.0,2129.0,955.0,412.0,1682.0,2463.0,655.0,2276.0,1598.0,2265.0,803.0,513.0,457.0,2212.0,1193.0,2121.0,485.0,558.0,1063.0,1759.0,816.0,617.0,1147.0,604.0,1977.0,1090.0,0000000000000000154d,65.1093572568877,C1612F29
1198.0,2632.0,2365.0,999.0,961.0,1911.0,2017.0,1028.0,604.0,2951.0,2801.0,1038.0,1522.0,2397.0,699.0,2567.0,2069.0,1538.0,2001.0,1101.0,2914.0,745.0,1293.0,1359.0,2258.0,950.0,1664.0,1044.0,2814.0,2222.0,767.0,2641.0,1507.0,969.0,960.0,1492.0,2660.0,1522.0,894.0,2294.0,2916.0,1011.0,2637.0,2270.0,2642.0,990.0,780.0,687.0,2741.0,1799.0,2883.0,912.0,895.0,1740.0,2695.0,1228.0,1010.0,1671.0,1207.0,2554.0,1685.0,0000000000000000154e,35.7327515320247,C1612F30
1034.0,2427.0,2153.0,854.0,790.0,1779.0,1883.0,830.0,508.0,2778.0,2712.0,911.0,1453.0,2151.0,582.0,2341.0,1841.0,1397.0,1893.0,911.0,2870.0,604.0,1099.0,1258.0,1942.0,796.0,1520.0,836.0,2679.0,2104.0,591.0,2411.0,1333.0,772.0,841.0,1279.0,2475.0,1333.0,678.0,2074.0,2888.0,869.0,2442.0,2189.0,2556.0,903.0,661.0,575.0,2636.0,1598.0,2566.0,714.0,789.0,1515.0,2349.0,1100.0,822.0,1486.0,950.0,2397.0,1504.0,0000000000000000154f,72.2895150688602,C1612F34
859.0,2300.0,1898.0,630.0,722.0,1843.0,1738.0,695.0,485.0,2514.0,2543.0,857.0,1283.0,1841.0,548.0,2129.0,1631.0,1208.0,1793.0,798.0,2823.0,505.0,860.0,1182.0,1650.0,722.0,1323.0,621.0,2367.0,1816.0,579.0,2289.0,1132.0,624.0,721.0,1144.0,2310.0,1097.0,482.0,1799.0,2662.0,759.0,2458.0,1797.0,2445.0,909.0,582.0,534.0,2387.0,1341.0,2291.0,577.0,643.0,1227.0,1926.0,945.0,696.0,1275.0,690.0,2120.0,1219.0,00000000000000001550,1064.70161808513,C1612F35
717.0,2034.0,1699.0,499.0,571.0,1584.0,1492.0,552.0,365.0,2301.0,2270.0,727.0,1089.0,1654.0,435.0,1890.0,1408.0,1023.0,1528.0,659.0,2570.0,384.0,702.0,1004.0,1415.0,582.0,1103.0,499.0,2118.0,1556.0,473.0,2065.0,976.0,502.0,596.0,932.0,2055.0,895.0,370.0,1617.0,2404.0,634.0,2236.0,1527.0,2195.0,759.0,471.0,413.0,2139.0,1136.0,2072.0,454.0,519.0,1013.0,1700.0,775.0,587.0,1089.0,566.0,1898.0,1033.0,00000000000000001551,45.7973766947423,C1612F36
1191.0,2620.0,2343.0,971.0,939.0,1919.0,2002.0,1006.0,575.0,2920.0,2819.0,1024.0,1511.0,2367.0,678.0,2550.0,2044.0,1529.0,2011.0,1087.0,2896.0,720.0,1270.0,1368.0,2212.0,942.0,1636.0,1012.0,2794.0,2230.0,740.0,2627.0,1500.0,957.0,942.0,1485.0,2666.0,1504.0,871.0,2260.0,2900.0,993.0,2629.0,2276.0,2635.0,970.0,747.0,665.0,2752.0,1782.0,2845.0,884.0,891.0,1731.0,2645.0,1232.0,985.0,1657.0,1172.0,2556.0,1676.0,00000000000000001552,38.6013590912959,C1612F38
919.0,2441.0,1964.0,690.0,783.0,1946.0,1832.0,764.0,534.0,2610.0,2642.0,910.0,1358.0,1892.0,616.0,2239.0,1721.0,1279.0,1909.0,858.0,2912.0,553.0,931.0,1237.0,1766.0,786.0,1410.0,676.0,2493.0,1912.0,630.0,2386.0,1163.0,686.0,783.0,1247.0,2397.0,1186.0,546.0,1837.0,2764.0,839.0,2573.0,1913.0,2531.0,978.0,624.0,591.0,2464.0,1409.0,2390.0,648.0,710.0,1330.0,2041.0,1030.0,750.0,1334.0,756.0,2165.0,1292.0,00000000000000001553,76.0667457829763,C1612F39
854.0,2297.0,1894.0,624.0,719.0,1837.0,1732.0,690.0,479.0,2511.0,2537.0,851.0,1278.0,1839.0,543.0,2126.0,1627.0,1205.0,1786.0,792.0,2820.0,499.0,855.0,1180.0,1646.0,718.0,1314.0,615.0,2364.0,1808.0,573.0,2286.0,1129.0,618.0,715.0,1137.0,2306.0,1089.0,477.0,1796.0,2658.0,753.0,2456.0,1789.0,2440.0,904.0,576.0,528.0,2383.0,1338.0,2289.0,570.0,637.0,1218.0,1926.0,939.0,690.0,1271.0,684.0,2117.0,1212.0,00000000000000001554,94.0544956054035,C1612F40
767.0,2234.0,1729.0,561.0,614.0,1697.0,1592.0,596.0,408.0,2393.0,2408.0,748.0,1153.0,1663.0,472.0,2030.0,1505.0,1099.0,1673.0,701.0,2706.0,430.0,753.0,1049.0,1553.0,627.0,1207.0,552.0,2296.0,1669.0,507.0,2153.0,979.0,535.0,653.0,1044.0,2166.0,972.0,400.0,1618.0,2556.0,708.0,2362.0,1682.0,2302.0,808.0,496.0,468.0,2242.0,1222.0,2178.0,517.0,562.0,1120.0,1841.0,873.0,617.0,1145.0,607.0,1932.0,1089.0,00000000000000001555,19.6958884292709,C1612F41
1152.0,2594.0,2349.0,933.0,920.0,1889.0,1937.0,963.0,567.0,2842.0,2757.0,1057.0,1484.0,2322.0,635.0,2526.0,2074.0,1538.0,2032.0,1043.0,2871.0,703.0,1253.0,1403.0,2172.0,933.0,1585.0,1018.0,2704.0,2188.0,746.0,2589.0,1517.0,951.0,907.0,1408.0,2611.0,1472.0,830.0,2240.0,2802.0,965.0,2583.0,2248.0,2583.0,932.0,712.0,658.0,2760.0,1724.0,2814.0,817.0,843.0,1725.0,2615.0,1224.0,955.0,1653.0,1131.0,2563.0,1675.0,00000000000000001556,117.598800973032,C1612F96
989.0,2359.0,2066.0,774.0,737.0,1728.0,1808.0,757.0,477.0,2704.0,2694.0,893.0,1390.0,2075.0,552.0,2249.0,1785.0,1328.0,1903.0,851.0,2853.0,569.0,1048.0,1253.0,1895.0,767.0,1422.0,802.0,2549.0,2029.0,560.0,2353.0,1323.0,701.0,780.0,1185.0,2403.0,1227.0,590.0,2030.0,2799.0,803.0,2382.0,2059.0,2520.0,869.0,618.0,545.0,2600.0,1515.0,2424.0,629.0,732.0,1466.0,2233.0,1043.0,763.0,1439.0,899.0,2390.0,1438.0,00000000000000001557,51.6350567099733,C1612P01
783.0,2302.0,1775.0,579.0,637.0,1740.0,1628.0,619.0,416.0,2447.0,2457.0,764.0,1185.0,1700.0,491.0,2081.0,1548.0,1124.0,1719.0,720.0,2760.0,444.0,780.0,1070.0,1602.0,644.0,1224.0,567.0,2353.0,1710.0,524.0,2210.0,1000.0,555.0,674.0,1077.0,2204.0,1006.0,419.0,1649.0,2607.0,732.0,2415.0,1728.0,2343.0,834.0,508.0,482.0,2275.0,1256.0,2224.0,539.0,582.0,1160.0,1891.0,899.0,637.0,1172.0,627.0,1961.0,1118.0,00000000000000001558,59.8468554506169,C1612P02
778.0,2296.0,1770.0,579.0,634.0,1732.0,1619.0,615.0,414.0,2436.0,2449.0,759.0,1178.0,1694.0,488.0,2075.0,1543.0,1117.0,1709.0,716.0,2749.0,443.0,777.0,1065.0,1597.0,640.0,1216.0,565.0,2346.0,1700.0,520.0,2202.0,993.0,551.0,670.0,1072.0,2197.0,1002.0,415.0,1641.0,2598.0,729.0,2407.0,1718.0,2336.0,830.0,504.0,480.0,2266.0,1250.0,2213.0,536.0,578.0,1153.0,1883.0,894.0,633.0,1167.0,623.0,1954.0,1110.0,00000000000000001559,44.8553657929816,C1612P04
691.0,2104.0,1640.0,490.0,538.0,1563.0,1461.0,519.0,340.0,2316.0,2299.0,687.0,1057.0,1573.0,408.0,1925.0,1391.0,1011.0,1522.0,625.0,2613.0,359.0,673.0,966.0,1426.0,545.0,1090.0,484.0,2198.0,1527.0,439.0,2046.0,912.0,478.0,578.0,921.0,2056.0,868.0,330.0,1550.0,2463.0,626.0,2263.0,1528.0,2204.0,728.0,437.0,396.0,2142.0,1129.0,2077.0,437.0,497.0,995.0,1722.0,779.0,549.0,1055.0,544.0,1845.0,989.0,0000000000000000155a,85.3788877308117,C1612P06
682.0,2063.0,1651.0,478.0,536.0,1546.0,1446.0,517.0,342.0,2319.0,2272.0,692.0,1051.0,1597.0,405.0,1918.0,1374.0,995.0,1489.0,619.0,2603.0,361.0,668.0,967.0,1388.0,549.0,1083.0,478.0,2160.0,1511.0,444.0,2055.0,927.0,470.0,567.0,902.0,2044.0,856.0,330.0,1571.0,2448.0,609.0,2248.0,1487.0,2186.0,716.0,443.0,390.0,2130.0,1110.0,2076.0,425.0,493.0,977.0,1709.0,755.0,558.0,1047.0,535.0,1870.0,989.0,0000000000000000155b,83.1797140588391,C1612P10
1156.0,2602.0,2296.0,923.0,889.0,1903.0,1960.0,944.0,529.0,2883.0,2807.0,988.0,1469.0,2296.0,636.0,2527.0,1984.0,1505.0,1985.0,1046.0,2876.0,671.0,1207.0,1351.0,2138.0,903.0,1577.0,957.0,2761.0,2203.0,684.0,2598.0,1478.0,925.0,895.0,1437.0,2646.0,1463.0,829.0,2189.0,2873.0,947.0,2611.0,2263.0,2607.0,913.0,691.0,620.0,2735.0,1737.0,2791.0,817.0,859.0,1695.0,2584.0,1210.0,935.0,1625.0,1121.0,2530.0,1636.0,0000000000000000155c,57.5064554333559,C1612P99
910.0,2291.0,2016.0,708.0,694.0,1712.0,1769.0,704.0,446.0,2619.0,2640.0,821.0,1294.0,2041.0,518.0,2170.0,1689.0,1265.0,1755.0,802.0,2785.0,528.0,918.0,1183.0,1745.0,720.0,1302.0,708.0,2481.0,1900.0,542.0,2317.0,1247.0,652.0,693.0,1121.0,2366.0,1158.0,545.0,1904.0,2684.0,732.0,2339.0,1922.0,2498.0,842.0,589.0,516.0,2496.0,1461.0,2411.0,572.0,665.0,1325.0,2123.0,931.0,716.0,1402.0,813.0,2299.0,1330.0,0000000000000000155d,99.5767296401054,C1612R01
910.0,2297.0,2019.0,711.0,694.0,1713.0,1771.0,705.0,448.0,2622.0,2651.0,821.0,1298.0,2045.0,520.0,2181.0,1692.0,1265.0,1761.0,802.0,2793.0,530.0,917.0,1189.0,1746.0,721.0,1307.0,705.0,2491.0,1906.0,543.0,2321.0,1247.0,652.0,699.0,1123.0,2371.0,1162.0,545.0,1902.0,2692.0,735.0,2345.0,1926.0,2503.0,845.0,590.0,516.0,2499.0,1463.0,2405.0,576.0,668.0,1326.0,2120.0,933.0,720.0,1402.0,808.0,2307.0,1331.0,0000000000000000155e,122.715440264305,C1612R02
929.0,2314.0,2037.0,730.0,708.0,1731.0,1790.0,722.0,453.0,2641.0,2671.0,831.0,1319.0,2063.0,524.0,2207.0,1715.0,1284.0,1790.0,818.0,2796.0,542.0,943.0,1205.0,1785.0,731.0,1325.0,731.0,2508.0,1939.0,552.0,2336.0,1269.0,668.0,716.0,1147.0,2397.0,1186.0,561.0,1927.0,2708.0,751.0,2367.0,1965.0,2515.0,845.0,602.0,522.0,2525.0,1491.0,2445.0,595.0,681.0,1364.0,2155.0,956.0,739.0,1423.0,834.0,2336.0,1359.0,0000000000000000155f,33.5849188098701,C1612R03
867.0,2281.0,1939.0,626.0,717.0,1826.0,1750.0,694.0,484.0,2555.0,2562.0,871.0,1295.0,1900.0,551.0,2141.0,1643.0,1216.0,1789.0,799.0,2849.0,501.0,863.0,1211.0,1643.0,729.0,1302.0,629.0,2380.0,1832.0,569.0,2309.0,1182.0,630.0,700.0,1123.0,2328.0,1094.0,489.0,1862.0,2684.0,728.0,2453.0,1797.0,2467.0,903.0,594.0,527.0,2422.0,1348.0,2314.0,554.0,645.0,1221.0,1947.0,927.0,698.0,1298.0,701.0,2191.0,1246.0,00000000000000001560,71.6260176186181,C1612R07
707.0,2046.0,1699.0,488.0,560.0,1574.0,1486.0,541.0,358.0,2337.0,2266.0,718.0,1082.0,1653.0,423.0,1922.0,1410.0,1008.0,1514.0,646.0,2602.0,378.0,686.0,1000.0,1398.0,573.0,1068.0,488.0,2146.0,1550.0,458.0,2098.0,973.0,496.0,581.0,925.0,2054.0,893.0,359.0,1622.0,2431.0,613.0,2257.0,1504.0,2190.0,743.0,464.0,405.0,2132.0,1120.0,2096.0,438.0,511.0,999.0,1722.0,759.0,577.0,1079.0,553.0,1912.0,1032.0,00000000000000001561,65.8167228520651,C1612X01
667.0,2079.0,1633.0,459.0,520.0,1523.0,1422.0,502.0,324.0,2344.0,2261.0,678.0,1038.0,1576.0,386.0,1934.0,1359.0,981.0,1467.0,610.0,2634.0,342.0,655.0,954.0,1364.0,534.0,1043.0,459.0,2179.0,1486.0,425.0,2077.0,918.0,453.0,547.0,886.0,2032.0,840.0,312.0,1558.0,2469.0,584.0,2266.0,1457.0,2176.0,704.0,430.0,371.0,2127.0,1094.0,2097.0,405.0,480.0,962.0,1725.0,741.0,539.0,1030.0,518.0,1870.0,981.0,00000000000000001563,153.574727767881,C1612X06
696.0,2267.0,1687.0,593.0,547.0,1514.0,1455.0,534.0,365.0,2182.0,2247.0,591.0,974.0,1620.0,427.0,1909.0,1615.0,1037.0,1618.0,628.0,2454.0,396.0,703.0,998.0,1572.0,561.0,966.0,552.0,2206.0,1599.0,410.0,2094.0,854.0,472.0,657.0,980.0,2005.0,937.0,375.0,1402.0,2317.0,757.0,2167.0,1628.0,2095.0,742.0,428.0,448.0,1996.0,1229.0,2026.0,558.0,521.0,1104.0,1816.0,869.0,608.0,1123.0,569.0,1636.0,923.0,00000000000000001564,101.006644791085,C1801C01
675.0,2213.0,1650.0,570.0,519.0,1435.0,1382.0,503.0,339.0,2131.0,2159.0,559.0,895.0,1591.0,402.0,1842.0,1587.0,999.0,1558.0,594.0,2389.0,369.0,674.0,966.0,1510.0,530.0,930.0,520.0,2148.0,1542.0,377.0,2055.0,825.0,448.0,636.0,924.0,1929.0,890.0,357.0,1355.0,2219.0,734.0,2103.0,1558.0,2011.0,703.0,399.0,416.0,1906.0,1202.0,1967.0,548.0,511.0,1052.0,1773.0,840.0,587.0,1096.0,551.0,1573.0,864.0,00000000000000001565,96.3292963882106,C1801C02
691.0,2256.0,1684.0,589.0,541.0,1483.0,1430.0,531.0,367.0,2182.0,2213.0,584.0,936.0,1640.0,425.0,1895.0,1630.0,1034.0,1605.0,615.0,2434.0,397.0,697.0,995.0,1566.0,555.0,960.0,549.0,2195.0,1600.0,397.0,2096.0,857.0,468.0,659.0,968.0,1983.0,927.0,382.0,1396.0,2272.0,750.0,2149.0,1613.0,2065.0,728.0,428.0,442.0,1966.0,1235.0,2005.0,568.0,530.0,1092.0,1822.0,863.0,609.0,1123.0,571.0,1627.0,910.0,00000000000000001566,81.9311107977518,C1801C04
776.0,2333.0,1796.0,691.0,617.0,1545.0,1488.0,611.0,454.0,2223.0,2277.0,661.0,1016.0,1756.0,488.0,1986.0,1742.0,1102.0,1663.0,698.0,2501.0,485.0,777.0,1065.0,1680.0,630.0,1073.0,643.0,2277.0,1664.0,436.0,2131.0,944.0,536.0,692.0,1053.0,2065.0,1007.0,458.0,1515.0,2343.0,778.0,2188.0,1663.0,2135.0,806.0,517.0,528.0,2038.0,1288.0,2039.0,606.0,604.0,1176.0,1887.0,942.0,644.0,1186.0,643.0,1721.0,997.0,00000000000000001567,41.1598444540316,C1801F01
834.0,2452.0,1913.0,728.0,682.0,1686.0,1610.0,672.0,494.0,2364.0,2425.0,733.0,1126.0,1856.0,542.0,2126.0,1802.0,1172.0,1778.0,754.0,2696.0,526.0,852.0,1124.0,1768.0,684.0,1172.0,675.0,2404.0,1782.0,504.0,2260.0,1009.0,591.0,740.0,1147.0,2193.0,1098.0,502.0,1632.0,2512.0,826.0,2341.0,1778.0,2296.0,883.0,563.0,568.0,2183.0,1364.0,2165.0,653.0,660.0,1274.0,1962.0,1014.0,691.0,1259.0,700.0,1860.0,1098.0,00000000000000001568,141.910537066971,C1801F02
869.0,2479.0,1965.0,739.0,731.0,1767.0,1685.0,716.0,529.0,2441.0,2482.0,786.0,1192.0,1904.0,585.0,2179.0,1811.0,1224.0,1838.0,795.0,2778.0,549.0,893.0,1162.0,1812.0,727.0,1233.0,694.0,2459.0,1843.0,553.0,2318.0,1053.0,643.0,775.0,1188.0,2247.0,1140.0,542.0,1710.0,2595.0,854.0,2437.0,1843.0,2361.0,923.0,589.0,589.0,2255.0,1405.0,2237.0,676.0,702.0,1311.0,2012.0,1035.0,727.0,1305.0,740.0,1921.0,1159.0,00000000000000001569,122.443278905312,C1801F05
737.0,2262.0,1725.0,657.0,585.0,1488.0,1437.0,578.0,426.0,2155.0,2211.0,623.0,969.0,1690.0,464.0,1918.0,1676.0,1055.0,1608.0,661.0,2420.0,457.0,739.0,1019.0,1614.0,597.0,1008.0,612.0,2206.0,1608.0,411.0,2064.0,897.0,508.0,664.0,1000.0,2001.0,957.0,430.0,1448.0,2268.0,748.0,2117.0,1610.0,2067.0,767.0,488.0,499.0,1975.0,1240.0,1976.0,583.0,575.0,1123.0,1829.0,901.0,617.0,1138.0,613.0,1661.0,948.0,0000000000000000156a,58.0639640676276,C1801F06
801.0,2350.0,1836.0,708.0,640.0,1582.0,1513.0,630.0,475.0,2256.0,2326.0,698.0,1060.0,1785.0,508.0,2029.0,1738.0,1121.0,1679.0,723.0,2572.0,507.0,806.0,1080.0,1695.0,654.0,1100.0,655.0,2303.0,1689.0,467.0,2155.0,963.0,556.0,700.0,1084.0,2106.0,1042.0,470.0,1559.0,2397.0,784.0,2228.0,1679.0,2197.0,836.0,539.0,549.0,2091.0,1306.0,2063.0,616.0,623.0,1208.0,1876.0,976.0,653.0,1204.0,661.0,1775.0,1037.0,0000000000000000156b,85.3890673313632,C1801F07
805.0,2422.0,1872.0,697.0,660.0,1667.0,1588.0,643.0,467.0,2322.0,2416.0,714.0,1108.0,1801.0,526.0,2096.0,1737.0,1138.0,1741.0,734.0,2666.0,497.0,820.0,1091.0,1723.0,665.0,1124.0,652.0,2372.0,1735.0,494.0,2229.0,963.0,574.0,723.0,1113.0,2168.0,1058.0,473.0,1596.0,2501.0,817.0,2320.0,1755.0,2273.0,857.0,536.0,547.0,2166.0,1327.0,2142.0,628.0,635.0,1232.0,1924.0,983.0,674.0,1223.0,674.0,1823.0,1065.0,0000000000000000156c,154.80134225307,C1801F08
675.0,2217.0,1636.0,571.0,524.0,1486.0,1417.0,504.0,343.0,2134.0,2214.0,576.0,963.0,1568.0,412.0,1864.0,1558.0,1008.0,1585.0,608.0,2418.0,375.0,679.0,969.0,1531.0,542.0,940.0,530.0,2153.0,1555.0,391.0,2041.0,825.0,452.0,631.0,962.0,1962.0,907.0,349.0,1361.0,2277.0,728.0,2129.0,1594.0,2052.0,718.0,406.0,427.0,1957.0,1195.0,1983.0,527.0,500.0,1081.0,1776.0,845.0,581.0,1090.0,550.0,1591.0,900.0,0000000000000000156d,91.7077695319056,C1801F10
682.0,2221.0,1650.0,569.0,524.0,1456.0,1400.0,512.0,348.0,2139.0,2183.0,569.0,922.0,1591.0,405.0,1854.0,1583.0,1007.0,1570.0,607.0,2404.0,378.0,679.0,968.0,1520.0,540.0,942.0,529.0,2158.0,1555.0,385.0,2059.0,823.0,453.0,638.0,938.0,1945.0,900.0,356.0,1357.0,2249.0,736.0,2120.0,1578.0,2034.0,718.0,408.0,429.0,1935.0,1208.0,1983.0,539.0,502.0,1064.0,1769.0,848.0,588.0,1103.0,551.0,1586.0,881.0,0000000000000000156e,59.7048076863476,C1801F11
611.0,1997.0,1484.0,548.0,447.0,1235.0,1226.0,464.0,342.0,1951.0,1877.0,488.0,774.0,1523.0,356.0,1670.0,1544.0,935.0,1415.0,521.0,2075.0,361.0,596.0,899.0,1401.0,470.0,842.0,502.0,1936.0,1443.0,311.0,1852.0,813.0,402.0,553.0,837.0,1761.0,810.0,347.0,1258.0,1897.0,614.0,1860.0,1380.0,1798.0,605.0,389.0,389.0,1689.0,1108.0,1748.0,511.0,471.0,972.0,1688.0,744.0,519.0,998.0,510.0,1452.0,781.0,0000000000000000156f,256.799740208872,C1801F12
906.0,2540.0,2010.0,764.0,760.0,1795.0,1718.0,751.0,549.0,2478.0,2495.0,804.0,1208.0,1957.0,615.0,2219.0,1899.0,1260.0,1890.0,828.0,2780.0,578.0,927.0,1212.0,1866.0,760.0,1266.0,715.0,2497.0,1895.0,576.0,2374.0,1099.0,663.0,805.0,1232.0,2269.0,1184.0,577.0,1732.0,2598.0,889.0,2455.0,1890.0,2366.0,956.0,612.0,617.0,2260.0,1449.0,2280.0,721.0,730.0,1354.0,2083.0,1071.0,759.0,1345.0,768.0,1942.0,1185.0,00000000000000001570,72.7215024861157,C1801F17
796.0,2393.0,1851.0,696.0,642.0,1623.0,1553.0,630.0,462.0,2294.0,2372.0,696.0,1073.0,1793.0,507.0,2067.0,1738.0,1127.0,1715.0,718.0,2626.0,494.0,809.0,1083.0,1710.0,649.0,1110.0,644.0,2341.0,1721.0,472.0,2201.0,964.0,556.0,713.0,1092.0,2140.0,1047.0,467.0,1577.0,2452.0,802.0,2284.0,1717.0,2237.0,841.0,526.0,538.0,2130.0,1316.0,2108.0,624.0,623.0,1217.0,1910.0,974.0,665.0,1213.0,661.0,1804.0,1044.0,00000000000000001571,115.551860214229,C1801F20
851.0,2481.0,1954.0,729.0,692.0,1687.0,1635.0,688.0,498.0,2420.0,2409.0,737.0,1106.0,1919.0,549.0,2130.0,1894.0,1216.0,1815.0,773.0,2660.0,529.0,861.0,1178.0,1828.0,704.0,1166.0,678.0,2426.0,1824.0,503.0,2322.0,1055.0,598.0,760.0,1142.0,2201.0,1103.0,516.0,1666.0,2485.0,846.0,2376.0,1815.0,2273.0,887.0,560.0,570.0,2172.0,1416.0,2226.0,683.0,667.0,1267.0,2069.0,1017.0,712.0,1302.0,706.0,1854.0,1094.0,00000000000000001572,132.229518144616,C1801F22
834.0,2435.0,1917.0,722.0,672.0,1649.0,1594.0,665.0,492.0,2369.0,2382.0,723.0,1088.0,1874.0,534.0,2094.0,1843.0,1185.0,1768.0,756.0,2631.0,523.0,840.0,1147.0,1783.0,688.0,1147.0,670.0,2384.0,1777.0,487.0,2268.0,1024.0,583.0,737.0,1119.0,2170.0,1080.0,498.0,1631.0,2453.0,823.0,2329.0,1768.0,2245.0,863.0,554.0,564.0,2141.0,1382.0,2174.0,660.0,651.0,1244.0,2007.0,999.0,690.0,1269.0,690.0,1829.0,1070.0,00000000000000001573,36.2730417586237,C1801F24
681.0,2222.0,1648.0,558.0,524.0,1456.0,1401.0,509.0,339.0,2137.0,2185.0,568.0,923.0,1586.0,405.0,1851.0,1581.0,1007.0,1572.0,607.0,2403.0,369.0,678.0,969.0,1519.0,539.0,942.0,518.0,2157.0,1552.0,385.0,2057.0,823.0,452.0,638.0,939.0,1945.0,900.0,354.0,1355.0,2250.0,737.0,2120.0,1577.0,2034.0,717.0,399.0,419.0,1935.0,1208.0,1981.0,539.0,501.0,1066.0,1768.0,849.0,589.0,1103.0,550.0,1584.0,881.0,00000000000000001574,104.649728579547,C1801P03
683.0,2214.0,1656.0,578.0,519.0,1435.0,1387.0,509.0,349.0,2144.0,2156.0,567.0,897.0,1609.0,409.0,1849.0,1599.0,1009.0,1567.0,597.0,2388.0,379.0,673.0,971.0,1524.0,538.0,932.0,529.0,2157.0,1558.0,378.0,2058.0,836.0,449.0,639.0,925.0,1940.0,896.0,370.0,1364.0,2216.0,736.0,2106.0,1567.0,2010.0,702.0,409.0,420.0,1912.0,1211.0,1971.0,552.0,517.0,1056.0,1797.0,846.0,591.0,1105.0,556.0,1588.0,877.0,00000000000000001575,125.076411361219,C1801P04
775.0,2377.0,1826.0,673.0,621.0,1620.0,1543.0,608.0,440.0,2293.0,2361.0,671.0,1054.0,1764.0,491.0,2045.0,1715.0,1114.0,1710.0,700.0,2615.0,471.0,788.0,1072.0,1685.0,631.0,1087.0,624.0,2330.0,1710.0,465.0,2198.0,943.0,541.0,708.0,1069.0,2128.0,1026.0,448.0,1549.0,2438.0,801.0,2279.0,1715.0,2227.0,822.0,504.0,518.0,2119.0,1305.0,2106.0,615.0,606.0,1195.0,1897.0,954.0,659.0,1203.0,645.0,1778.0,1020.0,00000000000000001576,55.8722837946771,C1801P06
753.0,2370.0,1789.0,653.0,606.0,1590.0,1527.0,593.0,421.0,2271.0,2333.0,647.0,1027.0,1735.0,479.0,2014.0,1714.0,1099.0,1698.0,677.0,2565.0,452.0,766.0,1057.0,1668.0,614.0,1044.0,610.0,2307.0,1692.0,446.0,2181.0,922.0,529.0,701.0,1050.0,2099.0,1001.0,430.0,1504.0,2400.0,794.0,2248.0,1707.0,2184.0,800.0,484.0,498.0,2082.0,1292.0,2095.0,608.0,589.0,1176.0,1907.0,932.0,651.0,1188.0,629.0,1739.0,994.0,00000000000000001577,63.6955642972831,C1801P08
819.0,2436.0,1893.0,715.0,657.0,1633.0,1582.0,657.0,477.0,2353.0,2366.0,702.0,1072.0,1860.0,520.0,2080.0,1843.0,1172.0,1763.0,740.0,2602.0,508.0,826.0,1134.0,1777.0,672.0,1130.0,663.0,2379.0,1764.0,471.0,2258.0,1011.0,569.0,733.0,1105.0,2153.0,1063.0,491.0,1607.0,2437.0,820.0,2309.0,1763.0,2221.0,856.0,539.0,549.0,2123.0,1368.0,2163.0,652.0,637.0,1236.0,2016.0,985.0,684.0,1257.0,676.0,1803.0,1053.0,00000000000000001578,105.033169657926,C1801P12
742.0,2300.0,1729.0,598.0,618.0,1693.0,1580.0,593.0,397.0,2334.0,2398.0,697.0,1144.0,1659.0,466.0,2022.0,1537.0,1067.0,1706.0,679.0,2655.0,426.0,774.0,1009.0,1604.0,611.0,1116.0,567.0,2296.0,1662.0,492.0,2162.0,911.0,531.0,680.0,1069.0,2137.0,987.0,392.0,1554.0,2514.0,759.0,2340.0,1720.0,2275.0,828.0,480.0,469.0,2184.0,1223.0,2126.0,548.0,564.0,1161.0,1846.0,890.0,625.0,1131.0,609.0,1820.0,1050.0,00000000000000001579,105.275377451674,C1802C01
747.0,2317.0,1781.0,641.0,584.0,1525.0,1496.0,584.0,420.0,2286.0,2235.0,627.0,958.0,1763.0,467.0,1966.0,1753.0,1116.0,1683.0,658.0,2464.0,450.0,751.0,1076.0,1654.0,598.0,1016.0,590.0,2260.0,1712.0,423.0,2179.0,950.0,516.0,687.0,1017.0,2048.0,987.0,438.0,1489.0,2287.0,776.0,2218.0,1673.0,2116.0,768.0,470.0,480.0,1999.0,1312.0,2072.0,628.0,584.0,1154.0,1946.0,915.0,648.0,1194.0,623.0,1712.0,958.0,0000000000000000157a,165.043319246992,C1802C04
649.0,2196.0,1598.0,549.0,511.0,1452.0,1382.0,489.0,320.0,2088.0,2167.0,560.0,951.0,1514.0,391.0,1811.0,1524.0,983.0,1558.0,590.0,2370.0,353.0,661.0,946.0,1497.0,531.0,932.0,507.0,2101.0,1496.0,378.0,2009.0,789.0,434.0,625.0,942.0,1908.0,880.0,320.0,1315.0,2242.0,712.0,2086.0,1557.0,1998.0,711.0,383.0,413.0,1900.0,1178.0,1942.0,513.0,480.0,1057.0,1714.0,834.0,565.0,1069.0,533.0,1533.0,872.0,0000000000000000157b,115.095370114043,C1802C05
663.0,2225.0,1625.0,554.0,516.0,1473.0,1405.0,495.0,325.0,2120.0,2196.0,569.0,959.0,1542.0,400.0,1839.0,1550.0,1001.0,1582.0,601.0,2401.0,357.0,669.0,962.0,1518.0,539.0,940.0,512.0,2134.0,1528.0,384.0,2043.0,805.0,442.0,633.0,953.0,1936.0,896.0,331.0,1336.0,2269.0,725.0,2117.0,1582.0,2027.0,717.0,387.0,416.0,1927.0,1199.0,1969.0,524.0,491.0,1073.0,1743.0,849.0,575.0,1090.0,543.0,1559.0,886.0,0000000000000000157c,176.387051616102,C1802C07
743.0,2331.0,1758.0,592.0,621.0,1716.0,1592.0,601.0,401.0,2383.0,2420.0,714.0,1176.0,1674.0,477.0,2060.0,1544.0,1096.0,1717.0,685.0,2698.0,421.0,778.0,1030.0,1618.0,618.0,1123.0,561.0,2340.0,1668.0,496.0,2202.0,936.0,545.0,671.0,1089.0,2170.0,1002.0,400.0,1589.0,2572.0,748.0,2382.0,1735.0,2295.0,828.0,481.0,471.0,2208.0,1238.0,2174.0,534.0,574.0,1167.0,1880.0,888.0,622.0,1143.0,623.0,1861.0,1079.0,0000000000000000157d,50.1455635162416,C1802C09
831.0,2436.0,1888.0,689.0,689.0,1738.0,1643.0,669.0,485.0,2387.0,2465.0,755.0,1174.0,1830.0,550.0,2137.0,1715.0,1165.0,1786.0,755.0,2746.0,505.0,846.0,1108.0,1744.0,686.0,1160.0,658.0,2417.0,1774.0,524.0,2262.0,993.0,611.0,735.0,1145.0,2212.0,1087.0,494.0,1649.0,2582.0,821.0,2397.0,1805.0,2339.0,886.0,556.0,556.0,2232.0,1347.0,2187.0,630.0,660.0,1258.0,1951.0,991.0,687.0,1251.0,699.0,1881.0,1116.0,0000000000000000157e,83.4515916281686,C1802F02
668.0,2219.0,1628.0,558.0,518.0,1470.0,1405.0,498.0,332.0,2126.0,2197.0,567.0,946.0,1555.0,406.0,1844.0,1557.0,1002.0,1581.0,602.0,2402.0,363.0,674.0,963.0,1519.0,536.0,941.0,517.0,2144.0,1541.0,383.0,2044.0,813.0,447.0,628.0,949.0,1942.0,900.0,341.0,1343.0,2265.0,724.0,2120.0,1582.0,2032.0,716.0,393.0,417.0,1934.0,1196.0,1972.0,524.0,496.0,1071.0,1759.0,845.0,576.0,1088.0,547.0,1569.0,886.0,0000000000000000157f,106.45590594632,C1802F03
615.0,1955.0,1484.0,571.0,463.0,1261.0,1235.0,463.0,348.0,1902.0,1914.0,496.0,795.0,1484.0,380.0,1627.0,1475.0,921.0,1415.0,533.0,2083.0,377.0,620.0,885.0,1374.0,478.0,869.0,513.0,1910.0,1443.0,320.0,1820.0,775.0,420.0,555.0,851.0,1746.0,823.0,360.0,1219.0,1911.0,626.0,1849.0,1398.0,1802.0,629.0,396.0,406.0,1691.0,1105.0,1713.0,503.0,495.0,981.0,1621.0,764.0,520.0,995.0,533.0,1428.0,795.0,00000000000000001581,148.588537178797,C1802F05
813.0,2427.0,1886.0,709.0,651.0,1625.0,1578.0,651.0,473.0,2352.0,2357.0,696.0,1063.0,1857.0,518.0,2071.0,1840.0,1169.0,1760.0,735.0,2589.0,504.0,819.0,1131.0,1771.0,667.0,1115.0,659.0,2369.0,1762.0,469.0,2257.0,1009.0,566.0,730.0,1093.0,2144.0,1054.0,489.0,1599.0,2426.0,816.0,2304.0,1760.0,2212.0,849.0,533.0,545.0,2114.0,1369.0,2162.0,653.0,634.0,1227.0,2019.0,979.0,682.0,1255.0,673.0,1796.0,1045.0,00000000000000001582,152.793751782983,C1802F06
724.0,2295.0,1709.0,591.0,597.0,1657.0,1544.0,574.0,380.0,2302.0,2367.0,670.0,1110.0,1647.0,445.0,1996.0,1534.0,1055.0,1692.0,667.0,2632.0,412.0,756.0,998.0,1595.0,598.0,1099.0,552.0,2276.0,1637.0,475.0,2146.0,892.0,504.0,669.0,1053.0,2112.0,967.0,373.0,1512.0,2482.0,758.0,2318.0,1700.0,2240.0,809.0,457.0,457.0,2142.0,1225.0,2110.0,542.0,541.0,1149.0,1848.0,886.0,619.0,1127.0,590.0,1775.0,1024.0,00000000000000001583,104.606748505738,C1802F07
746.0,2303.0,1731.0,601.0,617.0,1694.0,1584.0,592.0,397.0,2333.0,2399.0,696.0,1143.0,1665.0,468.0,2024.0,1543.0,1067.0,1710.0,682.0,2657.0,428.0,772.0,1010.0,1608.0,614.0,1113.0,569.0,2297.0,1667.0,492.0,2163.0,910.0,532.0,681.0,1072.0,2136.0,990.0,394.0,1554.0,2512.0,761.0,2342.0,1725.0,2276.0,827.0,480.0,470.0,2184.0,1225.0,2124.0,553.0,567.0,1165.0,1850.0,894.0,627.0,1135.0,611.0,1819.0,1052.0,00000000000000001584,106.392649736939,C1802F10
688.0,2214.0,1677.0,593.0,520.0,1387.0,1374.0,518.0,366.0,2168.0,2103.0,553.0,855.0,1663.0,412.0,1866.0,1666.0,1031.0,1554.0,599.0,2342.0,395.0,684.0,993.0,1529.0,533.0,947.0,534.0,2165.0,1580.0,381.0,2079.0,884.0,454.0,645.0,914.0,1925.0,898.0,392.0,1392.0,2159.0,735.0,2099.0,1544.0,2000.0,703.0,415.0,425.0,1876.0,1236.0,1968.0,586.0,530.0,1053.0,1840.0,836.0,606.0,1118.0,569.0,1602.0,862.0,00000000000000001586,83.2863277143358,C1802P02
680.0,2241.0,1655.0,582.0,546.0,1543.0,1451.0,521.0,353.0,2182.0,2270.0,603.0,1001.0,1580.0,419.0,1906.0,1536.0,1021.0,1621.0,623.0,2496.0,390.0,699.0,979.0,1545.0,556.0,965.0,540.0,2183.0,1569.0,416.0,2075.0,845.0,468.0,644.0,995.0,2014.0,921.0,354.0,1403.0,2339.0,737.0,2187.0,1619.0,2117.0,744.0,425.0,442.0,2020.0,1197.0,2016.0,532.0,510.0,1104.0,1785.0,859.0,588.0,1101.0,560.0,1648.0,936.0,00000000000000001587,85.7499052902353,C1802P05
813.0,2377.0,1868.0,702.0,652.0,1601.0,1560.0,652.0,475.0,2324.0,2307.0,698.0,1045.0,1842.0,518.0,2031.0,1828.0,1167.0,1737.0,734.0,2530.0,504.0,814.0,1129.0,1753.0,670.0,1105.0,652.0,2323.0,1747.0,471.0,2226.0,1015.0,566.0,719.0,1082.0,2110.0,1045.0,490.0,1587.0,2366.0,797.0,2273.0,1737.0,2176.0,837.0,534.0,544.0,2076.0,1363.0,2134.0,646.0,632.0,1203.0,1997.0,975.0,673.0,1251.0,670.0,1773.0,1035.0,00000000000000001588,161.030710120762,C1802P07
834.0,2423.0,1908.0,715.0,675.0,1640.0,1596.0,675.0,489.0,2367.0,2345.0,719.0,1073.0,1882.0,535.0,2074.0,1869.0,1194.0,1775.0,755.0,2575.0,518.0,838.0,1156.0,1793.0,690.0,1128.0,666.0,2368.0,1784.0,488.0,2272.0,1042.0,583.0,739.0,1110.0,2147.0,1073.0,507.0,1626.0,2411.0,819.0,2318.0,1775.0,2213.0,864.0,548.0,558.0,2115.0,1391.0,2179.0,664.0,649.0,1232.0,2041.0,996.0,692.0,1278.0,687.0,1807.0,1064.0,00000000000000001589,125.746952253344,C1802P08
528.0,1755.0,1302.0,502.0,405.0,1102.0,1081.0,410.0,307.0,1692.0,1697.0,423.0,691.0,1309.0,332.0,1461.0,1308.0,802.0,1243.0,455.0,1859.0,331.0,542.0,770.0,1209.0,409.0,762.0,453.0,1712.0,1266.0,273.0,1617.0,680.0,373.0,482.0,746.0,1558.0,722.0,322.0,1077.0,1703.0,543.0,1636.0,1224.0,1605.0,553.0,350.0,356.0,1506.0,961.0,1524.0,438.0,441.0,863.0,1446.0,654.0,451.0,863.0,475.0,1277.0,697.0,0000000000000000158b,475.877660043481,C1803F03
540.0,1763.0,1320.0,514.0,414.0,1121.0,1097.0,414.0,311.0,1701.0,1723.0,434.0,707.0,1320.0,346.0,1465.0,1312.0,811.0,1259.0,467.0,1879.0,337.0,556.0,779.0,1222.0,418.0,782.0,461.0,1722.0,1284.0,278.0,1628.0,681.0,382.0,485.0,757.0,1571.0,732.0,328.0,1082.0,1722.0,547.0,1653.0,1243.0,1622.0,564.0,355.0,364.0,1521.0,974.0,1531.0,439.0,452.0,874.0,1448.0,671.0,455.0,876.0,487.0,1284.0,707.0,0000000000000000158c,1043.49595310279,C1803F04
573.0,1852.0,1394.0,542.0,433.0,1184.0,1159.0,433.0,326.0,1793.0,1812.0,459.0,746.0,1394.0,358.0,1538.0,1385.0,861.0,1330.0,494.0,1974.0,355.0,582.0,826.0,1289.0,442.0,820.0,486.0,1808.0,1356.0,295.0,1716.0,721.0,398.0,519.0,800.0,1652.0,774.0,339.0,1141.0,1810.0,586.0,1743.0,1315.0,1705.0,591.0,373.0,383.0,1600.0,1035.0,1614.0,469.0,470.0,925.0,1524.0,714.0,486.0,931.0,507.0,1348.0,747.0,0000000000000000158d,980.797359783777,C1803F06
600.0,1926.0,1455.0,562.0,455.0,1238.0,1215.0,455.0,343.0,1872.0,1880.0,484.0,777.0,1453.0,372.0,1607.0,1444.0,901.0,1385.0,520.0,2053.0,372.0,605.0,866.0,1347.0,466.0,843.0,505.0,1882.0,1411.0,316.0,1788.0,759.0,417.0,548.0,832.0,1717.0,805.0,349.0,1197.0,1888.0,622.0,1821.0,1373.0,1772.0,614.0,391.0,401.0,1669.0,1079.0,1690.0,496.0,485.0,957.0,1590.0,749.0,513.0,972.0,522.0,1409.0,778.0,0000000000000000158e,495.682190412947,C1803F07
578.0,1909.0,1411.0,538.0,424.0,1189.0,1172.0,442.0,327.0,1853.0,1815.0,452.0,743.0,1438.0,344.0,1580.0,1455.0,884.0,1358.0,488.0,1998.0,347.0,577.0,848.0,1312.0,443.0,827.0,490.0,1855.0,1385.0,289.0,1757.0,759.0,391.0,533.0,807.0,1687.0,779.0,334.0,1178.0,1820.0,602.0,1766.0,1331.0,1733.0,594.0,375.0,375.0,1623.0,1064.0,1659.0,489.0,467.0,944.0,1580.0,721.0,498.0,948.0,504.0,1376.0,752.0,0000000000000000158f,159.029721400563,C1803P01
651.0,2169.0,1578.0,555.0,509.0,1456.0,1379.0,483.0,323.0,2081.0,2161.0,559.0,947.0,1505.0,391.0,1804.0,1507.0,976.0,1553.0,588.0,2370.0,361.0,660.0,943.0,1488.0,526.0,925.0,513.0,2097.0,1496.0,378.0,1978.0,792.0,437.0,615.0,941.0,1909.0,878.0,321.0,1316.0,2236.0,701.0,2075.0,1556.0,1999.0,705.0,387.0,414.0,1909.0,1160.0,1940.0,501.0,475.0,1052.0,1723.0,824.0,559.0,1054.0,531.0,1536.0,874.0,00000000000000001590,61.0988452806245,C1804C01
820.0,2415.0,1893.0,722.0,659.0,1635.0,1564.0,649.0,484.0,2327.0,2390.0,714.0,1091.0,1841.0,527.0,2084.0,1792.0,1154.0,1736.0,740.0,2643.0,516.0,831.0,1112.0,1748.0,670.0,1135.0,668.0,2366.0,1746.0,486.0,2223.0,992.0,577.0,730.0,1117.0,2163.0,1074.0,487.0,1606.0,2464.0,818.0,2299.0,1736.0,2256.0,861.0,549.0,559.0,2147.0,1345.0,2128.0,642.0,647.0,1245.0,1935.0,1001.0,681.0,1240.0,687.0,1822.0,1068.0,00000000000000001591,114.292137515973,C1804C02
691.0,2253.0,1674.0,582.0,550.0,1554.0,1462.0,526.0,355.0,2196.0,2281.0,612.0,1006.0,1598.0,424.0,1920.0,1550.0,1028.0,1629.0,631.0,2509.0,391.0,703.0,985.0,1557.0,563.0,969.0,541.0,2196.0,1585.0,422.0,2091.0,851.0,473.0,653.0,1000.0,2026.0,932.0,362.0,1417.0,2350.0,749.0,2200.0,1631.0,2130.0,747.0,427.0,442.0,2031.0,1206.0,2025.0,544.0,519.0,1113.0,1793.0,871.0,599.0,1110.0,567.0,1661.0,945.0,00000000000000001592,70.2179342143845,C1804C03
870.0,2495.0,1976.0,740.0,732.0,1780.0,1691.0,713.0,525.0,2447.0,2507.0,790.0,1201.0,1901.0,579.0,2193.0,1810.0,1216.0,1846.0,800.0,2806.0,546.0,892.0,1157.0,1813.0,730.0,1232.0,698.0,2473.0,1844.0,551.0,2331.0,1043.0,638.0,770.0,1192.0,2259.0,1144.0,531.0,1715.0,2623.0,854.0,2449.0,1855.0,2381.0,922.0,587.0,587.0,2273.0,1398.0,2255.0,666.0,696.0,1318.0,2008.0,1039.0,723.0,1301.0,735.0,1932.0,1163.0,00000000000000001593,27.5829474088411,C1804C04
719.0,2181.0,1695.0,637.0,555.0,1445.0,1410.0,555.0,413.0,2142.0,2133.0,597.0,922.0,1676.0,448.0,1838.0,1663.0,1053.0,1593.0,632.0,2327.0,443.0,718.0,1016.0,1571.0,574.0,976.0,587.0,2128.0,1615.0,395.0,2039.0,900.0,497.0,646.0,972.0,1946.0,940.0,419.0,1408.0,2151.0,726.0,2080.0,1587.0,2012.0,736.0,467.0,477.0,1901.0,1249.0,1939.0,584.0,566.0,1102.0,1813.0,885.0,606.0,1134.0,605.0,1614.0,918.0,00000000000000001594,82.6671105142708,C1804C06
911.0,2541.0,2022.0,768.0,773.0,1825.0,1748.0,763.0,560.0,2508.0,2523.0,822.0,1240.0,1971.0,624.0,2239.0,1880.0,1276.0,1900.0,834.0,2819.0,582.0,938.0,1216.0,1878.0,767.0,1306.0,719.0,2517.0,1913.0,594.0,2385.0,1109.0,678.0,812.0,1245.0,2299.0,1198.0,585.0,1765.0,2643.0,890.0,2496.0,1906.0,2402.0,967.0,621.0,621.0,2296.0,1458.0,2298.0,721.0,738.0,1367.0,2093.0,1075.0,765.0,1355.0,776.0,1979.0,1212.0,00000000000000001595,110.030589157398,C1804F01
652.0,2162.0,1598.0,548.0,495.0,1387.0,1333.0,476.0,319.0,2073.0,2106.0,540.0,869.0,1531.0,386.0,1788.0,1543.0,971.0,1508.0,579.0,2330.0,353.0,644.0,935.0,1462.0,513.0,902.0,501.0,2090.0,1480.0,360.0,2000.0,791.0,431.0,610.0,894.0,1872.0,857.0,333.0,1310.0,2168.0,707.0,2051.0,1508.0,1960.0,679.0,380.0,400.0,1852.0,1167.0,1917.0,518.0,485.0,1019.0,1714.0,820.0,561.0,1066.0,530.0,1514.0,827.0,00000000000000001596,68.0538127158345,C1804F03
691.0,2227.0,1683.0,578.0,520.0,1381.0,1372.0,512.0,354.0,2174.0,2108.0,553.0,848.0,1661.0,404.0,1880.0,1666.0,1027.0,1542.0,599.0,2362.0,383.0,678.0,989.0,1528.0,539.0,941.0,522.0,2182.0,1572.0,375.0,2088.0,873.0,446.0,639.0,905.0,1925.0,892.0,383.0,1393.0,2172.0,735.0,2109.0,1538.0,2007.0,697.0,403.0,415.0,1881.0,1231.0,1983.0,580.0,521.0,1046.0,1843.0,833.0,600.0,1121.0,560.0,1601.0,855.0,00000000000000001597,60.0087543829769,C1804F04
708.0,2260.0,1708.0,623.0,557.0,1485.0,1440.0,551.0,395.0,2197.0,2206.0,591.0,941.0,1678.0,437.0,1904.0,1664.0,1052.0,1621.0,630.0,2424.0,425.0,716.0,1014.0,1589.0,563.0,979.0,577.0,2207.0,1626.0,409.0,2108.0,889.0,485.0,672.0,975.0,1996.0,943.0,408.0,1423.0,2257.0,760.0,2155.0,1621.0,2064.0,745.0,451.0,465.0,1968.0,1253.0,2012.0,593.0,553.0,1109.0,1858.0,871.0,624.0,1138.0,591.0,1650.0,927.0,00000000000000001598,124.512352602339,C1804F05
653.0,2182.0,1592.0,543.0,502.0,1413.0,1354.0,482.0,317.0,2077.0,2137.0,549.0,906.0,1513.0,390.0,1788.0,1532.0,974.0,1528.0,587.0,2341.0,349.0,649.0,936.0,1477.0,528.0,915.0,502.0,2092.0,1485.0,364.0,2006.0,788.0,430.0,610.0,912.0,1886.0,870.0,328.0,1303.0,2204.0,706.0,2068.0,1527.0,1976.0,698.0,379.0,401.0,1867.0,1178.0,1920.0,509.0,479.0,1036.0,1710.0,831.0,559.0,1070.0,530.0,1514.0,844.0,00000000000000001599,82.4151622015444,C1804F06
864.0,2476.0,1964.0,738.0,729.0,1761.0,1678.0,712.0,526.0,2435.0,2484.0,782.0,1189.0,1897.0,580.0,2176.0,1806.0,1216.0,1832.0,792.0,2779.0,546.0,890.0,1156.0,1806.0,724.0,1229.0,694.0,2456.0,1835.0,549.0,2316.0,1045.0,638.0,769.0,1183.0,2242.0,1135.0,535.0,1706.0,2595.0,851.0,2432.0,1838.0,2361.0,920.0,586.0,586.0,2255.0,1397.0,2237.0,669.0,696.0,1307.0,2005.0,1031.0,722.0,1299.0,735.0,1919.0,1154.0,0000000000000000159a,109.684326834495,C1804F07
709.0,2187.0,1683.0,641.0,538.0,1435.0,1407.0,538.0,396.0,2143.0,2133.0,574.0,908.0,1683.0,430.0,1826.0,1673.0,1053.0,1606.0,615.0,2327.0,428.0,711.0,1012.0,1561.0,553.0,986.0,577.0,2137.0,1637.0,377.0,2053.0,891.0,480.0,644.0,969.0,1949.0,938.0,404.0,1389.0,2143.0,729.0,2089.0,1593.0,2010.0,721.0,449.0,460.0,1894.0,1259.0,1940.0,585.0,557.0,1113.0,1827.0,881.0,605.0,1136.0,599.0,1601.0,908.0,0000000000000000159b,83.9079644244724,C1804P01
661.0,2175.0,1612.0,547.0,503.0,1398.0,1343.0,483.0,320.0,2085.0,2119.0,547.0,876.0,1546.0,386.0,1801.0,1554.0,979.0,1518.0,586.0,2346.0,353.0,653.0,945.0,1472.0,519.0,911.0,500.0,2104.0,1493.0,365.0,2013.0,800.0,432.0,618.0,902.0,1884.0,865.0,336.0,1322.0,2181.0,716.0,2063.0,1518.0,1973.0,687.0,380.0,400.0,1865.0,1178.0,1929.0,527.0,487.0,1028.0,1726.0,829.0,569.0,1075.0,531.0,1527.0,836.0,0000000000000000159c,89.3719091607706,C1804P02
696.0,2264.0,1694.0,594.0,545.0,1482.0,1433.0,535.0,368.0,2197.0,2212.0,583.0,933.0,1653.0,426.0,1901.0,1641.0,1039.0,1610.0,615.0,2441.0,399.0,702.0,1000.0,1572.0,554.0,967.0,550.0,2207.0,1611.0,396.0,2110.0,865.0,469.0,663.0,967.0,1986.0,931.0,389.0,1403.0,2275.0,753.0,2160.0,1617.0,2066.0,732.0,429.0,440.0,1967.0,1245.0,2015.0,575.0,536.0,1095.0,1838.0,866.0,613.0,1131.0,576.0,1631.0,912.0,0000000000000000159d,81.3527774339536,C1804P04
702.0,2268.0,1704.0,599.0,543.0,1480.0,1431.0,533.0,368.0,2204.0,2209.0,581.0,930.0,1663.0,425.0,1903.0,1648.0,1042.0,1612.0,616.0,2445.0,398.0,701.0,1002.0,1573.0,552.0,967.0,551.0,2214.0,1616.0,398.0,2117.0,870.0,471.0,667.0,960.0,1986.0,929.0,390.0,1407.0,2277.0,759.0,2166.0,1615.0,2065.0,731.0,429.0,440.0,1966.0,1248.0,2021.0,582.0,539.0,1093.0,1847.0,870.0,617.0,1138.0,579.0,1634.0,909.0,0000000000000000159e,70.0550914727176,C1804P05
870.0,2488.0,1976.0,744.0,731.0,1767.0,1682.0,712.0,528.0,2445.0,2497.0,789.0,1198.0,1902.0,579.0,2185.0,1815.0,1215.0,1837.0,799.0,2795.0,549.0,892.0,1157.0,1814.0,729.0,1233.0,701.0,2468.0,1838.0,550.0,2329.0,1043.0,637.0,770.0,1191.0,2248.0,1143.0,532.0,1714.0,2610.0,854.0,2443.0,1845.0,2371.0,922.0,589.0,590.0,2264.0,1398.0,2251.0,668.0,696.0,1317.0,2011.0,1040.0,723.0,1301.0,735.0,1924.0,1161.0,0000000000000000159f,54.0952848964453,C1804P06
662.0,2176.0,1617.0,549.0,504.0,1403.0,1349.0,485.0,322.0,2089.0,2121.0,547.0,876.0,1552.0,386.0,1804.0,1557.0,980.0,1522.0,586.0,2349.0,353.0,655.0,947.0,1475.0,519.0,911.0,500.0,2108.0,1499.0,365.0,2018.0,802.0,433.0,617.0,903.0,1888.0,867.0,338.0,1327.0,2182.0,714.0,2067.0,1522.0,1976.0,688.0,381.0,401.0,1868.0,1178.0,1934.0,528.0,490.0,1029.0,1731.0,828.0,568.0,1076.0,531.0,1532.0,838.0,000000000000000015a0,113.867605456145,C1804P07
698.0,2254.0,1689.0,611.0,554.0,1493.0,1436.0,545.0,385.0,2168.0,2214.0,591.0,952.0,1644.0,436.0,1900.0,1635.0,1038.0,1609.0,621.0,2426.0,416.0,708.0,1000.0,1576.0,562.0,967.0,568.0,2196.0,1608.0,401.0,2083.0,869.0,476.0,664.0,981.0,1992.0,937.0,392.0,1407.0,2264.0,752.0,2137.0,1616.0,2068.0,737.0,446.0,457.0,1973.0,1229.0,1995.0,576.0,542.0,1106.0,1827.0,870.0,615.0,1123.0,581.0,1642.0,926.0,000000000000000015a1,32.7649131345021,C1804P08
742.0,2299.0,1769.0,644.0,578.0,1512.0,1483.0,578.0,419.0,2267.0,2221.0,620.0,952.0,1752.0,462.0,1946.0,1742.0,1106.0,1672.0,652.0,2446.0,449.0,747.0,1067.0,1642.0,592.0,1016.0,591.0,2243.0,1702.0,416.0,2161.0,940.0,512.0,682.0,1012.0,2034.0,982.0,432.0,1475.0,2268.0,771.0,2200.0,1662.0,2101.0,762.0,469.0,480.0,1984.0,1304.0,2053.0,623.0,581.0,1150.0,1927.0,912.0,643.0,1186.0,621.0,1695.0,952.0,000000000000000015a3,90.8156232137943,C1804P10
663.0,2183.0,1601.0,560.0,522.0,1525.0,1423.0,502.0,333.0,2155.0,2237.0,602.0,1014.0,1522.0,402.0,1860.0,1471.0,994.0,1591.0,613.0,2461.0,370.0,681.0,950.0,1505.0,548.0,951.0,523.0,2137.0,1520.0,410.0,2028.0,822.0,452.0,628.0,980.0,1979.0,892.0,327.0,1376.0,2324.0,715.0,2164.0,1586.0,2090.0,732.0,411.0,426.0,1990.0,1161.0,1985.0,498.0,488.0,1078.0,1743.0,842.0,569.0,1065.0,542.0,1614.0,927.0,000000000000000015a4,63.8782718177751,C1804W01
830.0,2435.0,1904.0,729.0,671.0,1660.0,1584.0,661.0,494.0,2344.0,2401.0,728.0,1112.0,1848.0,536.0,2105.0,1798.0,1164.0,1755.0,750.0,2667.0,526.0,841.0,1117.0,1759.0,680.0,1144.0,676.0,2386.0,1765.0,492.0,2240.0,1002.0,585.0,731.0,1133.0,2176.0,1085.0,497.0,1623.0,2483.0,817.0,2315.0,1755.0,2273.0,871.0,558.0,569.0,2164.0,1355.0,2145.0,645.0,654.0,1260.0,1949.0,1008.0,683.0,1250.0,694.0,1842.0,1085.0,000000000000000015a5,91.8357149736835,C1804W02
758.0,2340.0,1801.0,656.0,595.0,1550.0,1517.0,595.0,429.0,2306.0,2265.0,638.0,980.0,1782.0,476.0,1982.0,1768.0,1124.0,1705.0,672.0,2493.0,459.0,765.0,1085.0,1674.0,608.0,1035.0,605.0,2285.0,1728.0,434.0,2199.0,960.0,525.0,700.0,1032.0,2069.0,998.0,446.0,1507.0,2316.0,787.0,2241.0,1699.0,2138.0,783.0,481.0,494.0,2024.0,1326.0,2093.0,634.0,595.0,1168.0,1960.0,928.0,657.0,1207.0,635.0,1726.0,974.0,000000000000000015a6,74.0126052909281,C1804W03
830.0,2435.0,1904.0,729.0,671.0,1660.0,1584.0,661.0,494.0,2344.0,2401.0,728.0,1112.0,1848.0,536.0,2105.0,1798.0,1164.0,1755.0,750.0,2667.0,526.0,841.0,1117.0,1759.0,680.0,1144.0,676.0,2386.0,1765.0,492.0,2240.0,1002.0,585.0,731.0,1133.0,2176.0,1085.0,497.0,1623.0,2483.0,817.0,2315.0,1755.0,2273.0,871.0,558.0,569.0,2164.0,1355.0,2145.0,645.0,654.0,1260.0,1949.0,1008.0,683.0,1250.0,694.0,1842.0,1085.0,000000000000000015a7,84.0389982333623,C1804W04
747.0,2317.0,1781.0,641.0,584.0,1525.0,1496.0,584.0,420.0,2286.0,2235.0,627.0,958.0,1763.0,467.0,1966.0,1753.0,1116.0,1683.0,658.0,2464.0,450.0,751.0,1076.0,1654.0,598.0,1016.0,590.0,2260.0,1712.0,423.0,2179.0,950.0,516.0,687.0,1017.0,2048.0,987.0,438.0,1489.0,2287.0,776.0,2218.0,1673.0,2116.0,768.0,470.0,480.0,1999.0,1312.0,2072.0,628.0,584.0,1154.0,1946.0,915.0,648.0,1194.0,623.0,1712.0,958.0,000000000000000015a8,121.584088739949,C1804W10
663.0,2180.0,1619.0,548.0,505.0,1405.0,1350.0,485.0,321.0,2092.0,2122.0,549.0,878.0,1553.0,386.0,1807.0,1560.0,981.0,1525.0,587.0,2353.0,353.0,656.0,947.0,1478.0,520.0,914.0,500.0,2111.0,1501.0,365.0,2020.0,802.0,433.0,617.0,905.0,1888.0,868.0,337.0,1328.0,2186.0,715.0,2070.0,1525.0,1977.0,690.0,380.0,400.0,1868.0,1180.0,1936.0,527.0,489.0,1031.0,1732.0,831.0,568.0,1077.0,531.0,1532.0,839.0,000000000000000015a9,67.6506358865362,C1804X99
845.0,2469.0,1937.0,727.0,701.0,1731.0,1646.0,686.0,501.0,2400.0,2466.0,753.0,1157.0,1869.0,556.0,2155.0,1797.0,1187.0,1808.0,769.0,2749.0,527.0,868.0,1134.0,1781.0,699.0,1208.0,679.0,2432.0,1808.0,523.0,2290.0,1018.0,610.0,752.0,1163.0,2221.0,1114.0,512.0,1662.0,2567.0,838.0,2389.0,1812.0,2337.0,898.0,568.0,569.0,2224.0,1376.0,2204.0,656.0,675.0,1290.0,1975.0,1021.0,703.0,1274.0,712.0,1891.0,1123.0,000000000000000015aa,115.902910895834,C1805C01
679.0,2227.0,1656.0,567.0,525.0,1465.0,1409.0,515.0,349.0,2147.0,2193.0,570.0,931.0,1602.0,414.0,1864.0,1593.0,1016.0,1577.0,606.0,2409.0,379.0,679.0,978.0,1531.0,542.0,940.0,527.0,2163.0,1565.0,392.0,2064.0,835.0,461.0,645.0,949.0,1958.0,910.0,366.0,1368.0,2253.0,742.0,2125.0,1586.0,2044.0,716.0,409.0,428.0,1946.0,1214.0,1987.0,548.0,513.0,1073.0,1782.0,847.0,596.0,1111.0,560.0,1598.0,892.0,000000000000000015ab,129.99664644343,C1805C02
678.0,2226.0,1653.0,567.0,525.0,1463.0,1407.0,516.0,350.0,2143.0,2191.0,570.0,930.0,1600.0,414.0,1864.0,1591.0,1015.0,1576.0,606.0,2407.0,379.0,679.0,977.0,1530.0,542.0,939.0,528.0,2163.0,1565.0,390.0,2059.0,835.0,461.0,643.0,949.0,1957.0,910.0,366.0,1366.0,2251.0,738.0,2119.0,1584.0,2043.0,715.0,409.0,428.0,1944.0,1212.0,1981.0,548.0,514.0,1073.0,1780.0,846.0,594.0,1109.0,560.0,1599.0,892.0,000000000000000015ac,143.66007262018,C1805C03
780.0,2376.0,1830.0,687.0,620.0,1582.0,1535.0,620.0,450.0,2298.0,2309.0,664.0,1023.0,1801.0,493.0,2021.0,1786.0,1130.0,1716.0,703.0,2539.0,481.0,786.0,1092.0,1712.0,634.0,1051.0,635.0,2319.0,1720.0,450.0,2203.0,969.0,541.0,712.0,1055.0,2099.0,1017.0,463.0,1544.0,2373.0,799.0,2251.0,1716.0,2167.0,816.0,512.0,522.0,2070.0,1324.0,2108.0,634.0,610.0,1189.0,1966.0,946.0,663.0,1216.0,649.0,1754.0,1007.0,000000000000000015ad,66.9338047563871,C1805F01
793.0,2418.0,1857.0,685.0,649.0,1663.0,1587.0,629.0,452.0,2333.0,2416.0,703.0,1097.0,1790.0,513.0,2090.0,1734.0,1132.0,1741.0,723.0,2668.0,484.0,809.0,1085.0,1723.0,653.0,1128.0,642.0,2379.0,1731.0,483.0,2238.0,952.0,563.0,720.0,1098.0,2170.0,1050.0,464.0,1589.0,2503.0,818.0,2332.0,1758.0,2278.0,849.0,516.0,537.0,2170.0,1323.0,2152.0,622.0,623.0,1225.0,1925.0,972.0,671.0,1227.0,662.0,1817.0,1050.0,000000000000000015ae,156.474723360042,C1805F02
825.0,2457.0,1905.0,729.0,662.0,1647.0,1592.0,662.0,483.0,2366.0,2385.0,705.0,1084.0,1869.0,525.0,2095.0,1856.0,1179.0,1776.0,745.0,2624.0,515.0,835.0,1140.0,1788.0,675.0,1146.0,676.0,2399.0,1776.0,473.0,2270.0,1015.0,575.0,742.0,1121.0,2168.0,1074.0,495.0,1614.0,2458.0,832.0,2325.0,1776.0,2237.0,865.0,547.0,558.0,2138.0,1375.0,2174.0,655.0,645.0,1253.0,2023.0,995.0,692.0,1266.0,685.0,1812.0,1064.0,000000000000000015b0,129.630651192767,C1805F06
789.0,2404.0,1839.0,659.0,655.0,1716.0,1616.0,635.0,445.0,2363.0,2444.0,715.0,1142.0,1774.0,515.0,2100.0,1670.0,1130.0,1764.0,719.0,2719.0,470.0,816.0,1072.0,1706.0,650.0,1153.0,624.0,2381.0,1740.0,506.0,2236.0,956.0,575.0,723.0,1113.0,2190.0,1047.0,454.0,1606.0,2557.0,812.0,2375.0,1776.0,2314.0,860.0,515.0,519.0,2207.0,1309.0,2167.0,608.0,625.0,1223.0,1919.0,958.0,669.0,1211.0,665.0,1849.0,1080.0,000000000000000015b1,67.4579423068663,C1805F07
871.0,2507.0,1970.0,744.0,724.0,1756.0,1676.0,711.0,521.0,2440.0,2486.0,776.0,1176.0,1907.0,578.0,2187.0,1840.0,1215.0,1845.0,793.0,2769.0,549.0,892.0,1164.0,1819.0,723.0,1236.0,695.0,2472.0,1847.0,537.0,2331.0,1049.0,631.0,771.0,1188.0,2248.0,1139.0,537.0,1692.0,2589.0,856.0,2426.0,1847.0,2353.0,922.0,583.0,590.0,2245.0,1406.0,2241.0,680.0,697.0,1314.0,2028.0,1047.0,723.0,1302.0,736.0,1915.0,1145.0,000000000000000015b5,84.568255591366,C1805F16
783.0,2399.0,1817.0,650.0,654.0,1729.0,1624.0,631.0,435.0,2372.0,2453.0,716.0,1154.0,1746.0,506.0,2099.0,1644.0,1121.0,1769.0,713.0,2736.0,465.0,813.0,1065.0,1687.0,644.0,1174.0,612.0,2380.0,1731.0,507.0,2230.0,951.0,569.0,722.0,1116.0,2195.0,1039.0,438.0,1601.0,2575.0,809.0,2379.0,1778.0,2319.0,862.0,511.0,508.0,2221.0,1296.0,2173.0,595.0,616.0,1215.0,1911.0,949.0,664.0,1198.0,656.0,1859.0,1084.0,000000000000000015b6,39.1390226416359,C1805F17
817.0,2422.0,1884.0,715.0,654.0,1623.0,1571.0,653.0,478.0,2338.0,2354.0,702.0,1068.0,1849.0,520.0,2070.0,1831.0,1166.0,1750.0,739.0,2592.0,509.0,822.0,1128.0,1766.0,671.0,1125.0,663.0,2366.0,1753.0,471.0,2243.0,1006.0,568.0,729.0,1102.0,2143.0,1059.0,489.0,1600.0,2425.0,815.0,2296.0,1750.0,2212.0,850.0,540.0,551.0,2114.0,1360.0,2149.0,648.0,636.0,1230.0,1998.0,983.0,681.0,1251.0,675.0,1796.0,1050.0,000000000000000015b9,129.468234987194,C1805F21
692.0,2235.0,1656.0,576.0,554.0,1578.0,1474.0,531.0,354.0,2219.0,2298.0,624.0,1041.0,1587.0,421.0,1919.0,1513.0,1022.0,1634.0,636.0,2537.0,395.0,709.0,970.0,1551.0,568.0,1018.0,534.0,2197.0,1581.0,438.0,2084.0,850.0,477.0,649.0,1005.0,2042.0,927.0,353.0,1439.0,2381.0,740.0,2229.0,1638.0,2157.0,758.0,434.0,440.0,2061.0,1194.0,2042.0,529.0,517.0,1112.0,1797.0,864.0,596.0,1098.0,565.0,1685.0,967.0,000000000000000015ba,80.2284276139694,C1805F22
706.0,2284.0,1714.0,597.0,559.0,1562.0,1479.0,540.0,369.0,2221.0,2296.0,616.0,1001.0,1639.0,434.0,1948.0,1597.0,1050.0,1643.0,638.0,2520.0,400.0,717.0,1003.0,1585.0,570.0,984.0,555.0,2231.0,1622.0,425.0,2131.0,867.0,482.0,663.0,1002.0,2047.0,951.0,383.0,1436.0,2366.0,762.0,2218.0,1653.0,2145.0,757.0,440.0,452.0,2044.0,1240.0,2048.0,563.0,538.0,1126.0,1818.0,882.0,613.0,1136.0,580.0,1681.0,951.0,000000000000000015bd,74.4016526018615,C1805F26
738.0,2335.0,1763.0,635.0,591.0,1582.0,1510.0,574.0,404.0,2250.0,2325.0,636.0,1020.0,1702.0,464.0,1989.0,1660.0,1078.0,1678.0,666.0,2554.0,436.0,750.0,1033.0,1635.0,600.0,1023.0,593.0,2281.0,1663.0,442.0,2162.0,898.0,514.0,689.0,1030.0,2079.0,982.0,415.0,1483.0,2395.0,787.0,2240.0,1686.0,2177.0,787.0,467.0,487.0,2071.0,1270.0,2075.0,591.0,572.0,1156.0,1868.0,916.0,639.0,1166.0,612.0,1719.0,979.0,000000000000000015be,93.0177924948942,C1805F27
757.0,2343.0,1798.0,660.0,598.0,1556.0,1518.0,598.0,430.0,2303.0,2275.0,639.0,988.0,1779.0,475.0,1985.0,1761.0,1116.0,1704.0,677.0,2504.0,460.0,766.0,1077.0,1673.0,610.0,1033.0,610.0,2294.0,1716.0,440.0,2202.0,960.0,525.0,703.0,1029.0,2071.0,992.0,446.0,1509.0,2329.0,788.0,2243.0,1703.0,2140.0,791.0,486.0,499.0,2036.0,1318.0,2098.0,627.0,594.0,1163.0,1957.0,924.0,655.0,1202.0,633.0,1728.0,977.0,000000000000000015c0,92.6457581191844,C1805F31
697.0,2194.0,1677.0,615.0,532.0,1427.0,1399.0,532.0,389.0,2164.0,2125.0,567.0,894.0,1664.0,427.0,1849.0,1655.0,1042.0,1580.0,605.0,2340.0,419.0,696.0,1003.0,1551.0,546.0,956.0,560.0,2144.0,1608.0,387.0,2059.0,886.0,475.0,648.0,951.0,1942.0,922.0,398.0,1391.0,2159.0,736.0,2097.0,1572.0,2007.0,712.0,439.0,449.0,1894.0,1236.0,1955.0,589.0,543.0,1086.0,1831.0,856.0,610.0,1119.0,582.0,1609.0,893.0,000000000000000015c1,59.8341273493296,C1805F40
901.0,2526.0,2008.0,758.0,763.0,1813.0,1732.0,751.0,550.0,2488.0,2515.0,814.0,1228.0,1951.0,612.0,2223.0,1862.0,1261.0,1886.0,826.0,2810.0,572.0,926.0,1201.0,1859.0,758.0,1282.0,711.0,2502.0,1895.0,581.0,2368.0,1092.0,667.0,799.0,1230.0,2287.0,1183.0,571.0,1749.0,2633.0,879.0,2481.0,1892.0,2393.0,956.0,611.0,611.0,2287.0,1443.0,2284.0,706.0,727.0,1353.0,2068.0,1066.0,753.0,1341.0,765.0,1963.0,1197.0,000000000000000015c2,64.4237225658003,C1805F41
732.0,2332.0,1755.0,623.0,585.0,1575.0,1505.0,568.0,395.0,2245.0,2318.0,629.0,1015.0,1696.0,458.0,1984.0,1656.0,1075.0,1676.0,659.0,2545.0,426.0,744.0,1031.0,1629.0,594.0,1013.0,582.0,2276.0,1660.0,436.0,2158.0,896.0,507.0,685.0,1026.0,2072.0,978.0,409.0,1474.0,2388.0,782.0,2234.0,1682.0,2169.0,780.0,457.0,478.0,2064.0,1267.0,2071.0,588.0,566.0,1152.0,1867.0,910.0,635.0,1162.0,605.0,1711.0,974.0,000000000000000015c3,88.5137994745747,C1805P01
696.0,2265.0,1688.0,601.0,553.0,1505.0,1448.0,543.0,374.0,2177.0,2231.0,591.0,964.0,1632.0,434.0,1908.0,1627.0,1037.0,1618.0,624.0,2443.0,405.0,708.0,999.0,1575.0,562.0,970.0,559.0,2203.0,1605.0,407.0,2091.0,861.0,481.0,657.0,983.0,2000.0,940.0,386.0,1405.0,2298.0,750.0,2153.0,1624.0,2084.0,742.0,436.0,456.0,1985.0,1228.0,2015.0,564.0,535.0,1107.0,1823.0,868.0,608.0,1123.0,579.0,1641.0,926.0,000000000000000015c4,131.988228763814,C1805P02
705.0,2274.0,1696.0,603.0,554.0,1521.0,1461.0,543.0,375.0,2190.0,2250.0,601.0,979.0,1631.0,434.0,1920.0,1624.0,1041.0,1625.0,637.0,2464.0,406.0,709.0,1002.0,1581.0,570.0,971.0,561.0,2216.0,1607.0,413.0,2104.0,861.0,482.0,657.0,989.0,2014.0,949.0,386.0,1414.0,2324.0,754.0,2172.0,1633.0,2103.0,747.0,438.0,458.0,2004.0,1231.0,2032.0,560.0,533.0,1113.0,1824.0,879.0,608.0,1126.0,578.0,1650.0,933.0,000000000000000015c5,110.012306185925,C1805P03
825.0,2421.0,1896.0,722.0,662.0,1632.0,1572.0,656.0,486.0,2339.0,2371.0,712.0,1082.0,1852.0,526.0,2079.0,1822.0,1168.0,1747.0,746.0,2618.0,518.0,833.0,1130.0,1764.0,677.0,1141.0,670.0,2369.0,1753.0,479.0,2239.0,1007.0,575.0,731.0,1115.0,2155.0,1072.0,490.0,1609.0,2443.0,818.0,2304.0,1747.0,2232.0,860.0,549.0,560.0,2129.0,1361.0,2145.0,647.0,644.0,1241.0,1974.0,994.0,683.0,1253.0,684.0,1812.0,1062.0,000000000000000015c6,56.1097411238416,C1805P04
695.0,2263.0,1685.0,592.0,548.0,1503.0,1446.0,539.0,368.0,2175.0,2228.0,590.0,962.0,1629.0,433.0,1906.0,1624.0,1037.0,1618.0,623.0,2441.0,399.0,703.0,999.0,1572.0,561.0,964.0,551.0,2201.0,1604.0,407.0,2088.0,861.0,481.0,657.0,981.0,1997.0,938.0,385.0,1402.0,2295.0,750.0,2150.0,1623.0,2081.0,736.0,429.0,449.0,1982.0,1228.0,2011.0,565.0,535.0,1105.0,1821.0,867.0,608.0,1123.0,579.0,1639.0,924.0,000000000000000015c7,86.4356279280977,C1805P05
778.0,2386.0,1827.0,670.0,632.0,1638.0,1559.0,614.0,439.0,2304.0,2385.0,685.0,1074.0,1762.0,499.0,2059.0,1707.0,1113.0,1717.0,707.0,2633.0,470.0,792.0,1067.0,1693.0,638.0,1099.0,626.0,2343.0,1707.0,474.0,2209.0,935.0,548.0,709.0,1077.0,2143.0,1030.0,448.0,1559.0,2467.0,806.0,2301.0,1730.0,2248.0,831.0,505.0,521.0,2141.0,1304.0,2123.0,612.0,608.0,1200.0,1900.0,956.0,660.0,1204.0,647.0,1791.0,1029.0,000000000000000015c8,108.087127538702,C1805P06
691.0,2261.0,1679.0,586.0,542.0,1495.0,1437.0,532.0,362.0,2175.0,2221.0,585.0,951.0,1627.0,423.0,1896.0,1617.0,1032.0,1612.0,617.0,2441.0,393.0,699.0,994.0,1560.0,556.0,964.0,545.0,2193.0,1599.0,402.0,2087.0,854.0,472.0,655.0,972.0,1989.0,927.0,374.0,1392.0,2286.0,748.0,2150.0,1616.0,2072.0,733.0,423.0,443.0,1973.0,1225.0,2007.0,562.0,527.0,1096.0,1817.0,864.0,605.0,1123.0,570.0,1627.0,914.0,000000000000000015c9,88.2563670012045,C1805P07
694.0,2258.0,1687.0,599.0,546.0,1487.0,1433.0,536.0,375.0,2182.0,2213.0,587.0,942.0,1646.0,432.0,1899.0,1636.0,1037.0,1610.0,618.0,2432.0,405.0,701.0,999.0,1573.0,558.0,962.0,557.0,2197.0,1607.0,397.0,2095.0,866.0,475.0,658.0,975.0,1988.0,935.0,391.0,1402.0,2270.0,746.0,2147.0,1615.0,2065.0,730.0,436.0,448.0,1969.0,1236.0,2002.0,570.0,541.0,1101.0,1831.0,867.0,609.0,1124.0,580.0,1634.0,920.0,000000000000000015ca,101.248915411109,C1805P08
770.0,2379.0,1794.0,649.0,638.0,1704.0,1598.0,618.0,429.0,2327.0,2415.0,701.0,1125.0,1719.0,496.0,2066.0,1638.0,1105.0,1752.0,701.0,2697.0,460.0,797.0,1052.0,1671.0,632.0,1150.0,607.0,2345.0,1709.0,498.0,2199.0,933.0,556.0,717.0,1096.0,2166.0,1024.0,432.0,1572.0,2533.0,806.0,2341.0,1752.0,2284.0,847.0,502.0,502.0,2186.0,1276.0,2142.0,592.0,605.0,1198.0,1887.0,938.0,657.0,1181.0,645.0,1824.0,1057.0,000000000000000015cb,117.523418819991,C1805P10
728.0,2305.0,1734.0,633.0,580.0,1543.0,1479.0,567.0,405.0,2208.0,2278.0,625.0,994.0,1680.0,456.0,1959.0,1655.0,1063.0,1648.0,654.0,2501.0,436.0,737.0,1022.0,1614.0,592.0,1004.0,592.0,2245.0,1638.0,429.0,2122.0,890.0,505.0,677.0,1014.0,2046.0,966.0,408.0,1456.0,2343.0,769.0,2189.0,1654.0,2132.0,770.0,467.0,485.0,2031.0,1251.0,2037.0,585.0,562.0,1137.0,1849.0,903.0,628.0,1150.0,601.0,1691.0,960.0,000000000000000015cc,49.7038985338789,C1805P12
701.0,2273.0,1701.0,593.0,552.0,1544.0,1468.0,535.0,365.0,2205.0,2278.0,607.0,991.0,1628.0,430.0,1931.0,1597.0,1043.0,1632.0,633.0,2495.0,396.0,709.0,998.0,1577.0,565.0,975.0,552.0,2217.0,1610.0,419.0,2116.0,861.0,478.0,660.0,993.0,2031.0,943.0,378.0,1421.0,2346.0,759.0,2199.0,1641.0,2126.0,749.0,434.0,448.0,2025.0,1232.0,2038.0,560.0,530.0,1116.0,1814.0,876.0,610.0,1129.0,575.0,1663.0,939.0,000000000000000015cd,137.213161261684,C1805P13
745.0,2318.0,1776.0,650.0,588.0,1531.0,1496.0,588.0,424.0,2278.0,2245.0,629.0,970.0,1757.0,467.0,1965.0,1742.0,1106.0,1680.0,664.0,2474.0,454.0,753.0,1067.0,1652.0,600.0,1016.0,600.0,2266.0,1697.0,430.0,2177.0,949.0,516.0,690.0,1015.0,2048.0,980.0,438.0,1490.0,2301.0,776.0,2216.0,1676.0,2116.0,778.0,479.0,490.0,2010.0,1304.0,2072.0,620.0,583.0,1149.0,1936.0,910.0,645.0,1189.0,622.0,1711.0,963.0,000000000000000015ce,42.8995113194037,C1805P14
698.0,2270.0,1699.0,593.0,551.0,1544.0,1465.0,532.0,363.0,2206.0,2282.0,605.0,995.0,1625.0,426.0,1929.0,1590.0,1041.0,1629.0,630.0,2497.0,395.0,709.0,995.0,1575.0,562.0,976.0,552.0,2212.0,1606.0,418.0,2114.0,858.0,473.0,656.0,996.0,2031.0,940.0,371.0,1419.0,2346.0,756.0,2203.0,1639.0,2127.0,749.0,434.0,447.0,2023.0,1229.0,2037.0,556.0,524.0,1117.0,1811.0,873.0,606.0,1127.0,570.0,1661.0,940.0,000000000000000015cf,80.5856786081952,C1805P16
818.0,2428.0,1889.0,713.0,656.0,1628.0,1579.0,656.0,477.0,2350.0,2356.0,702.0,1068.0,1859.0,521.0,2075.0,1840.0,1173.0,1760.0,740.0,2592.0,508.0,823.0,1135.0,1774.0,672.0,1122.0,662.0,2371.0,1762.0,472.0,2256.0,1013.0,569.0,730.0,1100.0,2147.0,1061.0,492.0,1605.0,2426.0,816.0,2304.0,1760.0,2214.0,852.0,539.0,549.0,2118.0,1369.0,2161.0,652.0,637.0,1231.0,2018.0,983.0,682.0,1257.0,675.0,1800.0,1051.0,000000000000000015d0,57.3348230715979,C1805P17
751.0,2356.0,1780.0,637.0,610.0,1636.0,1547.0,589.0,410.0,2286.0,2372.0,665.0,1064.0,1707.0,475.0,2027.0,1646.0,1088.0,1707.0,681.0,2615.0,440.0,769.0,1040.0,1650.0,612.0,1060.0,595.0,2307.0,1684.0,466.0,2185.0,908.0,525.0,695.0,1057.0,2120.0,1000.0,416.0,1520.0,2452.0,793.0,2288.0,1716.0,2228.0,808.0,482.0,490.0,2122.0,1273.0,2105.0,591.0,583.0,1172.0,1871.0,929.0,643.0,1174.0,622.0,1766.0,1011.0,000000000000000015d1,51.4069264358425,C1805P18
799.0,2386.0,1849.0,698.0,645.0,1617.0,1548.0,634.0,467.0,2282.0,2364.0,702.0,1078.0,1791.0,511.0,2064.0,1735.0,1125.0,1707.0,721.0,2617.0,498.0,810.0,1078.0,1707.0,653.0,1106.0,646.0,2332.0,1714.0,473.0,2188.0,964.0,559.0,709.0,1095.0,2133.0,1047.0,471.0,1576.0,2445.0,796.0,2270.0,1708.0,2230.0,841.0,531.0,541.0,2124.0,1312.0,2096.0,623.0,625.0,1219.0,1899.0,975.0,662.0,1209.0,663.0,1803.0,1048.0,000000000000000015d2,107.252333141137,C1805P19
739.0,2335.0,1765.0,635.0,592.0,1595.0,1517.0,572.0,404.0,2257.0,2342.0,641.0,1028.0,1697.0,465.0,1996.0,1641.0,1078.0,1681.0,670.0,2573.0,435.0,751.0,1030.0,1631.0,600.0,1025.0,593.0,2287.0,1661.0,449.0,2168.0,895.0,514.0,690.0,1029.0,2087.0,980.0,415.0,1489.0,2414.0,790.0,2256.0,1690.0,2194.0,791.0,468.0,488.0,2085.0,1268.0,2081.0,589.0,573.0,1154.0,1859.0,918.0,639.0,1166.0,612.0,1730.0,981.0,000000000000000015d3,56.2840005328477,C1805P20
680.0,2213.0,1644.0,568.0,521.0,1453.0,1396.0,511.0,349.0,2129.0,2177.0,569.0,922.0,1587.0,405.0,1850.0,1578.0,1006.0,1565.0,607.0,2397.0,379.0,675.0,968.0,1515.0,540.0,936.0,528.0,2151.0,1551.0,386.0,2048.0,823.0,453.0,637.0,937.0,1941.0,899.0,356.0,1354.0,2242.0,735.0,2110.0,1574.0,2029.0,714.0,409.0,429.0,1931.0,1205.0,1974.0,539.0,501.0,1061.0,1762.0,847.0,588.0,1103.0,549.0,1583.0,880.0,000000000000000015d4,129.812262259717,C1805P22
663.0,2187.0,1601.0,555.0,513.0,1470.0,1393.0,492.0,327.0,2104.0,2185.0,568.0,952.0,1532.0,400.0,1831.0,1527.0,990.0,1567.0,597.0,2397.0,360.0,668.0,954.0,1507.0,531.0,931.0,513.0,2124.0,1523.0,383.0,2005.0,806.0,442.0,621.0,950.0,1930.0,891.0,331.0,1335.0,2255.0,716.0,2102.0,1574.0,2019.0,709.0,389.0,412.0,1930.0,1175.0,1959.0,510.0,487.0,1065.0,1750.0,831.0,569.0,1068.0,539.0,1561.0,883.0,000000000000000015d5,98.8084175344313,C1805P24
671.0,2206.0,1626.0,550.0,515.0,1441.0,1387.0,495.0,329.0,2116.0,2169.0,560.0,918.0,1557.0,399.0,1827.0,1559.0,995.0,1561.0,599.0,2380.0,359.0,665.0,956.0,1503.0,532.0,929.0,510.0,2134.0,1529.0,375.0,2038.0,810.0,443.0,625.0,931.0,1925.0,891.0,343.0,1335.0,2234.0,722.0,2102.0,1561.0,2014.0,705.0,390.0,410.0,1914.0,1194.0,1959.0,526.0,493.0,1060.0,1748.0,841.0,575.0,1088.0,542.0,1561.0,872.0,000000000000000015d6,87.9951329453909,C1805P25
653.0,2164.0,1599.0,547.0,497.0,1391.0,1335.0,477.0,319.0,2073.0,2110.0,541.0,870.0,1533.0,387.0,1789.0,1542.0,971.0,1511.0,580.0,2332.0,353.0,646.0,937.0,1464.0,513.0,901.0,501.0,2092.0,1483.0,361.0,2000.0,792.0,432.0,610.0,895.0,1875.0,858.0,334.0,1309.0,2172.0,708.0,2052.0,1511.0,1964.0,680.0,380.0,400.0,1855.0,1169.0,1917.0,518.0,487.0,1019.0,1714.0,821.0,561.0,1067.0,531.0,1519.0,828.0,000000000000000015d7,66.6491658813848,C1805P27
627.0,2049.0,1526.0,570.0,456.0,1272.0,1262.0,474.0,347.0,2004.0,1933.0,495.0,796.0,1562.0,364.0,1702.0,1583.0,959.0,1459.0,533.0,2135.0,368.0,616.0,920.0,1432.0,476.0,879.0,518.0,1984.0,1488.0,318.0,1902.0,825.0,412.0,576.0,863.0,1806.0,835.0,354.0,1282.0,1948.0,641.0,1912.0,1424.0,1846.0,626.0,398.0,398.0,1730.0,1146.0,1790.0,530.0,490.0,1007.0,1722.0,769.0,539.0,1026.0,528.0,1479.0,806.0,000000000000000015d8,206.91092218709,C1805P28
810.0,2404.0,1868.0,709.0,654.0,1631.0,1561.0,644.0,476.0,2304.0,2377.0,712.0,1090.0,1811.0,519.0,2079.0,1758.0,1137.0,1724.0,731.0,2635.0,507.0,822.0,1090.0,1725.0,662.0,1120.0,656.0,2351.0,1733.0,479.0,2206.0,977.0,567.0,717.0,1109.0,2148.0,1060.0,479.0,1592.0,2458.0,804.0,2286.0,1725.0,2245.0,852.0,540.0,550.0,2139.0,1326.0,2113.0,631.0,635.0,1234.0,1916.0,988.0,670.0,1222.0,673.0,1818.0,1061.0,000000000000000015d9,64.6618958768877,C1805P30
690.0,2257.0,1673.0,582.0,542.0,1502.0,1444.0,526.0,356.0,2168.0,2236.0,584.0,967.0,1607.0,428.0,1897.0,1601.0,1027.0,1608.0,622.0,2441.0,387.0,699.0,989.0,1559.0,555.0,963.0,541.0,2191.0,1589.0,401.0,2081.0,845.0,471.0,649.0,970.0,1992.0,926.0,372.0,1388.0,2304.0,747.0,2155.0,1618.0,2081.0,738.0,418.0,438.0,1982.0,1220.0,2013.0,550.0,520.0,1095.0,1807.0,864.0,599.0,1114.0,569.0,1619.0,913.0,000000000000000015da,110.178412710371,C1805P33
791.0,2399.0,1844.0,667.0,655.0,1706.0,1609.0,635.0,454.0,2357.0,2438.0,714.0,1137.0,1784.0,517.0,2098.0,1673.0,1131.0,1754.0,722.0,2710.0,476.0,815.0,1073.0,1710.0,652.0,1133.0,634.0,2378.0,1740.0,503.0,2232.0,958.0,576.0,719.0,1108.0,2184.0,1047.0,458.0,1607.0,2546.0,807.0,2367.0,1771.0,2310.0,856.0,520.0,528.0,2203.0,1312.0,2159.0,609.0,625.0,1222.0,1919.0,960.0,668.0,1215.0,665.0,1847.0,1077.0,000000000000000015db,37.9149462636274,C1805X02
850.0,2467.0,1932.0,735.0,702.0,1711.0,1633.0,691.0,508.0,2388.0,2445.0,752.0,1146.0,1874.0,559.0,2148.0,1814.0,1188.0,1803.0,771.0,2715.0,539.0,870.0,1139.0,1786.0,701.0,1207.0,684.0,2427.0,1803.0,516.0,2284.0,1025.0,608.0,749.0,1164.0,2210.0,1115.0,520.0,1652.0,2538.0,834.0,2370.0,1803.0,2310.0,900.0,572.0,580.0,2201.0,1378.0,2190.0,663.0,676.0,1290.0,1988.0,1029.0,702.0,1273.0,715.0,1878.0,1116.0,000000000000000015dc,75.5224293499046,C1805X03
676.0,2217.0,1630.0,571.0,538.0,1549.0,1448.0,518.0,345.0,2187.0,2263.0,610.0,1032.0,1554.0,412.0,1893.0,1495.0,1007.0,1616.0,623.0,2500.0,384.0,699.0,962.0,1528.0,557.0,972.0,532.0,2171.0,1548.0,421.0,2059.0,835.0,462.0,637.0,998.0,2005.0,913.0,339.0,1406.0,2357.0,728.0,2197.0,1610.0,2121.0,750.0,419.0,433.0,2019.0,1176.0,2014.0,505.0,498.0,1097.0,1770.0,850.0,580.0,1080.0,552.0,1641.0,946.0,000000000000000015dd,76.8162482510568,C1805X07
753.0,2340.0,1757.0,627.0,624.0,1687.0,1582.0,602.0,415.0,2320.0,2400.0,691.0,1123.0,1694.0,478.0,2042.0,1589.0,1085.0,1732.0,689.0,2674.0,446.0,781.0,1029.0,1639.0,621.0,1126.0,586.0,2319.0,1681.0,488.0,2173.0,921.0,538.0,691.0,1080.0,2146.0,1003.0,409.0,1554.0,2518.0,779.0,2334.0,1734.0,2270.0,831.0,489.0,488.0,2174.0,1256.0,2128.0,569.0,580.0,1176.0,1871.0,917.0,638.0,1161.0,625.0,1815.0,1049.0,000000000000000015de,112.403231990232,C1806C01
745.0,2343.0,1761.0,625.0,610.0,1655.0,1552.0,584.0,406.0,2295.0,2373.0,672.0,1082.0,1685.0,466.0,2016.0,1620.0,1083.0,1709.0,676.0,2633.0,437.0,768.0,1035.0,1643.0,607.0,1077.0,584.0,2295.0,1674.0,472.0,2176.0,909.0,523.0,695.0,1059.0,2125.0,993.0,407.0,1525.0,2469.0,787.0,2303.0,1711.0,2233.0,809.0,478.0,480.0,2132.0,1264.0,2113.0,579.0,574.0,1168.0,1867.0,921.0,637.0,1168.0,614.0,1770.0,1018.0,000000000000000015df,69.9209019038897,C1806C02
729.0,2309.0,1719.0,605.0,601.0,1664.0,1558.0,581.0,393.0,2306.0,2374.0,670.0,1108.0,1662.0,455.0,2011.0,1550.0,1065.0,1706.0,670.0,2645.0,425.0,760.0,1007.0,1606.0,602.0,1099.0,563.0,2289.0,1655.0,484.0,2155.0,902.0,514.0,679.0,1059.0,2121.0,974.0,386.0,1520.0,2490.0,769.0,2325.0,1713.0,2247.0,810.0,467.0,467.0,2150.0,1237.0,2116.0,557.0,554.0,1158.0,1858.0,889.0,628.0,1141.0,603.0,1787.0,1030.0,000000000000000015e0,113.35797626751,C1806C03
771.0,2380.0,1802.0,654.0,641.0,1702.0,1598.0,621.0,434.0,2331.0,2420.0,702.0,1132.0,1728.0,498.0,2070.0,1643.0,1107.0,1750.0,702.0,2698.0,464.0,800.0,1053.0,1677.0,633.0,1152.0,613.0,2349.0,1710.0,497.0,2203.0,936.0,557.0,714.0,1103.0,2169.0,1031.0,434.0,1578.0,2535.0,804.0,2344.0,1753.0,2288.0,849.0,507.0,508.0,2188.0,1280.0,2144.0,592.0,607.0,1205.0,1890.0,939.0,656.0,1184.0,646.0,1827.0,1065.0,000000000000000015e1,69.9769949490069,C1806C06
743.0,2303.0,1729.0,603.0,620.0,1694.0,1582.0,594.0,399.0,2334.0,2398.0,694.0,1140.0,1662.0,467.0,2025.0,1540.0,1067.0,1708.0,679.0,2658.0,430.0,775.0,1010.0,1606.0,611.0,1118.0,571.0,2298.0,1665.0,492.0,2163.0,910.0,531.0,681.0,1068.0,2135.0,986.0,393.0,1554.0,2514.0,761.0,2342.0,1723.0,2275.0,830.0,482.0,472.0,2183.0,1223.0,2125.0,552.0,566.0,1160.0,1848.0,889.0,626.0,1133.0,610.0,1818.0,1049.0,000000000000000015e2,82.1147992759754,C1806F01
871.0,2495.0,1970.0,749.0,719.0,1727.0,1656.0,709.0,522.0,2423.0,2455.0,761.0,1155.0,1921.0,574.0,2163.0,1862.0,1219.0,1831.0,791.0,2729.0,553.0,891.0,1171.0,1823.0,721.0,1205.0,698.0,2446.0,1840.0,534.0,2318.0,1055.0,623.0,774.0,1184.0,2229.0,1135.0,535.0,1687.0,2544.0,861.0,2394.0,1831.0,2320.0,921.0,584.0,594.0,2210.0,1411.0,2223.0,688.0,692.0,1310.0,2032.0,1041.0,726.0,1305.0,731.0,1895.0,1135.0,000000000000000015e4,107.288410995272,C1806F03
840.0,2450.0,1916.0,725.0,691.0,1695.0,1619.0,681.0,498.0,2366.0,2429.0,740.0,1130.0,1858.0,550.0,2131.0,1801.0,1175.0,1786.0,761.0,2696.0,529.0,859.0,1128.0,1771.0,691.0,1191.0,674.0,2407.0,1787.0,508.0,2263.0,1013.0,598.0,739.0,1149.0,2195.0,1101.0,511.0,1636.0,2517.0,823.0,2347.0,1786.0,2297.0,889.0,564.0,570.0,2185.0,1365.0,2169.0,654.0,666.0,1275.0,1968.0,1019.0,692.0,1261.0,705.0,1864.0,1101.0,000000000000000015e5,89.6179121366897,C1806F06
871.0,2488.0,1973.0,742.0,736.0,1776.0,1693.0,721.0,530.0,2449.0,2496.0,788.0,1196.0,1909.0,589.0,2187.0,1817.0,1229.0,1847.0,798.0,2789.0,550.0,900.0,1167.0,1817.0,729.0,1243.0,697.0,2468.0,1851.0,557.0,2327.0,1056.0,648.0,780.0,1191.0,2258.0,1143.0,545.0,1716.0,2606.0,862.0,2446.0,1852.0,2374.0,930.0,590.0,590.0,2267.0,1411.0,2247.0,680.0,707.0,1315.0,2018.0,1038.0,733.0,1311.0,746.0,1930.0,1162.0,000000000000000015e6,92.9971026262854,C1806F07
728.0,2313.0,1737.0,612.0,592.0,1635.0,1531.0,570.0,392.0,2276.0,2352.0,656.0,1070.0,1661.0,453.0,1990.0,1592.0,1066.0,1688.0,660.0,2606.0,423.0,750.0,1018.0,1619.0,591.0,1067.0,571.0,2268.0,1652.0,462.0,2156.0,891.0,510.0,684.0,1046.0,2103.0,980.0,394.0,1501.0,2444.0,776.0,2284.0,1690.0,2212.0,795.0,465.0,467.0,2111.0,1243.0,2093.0,568.0,560.0,1155.0,1843.0,899.0,626.0,1148.0,600.0,1748.0,1005.0,000000000000000015e7,93.2287552861718,C1806F10
727.0,2296.0,1713.0,604.0,598.0,1653.0,1547.0,578.0,391.0,2298.0,2366.0,668.0,1105.0,1656.0,447.0,1999.0,1548.0,1057.0,1697.0,668.0,2632.0,424.0,758.0,999.0,1600.0,599.0,1097.0,562.0,2277.0,1643.0,473.0,2150.0,895.0,505.0,669.0,1056.0,2112.0,973.0,378.0,1510.0,2474.0,759.0,2317.0,1701.0,2239.0,808.0,466.0,466.0,2142.0,1228.0,2112.0,549.0,544.0,1158.0,1853.0,890.0,619.0,1132.0,592.0,1775.0,1027.0,000000000000000015e8,82.9256921797123,C1806P03
750.0,2351.0,1782.0,643.0,604.0,1620.0,1536.0,584.0,411.0,2275.0,2361.0,659.0,1049.0,1712.0,476.0,2021.0,1656.0,1086.0,1699.0,681.0,2599.0,443.0,762.0,1038.0,1648.0,611.0,1046.0,600.0,2303.0,1679.0,460.0,2180.0,904.0,525.0,690.0,1050.0,2110.0,998.0,419.0,1513.0,2436.0,790.0,2274.0,1708.0,2217.0,801.0,483.0,495.0,2109.0,1274.0,2095.0,591.0,584.0,1168.0,1868.0,928.0,641.0,1173.0,623.0,1755.0,1002.0,000000000000000015e9,121.234219959974,C1806P09
759.0,2350.0,1794.0,655.0,609.0,1599.0,1524.0,592.0,425.0,2266.0,2344.0,657.0,1033.0,1731.0,482.0,2014.0,1685.0,1094.0,1689.0,687.0,2586.0,456.0,770.0,1049.0,1659.0,618.0,1060.0,610.0,2301.0,1679.0,456.0,2171.0,918.0,531.0,697.0,1047.0,2105.0,1001.0,435.0,1517.0,2416.0,793.0,2253.0,1696.0,2202.0,807.0,488.0,505.0,2095.0,1284.0,2083.0,602.0,592.0,1172.0,1872.0,937.0,648.0,1186.0,631.0,1748.0,998.0,000000000000000015ea,68.9275062997192,C1806P12
841.0,2462.0,1937.0,729.0,680.0,1671.0,1613.0,672.0,496.0,2393.0,2409.0,730.0,1107.0,1891.0,539.0,2118.0,1858.0,1194.0,1789.0,762.0,2666.0,527.0,852.0,1156.0,1798.0,693.0,1165.0,676.0,2411.0,1797.0,497.0,2290.0,1032.0,589.0,753.0,1138.0,2194.0,1097.0,502.0,1648.0,2485.0,840.0,2355.0,1789.0,2270.0,874.0,559.0,569.0,2165.0,1392.0,2195.0,672.0,659.0,1266.0,2019.0,1009.0,704.0,1280.0,698.0,1849.0,1087.0,000000000000000015eb,150.476715802398,C1806P13
759.0,2362.0,1777.0,634.0,622.0,1693.0,1586.0,602.0,414.0,2328.0,2408.0,690.0,1115.0,1702.0,482.0,2045.0,1616.0,1095.0,1741.0,690.0,2674.0,446.0,781.0,1038.0,1654.0,621.0,1115.0,592.0,2325.0,1694.0,488.0,2194.0,922.0,542.0,707.0,1084.0,2155.0,1008.0,414.0,1558.0,2511.0,798.0,2340.0,1741.0,2274.0,831.0,488.0,488.0,2176.0,1268.0,2139.0,579.0,590.0,1190.0,1881.0,927.0,648.0,1172.0,631.0,1812.0,1046.0,000000000000000015ec,102.309948939355,C1806W01
739.0,2329.0,1755.0,645.0,593.0,1549.0,1492.0,583.0,416.0,2223.0,2282.0,631.0,997.0,1709.0,467.0,1974.0,1699.0,1076.0,1664.0,661.0,2501.0,447.0,751.0,1039.0,1641.0,603.0,1018.0,603.0,2264.0,1664.0,429.0,2136.0,907.0,514.0,686.0,1027.0,2058.0,979.0,420.0,1471.0,2339.0,774.0,2193.0,1672.0,2134.0,781.0,478.0,489.0,2037.0,1267.0,2051.0,597.0,575.0,1151.0,1882.0,915.0,637.0,1162.0,614.0,1706.0,970.0,000000000000000015ed,50.36978045531,C1806W02
821.0,2414.0,1887.0,700.0,682.0,1710.0,1615.0,662.0,485.0,2359.0,2440.0,743.0,1146.0,1816.0,539.0,2115.0,1721.0,1154.0,1764.0,750.0,2722.0,506.0,840.0,1097.0,1730.0,681.0,1164.0,662.0,2388.0,1761.0,514.0,2243.0,982.0,599.0,731.0,1131.0,2189.0,1080.0,488.0,1634.0,2552.0,817.0,2362.0,1776.0,2314.0,875.0,550.0,550.0,2207.0,1335.0,2168.0,626.0,655.0,1252.0,1920.0,987.0,683.0,1240.0,689.0,1864.0,1102.0,000000000000000015ee,191.395131512005,C1806W03
872.0,2505.0,1969.0,748.0,722.0,1741.0,1664.0,712.0,523.0,2428.0,2464.0,771.0,1169.0,1912.0,580.0,2176.0,1853.0,1218.0,1839.0,792.0,2742.0,554.0,893.0,1170.0,1822.0,723.0,1235.0,697.0,2459.0,1845.0,535.0,2323.0,1054.0,629.0,774.0,1190.0,2235.0,1141.0,541.0,1685.0,2560.0,860.0,2407.0,1839.0,2333.0,923.0,584.0,595.0,2224.0,1410.0,2228.0,688.0,698.0,1316.0,2029.0,1044.0,726.0,1304.0,737.0,1902.0,1141.0,000000000000000015ef,83.7891938923024,C1806W08
748.0,2347.0,1758.0,622.0,615.0,1685.0,1578.0,595.0,405.0,2324.0,2400.0,682.0,1110.0,1688.0,474.0,2034.0,1596.0,1085.0,1733.0,682.0,2665.0,437.0,775.0,1027.0,1638.0,612.0,1108.0,580.0,2314.0,1682.0,481.0,2186.0,914.0,534.0,695.0,1075.0,2145.0,997.0,404.0,1544.0,2502.0,785.0,2337.0,1733.0,2266.0,825.0,479.0,479.0,2168.0,1258.0,2134.0,568.0,580.0,1181.0,1875.0,916.0,638.0,1162.0,623.0,1803.0,1039.0,000000000000000015f0,82.470714256959,C1806X01
758.0,2360.0,1776.0,641.0,625.0,1688.0,1582.0,605.0,421.0,2318.0,2402.0,690.0,1114.0,1701.0,484.0,2045.0,1618.0,1093.0,1736.0,690.0,2671.0,452.0,784.0,1039.0,1653.0,621.0,1122.0,599.0,2324.0,1691.0,488.0,2187.0,921.0,544.0,705.0,1084.0,2151.0,1010.0,419.0,1556.0,2508.0,795.0,2332.0,1736.0,2269.0,833.0,495.0,495.0,2172.0,1265.0,2132.0,581.0,592.0,1189.0,1875.0,926.0,646.0,1169.0,633.0,1810.0,1046.0,000000000000000015f1,75.7843770632961,C1806X03
693.0,2238.0,1675.0,600.0,547.0,1478.0,1422.0,538.0,378.0,2150.0,2200.0,588.0,943.0,1629.0,434.0,1886.0,1620.0,1029.0,1594.0,617.0,2410.0,408.0,700.0,991.0,1563.0,559.0,957.0,559.0,2180.0,1592.0,396.0,2066.0,860.0,475.0,656.0,971.0,1978.0,927.0,388.0,1394.0,2250.0,743.0,2121.0,1601.0,2054.0,728.0,439.0,451.0,1959.0,1218.0,1980.0,569.0,540.0,1095.0,1811.0,865.0,608.0,1113.0,578.0,1629.0,916.0,000000000000000015f3,54.5279907038933,C1807C02
683.0,2224.0,1640.0,577.0,547.0,1569.0,1465.0,525.0,354.0,2208.0,2284.0,617.0,1041.0,1567.0,418.0,1908.0,1496.0,1015.0,1626.0,627.0,2522.0,393.0,704.0,963.0,1539.0,562.0,996.0,538.0,2185.0,1565.0,433.0,2071.0,843.0,471.0,643.0,999.0,2027.0,920.0,346.0,1426.0,2374.0,735.0,2217.0,1627.0,2146.0,754.0,433.0,439.0,2045.0,1184.0,2030.0,517.0,508.0,1102.0,1781.0,853.0,590.0,1089.0,560.0,1668.0,958.0,000000000000000015f4,72.4736026459079,C1807C03
768.0,2371.0,1788.0,641.0,639.0,1707.0,1602.0,617.0,424.0,2341.0,2423.0,702.0,1139.0,1718.0,495.0,2068.0,1620.0,1104.0,1752.0,701.0,2705.0,456.0,798.0,1047.0,1665.0,632.0,1154.0,600.0,2347.0,1704.0,495.0,2199.0,935.0,556.0,707.0,1101.0,2167.0,1023.0,425.0,1577.0,2545.0,795.0,2352.0,1754.0,2290.0,849.0,499.0,498.0,2193.0,1276.0,2148.0,580.0,602.0,1198.0,1890.0,935.0,650.0,1181.0,645.0,1831.0,1067.0,000000000000000015f5,55.5076495218653,C1807C05
726.0,2301.0,1722.0,605.0,600.0,1658.0,1551.0,580.0,393.0,2302.0,2369.0,667.0,1104.0,1663.0,454.0,2002.0,1559.0,1065.0,1704.0,667.0,2634.0,424.0,759.0,1007.0,1608.0,598.0,1097.0,562.0,2280.0,1649.0,478.0,2157.0,901.0,513.0,680.0,1057.0,2115.0,978.0,385.0,1515.0,2473.0,771.0,2320.0,1706.0,2241.0,809.0,467.0,467.0,2144.0,1237.0,2117.0,558.0,553.0,1163.0,1859.0,891.0,629.0,1141.0,601.0,1775.0,1027.0,000000000000000015f6,57.1432682867708,C1807C06
664.0,2184.0,1624.0,549.0,504.0,1401.0,1350.0,484.0,320.0,2099.0,2119.0,548.0,876.0,1558.0,384.0,1809.0,1570.0,986.0,1524.0,587.0,2358.0,351.0,653.0,948.0,1480.0,522.0,917.0,500.0,2114.0,1499.0,364.0,2025.0,805.0,432.0,618.0,903.0,1888.0,868.0,337.0,1335.0,2183.0,716.0,2072.0,1524.0,1978.0,691.0,380.0,400.0,1869.0,1182.0,1942.0,528.0,486.0,1032.0,1739.0,832.0,569.0,1080.0,530.0,1528.0,836.0,000000000000000015f7,90.5355535437154,C1807C07
729.0,2304.0,1714.0,605.0,600.0,1661.0,1554.0,580.0,393.0,2304.0,2370.0,670.0,1106.0,1658.0,453.0,2007.0,1546.0,1060.0,1701.0,670.0,2640.0,425.0,760.0,1002.0,1601.0,601.0,1099.0,563.0,2285.0,1651.0,480.0,2152.0,897.0,512.0,672.0,1057.0,2116.0,971.0,384.0,1516.0,2485.0,763.0,2323.0,1710.0,2243.0,810.0,467.0,467.0,2146.0,1231.0,2114.0,552.0,551.0,1155.0,1856.0,888.0,622.0,1136.0,600.0,1784.0,1028.0,000000000000000015f8,67.7174707947173,C1807C08
693.0,2249.0,1678.0,600.0,547.0,1488.0,1431.0,537.0,376.0,2160.0,2211.0,588.0,948.0,1630.0,433.0,1894.0,1621.0,1032.0,1606.0,617.0,2422.0,407.0,700.0,994.0,1565.0,559.0,959.0,559.0,2186.0,1599.0,400.0,2074.0,861.0,477.0,657.0,975.0,1986.0,929.0,384.0,1396.0,2266.0,745.0,2132.0,1610.0,2065.0,729.0,437.0,454.0,1967.0,1221.0,1990.0,569.0,538.0,1098.0,1816.0,865.0,608.0,1117.0,577.0,1634.0,919.0,000000000000000015f9,89.9338270933061,C1807C09
714.0,2270.0,1691.0,592.0,578.0,1629.0,1522.0,558.0,371.0,2285.0,2343.0,652.0,1087.0,1626.0,432.0,1968.0,1526.0,1045.0,1678.0,654.0,2603.0,410.0,739.0,987.0,1578.0,584.0,1073.0,549.0,2248.0,1622.0,457.0,2135.0,879.0,491.0,662.0,1039.0,2088.0,960.0,364.0,1486.0,2446.0,753.0,2297.0,1679.0,2213.0,789.0,453.0,453.0,2115.0,1219.0,2095.0,539.0,531.0,1141.0,1835.0,883.0,610.0,1122.0,580.0,1741.0,1008.0,000000000000000015fa,58.1384038874876,C1807C10
731.0,2311.0,1722.0,603.0,608.0,1670.0,1562.0,588.0,394.0,2313.0,2379.0,674.0,1118.0,1664.0,457.0,2015.0,1550.0,1067.0,1707.0,672.0,2649.0,426.0,769.0,1009.0,1608.0,603.0,1111.0,563.0,2293.0,1656.0,486.0,2157.0,905.0,516.0,678.0,1065.0,2124.0,980.0,387.0,1528.0,2497.0,767.0,2331.0,1715.0,2253.0,820.0,469.0,468.0,2156.0,1237.0,2119.0,556.0,554.0,1162.0,1859.0,888.0,627.0,1141.0,603.0,1794.0,1037.0,000000000000000015fb,61.4908855653539,C1807C11
679.0,2245.0,1651.0,583.0,548.0,1554.0,1459.0,521.0,353.0,2186.0,2276.0,608.0,1010.0,1576.0,421.0,1909.0,1529.0,1020.0,1632.0,628.0,2512.0,394.0,699.0,981.0,1545.0,560.0,966.0,541.0,2188.0,1568.0,418.0,2072.0,847.0,471.0,647.0,1000.0,2019.0,923.0,353.0,1410.0,2351.0,738.0,2194.0,1624.0,2126.0,747.0,426.0,446.0,2034.0,1192.0,2021.0,528.0,511.0,1107.0,1789.0,861.0,588.0,1097.0,560.0,1653.0,942.0,000000000000000015fc,36.9267244892034,C1807C12
678.0,2236.0,1643.0,578.0,546.0,1547.0,1452.0,519.0,350.0,2177.0,2267.0,606.0,1004.0,1569.0,420.0,1901.0,1524.0,1016.0,1624.0,625.0,2498.0,390.0,697.0,977.0,1538.0,558.0,964.0,537.0,2179.0,1563.0,417.0,2065.0,843.0,469.0,646.0,995.0,2011.0,918.0,353.0,1401.0,2341.0,737.0,2184.0,1618.0,2117.0,745.0,422.0,442.0,2023.0,1190.0,2013.0,528.0,510.0,1101.0,1782.0,858.0,588.0,1094.0,560.0,1646.0,936.0,000000000000000015fd,74.7485386331902,C1807C13
664.0,2172.0,1601.0,555.0,527.0,1535.0,1425.0,502.0,332.0,2174.0,2245.0,610.0,1030.0,1521.0,402.0,1855.0,1454.0,997.0,1587.0,613.0,2466.0,366.0,686.0,948.0,1507.0,548.0,964.0,521.0,2136.0,1511.0,416.0,2028.0,826.0,452.0,626.0,979.0,1982.0,887.0,318.0,1392.0,2336.0,710.0,2180.0,1585.0,2098.0,740.0,416.0,422.0,2001.0,1162.0,1995.0,493.0,484.0,1075.0,1743.0,839.0,570.0,1062.0,539.0,1622.0,933.0,000000000000000015fe,132.810899812008,C1807F01
810.0,2400.0,1869.0,691.0,673.0,1697.0,1603.0,653.0,476.0,2346.0,2427.0,734.0,1134.0,1799.0,528.0,2103.0,1705.0,1143.0,1751.0,741.0,2706.0,497.0,830.0,1086.0,1713.0,672.0,1141.0,653.0,2374.0,1746.0,505.0,2229.0,973.0,589.0,722.0,1119.0,2180.0,1068.0,478.0,1618.0,2537.0,808.0,2348.0,1763.0,2301.0,867.0,541.0,541.0,2194.0,1323.0,2154.0,617.0,645.0,1238.0,1908.0,976.0,674.0,1229.0,682.0,1853.0,1090.0,000000000000000015ff,30.8686180313761,C1807F02
753.0,2339.0,1761.0,632.0,620.0,1672.0,1567.0,600.0,416.0,2293.0,2384.0,686.0,1106.0,1689.0,480.0,2029.0,1605.0,1082.0,1719.0,686.0,2650.0,447.0,776.0,1030.0,1641.0,617.0,1115.0,591.0,2305.0,1675.0,483.0,2164.0,914.0,539.0,696.0,1075.0,2137.0,1003.0,416.0,1544.0,2490.0,785.0,2308.0,1719.0,2254.0,825.0,489.0,489.0,2157.0,1252.0,2110.0,574.0,587.0,1177.0,1857.0,918.0,639.0,1158.0,627.0,1799.0,1038.0,00000000000000001600,83.7765326887664,C1807F04
703.0,2217.0,1683.0,629.0,552.0,1457.0,1411.0,548.0,401.0,2141.0,2174.0,591.0,935.0,1655.0,438.0,1873.0,1637.0,1033.0,1585.0,628.0,2376.0,431.0,707.0,997.0,1567.0,563.0,960.0,579.0,2161.0,1591.0,401.0,2049.0,877.0,485.0,653.0,963.0,1965.0,926.0,410.0,1406.0,2217.0,737.0,2099.0,1585.0,2032.0,735.0,461.0,471.0,1937.0,1227.0,1960.0,578.0,550.0,1092.0,1815.0,863.0,606.0,1117.0,588.0,1625.0,916.0,00000000000000001601,211.716816069604,C1807F05
823.0,2390.0,1875.0,719.0,667.0,1630.0,1557.0,657.0,492.0,2303.0,2359.0,715.0,1087.0,1827.0,532.0,2066.0,1772.0,1151.0,1725.0,744.0,2617.0,523.0,834.0,1106.0,1732.0,676.0,1138.0,667.0,2342.0,1734.0,490.0,2201.0,992.0,580.0,722.0,1115.0,2141.0,1070.0,494.0,1597.0,2436.0,805.0,2275.0,1725.0,2235.0,863.0,554.0,564.0,2122.0,1338.0,2109.0,638.0,646.0,1239.0,1924.0,989.0,675.0,1235.0,685.0,1814.0,1068.0,00000000000000001602,83.3419306415166,C1807F06
664.0,2193.0,1610.0,563.0,529.0,1534.0,1433.0,508.0,336.0,2166.0,2246.0,603.0,1019.0,1531.0,405.0,1870.0,1477.0,998.0,1601.0,614.0,2473.0,373.0,689.0,954.0,1512.0,549.0,961.0,525.0,2148.0,1530.0,414.0,2038.0,827.0,455.0,632.0,985.0,1987.0,897.0,330.0,1385.0,2335.0,720.0,2175.0,1595.0,2100.0,740.0,413.0,428.0,2000.0,1166.0,1995.0,500.0,490.0,1082.0,1752.0,841.0,573.0,1070.0,544.0,1623.0,932.0,00000000000000001603,88.6980915910134,C1807F08
763.0,2351.0,1801.0,678.0,607.0,1563.0,1512.0,604.0,439.0,2271.0,2292.0,645.0,1006.0,1770.0,480.0,1994.0,1755.0,1110.0,1694.0,684.0,2516.0,470.0,771.0,1072.0,1682.0,616.0,1037.0,626.0,2293.0,1698.0,438.0,2175.0,947.0,529.0,703.0,1037.0,2079.0,998.0,451.0,1513.0,2350.0,791.0,2226.0,1694.0,2147.0,801.0,501.0,512.0,2050.0,1309.0,2080.0,624.0,598.0,1172.0,1933.0,930.0,654.0,1197.0,638.0,1729.0,988.0,00000000000000001604,107.865049534644,C1807F10
629.0,2045.0,1525.0,565.0,461.0,1276.0,1265.0,479.0,351.0,2002.0,1928.0,500.0,799.0,1559.0,366.0,1705.0,1583.0,961.0,1458.0,537.0,2130.0,371.0,617.0,924.0,1434.0,483.0,873.0,516.0,1982.0,1486.0,322.0,1902.0,831.0,413.0,572.0,864.0,1803.0,836.0,356.0,1288.0,1946.0,637.0,1911.0,1424.0,1843.0,628.0,399.0,400.0,1730.0,1142.0,1793.0,528.0,488.0,1005.0,1724.0,769.0,537.0,1027.0,526.0,1483.0,808.0,00000000000000001605,184.698237102618,C1807F11
619.0,2037.0,1509.0,551.0,443.0,1237.0,1234.0,461.0,337.0,1997.0,1904.0,488.0,775.0,1561.0,356.0,1703.0,1588.0,950.0,1430.0,517.0,2109.0,356.0,598.0,913.0,1423.0,471.0,854.0,502.0,1975.0,1472.0,307.0,1880.0,836.0,403.0,570.0,840.0,1795.0,806.0,347.0,1286.0,1920.0,629.0,1884.0,1395.0,1831.0,607.0,385.0,385.0,1709.0,1127.0,1782.0,530.0,468.0,973.0,1730.0,758.0,531.0,1011.0,514.0,1472.0,778.0,00000000000000001606,145.437526113711,C1807F13
770.0,2366.0,1786.0,640.0,640.0,1707.0,1602.0,617.0,425.0,2339.0,2422.0,705.0,1138.0,1715.0,496.0,2067.0,1616.0,1102.0,1747.0,702.0,2702.0,456.0,797.0,1047.0,1661.0,633.0,1154.0,601.0,2346.0,1704.0,495.0,2197.0,934.0,559.0,707.0,1099.0,2166.0,1021.0,427.0,1576.0,2542.0,793.0,2347.0,1752.0,2290.0,847.0,501.0,498.0,2195.0,1273.0,2144.0,580.0,604.0,1195.0,1884.0,934.0,649.0,1178.0,645.0,1834.0,1066.0,00000000000000001607,49.3844448851564,C1807F15
740.0,2310.0,1745.0,592.0,618.0,1697.0,1575.0,598.0,398.0,2362.0,2410.0,711.0,1163.0,1660.0,468.0,2037.0,1534.0,1083.0,1702.0,682.0,2674.0,419.0,776.0,1019.0,1609.0,614.0,1128.0,561.0,2316.0,1653.0,495.0,2180.0,924.0,536.0,677.0,1075.0,2157.0,988.0,390.0,1572.0,2544.0,752.0,2355.0,1716.0,2285.0,827.0,480.0,470.0,2198.0,1230.0,2152.0,535.0,565.0,1159.0,1857.0,889.0,624.0,1132.0,613.0,1842.0,1061.0,00000000000000001608,53.3110053292744,C1807F16
852.0,2470.0,1945.0,722.0,716.0,1758.0,1665.0,696.0,508.0,2419.0,2487.0,772.0,1185.0,1871.0,567.0,2169.0,1777.0,1196.0,1818.0,781.0,2782.0,529.0,876.0,1139.0,1784.0,711.0,1212.0,683.0,2446.0,1814.0,541.0,2304.0,1023.0,626.0,760.0,1172.0,2235.0,1123.0,517.0,1687.0,2604.0,846.0,2422.0,1829.0,2360.0,907.0,571.0,571.0,2253.0,1379.0,2228.0,655.0,684.0,1296.0,1978.0,1019.0,712.0,1283.0,721.0,1910.0,1143.0,0000000000000000160a,125.850803795255,C1807F20
790.0,2389.0,1835.0,655.0,655.0,1698.0,1603.0,635.0,451.0,2354.0,2434.0,720.0,1135.0,1777.0,517.0,2099.0,1657.0,1128.0,1746.0,721.0,2703.0,471.0,813.0,1063.0,1693.0,652.0,1149.0,624.0,2377.0,1728.0,505.0,2224.0,956.0,576.0,712.0,1107.0,2182.0,1042.0,460.0,1604.0,2547.0,799.0,2363.0,1765.0,2308.0,852.0,521.0,522.0,2194.0,1309.0,2149.0,605.0,625.0,1213.0,1907.0,957.0,663.0,1206.0,664.0,1845.0,1078.0,0000000000000000160b,65.0236925269105,C1807F71
779.0,2329.0,1813.0,672.0,606.0,1545.0,1515.0,608.0,442.0,2298.0,2246.0,647.0,986.0,1816.0,479.0,1974.0,1809.0,1148.0,1714.0,687.0,2465.0,472.0,775.0,1107.0,1697.0,627.0,1042.0,613.0,2278.0,1744.0,431.0,2207.0,994.0,529.0,691.0,1045.0,2069.0,1014.0,459.0,1528.0,2282.0,772.0,2241.0,1698.0,2126.0,785.0,493.0,503.0,2014.0,1346.0,2097.0,633.0,603.0,1183.0,1988.0,943.0,653.0,1226.0,643.0,1727.0,986.0,0000000000000000160c,123.468014871173,C1807F72
831.0,2424.0,1911.0,715.0,669.0,1641.0,1588.0,663.0,488.0,2360.0,2365.0,721.0,1080.0,1871.0,532.0,2084.0,1840.0,1183.0,1762.0,753.0,2615.0,518.0,835.0,1145.0,1780.0,686.0,1137.0,664.0,2373.0,1771.0,487.0,2261.0,1024.0,580.0,736.0,1113.0,2158.0,1075.0,497.0,1627.0,2438.0,821.0,2319.0,1762.0,2231.0,858.0,549.0,559.0,2129.0,1379.0,2168.0,660.0,647.0,1236.0,2004.0,994.0,689.0,1267.0,686.0,1819.0,1065.0,0000000000000000160d,56.874653639926,C1807F73
642.0,2071.0,1548.0,575.0,473.0,1304.0,1288.0,492.0,360.0,2026.0,1958.0,511.0,817.0,1579.0,376.0,1728.0,1601.0,979.0,1485.0,549.0,2161.0,381.0,631.0,942.0,1452.0,498.0,891.0,526.0,2011.0,1513.0,329.0,1925.0,848.0,423.0,584.0,882.0,1829.0,854.0,366.0,1307.0,1975.0,654.0,1935.0,1452.0,1873.0,647.0,409.0,409.0,1759.0,1165.0,1820.0,538.0,499.0,1025.0,1743.0,789.0,547.0,1045.0,538.0,1506.0,825.0,0000000000000000160e,159.717962790016,C1807F76
687.0,2191.0,1658.0,604.0,530.0,1428.0,1391.0,529.0,382.0,2134.0,2137.0,570.0,900.0,1630.0,423.0,1845.0,1619.0,1021.0,1566.0,608.0,2351.0,412.0,690.0,984.0,1532.0,542.0,947.0,557.0,2141.0,1578.0,392.0,2045.0,862.0,470.0,648.0,940.0,1937.0,912.0,394.0,1379.0,2180.0,734.0,2084.0,1566.0,2005.0,716.0,433.0,449.0,1906.0,1219.0,1946.0,575.0,536.0,1071.0,1804.0,843.0,603.0,1104.0,574.0,1603.0,891.0,0000000000000000160f,90.2541687115092,C1807F77
704.0,2254.0,1679.0,586.0,563.0,1605.0,1499.0,543.0,364.0,2253.0,2322.0,635.0,1062.0,1610.0,426.0,1942.0,1527.0,1037.0,1655.0,643.0,2569.0,404.0,722.0,981.0,1572.0,574.0,1050.0,544.0,2222.0,1608.0,450.0,2113.0,863.0,485.0,658.0,1019.0,2067.0,942.0,359.0,1464.0,2412.0,749.0,2263.0,1662.0,2183.0,772.0,446.0,447.0,2084.0,1210.0,2070.0,536.0,526.0,1127.0,1817.0,872.0,605.0,1114.0,573.0,1710.0,986.0,00000000000000001610,61.9689129121821,C1807F89
819.0,2406.0,1883.0,723.0,656.0,1623.0,1559.0,649.0,483.0,2318.0,2369.0,707.0,1077.0,1837.0,520.0,2069.0,1798.0,1155.0,1733.0,739.0,2615.0,516.0,828.0,1117.0,1745.0,670.0,1135.0,669.0,2356.0,1740.0,478.0,2217.0,993.0,570.0,726.0,1109.0,2148.0,1068.0,483.0,1594.0,2441.0,813.0,2287.0,1733.0,2231.0,858.0,548.0,559.0,2126.0,1346.0,2123.0,639.0,639.0,1236.0,1943.0,995.0,677.0,1241.0,679.0,1804.0,1058.0,00000000000000001611,48.6970660467434,C1807F92
679.0,2232.0,1646.0,575.0,542.0,1536.0,1445.0,517.0,348.0,2172.0,2261.0,602.0,998.0,1571.0,417.0,1897.0,1530.0,1016.0,1615.0,623.0,2486.0,385.0,694.0,976.0,1538.0,556.0,959.0,533.0,2175.0,1562.0,415.0,2065.0,841.0,466.0,644.0,991.0,2006.0,916.0,352.0,1396.0,2331.0,737.0,2176.0,1613.0,2109.0,739.0,419.0,437.0,2012.0,1192.0,2008.0,531.0,508.0,1099.0,1778.0,858.0,588.0,1096.0,558.0,1640.0,932.0,00000000000000001612,93.2593978780134,C1807F95
702.0,2261.0,1696.0,614.0,556.0,1498.0,1441.0,546.0,387.0,2177.0,2220.0,594.0,955.0,1652.0,437.0,1906.0,1642.0,1043.0,1615.0,625.0,2434.0,417.0,710.0,1005.0,1583.0,565.0,970.0,570.0,2203.0,1615.0,402.0,2092.0,874.0,479.0,667.0,983.0,1998.0,941.0,395.0,1413.0,2271.0,755.0,2146.0,1622.0,2074.0,739.0,448.0,458.0,1979.0,1236.0,2003.0,579.0,545.0,1110.0,1835.0,875.0,618.0,1128.0,584.0,1647.0,929.0,00000000000000001613,59.5157542015708,C1807P01
724.0,2258.0,1710.0,649.0,577.0,1487.0,1435.0,567.0,417.0,2158.0,2213.0,610.0,961.0,1673.0,455.0,1911.0,1659.0,1047.0,1606.0,648.0,2417.0,448.0,730.0,1010.0,1599.0,586.0,987.0,602.0,2201.0,1606.0,406.0,2066.0,885.0,498.0,660.0,989.0,1999.0,948.0,417.0,1432.0,2262.0,745.0,2122.0,1610.0,2066.0,758.0,478.0,489.0,1974.0,1237.0,1979.0,580.0,564.0,1115.0,1827.0,891.0,613.0,1130.0,602.0,1655.0,938.0,00000000000000001614,52.3681052615552,C1807P02
753.0,2356.0,1776.0,637.0,616.0,1649.0,1554.0,592.0,415.0,2290.0,2377.0,673.0,1080.0,1704.0,477.0,2028.0,1637.0,1089.0,1710.0,684.0,2627.0,443.0,774.0,1041.0,1652.0,614.0,1076.0,595.0,2307.0,1683.0,469.0,2182.0,911.0,531.0,694.0,1064.0,2127.0,1003.0,418.0,1527.0,2466.0,789.0,2294.0,1718.0,2235.0,814.0,485.0,491.0,2131.0,1271.0,2109.0,586.0,586.0,1176.0,1870.0,931.0,640.0,1175.0,625.0,1773.0,1020.0,00000000000000001615,66.0948628510571,C1807P03
739.0,2332.0,1763.0,634.0,593.0,1582.0,1509.0,575.0,405.0,2246.0,2325.0,639.0,1019.0,1700.0,466.0,1989.0,1657.0,1077.0,1675.0,668.0,2556.0,437.0,751.0,1032.0,1634.0,601.0,1027.0,592.0,2279.0,1659.0,445.0,2156.0,898.0,514.0,689.0,1029.0,2080.0,981.0,417.0,1485.0,2396.0,787.0,2236.0,1683.0,2178.0,789.0,468.0,487.0,2072.0,1268.0,2070.0,591.0,573.0,1154.0,1860.0,916.0,639.0,1167.0,612.0,1721.0,979.0,00000000000000001616,81.7979898777831,C1807P04
625.0,2055.0,1516.0,548.0,446.0,1241.0,1241.0,464.0,340.0,2009.0,1907.0,494.0,778.0,1574.0,355.0,1721.0,1609.0,956.0,1430.0,525.0,2118.0,359.0,598.0,919.0,1433.0,479.0,850.0,501.0,1984.0,1475.0,311.0,1889.0,849.0,400.0,570.0,842.0,1804.0,805.0,346.0,1304.0,1929.0,623.0,1889.0,1394.0,1839.0,607.0,387.0,387.0,1710.0,1131.0,1797.0,534.0,464.0,970.0,1748.0,762.0,528.0,1011.0,510.0,1484.0,780.0,00000000000000001617,102.976970971202,C1807P05
868.0,2482.0,1967.0,739.0,731.0,1771.0,1685.0,714.0,527.0,2439.0,2493.0,787.0,1197.0,1898.0,580.0,2182.0,1807.0,1218.0,1838.0,796.0,2787.0,547.0,891.0,1159.0,1808.0,728.0,1231.0,696.0,2461.0,1839.0,551.0,2321.0,1046.0,638.0,770.0,1190.0,2251.0,1142.0,534.0,1709.0,2606.0,852.0,2439.0,1845.0,2370.0,921.0,587.0,587.0,2263.0,1400.0,2243.0,669.0,696.0,1314.0,2005.0,1035.0,723.0,1302.0,735.0,1926.0,1161.0,00000000000000001618,63.0659268546809,C1807P06
707.0,2286.0,1709.0,599.0,566.0,1584.0,1487.0,545.0,371.0,2232.0,2312.0,623.0,1028.0,1633.0,435.0,1957.0,1577.0,1044.0,1651.0,642.0,2543.0,403.0,724.0,997.0,1581.0,574.0,995.0,557.0,2229.0,1617.0,430.0,2123.0,863.0,484.0,660.0,1017.0,2056.0,956.0,375.0,1449.0,2386.0,759.0,2233.0,1658.0,2165.0,765.0,444.0,455.0,2059.0,1224.0,2051.0,557.0,531.0,1132.0,1818.0,883.0,609.0,1128.0,580.0,1692.0,968.0,00000000000000001619,90.9711660600758,C1807P08
772.0,2376.0,1792.0,641.0,641.0,1712.0,1606.0,620.0,425.0,2342.0,2428.0,705.0,1137.0,1719.0,496.0,2072.0,1626.0,1105.0,1756.0,704.0,2708.0,456.0,800.0,1049.0,1668.0,634.0,1159.0,601.0,2351.0,1710.0,498.0,2203.0,935.0,557.0,713.0,1102.0,2172.0,1024.0,426.0,1578.0,2547.0,802.0,2351.0,1759.0,2293.0,850.0,499.0,498.0,2196.0,1277.0,2150.0,585.0,604.0,1199.0,1891.0,939.0,655.0,1181.0,645.0,1834.0,1067.0,0000000000000000161a,77.5286503360321,C1807P11
813.0,2355.0,1858.0,709.0,654.0,1595.0,1533.0,645.0,485.0,2278.0,2321.0,708.0,1063.0,1812.0,523.0,2035.0,1767.0,1143.0,1697.0,737.0,2567.0,516.0,817.0,1107.0,1719.0,670.0,1113.0,659.0,2308.0,1706.0,478.0,2179.0,988.0,570.0,710.0,1091.0,2113.0,1054.0,485.0,1579.0,2390.0,792.0,2249.0,1697.0,2196.0,842.0,547.0,557.0,2093.0,1328.0,2088.0,629.0,636.0,1212.0,1909.0,974.0,664.0,1225.0,674.0,1791.0,1044.0,0000000000000000161b,69.1449330276353,C1807P14
837.0,2480.0,1918.0,693.0,705.0,1776.0,1679.0,685.0,487.0,2440.0,2508.0,765.0,1197.0,1860.0,558.0,2181.0,1739.0,1187.0,1825.0,765.0,2800.0,508.0,865.0,1127.0,1773.0,695.0,1190.0,662.0,2465.0,1808.0,539.0,2309.0,1013.0,622.0,749.0,1168.0,2252.0,1105.0,503.0,1680.0,2636.0,837.0,2450.0,1844.0,2380.0,906.0,559.0,559.0,2272.0,1371.0,2233.0,642.0,672.0,1278.0,1989.0,1004.0,700.0,1272.0,712.0,1913.0,1139.0,0000000000000000161c,58.7495047797801,C1807P15
761.0,2367.0,1798.0,653.0,618.0,1635.0,1550.0,598.0,423.0,2289.0,2373.0,672.0,1065.0,1731.0,487.0,2040.0,1670.0,1095.0,1709.0,692.0,2617.0,453.0,775.0,1047.0,1665.0,623.0,1070.0,611.0,2318.0,1690.0,470.0,2194.0,914.0,536.0,696.0,1063.0,2126.0,1012.0,428.0,1532.0,2455.0,794.0,2289.0,1721.0,2234.0,815.0,495.0,505.0,2126.0,1283.0,2108.0,597.0,594.0,1178.0,1879.0,939.0,647.0,1181.0,633.0,1774.0,1014.0,0000000000000000161d,79.9673094901712,C1807P17
728.0,2333.0,1750.0,624.0,581.0,1565.0,1500.0,568.0,395.0,2243.0,2305.0,624.0,1007.0,1695.0,455.0,1979.0,1667.0,1074.0,1675.0,653.0,2531.0,426.0,741.0,1032.0,1628.0,590.0,1010.0,582.0,2272.0,1662.0,430.0,2156.0,897.0,504.0,684.0,1025.0,2065.0,976.0,406.0,1466.0,2375.0,779.0,2225.0,1679.0,2156.0,775.0,457.0,478.0,2053.0,1268.0,2069.0,589.0,563.0,1150.0,1876.0,905.0,634.0,1161.0,603.0,1701.0,970.0,0000000000000000161e,100.12880068171,C1807P18
852.0,2453.0,1945.0,725.0,696.0,1679.0,1622.0,687.0,506.0,2398.0,2404.0,746.0,1107.0,1903.0,553.0,2121.0,1859.0,1208.0,1791.0,775.0,2658.0,536.0,862.0,1170.0,1803.0,708.0,1159.0,675.0,2406.0,1801.0,510.0,2296.0,1049.0,601.0,751.0,1141.0,2193.0,1104.0,515.0,1661.0,2477.0,835.0,2362.0,1791.0,2271.0,882.0,566.0,576.0,2165.0,1403.0,2203.0,676.0,668.0,1264.0,2025.0,1016.0,705.0,1292.0,706.0,1859.0,1094.0,0000000000000000161f,54.7651975292739,C1807P20
711.0,2285.0,1718.0,602.0,565.0,1568.0,1483.0,545.0,376.0,2218.0,2299.0,622.0,1006.0,1644.0,440.0,1955.0,1593.0,1050.0,1645.0,643.0,2527.0,407.0,721.0,1003.0,1585.0,575.0,987.0,561.0,2236.0,1625.0,429.0,2129.0,870.0,488.0,664.0,1005.0,2050.0,955.0,390.0,1446.0,2372.0,763.0,2218.0,1655.0,2152.0,761.0,445.0,458.0,2050.0,1238.0,2044.0,566.0,545.0,1127.0,1816.0,886.0,615.0,1136.0,585.0,1689.0,957.0,00000000000000001620,105.865653067829,C1807P21
779.0,2386.0,1818.0,665.0,635.0,1661.0,1573.0,616.0,445.0,2303.0,2399.0,693.0,1094.0,1752.0,503.0,2066.0,1676.0,1108.0,1723.0,710.0,2647.0,467.0,792.0,1060.0,1681.0,641.0,1096.0,624.0,2343.0,1704.0,482.0,2203.0,931.0,554.0,706.0,1086.0,2147.0,1027.0,445.0,1560.0,2487.0,802.0,2306.0,1740.0,2257.0,832.0,509.0,519.0,2151.0,1292.0,2122.0,605.0,610.0,1200.0,1891.0,955.0,656.0,1193.0,649.0,1800.0,1041.0,00000000000000001621,32.7893096124625,C1807P22
734.0,2316.0,1737.0,615.0,601.0,1652.0,1546.0,579.0,398.0,2291.0,2366.0,668.0,1089.0,1666.0,456.0,2001.0,1584.0,1069.0,1700.0,668.0,2629.0,430.0,759.0,1017.0,1622.0,600.0,1088.0,574.0,2280.0,1655.0,471.0,2160.0,900.0,515.0,685.0,1055.0,2117.0,983.0,393.0,1517.0,2465.0,775.0,2303.0,1700.0,2231.0,806.0,472.0,472.0,2133.0,1244.0,2108.0,563.0,562.0,1162.0,1852.0,903.0,628.0,1148.0,603.0,1768.0,1019.0,00000000000000001622,52.8991134333383,C1807P23
726.0,2297.0,1711.0,597.0,597.0,1655.0,1546.0,576.0,386.0,2299.0,2365.0,668.0,1105.0,1652.0,446.0,1998.0,1543.0,1057.0,1696.0,668.0,2633.0,418.0,756.0,999.0,1597.0,599.0,1096.0,556.0,2277.0,1642.0,474.0,2149.0,894.0,504.0,669.0,1054.0,2111.0,971.0,376.0,1509.0,2477.0,759.0,2317.0,1702.0,2238.0,807.0,461.0,461.0,2140.0,1228.0,2111.0,547.0,543.0,1155.0,1852.0,889.0,619.0,1132.0,591.0,1773.0,1025.0,00000000000000001623,56.8992879956918,C1807P24
900.0,2542.0,2011.0,764.0,753.0,1787.0,1710.0,743.0,544.0,2475.0,2493.0,795.0,1197.0,1959.0,606.0,2212.0,1901.0,1254.0,1885.0,821.0,2775.0,574.0,923.0,1206.0,1865.0,753.0,1275.0,714.0,2494.0,1894.0,565.0,2371.0,1091.0,654.0,802.0,1223.0,2269.0,1175.0,567.0,1728.0,2591.0,888.0,2450.0,1885.0,2365.0,953.0,604.0,614.0,2258.0,1445.0,2276.0,717.0,722.0,1347.0,2077.0,1067.0,755.0,1340.0,761.0,1937.0,1175.0,00000000000000001624,74.5796685999858,C1807P25
694.0,2255.0,1686.0,590.0,545.0,1483.0,1431.0,535.0,369.0,2182.0,2209.0,587.0,934.0,1646.0,431.0,1896.0,1636.0,1037.0,1607.0,617.0,2429.0,399.0,700.0,998.0,1572.0,558.0,961.0,549.0,2195.0,1605.0,394.0,2095.0,865.0,474.0,656.0,969.0,1985.0,930.0,392.0,1401.0,2266.0,744.0,2145.0,1613.0,2062.0,729.0,429.0,441.0,1965.0,1237.0,2001.0,569.0,540.0,1093.0,1829.0,867.0,608.0,1123.0,579.0,1631.0,913.0,00000000000000001625,94.8058189468763,C1807P27
849.0,2436.0,1924.0,732.0,694.0,1674.0,1607.0,684.0,508.0,2362.0,2399.0,742.0,1117.0,1877.0,554.0,2111.0,1824.0,1190.0,1777.0,771.0,2661.0,539.0,860.0,1147.0,1781.0,703.0,1164.0,681.0,2388.0,1786.0,512.0,2259.0,1030.0,602.0,749.0,1146.0,2182.0,1103.0,515.0,1643.0,2479.0,833.0,2334.0,1777.0,2270.0,887.0,569.0,580.0,2162.0,1378.0,2166.0,665.0,669.0,1270.0,1983.0,1016.0,702.0,1275.0,707.0,1854.0,1098.0,00000000000000001626,100.239558464609,C1807P28
716.0,2288.0,1721.0,613.0,567.0,1555.0,1479.0,549.0,385.0,2210.0,2293.0,621.0,999.0,1653.0,445.0,1952.0,1606.0,1051.0,1641.0,647.0,2516.0,416.0,723.0,1005.0,1591.0,580.0,986.0,572.0,2238.0,1623.0,429.0,2124.0,872.0,493.0,669.0,1002.0,2045.0,955.0,397.0,1447.0,2363.0,767.0,2207.0,1650.0,2146.0,761.0,451.0,468.0,2043.0,1240.0,2039.0,571.0,551.0,1126.0,1820.0,891.0,619.0,1136.0,590.0,1688.0,953.0,00000000000000001627,89.1570230891868,C1807P29
679.0,2225.0,1648.0,572.0,537.0,1524.0,1436.0,514.0,346.0,2164.0,2253.0,598.0,987.0,1574.0,414.0,1893.0,1532.0,1012.0,1602.0,618.0,2470.0,381.0,689.0,969.0,1535.0,551.0,952.0,531.0,2166.0,1559.0,413.0,2061.0,835.0,462.0,641.0,983.0,1999.0,912.0,352.0,1389.0,2317.0,735.0,2165.0,1605.0,2099.0,732.0,417.0,432.0,1998.0,1188.0,1997.0,534.0,506.0,1093.0,1768.0,855.0,587.0,1093.0,555.0,1635.0,924.0,00000000000000001628,60.2690381191454,C1807P30
733.0,2299.0,1735.0,590.0,611.0,1689.0,1566.0,591.0,395.0,2354.0,2400.0,704.0,1154.0,1651.0,463.0,2027.0,1524.0,1076.0,1694.0,675.0,2665.0,416.0,767.0,1012.0,1599.0,607.0,1124.0,559.0,2306.0,1644.0,488.0,2171.0,918.0,531.0,668.0,1065.0,2148.0,978.0,385.0,1564.0,2535.0,744.0,2347.0,1709.0,2277.0,819.0,477.0,467.0,2189.0,1221.0,2142.0,527.0,560.0,1149.0,1848.0,880.0,616.0,1125.0,609.0,1833.0,1053.0,00000000000000001629,62.5652285846416,C1807P31
735.0,2327.0,1753.0,624.0,591.0,1606.0,1518.0,571.0,395.0,2260.0,2346.0,647.0,1039.0,1677.0,459.0,1999.0,1620.0,1069.0,1680.0,666.0,2579.0,426.0,749.0,1021.0,1621.0,597.0,1027.0,582.0,2277.0,1659.0,448.0,2162.0,887.0,508.0,678.0,1037.0,2091.0,979.0,400.0,1489.0,2417.0,777.0,2260.0,1690.0,2199.0,789.0,468.0,478.0,2092.0,1250.0,2078.0,577.0,566.0,1152.0,1848.0,911.0,628.0,1155.0,606.0,1736.0,989.0,0000000000000000162a,58.879371572861,C1807P32
695.0,2247.0,1669.0,587.0,558.0,1586.0,1483.0,536.0,363.0,2229.0,2305.0,626.0,1045.0,1598.0,425.0,1929.0,1525.0,1029.0,1643.0,637.0,2548.0,403.0,714.0,978.0,1561.0,569.0,1024.0,545.0,2208.0,1592.0,440.0,2096.0,856.0,481.0,653.0,1010.0,2050.0,935.0,359.0,1448.0,2390.0,744.0,2238.0,1646.0,2164.0,763.0,443.0,449.0,2067.0,1201.0,2051.0,534.0,522.0,1118.0,1804.0,866.0,599.0,1106.0,570.0,1693.0,972.0,0000000000000000162b,73.466100667316,C1807P33
677.0,2223.0,1632.0,570.0,541.0,1557.0,1457.0,519.0,344.0,2190.0,2274.0,610.0,1028.0,1557.0,412.0,1897.0,1501.0,1012.0,1627.0,625.0,2504.0,384.0,699.0,968.0,1530.0,558.0,974.0,531.0,2176.0,1560.0,425.0,2065.0,840.0,462.0,645.0,1000.0,2015.0,916.0,341.0,1406.0,2356.0,737.0,2199.0,1620.0,2130.0,749.0,419.0,434.0,2030.0,1183.0,2019.0,515.0,499.0,1101.0,1778.0,853.0,587.0,1087.0,551.0,1651.0,947.0,0000000000000000162c,118.911356692018,C1807P36
750.0,2270.0,1741.0,668.0,594.0,1493.0,1442.0,590.0,438.0,2162.0,2213.0,638.0,981.0,1707.0,473.0,1930.0,1696.0,1068.0,1613.0,675.0,2426.0,468.0,749.0,1032.0,1632.0,610.0,1028.0,621.0,2215.0,1613.0,420.0,2073.0,914.0,520.0,668.0,1015.0,2008.0,972.0,445.0,1468.0,2274.0,750.0,2124.0,1613.0,2073.0,777.0,499.0,509.0,1980.0,1249.0,1983.0,588.0,585.0,1137.0,1842.0,910.0,622.0,1149.0,623.0,1673.0,963.0,0000000000000000162d,60.4088634610718,C1807P37
692.0,2259.0,1681.0,590.0,545.0,1489.0,1433.0,535.0,366.0,2173.0,2214.0,586.0,946.0,1634.0,426.0,1899.0,1625.0,1033.0,1613.0,615.0,2434.0,397.0,701.0,995.0,1567.0,557.0,964.0,549.0,2192.0,1604.0,401.0,2086.0,860.0,474.0,658.0,975.0,1987.0,929.0,379.0,1396.0,2277.0,747.0,2143.0,1614.0,2066.0,731.0,427.0,446.0,1968.0,1226.0,1998.0,569.0,533.0,1100.0,1823.0,865.0,609.0,1120.0,572.0,1632.0,918.0,0000000000000000162e,154.133392520806,C1807P39
941.0,2576.0,2066.0,786.0,796.0,1823.0,1756.0,787.0,572.0,2534.0,2514.0,835.0,1236.0,2018.0,641.0,2250.0,1969.0,1302.0,1928.0,864.0,2798.0,602.0,964.0,1264.0,1922.0,797.0,1289.0,738.0,2528.0,1938.0,605.0,2430.0,1143.0,689.0,841.0,1264.0,2301.0,1217.0,603.0,1788.0,2616.0,926.0,2505.0,1928.0,2389.0,985.0,631.0,641.0,2282.0,1490.0,2335.0,756.0,756.0,1386.0,2146.0,1105.0,793.0,1387.0,794.0,1975.0,1217.0,0000000000000000162f,71.3350419119394,C1807P40
726.0,2309.0,1729.0,609.0,594.0,1650.0,1543.0,573.0,394.0,2289.0,2362.0,661.0,1089.0,1660.0,454.0,1997.0,1575.0,1066.0,1698.0,661.0,2625.0,425.0,752.0,1014.0,1615.0,593.0,1083.0,568.0,2275.0,1652.0,471.0,2157.0,897.0,512.0,685.0,1053.0,2112.0,981.0,390.0,1510.0,2461.0,776.0,2301.0,1698.0,2228.0,800.0,467.0,467.0,2130.0,1240.0,2106.0,564.0,558.0,1160.0,1848.0,893.0,628.0,1144.0,601.0,1764.0,1018.0,00000000000000001630,56.993380101404,C1807P41
745.0,2305.0,1739.0,601.0,622.0,1691.0,1579.0,597.0,400.0,2335.0,2400.0,700.0,1143.0,1666.0,469.0,2029.0,1544.0,1072.0,1705.0,682.0,2660.0,427.0,776.0,1012.0,1610.0,614.0,1116.0,570.0,2301.0,1665.0,493.0,2165.0,913.0,536.0,683.0,1071.0,2141.0,989.0,395.0,1559.0,2517.0,759.0,2337.0,1720.0,2275.0,827.0,483.0,472.0,2186.0,1227.0,2127.0,548.0,570.0,1162.0,1846.0,894.0,626.0,1135.0,614.0,1826.0,1052.0,00000000000000001632,68.9919262086619,C1807X01
738.0,2322.0,1734.0,614.0,609.0,1670.0,1564.0,589.0,400.0,2311.0,2383.0,677.0,1111.0,1672.0,462.0,2019.0,1569.0,1072.0,1716.0,677.0,2651.0,432.0,769.0,1015.0,1618.0,608.0,1106.0,572.0,2298.0,1663.0,480.0,2165.0,907.0,522.0,683.0,1067.0,2129.0,986.0,393.0,1528.0,2492.0,773.0,2327.0,1719.0,2254.0,819.0,474.0,474.0,2156.0,1245.0,2122.0,560.0,564.0,1169.0,1864.0,903.0,630.0,1149.0,610.0,1791.0,1035.0,00000000000000001633,57.4383394778006,C1807X02
722.0,2298.0,1724.0,612.0,581.0,1603.0,1507.0,560.0,388.0,2244.0,2329.0,642.0,1044.0,1649.0,448.0,1974.0,1587.0,1055.0,1666.0,654.0,2567.0,419.0,738.0,1008.0,1600.0,586.0,1027.0,570.0,2248.0,1636.0,446.0,2135.0,878.0,500.0,670.0,1030.0,2078.0,969.0,390.0,1475.0,2407.0,766.0,2247.0,1672.0,2185.0,779.0,460.0,467.0,2081.0,1234.0,2063.0,564.0,552.0,1142.0,1826.0,895.0,617.0,1139.0,594.0,1722.0,985.0,00000000000000001634,45.6995281194798,C1807X03
742.0,2323.0,1733.0,611.0,618.0,1690.0,1581.0,596.0,402.0,2329.0,2396.0,687.0,1133.0,1673.0,467.0,2031.0,1556.0,1076.0,1722.0,681.0,2668.0,433.0,778.0,1018.0,1616.0,612.0,1121.0,573.0,2309.0,1672.0,489.0,2168.0,914.0,528.0,682.0,1074.0,2138.0,991.0,396.0,1544.0,2517.0,768.0,2344.0,1731.0,2271.0,830.0,480.0,476.0,2175.0,1243.0,2130.0,558.0,566.0,1170.0,1865.0,899.0,630.0,1148.0,614.0,1811.0,1049.0,00000000000000001635,47.2471254961912,C1807X04
739.0,2328.0,1761.0,635.0,592.0,1589.0,1512.0,572.0,404.0,2247.0,2335.0,641.0,1026.0,1694.0,465.0,1989.0,1639.0,1077.0,1675.0,670.0,2564.0,436.0,750.0,1029.0,1627.0,601.0,1024.0,593.0,2280.0,1656.0,446.0,2158.0,895.0,514.0,686.0,1029.0,2082.0,980.0,416.0,1485.0,2406.0,786.0,2245.0,1685.0,2188.0,790.0,468.0,488.0,2079.0,1268.0,2072.0,586.0,573.0,1154.0,1851.0,918.0,636.0,1166.0,612.0,1725.0,980.0,00000000000000001636,64.3923117772178,C1807X07
735.0,2302.0,1735.0,587.0,612.0,1687.0,1564.0,592.0,396.0,2352.0,2398.0,706.0,1154.0,1651.0,465.0,2033.0,1522.0,1080.0,1688.0,677.0,2669.0,416.0,767.0,1015.0,1596.0,610.0,1120.0,557.0,2312.0,1640.0,488.0,2171.0,921.0,532.0,663.0,1067.0,2148.0,981.0,388.0,1568.0,2542.0,740.0,2350.0,1706.0,2275.0,818.0,477.0,466.0,2189.0,1221.0,2143.0,527.0,561.0,1145.0,1851.0,879.0,614.0,1127.0,609.0,1840.0,1059.0,00000000000000001637,38.0422966199787,C1807X09
751.0,2313.0,1747.0,612.0,628.0,1691.0,1584.0,600.0,407.0,2335.0,2404.0,698.0,1139.0,1678.0,470.0,2036.0,1556.0,1077.0,1709.0,684.0,2666.0,436.0,779.0,1018.0,1616.0,616.0,1118.0,580.0,2305.0,1676.0,492.0,2171.0,916.0,538.0,687.0,1075.0,2144.0,997.0,400.0,1561.0,2517.0,763.0,2341.0,1726.0,2278.0,829.0,489.0,479.0,2190.0,1236.0,2128.0,555.0,575.0,1169.0,1851.0,899.0,628.0,1147.0,615.0,1831.0,1056.0,00000000000000001638,65.5665425588684,C1807X10
739.0,2311.0,1745.0,591.0,618.0,1697.0,1576.0,598.0,399.0,2360.0,2409.0,710.0,1162.0,1661.0,468.0,2038.0,1534.0,1084.0,1702.0,681.0,2674.0,419.0,775.0,1019.0,1609.0,614.0,1124.0,561.0,2317.0,1653.0,494.0,2179.0,925.0,536.0,675.0,1074.0,2157.0,987.0,390.0,1573.0,2544.0,750.0,2355.0,1717.0,2284.0,825.0,480.0,470.0,2197.0,1229.0,2151.0,534.0,565.0,1157.0,1857.0,888.0,622.0,1132.0,613.0,1843.0,1061.0,00000000000000001639,49.7808410813419,C1807X14
742.0,2334.0,1749.0,620.0,611.0,1675.0,1568.0,591.0,403.0,2316.0,2391.0,677.0,1110.0,1682.0,464.0,2025.0,1586.0,1078.0,1723.0,677.0,2656.0,435.0,770.0,1020.0,1630.0,608.0,1104.0,578.0,2305.0,1670.0,482.0,2177.0,909.0,523.0,695.0,1072.0,2136.0,993.0,396.0,1536.0,2493.0,785.0,2330.0,1723.0,2258.0,820.0,477.0,477.0,2160.0,1250.0,2128.0,568.0,568.0,1178.0,1869.0,909.0,639.0,1154.0,612.0,1794.0,1037.0,0000000000000000163a,67.2416347687499,C1808C01
729.0,2308.0,1714.0,605.0,600.0,1666.0,1558.0,579.0,392.0,2311.0,2375.0,672.0,1113.0,1656.0,454.0,2010.0,1543.0,1061.0,1703.0,671.0,2646.0,424.0,759.0,1004.0,1601.0,601.0,1100.0,563.0,2289.0,1653.0,484.0,2156.0,899.0,513.0,676.0,1061.0,2121.0,974.0,384.0,1518.0,2493.0,766.0,2330.0,1713.0,2249.0,810.0,468.0,467.0,2151.0,1232.0,2119.0,553.0,552.0,1158.0,1858.0,887.0,625.0,1136.0,601.0,1788.0,1032.0,0000000000000000163b,96.5242569797909,C1808C03
748.0,2346.0,1758.0,621.0,617.0,1686.0,1579.0,597.0,405.0,2326.0,2400.0,682.0,1112.0,1689.0,473.0,2034.0,1594.0,1085.0,1734.0,682.0,2666.0,436.0,777.0,1027.0,1638.0,613.0,1111.0,579.0,2314.0,1682.0,482.0,2186.0,915.0,532.0,694.0,1076.0,2145.0,997.0,403.0,1545.0,2503.0,785.0,2339.0,1734.0,2266.0,827.0,478.0,478.0,2168.0,1258.0,2135.0,568.0,578.0,1181.0,1877.0,916.0,638.0,1162.0,622.0,1804.0,1041.0,0000000000000000163c,55.6802470619277,C1808C04
838.0,2453.0,1923.0,717.0,697.0,1730.0,1639.0,679.0,493.0,2390.0,2463.0,751.0,1156.0,1851.0,548.0,2144.0,1772.0,1178.0,1796.0,764.0,2749.0,517.0,862.0,1123.0,1763.0,694.0,1203.0,672.0,2418.0,1796.0,523.0,2278.0,1007.0,604.0,750.0,1154.0,2213.0,1105.0,501.0,1654.0,2570.0,838.0,2384.0,1803.0,2335.0,892.0,559.0,560.0,2224.0,1365.0,2197.0,649.0,667.0,1282.0,1954.0,1012.0,701.0,1266.0,700.0,1886.0,1119.0,0000000000000000163d,132.596515786913,C1808C05
695.0,2262.0,1682.0,582.0,543.0,1514.0,1453.0,526.0,356.0,2179.0,2249.0,591.0,978.0,1614.0,429.0,1905.0,1602.0,1031.0,1617.0,627.0,2454.0,387.0,699.0,992.0,1566.0,559.0,963.0,541.0,2198.0,1597.0,403.0,2090.0,848.0,472.0,649.0,981.0,2002.0,933.0,372.0,1397.0,2316.0,748.0,2168.0,1627.0,2093.0,738.0,419.0,438.0,1993.0,1223.0,2021.0,550.0,521.0,1105.0,1811.0,870.0,599.0,1118.0,570.0,1629.0,923.0,0000000000000000163e,79.8803191864757,C1808C09
749.0,2349.0,1766.0,633.0,618.0,1661.0,1558.0,590.0,415.0,2294.0,2377.0,677.0,1088.0,1692.0,474.0,2022.0,1625.0,1085.0,1712.0,680.0,2639.0,445.0,776.0,1037.0,1650.0,611.0,1087.0,591.0,2301.0,1677.0,476.0,2175.0,912.0,532.0,696.0,1063.0,2130.0,997.0,415.0,1533.0,2477.0,787.0,2302.0,1715.0,2238.0,815.0,486.0,488.0,2138.0,1266.0,2113.0,580.0,582.0,1171.0,1868.0,926.0,638.0,1171.0,622.0,1777.0,1023.0,0000000000000000163f,98.6008338506827,C1808F01
718.0,2290.0,1727.0,631.0,572.0,1513.0,1459.0,562.0,401.0,2210.0,2245.0,604.0,967.0,1689.0,452.0,1933.0,1677.0,1061.0,1639.0,641.0,2457.0,432.0,728.0,1023.0,1612.0,579.0,992.0,586.0,2232.0,1639.0,412.0,2117.0,897.0,495.0,678.0,1000.0,2023.0,956.0,415.0,1441.0,2297.0,766.0,2174.0,1640.0,2094.0,757.0,463.0,473.0,1997.0,1261.0,2030.0,592.0,563.0,1128.0,1866.0,889.0,628.0,1147.0,602.0,1670.0,946.0,00000000000000001640,73.3127649806265,C1808F02
692.0,2194.0,1669.0,600.0,525.0,1422.0,1391.0,525.0,375.0,2161.0,2127.0,565.0,882.0,1644.0,419.0,1849.0,1637.0,1027.0,1568.0,600.0,2346.0,405.0,690.0,995.0,1533.0,538.0,953.0,545.0,2141.0,1593.0,384.0,2055.0,872.0,468.0,648.0,935.0,1934.0,906.0,390.0,1382.0,2168.0,739.0,2094.0,1563.0,2006.0,710.0,425.0,439.0,1890.0,1231.0,1954.0,585.0,536.0,1069.0,1818.0,847.0,609.0,1114.0,576.0,1598.0,877.0,00000000000000001641,62.6596248695273,C1808F03
710.0,2252.0,1707.0,631.0,562.0,1482.0,1435.0,555.0,402.0,2182.0,2205.0,596.0,950.0,1679.0,441.0,1902.0,1661.0,1050.0,1614.0,634.0,2413.0,432.0,717.0,1013.0,1592.0,568.0,975.0,582.0,2195.0,1616.0,410.0,2088.0,891.0,488.0,667.0,978.0,1994.0,941.0,412.0,1426.0,2251.0,753.0,2142.0,1614.0,2061.0,746.0,461.0,472.0,1965.0,1248.0,2001.0,591.0,555.0,1110.0,1845.0,871.0,619.0,1135.0,593.0,1647.0,931.0,00000000000000001642,115.526324521028,C1808F04
694.0,2207.0,1673.0,605.0,532.0,1439.0,1400.0,529.0,378.0,2160.0,2149.0,572.0,897.0,1640.0,421.0,1861.0,1633.0,1027.0,1573.0,610.0,2369.0,407.0,691.0,993.0,1540.0,544.0,949.0,550.0,2154.0,1588.0,391.0,2063.0,870.0,468.0,652.0,941.0,1945.0,913.0,392.0,1388.0,2195.0,744.0,2103.0,1573.0,2017.0,714.0,430.0,446.0,1910.0,1230.0,1967.0,581.0,535.0,1073.0,1818.0,847.0,610.0,1115.0,573.0,1607.0,888.0,00000000000000001643,113.6702176025,C1808F05
695.0,2246.0,1686.0,608.0,549.0,1477.0,1423.0,539.0,379.0,2178.0,2196.0,580.0,933.0,1650.0,427.0,1891.0,1639.0,1037.0,1602.0,617.0,2417.0,409.0,703.0,999.0,1571.0,552.0,964.0,559.0,2190.0,1604.0,399.0,2092.0,874.0,474.0,662.0,964.0,1980.0,934.0,397.0,1403.0,2254.0,750.0,2139.0,1603.0,2050.0,732.0,439.0,449.0,1959.0,1237.0,1996.0,576.0,541.0,1095.0,1835.0,863.0,613.0,1123.0,579.0,1632.0,915.0,00000000000000001644,76.3675520805539,C1808F06
695.0,2216.0,1683.0,600.0,531.0,1438.0,1400.0,529.0,374.0,2172.0,2152.0,571.0,893.0,1645.0,421.0,1871.0,1644.0,1030.0,1572.0,609.0,2379.0,403.0,693.0,1000.0,1542.0,543.0,953.0,542.0,2158.0,1590.0,389.0,2070.0,876.0,469.0,650.0,939.0,1948.0,912.0,392.0,1392.0,2198.0,747.0,2109.0,1571.0,2026.0,713.0,424.0,443.0,1911.0,1238.0,1975.0,582.0,537.0,1073.0,1820.0,848.0,611.0,1124.0,575.0,1609.0,884.0,00000000000000001645,53.7816313381789,C1808F07
738.0,2335.0,1758.0,623.0,599.0,1629.0,1535.0,576.0,399.0,2274.0,2358.0,657.0,1059.0,1682.0,464.0,2007.0,1621.0,1075.0,1695.0,670.0,2604.0,430.0,757.0,1027.0,1632.0,601.0,1048.0,582.0,2286.0,1668.0,459.0,2167.0,897.0,517.0,686.0,1048.0,2105.0,986.0,405.0,1506.0,2441.0,782.0,2278.0,1701.0,2214.0,797.0,471.0,478.0,2109.0,1256.0,2092.0,578.0,572.0,1160.0,1855.0,915.0,632.0,1160.0,612.0,1750.0,1003.0,00000000000000001646,69.1542023634881,C1808F08
699.0,2239.0,1685.0,607.0,543.0,1461.0,1413.0,534.0,376.0,2179.0,2181.0,575.0,915.0,1652.0,423.0,1882.0,1634.0,1033.0,1594.0,613.0,2406.0,406.0,698.0,995.0,1558.0,546.0,959.0,557.0,2190.0,1604.0,397.0,2092.0,871.0,472.0,661.0,949.0,1967.0,921.0,394.0,1397.0,2241.0,750.0,2139.0,1594.0,2039.0,727.0,436.0,446.0,1941.0,1235.0,1996.0,584.0,540.0,1082.0,1838.0,855.0,613.0,1123.0,579.0,1626.0,902.0,00000000000000001647,67.7438090217499,C1808F10
719.0,2291.0,1733.0,639.0,574.0,1514.0,1463.0,564.0,406.0,2220.0,2241.0,604.0,967.0,1701.0,447.0,1935.0,1685.0,1067.0,1645.0,642.0,2457.0,436.0,730.0,1029.0,1618.0,577.0,994.0,590.0,2234.0,1645.0,416.0,2125.0,904.0,494.0,680.0,997.0,2023.0,958.0,416.0,1447.0,2294.0,768.0,2182.0,1645.0,2092.0,759.0,467.0,477.0,1995.0,1268.0,2038.0,598.0,562.0,1130.0,1875.0,886.0,631.0,1153.0,601.0,1671.0,947.0,00000000000000001649,93.2532744747272,C1808F15
708.0,2260.0,1708.0,623.0,557.0,1485.0,1440.0,551.0,395.0,2197.0,2206.0,591.0,941.0,1678.0,437.0,1904.0,1664.0,1052.0,1621.0,630.0,2424.0,425.0,716.0,1014.0,1589.0,563.0,979.0,577.0,2207.0,1626.0,409.0,2108.0,889.0,485.0,672.0,975.0,1996.0,943.0,408.0,1423.0,2257.0,760.0,2155.0,1621.0,2064.0,745.0,451.0,465.0,1968.0,1253.0,2012.0,593.0,553.0,1109.0,1858.0,871.0,624.0,1138.0,591.0,1650.0,927.0,0000000000000000164a,135.239779183094,C1808F18
756.0,2346.0,1780.0,656.0,603.0,1567.0,1508.0,592.0,426.0,2246.0,2307.0,645.0,1018.0,1732.0,480.0,1997.0,1707.0,1090.0,1678.0,678.0,2534.0,457.0,763.0,1051.0,1658.0,617.0,1038.0,613.0,2288.0,1677.0,439.0,2155.0,919.0,525.0,695.0,1042.0,2079.0,996.0,432.0,1497.0,2371.0,786.0,2218.0,1686.0,2160.0,794.0,489.0,501.0,2063.0,1280.0,2068.0,605.0,590.0,1168.0,1890.0,933.0,646.0,1177.0,629.0,1727.0,987.0,0000000000000000164b,51.8025811441364,C1808F19
684.0,2215.0,1653.0,570.0,522.0,1450.0,1394.0,511.0,349.0,2137.0,2175.0,568.0,912.0,1597.0,408.0,1854.0,1588.0,1007.0,1567.0,606.0,2398.0,379.0,676.0,968.0,1520.0,539.0,937.0,529.0,2157.0,1557.0,381.0,2058.0,824.0,455.0,637.0,932.0,1941.0,896.0,360.0,1359.0,2241.0,734.0,2115.0,1575.0,2027.0,713.0,409.0,428.0,1929.0,1210.0,1980.0,540.0,506.0,1058.0,1771.0,848.0,588.0,1104.0,554.0,1586.0,876.0,0000000000000000164c,144.59056563953,C1808P01
698.0,2271.0,1694.0,593.0,552.0,1525.0,1462.0,537.0,365.0,2192.0,2258.0,595.0,980.0,1626.0,429.0,1917.0,1613.0,1039.0,1625.0,630.0,2468.0,396.0,709.0,999.0,1577.0,562.0,974.0,552.0,2211.0,1605.0,413.0,2104.0,857.0,474.0,659.0,984.0,2014.0,940.0,376.0,1411.0,2328.0,759.0,2180.0,1635.0,2105.0,748.0,430.0,448.0,2005.0,1231.0,2033.0,560.0,524.0,1108.0,1819.0,871.0,610.0,1126.0,571.0,1645.0,928.0,0000000000000000164d,161.026997070974,C1808P04
764.0,2379.0,1807.0,661.0,613.0,1604.0,1538.0,600.0,428.0,2287.0,2349.0,656.0,1036.0,1752.0,486.0,2027.0,1723.0,1106.0,1709.0,687.0,2585.0,459.0,776.0,1064.0,1681.0,623.0,1059.0,618.0,2321.0,1703.0,452.0,2195.0,930.0,534.0,707.0,1057.0,2114.0,1009.0,437.0,1521.0,2418.0,801.0,2265.0,1718.0,2201.0,810.0,491.0,506.0,2098.0,1300.0,2107.0,612.0,596.0,1184.0,1914.0,944.0,656.0,1197.0,636.0,1753.0,1003.0,0000000000000000164f,107.022104414857,C1808P07
695.0,2263.0,1682.0,593.0,544.0,1508.0,1451.0,531.0,365.0,2178.0,2237.0,589.0,968.0,1619.0,426.0,1903.0,1614.0,1036.0,1616.0,627.0,2447.0,396.0,699.0,997.0,1568.0,560.0,961.0,551.0,2200.0,1598.0,407.0,2091.0,854.0,472.0,656.0,977.0,1998.0,935.0,375.0,1397.0,2307.0,754.0,2160.0,1625.0,2086.0,737.0,427.0,448.0,1987.0,1228.0,2020.0,558.0,522.0,1102.0,1816.0,869.0,606.0,1123.0,569.0,1631.0,920.0,00000000000000001650,76.4535089061187,C1808P09
733.0,2293.0,1716.0,597.0,611.0,1691.0,1577.0,589.0,395.0,2332.0,2394.0,691.0,1147.0,1650.0,464.0,2015.0,1527.0,1063.0,1703.0,673.0,2649.0,426.0,770.0,1006.0,1599.0,605.0,1113.0,565.0,2292.0,1651.0,493.0,2154.0,910.0,525.0,678.0,1065.0,2131.0,979.0,387.0,1550.0,2511.0,758.0,2341.0,1715.0,2275.0,828.0,479.0,469.0,2180.0,1217.0,2122.0,547.0,556.0,1154.0,1845.0,879.0,625.0,1124.0,603.0,1811.0,1045.0,00000000000000001651,79.0088697328787,C1808W01
730.0,2278.0,1707.0,590.0,607.0,1681.0,1564.0,585.0,390.0,2321.0,2380.0,691.0,1140.0,1637.0,460.0,2002.0,1515.0,1055.0,1692.0,670.0,2634.0,419.0,766.0,998.0,1588.0,602.0,1110.0,559.0,2279.0,1637.0,487.0,2142.0,903.0,521.0,669.0,1056.0,2120.0,970.0,382.0,1542.0,2500.0,748.0,2326.0,1702.0,2261.0,824.0,474.0,463.0,2167.0,1207.0,2112.0,537.0,552.0,1144.0,1832.0,876.0,618.0,1113.0,600.0,1801.0,1037.0,00000000000000001652,104.415678492477,C1808W02
865.0,2470.0,1966.0,729.0,712.0,1698.0,1642.0,704.0,513.0,2423.0,2411.0,759.0,1116.0,1929.0,566.0,2135.0,1885.0,1231.0,1813.0,788.0,2666.0,542.0,878.0,1190.0,1826.0,721.0,1169.0,680.0,2421.0,1826.0,524.0,2320.0,1072.0,613.0,767.0,1154.0,2204.0,1116.0,529.0,1682.0,2486.0,848.0,2384.0,1813.0,2280.0,898.0,572.0,581.0,2176.0,1425.0,2223.0,693.0,680.0,1276.0,2056.0,1029.0,721.0,1312.0,718.0,1871.0,1107.0,00000000000000001653,138.081547539216,C1808W04
871.0,2494.0,1982.0,740.0,714.0,1714.0,1657.0,705.0,519.0,2445.0,2438.0,764.0,1126.0,1944.0,570.0,2158.0,1898.0,1234.0,1829.0,793.0,2694.0,549.0,881.0,1197.0,1840.0,726.0,1176.0,690.0,2446.0,1839.0,524.0,2342.0,1074.0,618.0,769.0,1163.0,2226.0,1125.0,532.0,1695.0,2513.0,854.0,2407.0,1829.0,2303.0,901.0,579.0,589.0,2197.0,1433.0,2248.0,694.0,686.0,1286.0,2071.0,1036.0,722.0,1319.0,725.0,1888.0,1116.0,00000000000000001654,59.6780048745079,C1808W05
768.0,2381.0,1800.0,654.0,623.0,1652.0,1565.0,603.0,432.0,2298.0,2391.0,680.0,1088.0,1733.0,489.0,2053.0,1657.0,1100.0,1718.0,698.0,2636.0,454.0,781.0,1052.0,1668.0,629.0,1080.0,612.0,2333.0,1697.0,471.0,2201.0,919.0,539.0,700.0,1077.0,2137.0,1018.0,431.0,1536.0,2481.0,800.0,2299.0,1735.0,2246.0,821.0,497.0,506.0,2139.0,1281.0,2117.0,599.0,597.0,1193.0,1879.0,947.0,650.0,1185.0,637.0,1785.0,1029.0,00000000000000001655,54.1019888143558,C1809C02
770.0,2381.0,1803.0,657.0,631.0,1675.0,1580.0,611.0,434.0,2311.0,2402.0,690.0,1103.0,1732.0,496.0,2058.0,1656.0,1104.0,1733.0,701.0,2660.0,460.0,790.0,1056.0,1675.0,631.0,1111.0,614.0,2338.0,1704.0,487.0,2202.0,927.0,551.0,713.0,1084.0,2151.0,1021.0,436.0,1555.0,2501.0,809.0,2319.0,1743.0,2264.0,835.0,503.0,508.0,2160.0,1282.0,2130.0,603.0,606.0,1196.0,1884.0,945.0,658.0,1186.0,645.0,1803.0,1040.0,00000000000000001656,74.3601451581677,C1809C03
767.0,2375.0,1795.0,646.0,627.0,1672.0,1576.0,606.0,426.0,2307.0,2398.0,688.0,1103.0,1724.0,489.0,2052.0,1648.0,1098.0,1729.0,697.0,2655.0,453.0,785.0,1050.0,1668.0,628.0,1104.0,604.0,2331.0,1699.0,481.0,2196.0,922.0,544.0,704.0,1083.0,2148.0,1019.0,430.0,1550.0,2496.0,798.0,2315.0,1738.0,2260.0,829.0,495.0,500.0,2158.0,1275.0,2126.0,594.0,597.0,1194.0,1879.0,941.0,649.0,1180.0,637.0,1800.0,1040.0,00000000000000001657,50.9193659026026,C1809C05
780.0,2394.0,1821.0,667.0,636.0,1665.0,1578.0,616.0,444.0,2311.0,2405.0,692.0,1096.0,1754.0,502.0,2069.0,1680.0,1111.0,1729.0,710.0,2651.0,466.0,794.0,1063.0,1685.0,640.0,1098.0,625.0,2348.0,1709.0,481.0,2213.0,931.0,552.0,707.0,1088.0,2151.0,1029.0,444.0,1559.0,2492.0,805.0,2313.0,1747.0,2260.0,834.0,509.0,519.0,2154.0,1295.0,2130.0,606.0,610.0,1203.0,1897.0,957.0,657.0,1196.0,649.0,1801.0,1041.0,00000000000000001658,91.3513927451307,C1809C08
770.0,2380.0,1798.0,654.0,628.0,1666.0,1574.0,608.0,432.0,2305.0,2398.0,687.0,1099.0,1728.0,494.0,2055.0,1652.0,1102.0,1727.0,700.0,2649.0,457.0,787.0,1054.0,1668.0,630.0,1100.0,612.0,2335.0,1701.0,479.0,2201.0,923.0,546.0,706.0,1083.0,2146.0,1021.0,434.0,1544.0,2492.0,803.0,2310.0,1740.0,2257.0,830.0,499.0,506.0,2152.0,1281.0,2124.0,600.0,603.0,1196.0,1881.0,946.0,653.0,1185.0,642.0,1796.0,1037.0,00000000000000001659,71.6330265300461,C1809C09
686.0,2250.0,1668.0,584.0,538.0,1501.0,1442.0,520.0,355.0,2163.0,2235.0,581.0,969.0,1602.0,421.0,1892.0,1592.0,1026.0,1606.0,618.0,2437.0,386.0,694.0,987.0,1554.0,551.0,956.0,542.0,2184.0,1586.0,401.0,2075.0,843.0,462.0,649.0,970.0,1989.0,923.0,364.0,1384.0,2300.0,748.0,2153.0,1615.0,2078.0,733.0,418.0,438.0,1979.0,1218.0,2007.0,549.0,511.0,1094.0,1801.0,859.0,599.0,1112.0,559.0,1614.0,913.0,0000000000000000165a,58.5987561949077,C1809C10
672.0,2155.0,1633.0,594.0,503.0,1354.0,1343.0,503.0,363.0,2111.0,2058.0,538.0,840.0,1624.0,406.0,1805.0,1633.0,1007.0,1524.0,576.0,2278.0,393.0,667.0,970.0,1494.0,518.0,928.0,534.0,2098.0,1553.0,368.0,2017.0,864.0,445.0,629.0,906.0,1884.0,877.0,386.0,1354.0,2090.0,715.0,2036.0,1515.0,1960.0,686.0,413.0,424.0,1835.0,1207.0,1912.0,571.0,522.0,1039.0,1798.0,816.0,590.0,1093.0,560.0,1565.0,849.0,0000000000000000165b,128.435697401327,C1809F01
704.0,2221.0,1685.0,629.0,551.0,1461.0,1417.0,548.0,402.0,2149.0,2173.0,591.0,934.0,1659.0,439.0,1876.0,1641.0,1035.0,1592.0,629.0,2380.0,432.0,707.0,998.0,1568.0,563.0,959.0,580.0,2167.0,1598.0,403.0,2057.0,879.0,486.0,656.0,964.0,1967.0,927.0,411.0,1409.0,2220.0,740.0,2104.0,1592.0,2033.0,735.0,460.0,471.0,1939.0,1229.0,1966.0,581.0,552.0,1093.0,1822.0,863.0,609.0,1118.0,589.0,1628.0,917.0,0000000000000000165c,69.0454687821847,C1809F04
700.0,2225.0,1685.0,625.0,553.0,1460.0,1415.0,547.0,398.0,2151.0,2178.0,588.0,934.0,1658.0,435.0,1878.0,1640.0,1036.0,1591.0,626.0,2384.0,428.0,708.0,999.0,1571.0,560.0,962.0,576.0,2170.0,1594.0,403.0,2059.0,879.0,483.0,657.0,963.0,1970.0,927.0,407.0,1408.0,2223.0,741.0,2110.0,1591.0,2036.0,736.0,457.0,468.0,1941.0,1230.0,1971.0,582.0,549.0,1093.0,1821.0,859.0,610.0,1119.0,586.0,1628.0,917.0,0000000000000000165d,115.615822687251,C1809F05
702.0,2244.0,1704.0,602.0,535.0,1422.0,1403.0,531.0,372.0,2203.0,2141.0,567.0,878.0,1685.0,422.0,1889.0,1687.0,1048.0,1586.0,609.0,2379.0,403.0,701.0,1012.0,1558.0,544.0,971.0,544.0,2194.0,1612.0,389.0,2108.0,895.0,468.0,659.0,938.0,1957.0,916.0,400.0,1413.0,2196.0,753.0,2133.0,1576.0,2029.0,721.0,423.0,433.0,1907.0,1257.0,1999.0,599.0,542.0,1076.0,1867.0,856.0,619.0,1136.0,582.0,1625.0,882.0,0000000000000000165e,66.1268587482472,C1809F06
682.0,2171.0,1648.0,588.0,517.0,1396.0,1366.0,515.0,367.0,2134.0,2101.0,557.0,864.0,1623.0,411.0,1830.0,1618.0,1011.0,1542.0,590.0,2318.0,397.0,679.0,982.0,1513.0,530.0,938.0,535.0,2121.0,1567.0,378.0,2032.0,859.0,459.0,638.0,917.0,1912.0,890.0,383.0,1365.0,2144.0,728.0,2068.0,1535.0,1982.0,698.0,417.0,429.0,1867.0,1214.0,1931.0,577.0,527.0,1049.0,1798.0,834.0,599.0,1099.0,565.0,1582.0,861.0,0000000000000000165f,27.3122333634483,C1809F08
696.0,2231.0,1690.0,595.0,534.0,1442.0,1404.0,529.0,372.0,2179.0,2160.0,571.0,896.0,1649.0,420.0,1880.0,1648.0,1036.0,1580.0,610.0,2394.0,401.0,694.0,1003.0,1545.0,542.0,956.0,540.0,2169.0,1594.0,392.0,2082.0,878.0,469.0,653.0,938.0,1954.0,914.0,391.0,1398.0,2212.0,750.0,2121.0,1576.0,2032.0,714.0,421.0,441.0,1920.0,1242.0,1986.0,584.0,537.0,1076.0,1824.0,850.0,613.0,1127.0,576.0,1612.0,886.0,00000000000000001660,62.1358568689528,C1809F09
663.0,2136.0,1613.0,584.0,490.0,1324.0,1321.0,494.0,355.0,2085.0,2030.0,529.0,824.0,1616.0,396.0,1788.0,1618.0,992.0,1502.0,568.0,2249.0,385.0,651.0,955.0,1477.0,510.0,914.0,524.0,2082.0,1530.0,351.0,1997.0,856.0,435.0,618.0,883.0,1862.0,863.0,377.0,1338.0,2065.0,700.0,2016.0,1486.0,1933.0,666.0,405.0,415.0,1808.0,1192.0,1886.0,566.0,512.0,1023.0,1783.0,807.0,579.0,1074.0,551.0,1543.0,833.0,00000000000000001661,63.1848111001231,C1809F10
627.0,2009.0,1512.0,569.0,467.0,1279.0,1257.0,476.0,354.0,1955.0,1931.0,504.0,804.0,1526.0,375.0,1676.0,1532.0,948.0,1444.0,540.0,2117.0,380.0,621.0,911.0,1407.0,488.0,872.0,517.0,1956.0,1471.0,325.0,1867.0,811.0,419.0,568.0,864.0,1783.0,836.0,363.0,1259.0,1939.0,639.0,1884.0,1418.0,1834.0,635.0,402.0,406.0,1723.0,1131.0,1763.0,520.0,494.0,999.0,1677.0,774.0,533.0,1016.0,532.0,1466.0,808.0,00000000000000001662,49.9176620732228,C1809F11
654.0,2095.0,1583.0,584.0,490.0,1320.0,1309.0,490.0,359.0,2044.0,2010.0,525.0,823.0,1578.0,395.0,1755.0,1585.0,978.0,1484.0,562.0,2213.0,389.0,649.0,942.0,1452.0,506.0,901.0,526.0,2041.0,1512.0,355.0,1955.0,839.0,434.0,606.0,887.0,1844.0,859.0,375.0,1313.0,2035.0,690.0,1976.0,1475.0,1909.0,668.0,408.0,418.0,1788.0,1172.0,1849.0,555.0,508.0,1017.0,1742.0,795.0,569.0,1061.0,546.0,1527.0,831.0,00000000000000001663,59.2528544127297,C1809F12
684.0,2198.0,1662.0,577.0,512.0,1364.0,1354.0,506.0,354.0,2145.0,2084.0,548.0,838.0,1642.0,402.0,1855.0,1646.0,1014.0,1524.0,594.0,2328.0,383.0,669.0,976.0,1510.0,532.0,928.0,521.0,2153.0,1552.0,372.0,2060.0,864.0,444.0,632.0,894.0,1904.0,882.0,381.0,1377.0,2144.0,726.0,2081.0,1519.0,1984.0,688.0,403.0,414.0,1860.0,1215.0,1954.0,574.0,518.0,1033.0,1819.0,826.0,594.0,1104.0,556.0,1585.0,844.0,00000000000000001664,115.446681447031,C1809F14
687.0,2212.0,1674.0,582.0,527.0,1408.0,1380.0,518.0,362.0,2158.0,2125.0,558.0,871.0,1638.0,413.0,1861.0,1642.0,1026.0,1554.0,600.0,2359.0,391.0,681.0,990.0,1527.0,534.0,940.0,528.0,2156.0,1570.0,384.0,2070.0,870.0,462.0,643.0,920.0,1932.0,900.0,389.0,1386.0,2179.0,740.0,2099.0,1546.0,2005.0,701.0,411.0,425.0,1892.0,1231.0,1969.0,581.0,530.0,1055.0,1816.0,839.0,604.0,1113.0,568.0,1599.0,867.0,00000000000000001665,65.8620446055887,C1809F17
651.0,2067.0,1571.0,594.0,486.0,1333.0,1306.0,490.0,363.0,2020.0,2009.0,523.0,837.0,1577.0,391.0,1722.0,1573.0,982.0,1500.0,562.0,2193.0,393.0,650.0,944.0,1458.0,505.0,912.0,535.0,2017.0,1529.0,341.0,1932.0,831.0,435.0,595.0,900.0,1841.0,871.0,376.0,1297.0,2010.0,669.0,1957.0,1478.0,1897.0,662.0,414.0,422.0,1780.0,1176.0,1820.0,540.0,514.0,1039.0,1727.0,805.0,557.0,1058.0,554.0,1509.0,841.0,00000000000000001666,84.7000747639437,C1809F18
682.0,2195.0,1661.0,582.0,510.0,1361.0,1352.0,508.0,358.0,2147.0,2078.0,546.0,838.0,1649.0,405.0,1855.0,1649.0,1017.0,1528.0,594.0,2321.0,387.0,671.0,979.0,1510.0,529.0,931.0,523.0,2150.0,1558.0,373.0,2061.0,872.0,444.0,633.0,894.0,1902.0,885.0,385.0,1379.0,2139.0,722.0,2080.0,1520.0,1981.0,691.0,407.0,416.0,1856.0,1217.0,1950.0,575.0,521.0,1035.0,1823.0,824.0,594.0,1105.0,560.0,1585.0,847.0,00000000000000001668,70.2525048092088,C1809F20
674.0,2189.0,1614.0,565.0,535.0,1551.0,1441.0,511.0,345.0,2195.0,2260.0,617.0,1044.0,1537.0,411.0,1876.0,1461.0,1003.0,1599.0,619.0,2490.0,379.0,694.0,950.0,1518.0,556.0,971.0,531.0,2155.0,1527.0,428.0,2045.0,833.0,462.0,633.0,988.0,1998.0,900.0,328.0,1413.0,2357.0,722.0,2202.0,1598.0,2122.0,748.0,426.0,428.0,2020.0,1168.0,2012.0,499.0,493.0,1084.0,1755.0,844.0,580.0,1068.0,549.0,1642.0,946.0,00000000000000001669,77.2571576307242,C1809F23
842.0,2423.0,1915.0,733.0,685.0,1663.0,1596.0,675.0,508.0,2349.0,2385.0,735.0,1108.0,1867.0,551.0,2099.0,1815.0,1183.0,1765.0,764.0,2647.0,538.0,850.0,1142.0,1772.0,696.0,1152.0,682.0,2376.0,1774.0,503.0,2247.0,1024.0,599.0,738.0,1136.0,2169.0,1094.0,513.0,1634.0,2466.0,821.0,2321.0,1765.0,2257.0,876.0,569.0,579.0,2150.0,1371.0,2154.0,654.0,667.0,1259.0,1971.0,1007.0,692.0,1268.0,705.0,1843.0,1089.0,0000000000000000166a,231.932955196057,C1809F24
601.0,1942.0,1466.0,560.0,453.0,1244.0,1218.0,454.0,341.0,1890.0,1895.0,483.0,778.0,1467.0,364.0,1618.0,1460.0,910.0,1398.0,519.0,2067.0,369.0,605.0,874.0,1359.0,466.0,848.0,503.0,1897.0,1425.0,315.0,1809.0,766.0,409.0,552.0,840.0,1731.0,813.0,352.0,1208.0,1895.0,622.0,1835.0,1379.0,1786.0,615.0,388.0,398.0,1675.0,1091.0,1702.0,500.0,483.0,969.0,1614.0,745.0,517.0,982.0,521.0,1418.0,785.0,0000000000000000166b,91.903414183238,C1809F25
702.0,2235.0,1698.0,606.0,537.0,1456.0,1416.0,535.0,378.0,2192.0,2173.0,577.0,902.0,1660.0,425.0,1886.0,1657.0,1041.0,1591.0,616.0,2399.0,408.0,700.0,1010.0,1557.0,548.0,963.0,549.0,2178.0,1608.0,394.0,2091.0,885.0,474.0,658.0,948.0,1966.0,920.0,396.0,1405.0,2219.0,754.0,2130.0,1590.0,2043.0,721.0,429.0,448.0,1929.0,1250.0,1994.0,588.0,542.0,1083.0,1838.0,857.0,617.0,1135.0,581.0,1624.0,893.0,0000000000000000166d,194.926173319754,C1809F30
637.0,2069.0,1557.0,575.0,470.0,1278.0,1277.0,478.0,348.0,2013.0,1973.0,506.0,799.0,1564.0,382.0,1725.0,1565.0,957.0,1453.0,544.0,2173.0,377.0,629.0,920.0,1427.0,488.0,882.0,516.0,2013.0,1481.0,332.0,1928.0,826.0,420.0,593.0,857.0,1811.0,837.0,363.0,1289.0,1996.0,670.0,1947.0,1436.0,1878.0,639.0,397.0,407.0,1754.0,1152.0,1818.0,545.0,496.0,996.0,1724.0,777.0,556.0,1032.0,534.0,1497.0,808.0,0000000000000000166e,57.5165973197684,C1809F31
650.0,2092.0,1578.0,583.0,483.0,1305.0,1298.0,486.0,354.0,2040.0,2000.0,518.0,815.0,1577.0,391.0,1748.0,1583.0,974.0,1475.0,556.0,2204.0,384.0,643.0,937.0,1445.0,500.0,897.0,523.0,2036.0,1503.0,346.0,1952.0,838.0,429.0,603.0,878.0,1835.0,852.0,372.0,1307.0,2023.0,684.0,1971.0,1463.0,1903.0,658.0,404.0,414.0,1780.0,1170.0,1845.0,552.0,505.0,1012.0,1742.0,790.0,566.0,1054.0,543.0,1519.0,824.0,0000000000000000166f,243.580139556811,C1809F32
689.0,2097.0,1618.0,611.0,530.0,1372.0,1345.0,530.0,394.0,2050.0,2041.0,568.0,875.0,1619.0,427.0,1769.0,1611.0,1017.0,1527.0,605.0,2223.0,423.0,683.0,980.0,1510.0,550.0,926.0,555.0,2051.0,1554.0,371.0,1968.0,872.0,473.0,606.0,929.0,1874.0,901.0,404.0,1355.0,2057.0,681.0,2002.0,1515.0,1929.0,692.0,442.0,451.0,1825.0,1200.0,1867.0,554.0,541.0,1057.0,1763.0,842.0,571.0,1090.0,578.0,1557.0,875.0,00000000000000001670,50.4117386863064,C1809F34
763.0,2356.0,1797.0,654.0,617.0,1620.0,1539.0,598.0,425.0,2274.0,2360.0,673.0,1056.0,1731.0,487.0,2031.0,1676.0,1094.0,1697.0,694.0,2603.0,456.0,774.0,1047.0,1665.0,625.0,1070.0,612.0,2311.0,1681.0,467.0,2180.0,916.0,535.0,695.0,1058.0,2117.0,1011.0,433.0,1532.0,2440.0,792.0,2272.0,1708.0,2223.0,812.0,494.0,508.0,2116.0,1283.0,2095.0,598.0,594.0,1176.0,1871.0,939.0,646.0,1182.0,632.0,1767.0,1010.0,00000000000000001671,42.6914983213562,C1809F36
670.0,2121.0,1620.0,611.0,508.0,1380.0,1352.0,508.0,376.0,2082.0,2065.0,543.0,863.0,1617.0,406.0,1774.0,1608.0,1010.0,1542.0,582.0,2259.0,407.0,673.0,971.0,1501.0,523.0,935.0,550.0,2073.0,1571.0,359.0,1989.0,853.0,454.0,618.0,926.0,1887.0,896.0,385.0,1337.0,2077.0,699.0,2023.0,1527.0,1947.0,683.0,428.0,438.0,1833.0,1206.0,1878.0,561.0,529.0,1064.0,1773.0,831.0,580.0,1088.0,569.0,1552.0,867.0,00000000000000001672,99.2367527167728,C1809F37
677.0,2131.0,1625.0,614.0,507.0,1379.0,1352.0,512.0,379.0,2087.0,2062.0,546.0,868.0,1633.0,406.0,1778.0,1631.0,1020.0,1552.0,585.0,2257.0,409.0,675.0,980.0,1509.0,526.0,945.0,554.0,2077.0,1581.0,355.0,1997.0,866.0,449.0,615.0,930.0,1894.0,900.0,389.0,1345.0,2069.0,691.0,2021.0,1527.0,1951.0,688.0,430.0,438.0,1831.0,1218.0,1882.0,560.0,529.0,1073.0,1788.0,835.0,577.0,1096.0,570.0,1555.0,870.0,00000000000000001673,193.456742179845,C1809F42
720.0,2172.0,1685.0,634.0,556.0,1430.0,1402.0,556.0,412.0,2129.0,2114.0,595.0,913.0,1681.0,448.0,1834.0,1671.0,1058.0,1588.0,633.0,2305.0,441.0,716.0,1021.0,1569.0,576.0,969.0,578.0,2123.0,1616.0,392.0,2042.0,907.0,496.0,637.0,970.0,1939.0,941.0,419.0,1409.0,2134.0,719.0,2079.0,1578.0,1998.0,726.0,461.0,470.0,1891.0,1249.0,1939.0,583.0,564.0,1101.0,1825.0,881.0,601.0,1135.0,602.0,1613.0,913.0,00000000000000001674,71.3358490721435,C1809F43
750.0,2339.0,1772.0,653.0,599.0,1567.0,1505.0,587.0,423.0,2242.0,2306.0,643.0,1016.0,1720.0,477.0,1992.0,1695.0,1086.0,1673.0,675.0,2535.0,454.0,759.0,1045.0,1650.0,612.0,1034.0,610.0,2281.0,1669.0,440.0,2151.0,913.0,524.0,691.0,1039.0,2076.0,992.0,429.0,1491.0,2371.0,782.0,2218.0,1681.0,2159.0,791.0,485.0,499.0,2060.0,1276.0,2065.0,600.0,585.0,1163.0,1881.0,927.0,642.0,1174.0,625.0,1722.0,985.0,00000000000000001675,134.883676430414,C1809F48
685.0,2184.0,1653.0,608.0,535.0,1428.0,1389.0,533.0,389.0,2118.0,2134.0,574.0,907.0,1627.0,425.0,1842.0,1614.0,1016.0,1563.0,611.0,2341.0,418.0,691.0,979.0,1536.0,546.0,943.0,564.0,2135.0,1570.0,395.0,2032.0,861.0,472.0,644.0,941.0,1934.0,910.0,398.0,1379.0,2177.0,727.0,2073.0,1563.0,2000.0,719.0,442.0,457.0,1906.0,1208.0,1936.0,570.0,537.0,1070.0,1794.0,842.0,598.0,1098.0,574.0,1602.0,895.0,00000000000000001676,28.1517756813521,C1809F49
559.0,1855.0,1368.0,524.0,412.0,1151.0,1136.0,428.0,319.0,1799.0,1765.0,439.0,720.0,1393.0,336.0,1537.0,1409.0,853.0,1315.0,473.0,1941.0,338.0,559.0,818.0,1272.0,428.0,799.0,476.0,1803.0,1340.0,280.0,1707.0,732.0,381.0,513.0,782.0,1640.0,755.0,326.0,1142.0,1770.0,578.0,1716.0,1289.0,1684.0,574.0,365.0,366.0,1578.0,1025.0,1611.0,471.0,454.0,913.0,1535.0,695.0,479.0,914.0,491.0,1340.0,729.0,00000000000000001677,172.585121931814,C1809P02
650.0,2063.0,1571.0,600.0,489.0,1337.0,1310.0,489.0,365.0,2017.0,2014.0,523.0,838.0,1570.0,394.0,1718.0,1561.0,978.0,1499.0,562.0,2198.0,395.0,654.0,939.0,1455.0,504.0,915.0,538.0,2015.0,1528.0,343.0,1929.0,823.0,440.0,598.0,901.0,1838.0,871.0,375.0,1291.0,2018.0,677.0,1960.0,1483.0,1897.0,663.0,416.0,426.0,1782.0,1173.0,1817.0,542.0,517.0,1038.0,1717.0,808.0,561.0,1056.0,557.0,1506.0,842.0,00000000000000001678,218.168556715659,C1809P08
762.0,2351.0,1797.0,657.0,613.0,1604.0,1527.0,596.0,428.0,2266.0,2347.0,665.0,1044.0,1734.0,485.0,2022.0,1683.0,1095.0,1688.0,690.0,2591.0,459.0,773.0,1051.0,1662.0,622.0,1067.0,612.0,2305.0,1679.0,460.0,2172.0,921.0,533.0,695.0,1053.0,2109.0,1007.0,437.0,1526.0,2423.0,790.0,2257.0,1697.0,2210.0,809.0,492.0,508.0,2103.0,1284.0,2084.0,600.0,594.0,1175.0,1870.0,938.0,646.0,1185.0,633.0,1758.0,1005.0,00000000000000001679,51.099115553397,C1809P10
728.0,2312.0,1739.0,633.0,582.0,1545.0,1483.0,570.0,405.0,2213.0,2281.0,624.0,996.0,1686.0,458.0,1963.0,1665.0,1065.0,1653.0,654.0,2503.0,436.0,739.0,1025.0,1620.0,593.0,1007.0,591.0,2250.0,1645.0,428.0,2126.0,893.0,507.0,677.0,1018.0,2049.0,970.0,410.0,1459.0,2344.0,768.0,2191.0,1660.0,2134.0,771.0,467.0,484.0,2034.0,1254.0,2041.0,586.0,565.0,1141.0,1857.0,903.0,628.0,1152.0,604.0,1693.0,963.0,0000000000000000167a,42.163145761583,C1809P12
688.0,2153.0,1646.0,641.0,516.0,1405.0,1383.0,516.0,382.0,2102.0,2109.0,549.0,885.0,1646.0,418.0,1784.0,1635.0,1028.0,1581.0,592.0,2296.0,415.0,695.0,985.0,1521.0,527.0,979.0,573.0,2101.0,1612.0,359.0,2009.0,857.0,473.0,637.0,949.0,1920.0,917.0,385.0,1344.0,2112.0,729.0,2050.0,1570.0,1983.0,705.0,438.0,449.0,1867.0,1241.0,1897.0,575.0,550.0,1098.0,1774.0,871.0,596.0,1113.0,595.0,1563.0,885.0,0000000000000000167b,50.6162182154271,C1809P14
585.0,1903.0,1421.0,540.0,437.0,1199.0,1179.0,447.0,334.0,1847.0,1826.0,467.0,754.0,1437.0,354.0,1586.0,1444.0,887.0,1357.0,502.0,2003.0,358.0,583.0,852.0,1322.0,453.0,822.0,490.0,1852.0,1383.0,300.0,1760.0,759.0,397.0,530.0,812.0,1688.0,786.0,343.0,1184.0,1833.0,597.0,1776.0,1333.0,1736.0,597.0,380.0,383.0,1629.0,1060.0,1663.0,486.0,470.0,941.0,1582.0,723.0,497.0,951.0,506.0,1386.0,759.0,0000000000000000167c,152.166296880022,C1809P16
739.0,2328.0,1761.0,635.0,592.0,1589.0,1512.0,572.0,404.0,2247.0,2335.0,641.0,1026.0,1694.0,465.0,1989.0,1639.0,1077.0,1675.0,670.0,2564.0,436.0,750.0,1029.0,1627.0,601.0,1024.0,593.0,2280.0,1656.0,446.0,2158.0,895.0,514.0,686.0,1029.0,2082.0,980.0,416.0,1485.0,2406.0,786.0,2245.0,1685.0,2188.0,790.0,468.0,488.0,2079.0,1268.0,2072.0,586.0,573.0,1154.0,1851.0,918.0,636.0,1166.0,612.0,1725.0,980.0,0000000000000000167d,72.617594100538,C1809X99
737.0,2330.0,1745.0,620.0,610.0,1673.0,1566.0,590.0,403.0,2313.0,2388.0,674.0,1110.0,1679.0,464.0,2022.0,1582.0,1075.0,1721.0,674.0,2653.0,435.0,770.0,1018.0,1626.0,605.0,1105.0,577.0,2301.0,1668.0,482.0,2173.0,908.0,523.0,693.0,1071.0,2133.0,992.0,395.0,1533.0,2491.0,784.0,2328.0,1721.0,2256.0,820.0,477.0,477.0,2158.0,1248.0,2126.0,567.0,567.0,1177.0,1868.0,904.0,638.0,1152.0,612.0,1792.0,1037.0,0000000000000000167e,106.348071800528,C1810C01
743.0,2328.0,1758.0,591.0,621.0,1707.0,1583.0,601.0,400.0,2374.0,2421.0,714.0,1169.0,1674.0,476.0,2057.0,1544.0,1096.0,1708.0,685.0,2695.0,420.0,778.0,1030.0,1619.0,617.0,1125.0,561.0,2337.0,1660.0,495.0,2194.0,935.0,544.0,672.0,1082.0,2170.0,996.0,398.0,1588.0,2568.0,749.0,2372.0,1726.0,2296.0,828.0,480.0,470.0,2209.0,1239.0,2165.0,534.0,573.0,1161.0,1872.0,889.0,622.0,1143.0,622.0,1859.0,1072.0,0000000000000000167f,58.1943245127034,C1810C02
736.0,2321.0,1736.0,615.0,607.0,1669.0,1562.0,587.0,400.0,2313.0,2383.0,674.0,1108.0,1673.0,462.0,2016.0,1574.0,1074.0,1717.0,674.0,2649.0,432.0,767.0,1017.0,1619.0,605.0,1104.0,573.0,2295.0,1662.0,476.0,2172.0,908.0,521.0,682.0,1066.0,2128.0,987.0,393.0,1526.0,2486.0,772.0,2330.0,1718.0,2252.0,817.0,474.0,474.0,2154.0,1247.0,2127.0,558.0,564.0,1172.0,1868.0,903.0,628.0,1151.0,610.0,1787.0,1033.0,00000000000000001680,88.9906764837129,C1810C03
743.0,2322.0,1752.0,590.0,621.0,1703.0,1582.0,601.0,400.0,2367.0,2415.0,714.0,1164.0,1669.0,473.0,2050.0,1541.0,1091.0,1706.0,685.0,2685.0,421.0,778.0,1025.0,1616.0,618.0,1120.0,560.0,2329.0,1658.0,496.0,2188.0,931.0,540.0,673.0,1079.0,2164.0,993.0,396.0,1582.0,2557.0,748.0,2364.0,1722.0,2289.0,828.0,480.0,470.0,2203.0,1235.0,2160.0,535.0,569.0,1158.0,1867.0,890.0,622.0,1138.0,617.0,1853.0,1066.0,00000000000000001681,63.9240238612116,C1810C04
737.0,2329.0,1745.0,619.0,610.0,1675.0,1568.0,590.0,402.0,2316.0,2389.0,674.0,1112.0,1681.0,464.0,2022.0,1583.0,1075.0,1723.0,674.0,2655.0,434.0,770.0,1018.0,1628.0,605.0,1106.0,577.0,2302.0,1669.0,483.0,2175.0,908.0,523.0,693.0,1071.0,2134.0,992.0,395.0,1534.0,2492.0,784.0,2331.0,1723.0,2258.0,820.0,477.0,477.0,2159.0,1248.0,2129.0,567.0,566.0,1178.0,1870.0,903.0,638.0,1152.0,612.0,1792.0,1038.0,00000000000000001682,109.903695443247,C1810C05
742.0,2334.0,1749.0,620.0,611.0,1675.0,1568.0,591.0,403.0,2316.0,2391.0,677.0,1110.0,1682.0,464.0,2025.0,1586.0,1078.0,1723.0,677.0,2656.0,435.0,770.0,1020.0,1630.0,608.0,1104.0,578.0,2305.0,1670.0,482.0,2177.0,909.0,523.0,695.0,1072.0,2136.0,993.0,396.0,1536.0,2493.0,785.0,2330.0,1723.0,2258.0,820.0,477.0,477.0,2160.0,1250.0,2128.0,568.0,568.0,1178.0,1869.0,909.0,639.0,1154.0,612.0,1794.0,1037.0,00000000000000001683,45.9463415626376,C1810C06
810.0,2395.0,1866.0,710.0,650.0,1618.0,1547.0,640.0,473.0,2301.0,2369.0,704.0,1071.0,1811.0,509.0,2067.0,1761.0,1135.0,1715.0,730.0,2625.0,505.0,821.0,1094.0,1722.0,660.0,1123.0,656.0,2345.0,1724.0,471.0,2203.0,974.0,558.0,713.0,1097.0,2142.0,1055.0,470.0,1586.0,2446.0,799.0,2281.0,1715.0,2233.0,851.0,537.0,548.0,2126.0,1324.0,2109.0,626.0,627.0,1223.0,1917.0,990.0,664.0,1220.0,666.0,1804.0,1048.0,00000000000000001684,55.6519660622677,C1810F01
725.0,2292.0,1713.0,595.0,590.0,1653.0,1545.0,570.0,382.0,2298.0,2366.0,666.0,1098.0,1654.0,444.0,1994.0,1548.0,1056.0,1700.0,666.0,2629.0,416.0,749.0,998.0,1599.0,597.0,1085.0,553.0,2273.0,1642.0,469.0,2150.0,893.0,502.0,670.0,1048.0,2110.0,969.0,375.0,1508.0,2469.0,760.0,2315.0,1701.0,2238.0,799.0,458.0,458.0,2140.0,1228.0,2112.0,548.0,541.0,1153.0,1852.0,892.0,619.0,1132.0,590.0,1768.0,1019.0,00000000000000001685,101.23827261342,C1810F06
861.0,2480.0,1961.0,733.0,721.0,1754.0,1669.0,704.0,517.0,2427.0,2487.0,777.0,1184.0,1888.0,571.0,2174.0,1806.0,1205.0,1827.0,789.0,2777.0,539.0,883.0,1150.0,1800.0,719.0,1221.0,690.0,2456.0,1827.0,543.0,2316.0,1035.0,627.0,766.0,1180.0,2237.0,1132.0,524.0,1695.0,2595.0,851.0,2423.0,1835.0,2358.0,913.0,578.0,580.0,2251.0,1390.0,2236.0,665.0,688.0,1306.0,1999.0,1032.0,718.0,1292.0,726.0,1913.0,1147.0,00000000000000001686,126.388367626311,C1810F07
871.0,2496.0,1974.0,741.0,740.0,1786.0,1698.0,723.0,530.0,2454.0,2503.0,790.0,1206.0,1906.0,589.0,2195.0,1814.0,1227.0,1852.0,799.0,2801.0,550.0,902.0,1167.0,1816.0,731.0,1244.0,698.0,2475.0,1853.0,559.0,2335.0,1055.0,648.0,780.0,1200.0,2263.0,1152.0,543.0,1716.0,2621.0,863.0,2456.0,1859.0,2379.0,931.0,590.0,590.0,2272.0,1409.0,2257.0,679.0,706.0,1324.0,2018.0,1038.0,733.0,1311.0,746.0,1934.0,1171.0,00000000000000001687,85.2857028602355,C1810F10
810.0,2440.0,1888.0,702.0,665.0,1679.0,1601.0,649.0,470.0,2343.0,2427.0,716.0,1113.0,1820.0,526.0,2111.0,1757.0,1149.0,1757.0,736.0,2683.0,501.0,829.0,1101.0,1740.0,667.0,1135.0,656.0,2388.0,1755.0,496.0,2248.0,975.0,575.0,730.0,1121.0,2181.0,1067.0,476.0,1610.0,2515.0,824.0,2339.0,1768.0,2285.0,865.0,538.0,550.0,2177.0,1340.0,2159.0,636.0,637.0,1242.0,1943.0,989.0,681.0,1235.0,676.0,1836.0,1072.0,00000000000000001688,112.718905112066,C1810P01
849.0,2471.0,1934.0,738.0,695.0,1703.0,1625.0,685.0,505.0,2386.0,2441.0,745.0,1138.0,1879.0,555.0,2143.0,1822.0,1187.0,1797.0,768.0,2713.0,537.0,866.0,1138.0,1788.0,698.0,1192.0,685.0,2425.0,1802.0,513.0,2282.0,1023.0,605.0,751.0,1160.0,2209.0,1111.0,516.0,1651.0,2530.0,838.0,2363.0,1797.0,2310.0,897.0,571.0,579.0,2196.0,1379.0,2186.0,665.0,674.0,1288.0,1987.0,1027.0,703.0,1273.0,713.0,1874.0,1111.0,00000000000000001689,83.8387200371091,C1810P04
800.0,2421.0,1863.0,685.0,659.0,1682.0,1596.0,639.0,461.0,2330.0,2428.0,712.0,1111.0,1793.0,524.0,2099.0,1722.0,1132.0,1746.0,730.0,2678.0,486.0,816.0,1084.0,1716.0,661.0,1122.0,644.0,2377.0,1733.0,498.0,2233.0,954.0,574.0,722.0,1109.0,2175.0,1052.0,466.0,1595.0,2514.0,818.0,2331.0,1765.0,2284.0,856.0,528.0,538.0,2177.0,1320.0,2150.0,623.0,632.0,1225.0,1922.0,976.0,673.0,1217.0,671.0,1826.0,1063.0,0000000000000000168b,196.595177599825,C1810P06
851.0,2481.0,1956.0,730.0,695.0,1689.0,1637.0,690.0,501.0,2422.0,2412.0,739.0,1109.0,1920.0,550.0,2133.0,1892.0,1219.0,1816.0,773.0,2664.0,531.0,863.0,1180.0,1827.0,705.0,1168.0,679.0,2428.0,1825.0,506.0,2323.0,1058.0,599.0,761.0,1144.0,2203.0,1106.0,517.0,1668.0,2488.0,848.0,2379.0,1816.0,2276.0,889.0,562.0,572.0,2174.0,1419.0,2228.0,685.0,668.0,1269.0,2068.0,1017.0,713.0,1304.0,707.0,1858.0,1096.0,0000000000000000168c,72.0743403442682,C1810P07
812.0,2434.0,1886.0,708.0,666.0,1673.0,1596.0,651.0,475.0,2335.0,2422.0,717.0,1110.0,1819.0,527.0,2107.0,1757.0,1146.0,1754.0,737.0,2676.0,507.0,831.0,1099.0,1737.0,668.0,1137.0,660.0,2382.0,1754.0,493.0,2240.0,976.0,575.0,726.0,1120.0,2178.0,1067.0,479.0,1608.0,2506.0,818.0,2329.0,1763.0,2282.0,865.0,544.0,554.0,2173.0,1336.0,2150.0,634.0,639.0,1242.0,1938.0,991.0,678.0,1231.0,678.0,1837.0,1072.0,0000000000000000168d,94.7097927796669,C1810P09
733.0,2317.0,1749.0,634.0,585.0,1567.0,1496.0,568.0,405.0,2228.0,2308.0,632.0,1009.0,1688.0,463.0,1974.0,1648.0,1068.0,1662.0,662.0,2534.0,436.0,742.0,1024.0,1622.0,596.0,1013.0,592.0,2263.0,1647.0,436.0,2140.0,891.0,511.0,678.0,1021.0,2065.0,973.0,414.0,1472.0,2376.0,774.0,2217.0,1670.0,2161.0,778.0,468.0,487.0,2056.0,1258.0,2054.0,583.0,570.0,1145.0,1850.0,909.0,629.0,1157.0,608.0,1708.0,970.0,0000000000000000168e,86.9455006918457,C1810P14
771.0,2382.0,1798.0,649.0,640.0,1711.0,1605.0,620.0,429.0,2339.0,2429.0,702.0,1133.0,1723.0,496.0,2072.0,1637.0,1107.0,1759.0,702.0,2708.0,461.0,801.0,1051.0,1675.0,633.0,1159.0,607.0,2352.0,1712.0,497.0,2207.0,936.0,556.0,716.0,1104.0,2175.0,1027.0,428.0,1579.0,2544.0,805.0,2350.0,1759.0,2293.0,851.0,503.0,503.0,2195.0,1279.0,2151.0,588.0,605.0,1202.0,1895.0,939.0,656.0,1184.0,645.0,1832.0,1065.0,0000000000000000168f,69.6563701985294,C1810W01
738.0,2329.0,1745.0,618.0,610.0,1675.0,1568.0,590.0,403.0,2317.0,2389.0,676.0,1112.0,1682.0,464.0,2024.0,1580.0,1076.0,1721.0,676.0,2657.0,435.0,770.0,1018.0,1628.0,607.0,1106.0,576.0,2304.0,1668.0,485.0,2173.0,909.0,524.0,693.0,1070.0,2134.0,990.0,395.0,1537.0,2497.0,784.0,2333.0,1723.0,2258.0,820.0,477.0,477.0,2160.0,1248.0,2129.0,568.0,566.0,1174.0,1870.0,903.0,639.0,1152.0,612.0,1795.0,1037.0,00000000000000001690,208.956370947809,C1810W02
857.0,2483.0,1962.0,734.0,699.0,1694.0,1643.0,696.0,504.0,2429.0,2413.0,743.0,1108.0,1928.0,553.0,2134.0,1903.0,1223.0,1822.0,779.0,2660.0,535.0,868.0,1185.0,1836.0,710.0,1170.0,683.0,2429.0,1832.0,507.0,2330.0,1064.0,602.0,761.0,1145.0,2205.0,1106.0,520.0,1674.0,2486.0,847.0,2385.0,1822.0,2277.0,894.0,565.0,575.0,2176.0,1423.0,2235.0,685.0,670.0,1269.0,2079.0,1023.0,713.0,1308.0,709.0,1860.0,1097.0,00000000000000001691,125.612890070705,C1810W03
739.0,2300.0,1721.0,598.0,613.0,1692.0,1579.0,590.0,395.0,2332.0,2395.0,692.0,1142.0,1656.0,462.0,2019.0,1535.0,1064.0,1708.0,677.0,2653.0,426.0,771.0,1007.0,1603.0,609.0,1114.0,566.0,2295.0,1658.0,491.0,2159.0,909.0,524.0,678.0,1067.0,2132.0,982.0,388.0,1549.0,2512.0,759.0,2342.0,1720.0,2274.0,828.0,478.0,468.0,2179.0,1220.0,2124.0,549.0,557.0,1158.0,1850.0,887.0,625.0,1128.0,603.0,1811.0,1046.0,00000000000000001692,170.981842052082,C1810W04
780.0,2387.0,1814.0,654.0,641.0,1696.0,1595.0,621.0,437.0,2330.0,2418.0,705.0,1124.0,1744.0,506.0,2072.0,1659.0,1115.0,1746.0,710.0,2688.0,464.0,800.0,1064.0,1686.0,641.0,1132.0,615.0,2352.0,1718.0,495.0,2210.0,941.0,564.0,714.0,1098.0,2169.0,1034.0,446.0,1579.0,2525.0,804.0,2344.0,1754.0,2288.0,846.0,506.0,510.0,2186.0,1291.0,2145.0,600.0,615.0,1208.0,1896.0,950.0,658.0,1195.0,655.0,1827.0,1060.0,00000000000000001694,102.935289343773,C1810W08
705.0,2270.0,1706.0,616.0,559.0,1503.0,1446.0,550.0,387.0,2192.0,2228.0,594.0,959.0,1664.0,440.0,1914.0,1654.0,1050.0,1623.0,627.0,2443.0,418.0,715.0,1011.0,1592.0,565.0,977.0,571.0,2213.0,1623.0,405.0,2106.0,882.0,483.0,671.0,988.0,2007.0,948.0,401.0,1421.0,2280.0,760.0,2159.0,1628.0,2080.0,744.0,448.0,459.0,1987.0,1246.0,2015.0,583.0,551.0,1117.0,1848.0,878.0,622.0,1136.0,590.0,1654.0,935.0,00000000000000001695,63.7475362291493,C1810W09
636.0,2030.0,1533.0,564.0,480.0,1303.0,1275.0,480.0,353.0,1985.0,1978.0,518.0,815.0,1513.0,388.0,1710.0,1505.0,943.0,1438.0,552.0,2173.0,381.0,631.0,910.0,1409.0,494.0,871.0,512.0,1981.0,1460.0,347.0,1888.0,799.0,434.0,587.0,863.0,1799.0,837.0,361.0,1270.0,2005.0,668.0,1923.0,1434.0,1864.0,649.0,400.0,410.0,1758.0,1127.0,1796.0,529.0,497.0,987.0,1670.0,778.0,551.0,1018.0,533.0,1485.0,810.0,00000000000000001696,86.7425257011928,C1812C01
844.0,2454.0,1927.0,713.0,708.0,1748.0,1654.0,688.0,502.0,2402.0,2474.0,765.0,1177.0,1855.0,561.0,2154.0,1758.0,1186.0,1805.0,772.0,2764.0,522.0,866.0,1128.0,1769.0,703.0,1198.0,675.0,2430.0,1800.0,534.0,2286.0,1013.0,620.0,750.0,1162.0,2223.0,1111.0,510.0,1672.0,2591.0,836.0,2407.0,1817.0,2347.0,899.0,566.0,566.0,2240.0,1368.0,2210.0,645.0,676.0,1284.0,1963.0,1008.0,702.0,1272.0,713.0,1897.0,1133.0,00000000000000001697,64.1624162482599,C1812C02
771.0,2379.0,1810.0,655.0,628.0,1646.0,1562.0,608.0,433.0,2292.0,2388.0,682.0,1080.0,1744.0,498.0,2054.0,1676.0,1103.0,1715.0,702.0,2628.0,457.0,785.0,1056.0,1675.0,633.0,1084.0,613.0,2332.0,1697.0,476.0,2198.0,923.0,547.0,705.0,1076.0,2137.0,1021.0,440.0,1545.0,2470.0,804.0,2292.0,1732.0,2244.0,824.0,497.0,509.0,2137.0,1288.0,2113.0,606.0,605.0,1193.0,1883.0,948.0,655.0,1189.0,644.0,1786.0,1028.0,00000000000000001698,88.7501783200583,C1812C03
818.0,2431.0,1900.0,702.0,681.0,1718.0,1622.0,661.0,479.0,2375.0,2453.0,738.0,1141.0,1822.0,533.0,2128.0,1736.0,1159.0,1776.0,748.0,2739.0,500.0,841.0,1102.0,1735.0,678.0,1155.0,659.0,2401.0,1775.0,511.0,2262.0,985.0,593.0,736.0,1132.0,2205.0,1083.0,483.0,1637.0,2565.0,825.0,2375.0,1786.0,2324.0,880.0,543.0,543.0,2216.0,1343.0,2185.0,629.0,653.0,1258.0,1930.0,988.0,687.0,1246.0,692.0,1871.0,1102.0,00000000000000001699,183.537921841088,C1812C04
683.0,2227.0,1663.0,569.0,525.0,1459.0,1404.0,515.0,350.0,2150.0,2183.0,569.0,917.0,1609.0,413.0,1866.0,1599.0,1017.0,1578.0,605.0,2410.0,380.0,679.0,978.0,1532.0,540.0,941.0,528.0,2169.0,1569.0,388.0,2070.0,834.0,460.0,648.0,939.0,1950.0,902.0,367.0,1369.0,2251.0,746.0,2126.0,1586.0,2035.0,716.0,409.0,427.0,1937.0,1221.0,1989.0,551.0,514.0,1064.0,1784.0,848.0,599.0,1113.0,560.0,1595.0,883.0,0000000000000000169b,201.156405898051,C1812C09
676.0,2223.0,1640.0,572.0,524.0,1481.0,1417.0,506.0,345.0,2138.0,2209.0,573.0,955.0,1575.0,411.0,1864.0,1566.0,1008.0,1585.0,609.0,2416.0,376.0,679.0,970.0,1530.0,541.0,940.0,531.0,2158.0,1559.0,392.0,2048.0,825.0,452.0,637.0,957.0,1960.0,908.0,351.0,1361.0,2274.0,736.0,2130.0,1594.0,2049.0,718.0,407.0,428.0,1953.0,1198.0,1985.0,535.0,501.0,1078.0,1780.0,846.0,587.0,1093.0,550.0,1589.0,896.0,0000000000000000169c,157.794742302451,C1812F01
688.0,2220.0,1679.0,580.0,520.0,1381.0,1369.0,512.0,356.0,2167.0,2102.0,552.0,848.0,1657.0,405.0,1873.0,1662.0,1024.0,1541.0,598.0,2353.0,385.0,677.0,986.0,1525.0,537.0,940.0,524.0,2174.0,1568.0,376.0,2081.0,871.0,448.0,639.0,905.0,1921.0,892.0,384.0,1391.0,2166.0,734.0,2103.0,1535.0,2000.0,697.0,404.0,416.0,1876.0,1228.0,1976.0,581.0,522.0,1045.0,1836.0,832.0,600.0,1116.0,561.0,1598.0,854.0,0000000000000000169d,151.182878479123,C1812F02
726.0,2310.0,1735.0,612.0,582.0,1605.0,1511.0,561.0,386.0,2252.0,2336.0,642.0,1044.0,1659.0,451.0,1984.0,1599.0,1059.0,1672.0,657.0,2572.0,417.0,740.0,1011.0,1606.0,589.0,1023.0,571.0,2259.0,1645.0,445.0,2146.0,879.0,502.0,672.0,1034.0,2082.0,974.0,392.0,1478.0,2412.0,770.0,2254.0,1680.0,2190.0,781.0,459.0,467.0,2084.0,1240.0,2070.0,568.0,555.0,1148.0,1835.0,901.0,620.0,1144.0,598.0,1723.0,987.0,0000000000000000169e,45.4464407815317,C1812F03
750.0,2316.0,1750.0,610.0,627.0,1697.0,1587.0,601.0,407.0,2346.0,2410.0,703.0,1147.0,1677.0,471.0,2038.0,1555.0,1080.0,1712.0,685.0,2671.0,434.0,781.0,1020.0,1619.0,617.0,1120.0,579.0,2310.0,1675.0,496.0,2177.0,920.0,538.0,689.0,1078.0,2151.0,997.0,398.0,1566.0,2525.0,764.0,2348.0,1728.0,2284.0,831.0,489.0,479.0,2196.0,1238.0,2138.0,553.0,574.0,1170.0,1856.0,900.0,630.0,1145.0,616.0,1836.0,1058.0,0000000000000000169f,87.4497270191797,C1812F04
808.0,2430.0,1878.0,713.0,648.0,1624.0,1573.0,647.0,470.0,2344.0,2359.0,690.0,1064.0,1847.0,514.0,2071.0,1830.0,1162.0,1757.0,729.0,2595.0,502.0,818.0,1124.0,1763.0,660.0,1113.0,661.0,2372.0,1757.0,465.0,2248.0,999.0,563.0,731.0,1097.0,2143.0,1055.0,484.0,1589.0,2431.0,819.0,2299.0,1757.0,2212.0,848.0,534.0,544.0,2114.0,1359.0,2153.0,649.0,632.0,1230.0,2006.0,976.0,681.0,1249.0,672.0,1790.0,1045.0,000000000000000016a0,90.7629627918599,C1812F05
808.0,2410.0,1879.0,693.0,670.0,1697.0,1603.0,651.0,472.0,2349.0,2431.0,728.0,1127.0,1803.0,525.0,2108.0,1718.0,1144.0,1755.0,739.0,2710.0,494.0,828.0,1088.0,1718.0,670.0,1134.0,652.0,2379.0,1753.0,504.0,2239.0,971.0,582.0,726.0,1118.0,2186.0,1068.0,474.0,1618.0,2539.0,815.0,2350.0,1766.0,2302.0,868.0,536.0,538.0,2195.0,1326.0,2162.0,621.0,641.0,1242.0,1913.0,977.0,678.0,1229.0,681.0,1851.0,1087.0,000000000000000016a1,111.597545937869,C1812F06
686.0,2215.0,1675.0,582.0,526.0,1411.0,1380.0,516.0,361.0,2156.0,2128.0,558.0,874.0,1634.0,410.0,1862.0,1639.0,1025.0,1556.0,600.0,2367.0,391.0,679.0,987.0,1526.0,533.0,938.0,529.0,2155.0,1568.0,385.0,2071.0,866.0,458.0,642.0,919.0,1931.0,900.0,384.0,1386.0,2186.0,739.0,2102.0,1547.0,2006.0,699.0,410.0,427.0,1895.0,1229.0,1973.0,577.0,526.0,1057.0,1810.0,839.0,603.0,1111.0,565.0,1597.0,867.0,000000000000000016a2,83.6350998543489,C1812P02
735.0,2324.0,1755.0,625.0,588.0,1590.0,1510.0,568.0,396.0,2245.0,2335.0,641.0,1027.0,1685.0,461.0,1990.0,1629.0,1071.0,1672.0,666.0,2564.0,428.0,746.0,1023.0,1622.0,597.0,1018.0,583.0,2276.0,1653.0,445.0,2155.0,890.0,510.0,680.0,1027.0,2081.0,976.0,408.0,1483.0,2405.0,780.0,2244.0,1682.0,2188.0,785.0,463.0,479.0,2080.0,1258.0,2069.0,580.0,568.0,1149.0,1845.0,913.0,630.0,1157.0,607.0,1726.0,979.0,000000000000000016a3,116.383133379553,C1812P03
826.0,2409.0,1888.0,724.0,666.0,1635.0,1565.0,656.0,490.0,2321.0,2377.0,719.0,1091.0,1838.0,529.0,2080.0,1788.0,1156.0,1735.0,746.0,2635.0,522.0,836.0,1113.0,1744.0,677.0,1140.0,671.0,2360.0,1745.0,488.0,2218.0,995.0,577.0,727.0,1118.0,2155.0,1075.0,489.0,1604.0,2454.0,813.0,2293.0,1735.0,2247.0,866.0,554.0,565.0,2138.0,1345.0,2124.0,641.0,646.0,1244.0,1934.0,1000.0,679.0,1241.0,685.0,1821.0,1070.0,000000000000000016a4,100.423705231251,C1812P06
711.0,2234.0,1713.0,633.0,547.0,1461.0,1431.0,547.0,398.0,2204.0,2159.0,581.0,913.0,1707.0,431.0,1879.0,1698.0,1070.0,1624.0,621.0,2377.0,428.0,715.0,1030.0,1589.0,561.0,983.0,571.0,2184.0,1654.0,391.0,2103.0,911.0,481.0,657.0,977.0,1979.0,947.0,409.0,1422.0,2190.0,743.0,2139.0,1610.0,2039.0,725.0,449.0,459.0,1924.0,1270.0,1991.0,598.0,555.0,1118.0,1880.0,876.0,618.0,1150.0,595.0,1638.0,917.0,000000000000000016a5,113.72107299755,C1812P07
696.0,2217.0,1683.0,597.0,529.0,1419.0,1392.0,525.0,372.0,2179.0,2132.0,566.0,878.0,1659.0,417.0,1867.0,1656.0,1034.0,1571.0,603.0,2361.0,402.0,692.0,1001.0,1543.0,540.0,957.0,542.0,2167.0,1595.0,386.0,2080.0,879.0,466.0,652.0,934.0,1944.0,908.0,391.0,1395.0,2183.0,745.0,2112.0,1562.0,2014.0,712.0,422.0,433.0,1897.0,1241.0,1975.0,591.0,535.0,1068.0,1839.0,851.0,612.0,1122.0,574.0,1610.0,877.0,000000000000000016a6,435.39338170906,C1812P08
704.0,2249.0,1692.0,610.0,548.0,1474.0,1425.0,539.0,379.0,2189.0,2194.0,581.0,924.0,1662.0,426.0,1892.0,1644.0,1040.0,1607.0,619.0,2415.0,409.0,703.0,1002.0,1569.0,553.0,964.0,560.0,2199.0,1615.0,402.0,2102.0,877.0,474.0,667.0,960.0,1979.0,931.0,397.0,1407.0,2251.0,756.0,2150.0,1607.0,2049.0,732.0,439.0,449.0,1952.0,1242.0,2006.0,588.0,542.0,1093.0,1850.0,861.0,618.0,1128.0,581.0,1636.0,912.0,000000000000000016a7,122.533566835224,C1812P10
678.0,2233.0,1641.0,579.0,546.0,1556.0,1458.0,521.0,351.0,2187.0,2274.0,610.0,1019.0,1566.0,420.0,1903.0,1512.0,1015.0,1628.0,627.0,2512.0,392.0,699.0,972.0,1537.0,560.0,974.0,538.0,2182.0,1563.0,424.0,2065.0,843.0,471.0,647.0,999.0,2017.0,919.0,350.0,1411.0,2355.0,737.0,2197.0,1621.0,2128.0,748.0,426.0,443.0,2035.0,1186.0,2019.0,523.0,510.0,1102.0,1783.0,856.0,588.0,1090.0,560.0,1654.0,946.0,000000000000000016a8,122.15371590424,C1812P11
907.0,2565.0,2027.0,769.0,762.0,1807.0,1729.0,752.0,548.0,2500.0,2515.0,803.0,1212.0,1973.0,614.0,2234.0,1912.0,1267.0,1904.0,827.0,2806.0,577.0,934.0,1218.0,1879.0,758.0,1291.0,719.0,2519.0,1913.0,570.0,2392.0,1102.0,663.0,809.0,1235.0,2288.0,1186.0,574.0,1743.0,2619.0,894.0,2476.0,1904.0,2387.0,964.0,609.0,618.0,2279.0,1461.0,2297.0,722.0,732.0,1361.0,2094.0,1076.0,761.0,1354.0,771.0,1954.0,1188.0,000000000000000016a9,137.001805955072,C1812W07
732.0,2301.0,1718.0,599.0,609.0,1685.0,1572.0,588.0,394.0,2331.0,2392.0,685.0,1136.0,1654.0,462.0,2017.0,1534.0,1065.0,1705.0,672.0,2652.0,426.0,770.0,1008.0,1603.0,604.0,1114.0,564.0,2295.0,1652.0,491.0,2159.0,909.0,522.0,678.0,1062.0,2131.0,976.0,387.0,1543.0,2510.0,761.0,2344.0,1715.0,2271.0,827.0,476.0,468.0,2174.0,1224.0,2126.0,550.0,555.0,1153.0,1854.0,881.0,626.0,1129.0,604.0,1807.0,1040.0,000000000000000016aa,176.126827975581,C1812W10
733.0,2299.0,1733.0,589.0,611.0,1687.0,1565.0,591.0,395.0,2352.0,2398.0,704.0,1154.0,1649.0,463.0,2027.0,1522.0,1076.0,1691.0,675.0,2664.0,416.0,766.0,1012.0,1597.0,608.0,1122.0,558.0,2306.0,1642.0,487.0,2170.0,918.0,531.0,665.0,1065.0,2147.0,979.0,386.0,1563.0,2534.0,741.0,2346.0,1707.0,2275.0,818.0,477.0,467.0,2188.0,1221.0,2141.0,526.0,560.0,1148.0,1848.0,880.0,614.0,1125.0,609.0,1834.0,1054.0,000000000000000016ab,76.7301026582053,C1812X01
434.0,772.0,909.0,333.0,448.0,677.0,581.0,451.0,364.0,762.0,884.0,559.0,481.0,696.0,464.0,916.0,649.0,564.0,617.0,416.0,850.0,399.0,475.0,664.0,580.0,416.0,463.0,348.0,1027.0,515.0,371.0,966.0,664.0,416.0,334.0,488.0,882.0,457.0,304.0,859.0,801.0,392.0,932.0,595.0,712.0,439.0,441.0,446.0,840.0,532.0,787.0,292.0,301.0,425.0,732.0,371.0,434.0,717.0,378.0,834.0,606.0,000000000000000016ac,80.6970419827624,F0103F01
463.0,884.0,990.0,348.0,477.0,673.0,635.0,485.0,412.0,849.0,842.0,566.0,484.0,820.0,482.0,970.0,801.0,594.0,583.0,455.0,892.0,428.0,480.0,679.0,695.0,453.0,429.0,351.0,983.0,537.0,407.0,1073.0,691.0,425.0,371.0,501.0,907.0,491.0,328.0,919.0,847.0,425.0,1044.0,600.0,773.0,454.0,492.0,490.0,796.0,594.0,894.0,327.0,311.0,414.0,866.0,401.0,468.0,813.0,384.0,791.0,563.0,000000000000000016ad,11.5523589168821,F0103F06
349.0,852.0,841.0,271.0,362.0,604.0,576.0,390.0,299.0,779.0,782.0,458.0,426.0,673.0,345.0,901.0,552.0,497.0,576.0,358.0,854.0,299.0,390.0,571.0,512.0,341.0,418.0,271.0,932.0,449.0,288.0,913.0,589.0,328.0,288.0,389.0,787.0,399.0,203.0,741.0,814.0,307.0,932.0,513.0,670.0,388.0,328.0,311.0,754.0,469.0,760.0,257.0,229.0,389.0,674.0,305.0,356.0,589.0,301.0,727.0,518.0,000000000000000016ae,76.9651247771061,F0103R01
491.0,863.0,996.0,373.0,509.0,752.0,654.0,508.0,415.0,855.0,960.0,622.0,538.0,788.0,525.0,1010.0,720.0,620.0,689.0,471.0,942.0,447.0,539.0,726.0,647.0,471.0,532.0,393.0,1116.0,569.0,409.0,1052.0,733.0,466.0,382.0,537.0,949.0,513.0,338.0,936.0,888.0,440.0,1032.0,654.0,781.0,499.0,490.0,494.0,918.0,587.0,867.0,333.0,340.0,478.0,802.0,421.0,483.0,792.0,428.0,907.0,671.0,000000000000000016af,16.5171681251627,F0103R02
392.0,866.0,914.0,301.0,411.0,657.0,603.0,421.0,335.0,824.0,849.0,519.0,458.0,722.0,402.0,964.0,604.0,542.0,616.0,392.0,902.0,345.0,442.0,630.0,553.0,382.0,462.0,304.0,1027.0,483.0,338.0,968.0,645.0,373.0,319.0,428.0,849.0,428.0,237.0,819.0,847.0,351.0,987.0,555.0,708.0,421.0,376.0,376.0,818.0,510.0,807.0,285.0,257.0,416.0,721.0,334.0,394.0,657.0,338.0,791.0,567.0,000000000000000016b0,56.3462520654207,F0105R03
694.0,1127.0,1251.0,586.0,675.0,888.0,911.0,714.0,662.0,1073.0,1003.0,790.0,681.0,1109.0,689.0,1216.0,1095.0,834.0,769.0,696.0,1102.0,670.0,681.0,923.0,963.0,687.0,613.0,595.0,1133.0,763.0,643.0,1289.0,922.0,630.0,601.0,722.0,1123.0,732.0,545.0,1172.0,1062.0,635.0,1267.0,819.0,1037.0,656.0,744.0,731.0,986.0,854.0,1135.0,563.0,514.0,618.0,1126.0,651.0,696.0,1086.0,589.0,968.0,751.0,000000000000000016b1,27.3989283188875,F0105R05
709.0,1147.0,1278.0,595.0,691.0,906.0,927.0,730.0,670.0,1094.0,1023.0,806.0,693.0,1132.0,703.0,1239.0,1117.0,852.0,785.0,709.0,1124.0,681.0,695.0,941.0,984.0,701.0,627.0,604.0,1157.0,778.0,657.0,1314.0,941.0,643.0,613.0,735.0,1142.0,744.0,557.0,1198.0,1083.0,649.0,1290.0,836.0,1054.0,670.0,754.0,740.0,1005.0,871.0,1156.0,573.0,525.0,630.0,1148.0,664.0,711.0,1107.0,601.0,987.0,766.0,000000000000000016b2,399.019854565804,F0105R06
640.0,1053.0,1162.0,541.0,622.0,823.0,845.0,659.0,613.0,999.0,933.0,729.0,629.0,1030.0,635.0,1137.0,1017.0,772.0,711.0,642.0,1029.0,618.0,628.0,855.0,893.0,634.0,565.0,549.0,1057.0,706.0,594.0,1203.0,854.0,581.0,556.0,666.0,1048.0,676.0,501.0,1087.0,992.0,588.0,1182.0,758.0,967.0,606.0,687.0,675.0,917.0,791.0,1058.0,521.0,473.0,569.0,1050.0,601.0,644.0,1007.0,542.0,901.0,692.0,000000000000000016b3,257.863389808227,F0105R10
558.0,887.0,983.0,414.0,555.0,732.0,713.0,582.0,458.0,837.0,888.0,674.0,542.0,799.0,571.0,1019.0,799.0,655.0,628.0,523.0,928.0,511.0,562.0,743.0,707.0,532.0,501.0,440.0,1033.0,592.0,506.0,1073.0,726.0,510.0,426.0,596.0,934.0,577.0,440.0,964.0,877.0,509.0,1033.0,667.0,812.0,527.0,554.0,556.0,850.0,638.0,925.0,389.0,388.0,488.0,915.0,496.0,555.0,848.0,464.0,859.0,659.0,000000000000000016b4,25.7739848737501,F0106R01
526.0,888.0,991.0,400.0,553.0,778.0,692.0,553.0,442.0,872.0,960.0,651.0,571.0,811.0,569.0,1020.0,748.0,638.0,713.0,507.0,959.0,483.0,579.0,738.0,676.0,507.0,564.0,421.0,1102.0,612.0,446.0,1049.0,738.0,509.0,411.0,572.0,951.0,556.0,384.0,942.0,908.0,473.0,1029.0,688.0,798.0,543.0,521.0,521.0,912.0,600.0,887.0,364.0,383.0,512.0,833.0,459.0,519.0,799.0,469.0,908.0,695.0,000000000000000016b5,34.0977575022256,F0106R02
493.0,915.0,978.0,389.0,517.0,750.0,673.0,519.0,426.0,892.0,932.0,617.0,548.0,797.0,532.0,1016.0,711.0,627.0,708.0,483.0,964.0,447.0,545.0,720.0,657.0,478.0,551.0,400.0,1100.0,580.0,432.0,1047.0,732.0,484.0,408.0,526.0,923.0,521.0,351.0,908.0,916.0,450.0,1041.0,654.0,775.0,514.0,484.0,489.0,899.0,598.0,886.0,371.0,370.0,499.0,815.0,431.0,496.0,759.0,454.0,874.0,666.0,000000000000000016b6,78.4929263722057,F0106R03
492.0,847.0,929.0,385.0,521.0,731.0,637.0,512.0,427.0,821.0,903.0,612.0,538.0,761.0,537.0,964.0,687.0,603.0,682.0,473.0,905.0,450.0,541.0,704.0,630.0,473.0,549.0,397.0,1059.0,560.0,424.0,981.0,704.0,479.0,401.0,529.0,894.0,510.0,353.0,875.0,866.0,444.0,980.0,636.0,747.0,511.0,491.0,491.0,866.0,575.0,831.0,350.0,362.0,489.0,766.0,427.0,486.0,742.0,449.0,857.0,661.0,000000000000000016b7,37.1545886951815,F0106R04
451.0,968.0,1004.0,349.0,471.0,732.0,682.0,481.0,381.0,933.0,919.0,577.0,517.0,816.0,468.0,1062.0,698.0,613.0,691.0,451.0,1003.0,391.0,502.0,702.0,651.0,441.0,522.0,349.0,1124.0,558.0,400.0,1086.0,714.0,433.0,378.0,487.0,919.0,487.0,295.0,909.0,951.0,410.0,1092.0,630.0,778.0,481.0,422.0,422.0,889.0,583.0,917.0,345.0,315.0,472.0,832.0,393.0,465.0,728.0,398.0,864.0,626.0,000000000000000016b8,20.0908273931467,F0106R05
407.0,993.0,977.0,308.0,429.0,706.0,675.0,462.0,346.0,911.0,913.0,530.0,497.0,792.0,403.0,1050.0,653.0,578.0,675.0,417.0,997.0,346.0,462.0,662.0,610.0,396.0,495.0,314.0,1081.0,530.0,339.0,1061.0,683.0,385.0,339.0,455.0,913.0,466.0,240.0,867.0,949.0,359.0,1082.0,602.0,792.0,456.0,378.0,360.0,883.0,546.0,889.0,302.0,268.0,455.0,791.0,355.0,417.0,678.0,354.0,853.0,600.0,000000000000000016b9,32.6198735846939,F0109R01
459.0,900.0,965.0,362.0,477.0,717.0,649.0,484.0,397.0,873.0,902.0,586.0,516.0,772.0,495.0,1000.0,679.0,602.0,677.0,449.0,945.0,419.0,508.0,695.0,624.0,446.0,515.0,373.0,1080.0,544.0,408.0,1040.0,712.0,457.0,389.0,489.0,892.0,489.0,318.0,886.0,895.0,426.0,1039.0,618.0,740.0,483.0,454.0,462.0,868.0,572.0,870.0,347.0,339.0,466.0,788.0,397.0,473.0,735.0,420.0,840.0,630.0,000000000000000016ba,77.863034451233,F0110R01
409.0,994.0,973.0,311.0,429.0,705.0,674.0,462.0,347.0,911.0,912.0,529.0,498.0,791.0,402.0,1049.0,655.0,577.0,674.0,419.0,997.0,347.0,462.0,659.0,613.0,399.0,494.0,315.0,1080.0,532.0,338.0,1059.0,680.0,386.0,338.0,457.0,912.0,467.0,243.0,864.0,951.0,359.0,1080.0,603.0,792.0,457.0,379.0,361.0,882.0,546.0,890.0,302.0,270.0,457.0,794.0,359.0,415.0,674.0,355.0,852.0,600.0,000000000000000016bb,63.2841234483276,F0110R02
407.0,909.0,983.0,307.0,430.0,692.0,635.0,449.0,352.0,889.0,934.0,546.0,491.0,786.0,420.0,1031.0,664.0,573.0,649.0,407.0,954.0,363.0,471.0,683.0,609.0,396.0,493.0,318.0,1102.0,518.0,340.0,1047.0,694.0,390.0,328.0,460.0,924.0,460.0,238.0,893.0,907.0,363.0,1055.0,587.0,771.0,449.0,396.0,396.0,902.0,540.0,867.0,282.0,269.0,445.0,788.0,343.0,408.0,710.0,349.0,880.0,610.0,000000000000000016bc,37.7328488760226,F0111R01
381.0,852.0,937.0,288.0,404.0,647.0,589.0,418.0,332.0,827.0,882.0,518.0,457.0,734.0,394.0,974.0,613.0,539.0,607.0,381.0,897.0,343.0,440.0,648.0,560.0,371.0,462.0,299.0,1047.0,474.0,318.0,988.0,659.0,365.0,307.0,426.0,871.0,426.0,217.0,845.0,849.0,340.0,995.0,546.0,719.0,418.0,376.0,376.0,849.0,504.0,806.0,262.0,246.0,408.0,726.0,318.0,385.0,679.0,325.0,828.0,576.0,000000000000000016bd,83.4148980726949,F0111R02
361.0,794.0,911.0,272.0,383.0,609.0,546.0,395.0,317.0,762.0,832.0,503.0,426.0,687.0,372.0,921.0,562.0,516.0,568.0,361.0,842.0,329.0,417.0,624.0,510.0,350.0,439.0,284.0,1000.0,430.0,301.0,937.0,636.0,342.0,289.0,394.0,821.0,394.0,195.0,810.0,790.0,324.0,941.0,508.0,665.0,395.0,363.0,363.0,799.0,475.0,745.0,243.0,224.0,373.0,661.0,296.0,370.0,662.0,303.0,777.0,552.0,000000000000000016be,59.5642265006868,F0111R03
460.0,777.0,906.0,345.0,473.0,685.0,610.0,477.0,378.0,755.0,887.0,580.0,487.0,692.0,492.0,914.0,663.0,574.0,612.0,423.0,848.0,432.0,492.0,670.0,584.0,433.0,457.0,364.0,1012.0,531.0,404.0,980.0,669.0,434.0,343.0,512.0,886.0,484.0,333.0,874.0,788.0,414.0,933.0,612.0,718.0,444.0,471.0,472.0,832.0,536.0,798.0,297.0,314.0,426.0,760.0,387.0,463.0,738.0,388.0,822.0,618.0,000000000000000016bf,56.2839169845691,F0111R04
324.0,758.0,842.0,248.0,340.0,564.0,516.0,354.0,286.0,728.0,773.0,456.0,390.0,643.0,338.0,865.0,520.0,468.0,533.0,324.0,799.0,297.0,375.0,575.0,464.0,314.0,396.0,254.0,932.0,398.0,272.0,881.0,586.0,310.0,261.0,360.0,767.0,360.0,170.0,745.0,743.0,294.0,892.0,467.0,624.0,354.0,328.0,324.0,746.0,435.0,702.0,222.0,198.0,344.0,619.0,264.0,337.0,597.0,276.0,721.0,499.0,000000000000000016c0,48.4109882940368,F0112R01
329.0,764.0,887.0,256.0,350.0,580.0,521.0,362.0,295.0,736.0,778.0,476.0,392.0,653.0,352.0,876.0,510.0,484.0,535.0,329.0,803.0,307.0,385.0,594.0,448.0,318.0,408.0,258.0,949.0,384.0,284.0,901.0,606.0,320.0,271.0,358.0,767.0,358.0,162.0,770.0,742.0,310.0,923.0,465.0,616.0,362.0,344.0,343.0,744.0,437.0,698.0,231.0,194.0,345.0,609.0,262.0,361.0,620.0,287.0,712.0,515.0,000000000000000016c1,42.7058445674129,F0112R02
405.0,727.0,795.0,316.0,425.0,621.0,536.0,417.0,352.0,699.0,783.0,511.0,444.0,642.0,433.0,834.0,573.0,508.0,578.0,390.0,782.0,370.0,442.0,600.0,523.0,389.0,451.0,325.0,923.0,465.0,347.0,842.0,600.0,385.0,329.0,436.0,775.0,419.0,275.0,744.0,745.0,365.0,842.0,534.0,641.0,417.0,406.0,406.0,750.0,483.0,704.0,286.0,286.0,402.0,644.0,348.0,401.0,634.0,360.0,742.0,554.0,000000000000000016c2,30.1954708507671,F0113R01
440.0,804.0,891.0,344.0,465.0,679.0,595.0,460.0,382.0,789.0,849.0,561.0,487.0,713.0,473.0,920.0,627.0,562.0,632.0,431.0,868.0,403.0,487.0,663.0,577.0,424.0,497.0,354.0,1017.0,505.0,383.0,938.0,667.0,427.0,362.0,474.0,847.0,459.0,293.0,828.0,820.0,404.0,936.0,581.0,697.0,458.0,441.0,443.0,821.0,532.0,781.0,323.0,314.0,439.0,713.0,377.0,445.0,701.0,397.0,809.0,610.0,000000000000000016c3,33.1724793333769,F0114R01
530.0,909.0,1045.0,405.0,555.0,799.0,701.0,556.0,451.0,903.0,1001.0,666.0,579.0,837.0,576.0,1057.0,765.0,655.0,733.0,510.0,989.0,486.0,587.0,766.0,689.0,510.0,575.0,428.0,1158.0,614.0,445.0,1103.0,770.0,513.0,420.0,580.0,992.0,556.0,377.0,982.0,931.0,478.0,1080.0,700.0,822.0,544.0,531.0,532.0,955.0,620.0,915.0,365.0,376.0,515.0,851.0,458.0,525.0,834.0,470.0,947.0,717.0,000000000000000016c4,61.1540618516416,F0114R02
515.0,895.0,1006.0,390.0,528.0,776.0,692.0,533.0,429.0,880.0,979.0,638.0,561.0,801.0,545.0,1029.0,761.0,639.0,711.0,488.0,965.0,469.0,557.0,739.0,687.0,492.0,538.0,410.0,1127.0,614.0,436.0,1077.0,739.0,490.0,392.0,572.0,975.0,542.0,372.0,965.0,913.0,457.0,1045.0,690.0,812.0,514.0,511.0,515.0,934.0,606.0,903.0,347.0,363.0,499.0,860.0,445.0,502.0,795.0,447.0,925.0,692.0,000000000000000016c5,79.0722252631507,F0114R03
555.0,1042.0,1205.0,411.0,569.0,805.0,758.0,579.0,498.0,1003.0,993.0,683.0,579.0,990.0,579.0,1147.0,965.0,710.0,696.0,551.0,1044.0,511.0,579.0,811.0,833.0,542.0,516.0,422.0,1163.0,638.0,487.0,1281.0,833.0,509.0,442.0,598.0,1078.0,587.0,388.0,1113.0,997.0,508.0,1243.0,716.0,923.0,547.0,598.0,589.0,936.0,711.0,1058.0,387.0,369.0,492.0,1026.0,477.0,555.0,981.0,459.0,936.0,676.0,000000000000000016c6,142.598702918064,F0116F01
444.0,862.0,932.0,350.0,461.0,693.0,625.0,471.0,381.0,826.0,884.0,567.0,503.0,740.0,465.0,964.0,648.0,584.0,653.0,434.0,902.0,402.0,491.0,673.0,598.0,434.0,502.0,361.0,1052.0,525.0,384.0,989.0,692.0,434.0,364.0,474.0,874.0,474.0,293.0,851.0,860.0,405.0,979.0,594.0,728.0,462.0,433.0,442.0,853.0,547.0,826.0,331.0,319.0,454.0,753.0,387.0,448.0,712.0,397.0,832.0,621.0,000000000000000016c7,68.1310515654323,F0116R03
701.0,1169.0,1281.0,611.0,686.0,907.0,954.0,723.0,690.0,1096.0,1016.0,799.0,698.0,1149.0,701.0,1255.0,1130.0,841.0,794.0,723.0,1128.0,682.0,689.0,928.0,984.0,712.0,623.0,612.0,1140.0,782.0,650.0,1323.0,936.0,649.0,618.0,735.0,1167.0,756.0,542.0,1187.0,1087.0,649.0,1306.0,840.0,1081.0,677.0,772.0,755.0,1005.0,874.0,1159.0,584.0,523.0,626.0,1156.0,672.0,710.0,1114.0,606.0,987.0,753.0,000000000000000016c8,217.881572560069,F0117F01
302.0,731.0,810.0,237.0,315.0,540.0,494.0,331.0,269.0,698.0,730.0,432.0,365.0,611.0,319.0,828.0,483.0,446.0,503.0,303.0,762.0,279.0,351.0,546.0,427.0,292.0,372.0,237.0,892.0,368.0,258.0,844.0,558.0,291.0,247.0,335.0,726.0,336.0,151.0,711.0,708.0,280.0,862.0,437.0,591.0,331.0,312.0,306.0,704.0,409.0,665.0,213.0,179.0,326.0,580.0,243.0,325.0,567.0,263.0,674.0,473.0,000000000000000016c9,44.1579556170446,F0117R01
420.0,913.0,953.0,322.0,441.0,692.0,650.0,451.0,353.0,878.0,868.0,545.0,487.0,775.0,435.0,998.0,653.0,580.0,652.0,420.0,944.0,363.0,471.0,662.0,603.0,411.0,491.0,322.0,1051.0,519.0,373.0,1017.0,680.0,405.0,351.0,458.0,868.0,458.0,266.0,860.0,893.0,384.0,1034.0,591.0,728.0,451.0,394.0,393.0,838.0,550.0,859.0,319.0,286.0,446.0,775.0,363.0,437.0,691.0,373.0,810.0,595.0,000000000000000016ca,108.984937003466,F0117R02
299.0,707.0,764.0,226.0,314.0,525.0,480.0,326.0,261.0,676.0,727.0,411.0,363.0,594.0,303.0,806.0,488.0,433.0,495.0,299.0,745.0,270.0,343.0,526.0,440.0,290.0,361.0,234.0,865.0,380.0,249.0,811.0,535.0,279.0,239.0,337.0,718.0,337.0,161.0,680.0,699.0,267.0,821.0,440.0,589.0,326.0,297.0,296.0,700.0,405.0,656.0,203.0,184.0,322.0,588.0,247.0,304.0,544.0,248.0,681.0,457.0,000000000000000016cb,123.151615545818,F0117R03
304.0,717.0,770.0,230.0,318.0,532.0,487.0,330.0,265.0,688.0,736.0,417.0,369.0,602.0,308.0,817.0,496.0,440.0,502.0,304.0,755.0,274.0,348.0,533.0,449.0,296.0,366.0,238.0,875.0,387.0,252.0,823.0,542.0,284.0,243.0,343.0,727.0,343.0,165.0,687.0,710.0,271.0,832.0,448.0,599.0,330.0,301.0,301.0,709.0,412.0,668.0,207.0,189.0,329.0,600.0,252.0,307.0,551.0,253.0,690.0,464.0,000000000000000016cc,82.281270989703,F0118R02
297.0,713.0,787.0,231.0,310.0,527.0,481.0,325.0,265.0,682.0,719.0,422.0,360.0,597.0,310.0,811.0,477.0,435.0,494.0,297.0,748.0,275.0,345.0,535.0,424.0,287.0,365.0,234.0,875.0,364.0,251.0,824.0,545.0,284.0,241.0,332.0,714.0,332.0,150.0,695.0,694.0,272.0,838.0,429.0,581.0,325.0,306.0,301.0,694.0,401.0,652.0,206.0,177.0,319.0,571.0,239.0,314.0,556.0,254.0,667.0,465.0,000000000000000016cd,60.0096022959562,F0118R04
458.0,761.0,828.0,349.0,451.0,606.0,610.0,482.0,387.0,681.0,751.0,557.0,437.0,659.0,473.0,892.0,668.0,532.0,505.0,427.0,791.0,437.0,451.0,615.0,577.0,435.0,396.0,379.0,882.0,488.0,422.0,912.0,592.0,420.0,351.0,493.0,799.0,477.0,359.0,811.0,740.0,419.0,873.0,547.0,701.0,428.0,472.0,472.0,719.0,521.0,772.0,320.0,314.0,380.0,767.0,408.0,469.0,710.0,374.0,719.0,542.0,000000000000000016ce,174.618429620718,F0119F01
507.0,829.0,915.0,379.0,497.0,664.0,665.0,530.0,420.0,772.0,816.0,615.0,490.0,743.0,512.0,958.0,757.0,598.0,558.0,474.0,859.0,470.0,505.0,688.0,652.0,483.0,442.0,400.0,948.0,541.0,457.0,1002.0,664.0,456.0,385.0,549.0,870.0,529.0,394.0,897.0,799.0,461.0,963.0,603.0,762.0,472.0,507.0,507.0,780.0,589.0,858.0,351.0,346.0,431.0,849.0,450.0,508.0,788.0,409.0,780.0,596.0,000000000000000016cf,76.6356452313384,F0119F02
519.0,963.0,1067.0,401.0,529.0,726.0,720.0,548.0,472.0,932.0,881.0,622.0,536.0,904.0,531.0,1056.0,891.0,661.0,628.0,519.0,966.0,487.0,529.0,749.0,776.0,510.0,469.0,405.0,1032.0,595.0,467.0,1154.0,752.0,471.0,425.0,563.0,967.0,555.0,382.0,996.0,921.0,469.0,1127.0,662.0,859.0,503.0,546.0,542.0,847.0,665.0,986.0,387.0,358.0,468.0,962.0,466.0,519.0,886.0,425.0,845.0,606.0,000000000000000016d0,262.492365295407,F0119F03
877.0,1245.0,1407.0,702.0,847.0,1029.0,1066.0,896.0,764.0,1204.0,1178.0,1005.0,830.0,1223.0,867.0,1373.0,1224.0,1023.0,897.0,839.0,1254.0,825.0,847.0,1129.0,1116.0,848.0,767.0,743.0,1332.0,905.0,802.0,1445.0,1100.0,787.0,710.0,898.0,1264.0,890.0,718.0,1368.0,1215.0,791.0,1416.0,963.0,1177.0,817.0,866.0,877.0,1149.0,1012.0,1300.0,669.0,650.0,762.0,1300.0,818.0,862.0,1266.0,738.0,1159.0,937.0,000000000000000016d2,382.674308588129,F0120F01
530.0,907.0,996.0,414.0,525.0,702.0,709.0,555.0,469.0,870.0,837.0,625.0,530.0,854.0,534.0,1008.0,854.0,652.0,606.0,514.0,915.0,492.0,525.0,731.0,745.0,522.0,471.0,422.0,958.0,590.0,477.0,1067.0,723.0,482.0,428.0,569.0,919.0,561.0,408.0,949.0,865.0,485.0,1050.0,646.0,837.0,502.0,539.0,539.0,812.0,652.0,935.0,396.0,378.0,468.0,919.0,482.0,526.0,863.0,437.0,812.0,601.0,000000000000000016d3,103.072221118091,F0120R05
396.0,929.0,774.0,333.0,483.0,536.0,542.0,499.0,436.0,993.0,518.0,462.0,372.0,875.0,410.0,951.0,783.0,569.0,418.0,462.0,865.0,374.0,434.0,525.0,834.0,453.0,399.0,407.0,851.0,537.0,446.0,963.0,565.0,345.0,333.0,463.0,627.0,476.0,458.0,776.0,963.0,402.0,909.0,405.0,610.0,405.0,458.0,427.0,516.0,457.0,1052.0,360.0,325.0,440.0,1034.0,394.0,456.0,631.0,390.0,588.0,444.0,000000000000000016d4,24.2582517414412,F0201F02
224.0,285.0,400.0,172.0,323.0,443.0,390.0,304.0,234.0,394.0,273.0,299.0,193.0,637.0,239.0,449.0,193.0,320.0,236.0,259.0,287.0,234.0,235.0,272.0,367.0,334.0,193.0,206.0,279.0,251.0,244.0,300.0,266.0,184.0,153.0,271.0,467.0,271.0,238.0,303.0,376.0,284.0,577.0,193.0,423.0,228.0,258.0,263.0,313.0,234.0,210.0,179.0,159.0,233.0,358.0,187.0,267.0,505.0,190.0,363.0,244.0,000000000000000016d5,80.8217382867988,F0202F98
403.0,667.0,860.0,316.0,448.0,595.0,535.0,458.0,357.0,667.0,710.0,524.0,315.0,720.0,466.0,821.0,619.0,497.0,441.0,367.0,713.0,410.0,432.0,604.0,513.0,451.0,370.0,346.0,839.0,399.0,388.0,851.0,580.0,399.0,303.0,437.0,757.0,418.0,326.0,824.0,652.0,407.0,743.0,427.0,606.0,399.0,448.0,437.0,655.0,474.0,686.0,268.0,268.0,316.0,679.0,338.0,435.0,684.0,352.0,666.0,507.0,000000000000000016d6,183.411545865679,F0202R01
594.0,890.0,983.0,479.0,614.0,755.0,733.0,615.0,519.0,819.0,845.0,695.0,555.0,824.0,601.0,1012.0,825.0,687.0,614.0,563.0,909.0,576.0,576.0,771.0,729.0,574.0,515.0,511.0,983.0,607.0,550.0,1031.0,747.0,542.0,477.0,611.0,913.0,603.0,484.0,954.0,862.0,544.0,1001.0,660.0,820.0,551.0,608.0,612.0,819.0,679.0,902.0,445.0,437.0,499.0,902.0,547.0,598.0,874.0,500.0,824.0,650.0,000000000000000016d7,153.458125385171,F0202R10
288.0,406.0,486.0,228.0,391.0,507.0,460.0,371.0,292.0,493.0,379.0,364.0,262.0,693.0,304.0,549.0,308.0,391.0,321.0,324.0,408.0,292.0,302.0,346.0,456.0,397.0,258.0,263.0,402.0,336.0,301.0,413.0,341.0,247.0,207.0,335.0,543.0,335.0,302.0,404.0,484.0,342.0,656.0,282.0,505.0,294.0,317.0,323.0,412.0,311.0,335.0,234.0,217.0,299.0,461.0,252.0,324.0,564.0,253.0,454.0,311.0,000000000000000016d8,17.4230914311445,F0202R12
550.0,1137.0,957.0,416.0,670.0,728.0,737.0,694.0,588.0,1180.0,706.0,656.0,507.0,1099.0,563.0,1153.0,973.0,761.0,555.0,656.0,1039.0,491.0,600.0,694.0,1043.0,643.0,544.0,550.0,1029.0,744.0,635.0,1133.0,754.0,462.0,438.0,643.0,865.0,665.0,644.0,957.0,1184.0,551.0,1055.0,536.0,836.0,540.0,628.0,578.0,700.0,582.0,1259.0,474.0,426.0,606.0,1231.0,550.0,653.0,859.0,535.0,809.0,622.0,000000000000000016d9,17.4918394524173,F0207R01
497.0,1113.0,943.0,405.0,596.0,645.0,650.0,618.0,541.0,1190.0,626.0,588.0,453.0,1065.0,514.0,1141.0,953.0,699.0,497.0,588.0,1036.0,463.0,536.0,644.0,1011.0,572.0,489.0,507.0,1019.0,650.0,565.0,1153.0,697.0,428.0,412.0,573.0,765.0,585.0,574.0,944.0,1158.0,504.0,1078.0,482.0,744.0,497.0,575.0,539.0,622.0,556.0,1269.0,449.0,400.0,543.0,1239.0,497.0,575.0,782.0,486.0,715.0,552.0,000000000000000016da,49.8777117702196,F0207R99
406.0,672.0,776.0,320.0,428.0,576.0,533.0,445.0,357.0,612.0,682.0,503.0,388.0,615.0,447.0,789.0,599.0,488.0,453.0,377.0,708.0,402.0,428.0,575.0,523.0,396.0,376.0,350.0,807.0,431.0,379.0,799.0,552.0,394.0,312.0,436.0,722.0,420.0,333.0,750.0,663.0,385.0,756.0,480.0,611.0,399.0,434.0,437.0,645.0,472.0,673.0,282.0,287.0,340.0,665.0,354.0,419.0,653.0,356.0,653.0,492.0,000000000000000016dc,149.460461026839,F0211R01
416.0,683.0,837.0,322.0,441.0,597.0,549.0,464.0,364.0,636.0,717.0,531.0,377.0,651.0,469.0,822.0,621.0,503.0,460.0,380.0,726.0,416.0,440.0,606.0,527.0,411.0,382.0,356.0,843.0,419.0,389.0,847.0,580.0,406.0,314.0,446.0,758.0,427.0,334.0,807.0,672.0,400.0,788.0,483.0,623.0,409.0,459.0,454.0,666.0,484.0,696.0,279.0,280.0,331.0,686.0,354.0,439.0,695.0,361.0,676.0,514.0,000000000000000016dd,138.035422255519,F0211R02
416.0,683.0,837.0,322.0,441.0,597.0,549.0,464.0,364.0,636.0,717.0,531.0,377.0,651.0,469.0,822.0,621.0,503.0,460.0,380.0,726.0,416.0,440.0,606.0,527.0,411.0,382.0,356.0,843.0,419.0,389.0,847.0,580.0,406.0,314.0,446.0,758.0,427.0,334.0,807.0,672.0,400.0,788.0,483.0,623.0,409.0,459.0,454.0,666.0,484.0,696.0,279.0,280.0,331.0,686.0,354.0,439.0,695.0,361.0,676.0,514.0,000000000000000016de,82.5769842447096,F0211R03
416.0,683.0,837.0,322.0,441.0,597.0,549.0,464.0,364.0,636.0,717.0,531.0,377.0,651.0,469.0,822.0,621.0,503.0,460.0,380.0,726.0,416.0,440.0,606.0,527.0,411.0,382.0,356.0,843.0,419.0,389.0,847.0,580.0,406.0,314.0,446.0,758.0,427.0,334.0,807.0,672.0,400.0,788.0,483.0,623.0,409.0,459.0,454.0,666.0,484.0,696.0,279.0,280.0,331.0,686.0,354.0,439.0,695.0,361.0,676.0,514.0,000000000000000016df,136.033263933491,F0211R05
430.0,704.0,897.0,332.0,470.0,623.0,567.0,484.0,377.0,690.0,748.0,554.0,352.0,737.0,489.0,859.0,653.0,527.0,469.0,392.0,752.0,432.0,462.0,636.0,547.0,463.0,396.0,368.0,883.0,424.0,408.0,892.0,612.0,422.0,324.0,463.0,794.0,442.0,346.0,862.0,692.0,425.0,793.0,468.0,642.0,425.0,477.0,463.0,690.0,506.0,724.0,286.0,288.0,338.0,713.0,364.0,457.0,724.0,374.0,701.0,536.0,000000000000000016e0,217.72920286061,F0211R08
1042.0,1382.0,1445.0,867.0,1132.0,1280.0,1241.0,1134.0,1028.0,1334.0,1234.0,1171.0,971.0,1632.0,1032.0,1453.0,1378.0,1257.0,1015.0,1094.0,1304.0,941.0,989.0,1227.0,1438.0,1231.0,958.0,973.0,1319.0,1118.0,1025.0,1414.0,1245.0,950.0,838.0,1126.0,1362.0,1128.0,1038.0,1422.0,1403.0,1047.0,1610.0,1043.0,1346.0,969.0,1023.0,1016.0,1214.0,1150.0,1375.0,868.0,869.0,996.0,1488.0,989.0,1068.0,1459.0,983.0,1263.0,1084.0,000000000000000016e1,247.889208355174,F0213R01
592.0,1198.0,1016.0,476.0,718.0,773.0,783.0,737.0,627.0,1245.0,747.0,692.0,546.0,1153.0,608.0,1218.0,1038.0,804.0,607.0,686.0,1095.0,538.0,640.0,742.0,1105.0,676.0,598.0,580.0,1088.0,777.0,664.0,1208.0,798.0,511.0,476.0,681.0,892.0,695.0,680.0,1013.0,1227.0,595.0,1152.0,594.0,865.0,598.0,656.0,604.0,743.0,648.0,1319.0,518.0,487.0,635.0,1307.0,585.0,674.0,888.0,579.0,831.0,653.0,000000000000000016e2,40.9879231352147,F0213R02
295.0,667.0,527.0,246.0,396.0,509.0,506.0,435.0,342.0,528.0,432.0,365.0,298.0,682.0,318.0,719.0,540.0,455.0,326.0,360.0,554.0,288.0,335.0,406.0,616.0,389.0,316.0,299.0,532.0,454.0,353.0,539.0,435.0,259.0,229.0,426.0,583.0,443.0,372.0,483.0,603.0,329.0,628.0,320.0,594.0,316.0,334.0,311.0,443.0,356.0,561.0,260.0,248.0,359.0,644.0,287.0,377.0,503.0,303.0,493.0,374.0,000000000000000016e3,111.425823230349,F0214R01
413.0,687.0,806.0,316.0,473.0,617.0,581.0,491.0,381.0,674.0,681.0,522.0,332.0,758.0,461.0,859.0,601.0,523.0,454.0,399.0,720.0,423.0,443.0,577.0,566.0,476.0,373.0,350.0,804.0,426.0,394.0,810.0,596.0,391.0,298.0,446.0,742.0,441.0,368.0,757.0,619.0,411.0,743.0,401.0,641.0,401.0,455.0,450.0,645.0,470.0,655.0,286.0,292.0,350.0,703.0,354.0,445.0,710.0,362.0,649.0,486.0,000000000000000016e4,219.078175277485,F0220F01
383.0,645.0,766.0,294.0,434.0,573.0,534.0,449.0,348.0,630.0,653.0,485.0,309.0,698.0,429.0,799.0,569.0,482.0,426.0,364.0,680.0,389.0,412.0,545.0,519.0,436.0,349.0,325.0,770.0,395.0,367.0,770.0,551.0,366.0,283.0,416.0,706.0,407.0,331.0,725.0,598.0,384.0,696.0,388.0,599.0,375.0,422.0,413.0,614.0,443.0,625.0,265.0,267.0,322.0,652.0,327.0,413.0,653.0,335.0,620.0,460.0,000000000000000016e5,55.2311872579386,F0220R01
333.0,707.0,709.0,257.0,373.0,512.0,484.0,419.0,332.0,661.0,553.0,451.0,335.0,676.0,365.0,781.0,606.0,465.0,418.0,397.0,710.0,306.0,383.0,501.0,566.0,381.0,349.0,315.0,724.0,425.0,348.0,799.0,519.0,297.0,260.0,406.0,595.0,404.0,325.0,699.0,719.0,327.0,658.0,378.0,521.0,341.0,383.0,340.0,521.0,383.0,811.0,268.0,227.0,380.0,732.0,320.0,375.0,556.0,309.0,559.0,458.0,000000000000000016e6,18.1781254620377,F0301F01
320.0,467.0,574.0,245.0,462.0,598.0,546.0,441.0,334.0,577.0,423.0,421.0,285.0,831.0,354.0,652.0,337.0,450.0,354.0,366.0,466.0,334.0,350.0,392.0,538.0,459.0,290.0,294.0,455.0,375.0,343.0,483.0,397.0,276.0,220.0,383.0,632.0,386.0,349.0,466.0,549.0,390.0,748.0,299.0,578.0,330.0,370.0,373.0,460.0,340.0,379.0,253.0,239.0,333.0,539.0,271.0,377.0,673.0,289.0,514.0,355.0,000000000000000016e7,29.9300939895503,F0301F03
299.0,496.0,562.0,226.0,437.0,598.0,553.0,435.0,326.0,539.0,376.0,405.0,255.0,871.0,335.0,691.0,357.0,438.0,294.0,359.0,442.0,307.0,328.0,368.0,569.0,441.0,273.0,284.0,415.0,357.0,331.0,458.0,394.0,255.0,201.0,378.0,632.0,388.0,343.0,450.0,551.0,362.0,729.0,245.0,604.0,307.0,347.0,351.0,402.0,308.0,372.0,241.0,218.0,315.0,571.0,252.0,366.0,668.0,278.0,481.0,338.0,000000000000000016e8,33.6784777307912,F0301F04
378.0,582.0,690.0,282.0,516.0,661.0,622.0,521.0,388.0,664.0,506.0,495.0,319.0,928.0,425.0,794.0,445.0,523.0,408.0,433.0,577.0,388.0,419.0,467.0,642.0,519.0,344.0,342.0,568.0,430.0,397.0,605.0,496.0,329.0,257.0,443.0,726.0,451.0,415.0,574.0,620.0,431.0,812.0,333.0,665.0,386.0,431.0,432.0,535.0,396.0,494.0,297.0,284.0,388.0,661.0,325.0,441.0,746.0,346.0,595.0,420.0,000000000000000016e9,39.6995196601858,F0301F05
454.0,664.0,819.0,355.0,472.0,614.0,573.0,503.0,393.0,642.0,742.0,584.0,452.0,629.0,529.0,795.0,594.0,515.0,533.0,414.0,718.0,449.0,496.0,616.0,509.0,424.0,457.0,383.0,836.0,466.0,420.0,823.0,601.0,461.0,351.0,485.0,761.0,464.0,354.0,784.0,664.0,431.0,792.0,536.0,620.0,457.0,491.0,484.0,701.0,482.0,679.0,308.0,322.0,391.0,643.0,385.0,485.0,683.0,407.0,695.0,585.0,000000000000000016ea,37.5374285801573,F0301R01
382.0,606.0,710.0,294.0,389.0,541.0,511.0,414.0,327.0,539.0,677.0,487.0,381.0,519.0,417.0,731.0,519.0,439.0,450.0,350.0,653.0,377.0,406.0,525.0,440.0,358.0,354.0,311.0,769.0,414.0,353.0,758.0,514.0,360.0,286.0,422.0,703.0,398.0,287.0,684.0,605.0,362.0,707.0,473.0,581.0,364.0,419.0,414.0,633.0,423.0,604.0,250.0,255.0,321.0,594.0,323.0,405.0,601.0,320.0,642.0,492.0,000000000000000016eb,56.8297685469596,F0301R02
383.0,584.0,857.0,316.0,434.0,589.0,486.0,443.0,361.0,544.0,653.0,530.0,348.0,737.0,475.0,753.0,553.0,474.0,411.0,338.0,660.0,417.0,431.0,615.0,432.0,438.0,384.0,350.0,792.0,341.0,368.0,830.0,589.0,406.0,290.0,411.0,680.0,387.0,292.0,816.0,582.0,406.0,668.0,397.0,495.0,396.0,461.0,422.0,601.0,436.0,638.0,245.0,258.0,290.0,590.0,304.0,436.0,712.0,349.0,587.0,520.0,000000000000000016ec,14.6653397091376,F0301R04
430.0,675.0,763.0,338.0,561.0,695.0,646.0,556.0,435.0,745.0,612.0,548.0,386.0,912.0,484.0,836.0,552.0,571.0,488.0,464.0,679.0,445.0,477.0,547.0,666.0,556.0,408.0,393.0,703.0,497.0,439.0,728.0,561.0,398.0,311.0,491.0,758.0,493.0,448.0,681.0,711.0,478.0,850.0,439.0,689.0,440.0,495.0,487.0,623.0,465.0,619.0,334.0,332.0,432.0,727.0,375.0,484.0,770.0,400.0,660.0,489.0,000000000000000016ed,3.71651816969968,F0301R06
461.0,729.0,921.0,377.0,520.0,658.0,574.0,524.0,417.0,740.0,763.0,600.0,387.0,816.0,555.0,864.0,678.0,568.0,510.0,422.0,786.0,478.0,516.0,672.0,578.0,523.0,456.0,407.0,919.0,454.0,437.0,935.0,652.0,483.0,358.0,494.0,785.0,465.0,379.0,897.0,731.0,468.0,818.0,483.0,633.0,464.0,518.0,494.0,709.0,526.0,769.0,318.0,339.0,383.0,747.0,392.0,489.0,749.0,431.0,709.0,578.0,000000000000000016ee,25.640893092541,F0301R07
324.0,394.0,576.0,245.0,483.0,630.0,556.0,450.0,338.0,559.0,379.0,439.0,274.0,920.0,355.0,621.0,270.0,457.0,330.0,377.0,397.0,338.0,347.0,386.0,527.0,489.0,283.0,296.0,385.0,352.0,352.0,425.0,380.0,271.0,218.0,387.0,650.0,387.0,352.0,435.0,521.0,413.0,814.0,270.0,586.0,334.0,375.0,381.0,433.0,329.0,294.0,254.0,231.0,329.0,503.0,268.0,387.0,731.0,281.0,502.0,347.0,000000000000000016ef,32.2324089952772,F0301R08
410.0,724.0,749.0,315.0,503.0,638.0,648.0,559.0,428.0,734.0,575.0,523.0,351.0,851.0,455.0,897.0,590.0,562.0,459.0,473.0,696.0,416.0,461.0,521.0,719.0,513.0,388.0,380.0,693.0,491.0,437.0,727.0,569.0,361.0,295.0,483.0,743.0,499.0,458.0,667.0,697.0,427.0,740.0,373.0,702.0,414.0,469.0,462.0,587.0,437.0,667.0,334.0,316.0,438.0,782.0,369.0,480.0,698.0,385.0,643.0,468.0,000000000000000016f0,16.0371219931198,F0301R09
378.0,582.0,690.0,282.0,516.0,661.0,622.0,521.0,388.0,664.0,506.0,495.0,319.0,928.0,425.0,794.0,445.0,523.0,408.0,433.0,577.0,388.0,419.0,467.0,642.0,519.0,344.0,342.0,568.0,430.0,397.0,605.0,496.0,329.0,257.0,443.0,726.0,451.0,415.0,574.0,620.0,431.0,812.0,333.0,665.0,386.0,431.0,432.0,535.0,396.0,494.0,297.0,284.0,388.0,661.0,325.0,441.0,746.0,346.0,595.0,420.0,000000000000000016f1,22.2409831491196,F0301R10
481.0,712.0,872.0,377.0,501.0,665.0,613.0,524.0,419.0,667.0,794.0,621.0,471.0,666.0,555.0,845.0,640.0,558.0,571.0,441.0,772.0,482.0,524.0,658.0,553.0,451.0,471.0,408.0,903.0,507.0,445.0,886.0,648.0,481.0,370.0,511.0,813.0,491.0,377.0,841.0,712.0,456.0,843.0,581.0,669.0,471.0,525.0,525.0,746.0,518.0,722.0,327.0,345.0,411.0,697.0,410.0,510.0,735.0,429.0,746.0,612.0,000000000000000016f2,46.7550429788859,F0301R11
481.0,762.0,865.0,368.0,480.0,661.0,633.0,509.0,405.0,691.0,816.0,599.0,479.0,664.0,509.0,894.0,664.0,557.0,557.0,445.0,808.0,460.0,493.0,657.0,569.0,454.0,436.0,386.0,935.0,518.0,437.0,926.0,639.0,446.0,361.0,526.0,852.0,498.0,367.0,836.0,754.0,446.0,885.0,594.0,719.0,452.0,506.0,506.0,768.0,539.0,770.0,323.0,330.0,413.0,752.0,416.0,494.0,748.0,402.0,777.0,599.0,000000000000000016f3,31.6189128562816,F0301R13
333.0,707.0,709.0,257.0,373.0,512.0,484.0,419.0,332.0,661.0,553.0,451.0,335.0,676.0,365.0,781.0,606.0,465.0,418.0,397.0,710.0,306.0,383.0,501.0,566.0,381.0,349.0,315.0,724.0,425.0,348.0,799.0,519.0,297.0,260.0,406.0,595.0,404.0,325.0,699.0,719.0,327.0,658.0,378.0,521.0,341.0,383.0,340.0,521.0,383.0,811.0,268.0,227.0,380.0,732.0,320.0,375.0,556.0,309.0,559.0,458.0,000000000000000016f4,17.2808912881245,F0302F02
442.0,687.0,800.0,345.0,440.0,604.0,584.0,476.0,382.0,604.0,750.0,557.0,434.0,598.0,475.0,820.0,598.0,499.0,505.0,407.0,729.0,436.0,450.0,597.0,502.0,415.0,395.0,363.0,847.0,466.0,407.0,832.0,572.0,413.0,333.0,481.0,787.0,458.0,340.0,771.0,677.0,417.0,793.0,545.0,653.0,422.0,481.0,481.0,701.0,481.0,683.0,296.0,288.0,368.0,672.0,380.0,463.0,687.0,368.0,711.0,548.0,000000000000000016f5,40.9066456229568,F0302F04
324.0,638.0,704.0,257.0,370.0,504.0,450.0,382.0,311.0,643.0,540.0,435.0,339.0,669.0,369.0,718.0,520.0,439.0,407.0,340.0,683.0,320.0,363.0,500.0,469.0,364.0,344.0,292.0,711.0,354.0,323.0,757.0,509.0,314.0,258.0,362.0,558.0,360.0,266.0,666.0,630.0,335.0,666.0,387.0,454.0,333.0,368.0,344.0,505.0,388.0,688.0,245.0,223.0,325.0,628.0,285.0,365.0,571.0,300.0,505.0,445.0,000000000000000016f6,16.248339324043,F0302F05
338.0,534.0,716.0,272.0,363.0,494.0,441.0,386.0,310.0,499.0,595.0,460.0,346.0,553.0,408.0,667.0,473.0,414.0,400.0,301.0,585.0,359.0,377.0,518.0,382.0,336.0,348.0,301.0,698.0,326.0,319.0,705.0,503.0,350.0,261.0,375.0,616.0,351.0,253.0,674.0,524.0,341.0,691.0,400.0,467.0,348.0,398.0,379.0,554.0,384.0,562.0,222.0,224.0,277.0,523.0,272.0,377.0,591.0,301.0,544.0,464.0,000000000000000016f7,13.0546577472627,F0302F06
434.0,672.0,800.0,342.0,432.0,585.0,566.0,469.0,379.0,590.0,733.0,551.0,420.0,593.0,475.0,812.0,593.0,491.0,484.0,398.0,715.0,435.0,450.0,592.0,495.0,407.0,387.0,370.0,834.0,444.0,410.0,823.0,564.0,411.0,327.0,468.0,773.0,449.0,338.0,770.0,661.0,411.0,783.0,525.0,645.0,414.0,480.0,481.0,684.0,472.0,672.0,290.0,284.0,353.0,662.0,371.0,457.0,684.0,365.0,694.0,534.0,000000000000000016f8,210.870719596696,F0302F08
324.0,682.0,718.0,261.0,335.0,509.0,486.0,347.0,283.0,679.0,627.0,411.0,379.0,594.0,342.0,738.0,514.0,447.0,490.0,324.0,700.0,290.0,362.0,506.0,481.0,309.0,376.0,261.0,773.0,397.0,288.0,778.0,519.0,313.0,273.0,358.0,627.0,358.0,222.0,655.0,668.0,295.0,788.0,447.0,526.0,347.0,312.0,311.0,605.0,426.0,668.0,251.0,236.0,350.0,613.0,284.0,329.0,522.0,295.0,584.0,457.0,000000000000000016f9,105.429247285629,F0302F09
340.0,482.0,655.0,262.0,461.0,596.0,526.0,435.0,338.0,579.0,490.0,458.0,282.0,822.0,378.0,662.0,387.0,454.0,359.0,363.0,503.0,353.0,370.0,449.0,503.0,469.0,308.0,305.0,545.0,356.0,352.0,569.0,441.0,305.0,240.0,389.0,655.0,381.0,332.0,562.0,553.0,404.0,769.0,318.0,566.0,344.0,395.0,388.0,501.0,364.0,433.0,248.0,235.0,313.0,547.0,283.0,391.0,696.0,297.0,540.0,390.0,000000000000000016fa,47.1068992467132,F0302F10
318.0,489.0,569.0,251.0,442.0,563.0,507.0,415.0,326.0,578.0,459.0,409.0,290.0,746.0,352.0,630.0,374.0,432.0,367.0,347.0,495.0,332.0,349.0,403.0,504.0,436.0,298.0,293.0,509.0,377.0,331.0,523.0,398.0,288.0,228.0,372.0,603.0,369.0,330.0,493.0,556.0,378.0,707.0,332.0,546.0,325.0,368.0,366.0,479.0,347.0,425.0,247.0,242.0,323.0,534.0,273.0,361.0,620.0,289.0,512.0,359.0,000000000000000016fb,23.2916642146249,F0302F11
350.0,774.0,713.0,266.0,445.0,558.0,525.0,472.0,373.0,771.0,540.0,468.0,367.0,764.0,378.0,837.0,652.0,507.0,424.0,445.0,736.0,313.0,400.0,496.0,657.0,442.0,361.0,347.0,742.0,483.0,404.0,813.0,529.0,297.0,274.0,452.0,623.0,453.0,392.0,693.0,825.0,374.0,727.0,389.0,581.0,358.0,412.0,385.0,523.0,394.0,857.0,300.0,242.0,421.0,830.0,349.0,423.0,618.0,335.0,583.0,466.0,000000000000000016fc,4.80132490489956,F0302F12
408.0,637.0,752.0,320.0,403.0,552.0,533.0,437.0,355.0,558.0,693.0,518.0,395.0,558.0,442.0,770.0,558.0,461.0,457.0,374.0,678.0,407.0,419.0,556.0,466.0,383.0,360.0,346.0,790.0,420.0,384.0,778.0,530.0,383.0,306.0,440.0,731.0,422.0,315.0,724.0,627.0,384.0,740.0,495.0,609.0,386.0,450.0,450.0,647.0,444.0,635.0,271.0,264.0,332.0,625.0,349.0,428.0,643.0,341.0,656.0,502.0,000000000000000016fd,216.481041698678,F0302F14
364.0,577.0,702.0,300.0,381.0,514.0,485.0,406.0,334.0,556.0,627.0,470.0,366.0,543.0,423.0,689.0,514.0,439.0,441.0,331.0,629.0,378.0,398.0,531.0,437.0,341.0,364.0,326.0,715.0,387.0,338.0,712.0,514.0,372.0,279.0,399.0,644.0,382.0,286.0,676.0,569.0,348.0,689.0,450.0,524.0,372.0,412.0,411.0,593.0,414.0,591.0,245.0,261.0,315.0,559.0,306.0,389.0,590.0,329.0,584.0,475.0,000000000000000016fe,13.850027333665,F0302F16
338.0,546.0,656.0,278.0,355.0,482.0,455.0,378.0,310.0,522.0,592.0,436.0,341.0,509.0,390.0,651.0,482.0,409.0,414.0,308.0,594.0,351.0,370.0,494.0,411.0,318.0,338.0,302.0,676.0,364.0,314.0,669.0,479.0,343.0,259.0,372.0,608.0,356.0,265.0,632.0,539.0,323.0,642.0,422.0,495.0,346.0,382.0,380.0,559.0,386.0,556.0,227.0,242.0,294.0,526.0,285.0,361.0,549.0,304.0,551.0,442.0,000000000000000016ff,11.7849636322618,F0302F17
333.0,728.0,727.0,259.0,379.0,521.0,485.0,424.0,332.0,677.0,567.0,458.0,348.0,691.0,365.0,800.0,638.0,469.0,420.0,409.0,731.0,299.0,388.0,512.0,585.0,393.0,353.0,322.0,741.0,442.0,352.0,830.0,522.0,295.0,263.0,421.0,612.0,413.0,334.0,732.0,759.0,327.0,669.0,382.0,537.0,344.0,387.0,335.0,531.0,384.0,863.0,271.0,223.0,393.0,761.0,330.0,373.0,565.0,311.0,582.0,471.0,00000000000000001700,11.8005594405624,F0302F18
333.0,728.0,727.0,259.0,379.0,521.0,485.0,424.0,332.0,677.0,567.0,458.0,348.0,691.0,365.0,800.0,638.0,469.0,420.0,409.0,731.0,299.0,388.0,512.0,585.0,393.0,353.0,322.0,741.0,442.0,352.0,830.0,522.0,295.0,263.0,421.0,612.0,413.0,334.0,732.0,759.0,327.0,669.0,382.0,537.0,344.0,387.0,335.0,531.0,384.0,863.0,271.0,223.0,393.0,761.0,330.0,373.0,565.0,311.0,582.0,471.0,00000000000000001701,15.0569207322735,F0302F19
328.0,728.0,702.0,253.0,390.0,519.0,486.0,427.0,336.0,692.0,543.0,446.0,343.0,697.0,358.0,793.0,631.0,469.0,408.0,410.0,713.0,292.0,379.0,491.0,599.0,398.0,343.0,321.0,721.0,448.0,360.0,803.0,509.0,286.0,258.0,420.0,601.0,415.0,347.0,700.0,768.0,333.0,670.0,373.0,541.0,336.0,383.0,341.0,515.0,375.0,844.0,273.0,223.0,391.0,770.0,327.0,379.0,567.0,310.0,570.0,454.0,00000000000000001702,13.820056322853,F0302F20
503.0,800.0,914.0,377.0,496.0,676.0,654.0,531.0,420.0,723.0,829.0,622.0,484.0,707.0,524.0,946.0,707.0,585.0,559.0,467.0,846.0,475.0,503.0,687.0,613.0,476.0,447.0,409.0,971.0,533.0,462.0,985.0,659.0,461.0,380.0,541.0,878.0,522.0,389.0,889.0,789.0,464.0,941.0,606.0,746.0,475.0,513.0,520.0,787.0,566.0,821.0,342.0,336.0,426.0,810.0,439.0,511.0,786.0,410.0,797.0,608.0,00000000000000001703,36.9720227895579,F0302R01
376.0,600.0,702.0,293.0,378.0,526.0,503.0,403.0,326.0,523.0,662.0,482.0,372.0,516.0,411.0,719.0,516.0,430.0,436.0,344.0,640.0,376.0,391.0,517.0,428.0,352.0,337.0,310.0,758.0,399.0,349.0,736.0,505.0,354.0,281.0,414.0,689.0,389.0,282.0,675.0,591.0,358.0,698.0,471.0,573.0,357.0,417.0,417.0,618.0,413.0,596.0,247.0,246.0,312.0,578.0,320.0,400.0,603.0,314.0,627.0,483.0,00000000000000001704,47.3359024157291,F0302R02
487.0,766.0,907.0,405.0,519.0,674.0,622.0,543.0,444.0,695.0,795.0,616.0,468.0,781.0,573.0,890.0,699.0,589.0,557.0,451.0,816.0,503.0,534.0,682.0,622.0,506.0,477.0,434.0,930.0,508.0,459.0,938.0,663.0,504.0,383.0,514.0,814.0,487.0,406.0,889.0,768.0,476.0,859.0,576.0,684.0,486.0,542.0,513.0,749.0,552.0,792.0,337.0,367.0,413.0,774.0,423.0,508.0,764.0,448.0,749.0,589.0,00000000000000001705,9.12569423609016,F0304P03
489.0,767.0,1013.0,396.0,564.0,700.0,616.0,561.0,441.0,773.0,817.0,645.0,392.0,888.0,584.0,936.0,724.0,609.0,527.0,445.0,831.0,508.0,549.0,730.0,618.0,558.0,479.0,429.0,988.0,464.0,465.0,1007.0,706.0,512.0,376.0,521.0,843.0,495.0,398.0,986.0,766.0,496.0,893.0,499.0,666.0,492.0,553.0,528.0,754.0,561.0,809.0,322.0,351.0,391.0,785.0,411.0,529.0,821.0,443.0,754.0,616.0,00000000000000001706,20.9619813542812,F0304R02
411.0,719.0,746.0,317.0,506.0,643.0,652.0,558.0,429.0,741.0,571.0,524.0,356.0,855.0,452.0,888.0,586.0,564.0,463.0,475.0,690.0,415.0,458.0,520.0,722.0,517.0,388.0,381.0,685.0,497.0,442.0,720.0,563.0,360.0,299.0,487.0,741.0,500.0,459.0,663.0,705.0,433.0,746.0,378.0,702.0,415.0,468.0,462.0,587.0,439.0,664.0,338.0,315.0,441.0,781.0,371.0,484.0,701.0,384.0,644.0,468.0,00000000000000001707,36.573083392601,F0304R03
352.0,664.0,768.0,283.0,406.0,546.0,477.0,407.0,336.0,690.0,580.0,471.0,374.0,728.0,407.0,752.0,538.0,471.0,439.0,353.0,728.0,357.0,392.0,548.0,476.0,394.0,378.0,314.0,762.0,360.0,347.0,806.0,554.0,350.0,283.0,382.0,591.0,379.0,271.0,718.0,649.0,372.0,724.0,425.0,468.0,363.0,400.0,380.0,542.0,427.0,704.0,261.0,242.0,336.0,643.0,300.0,398.0,633.0,326.0,528.0,485.0,00000000000000001708,24.1114589222074,F0305F01
539.0,879.0,957.0,417.0,537.0,703.0,705.0,576.0,461.0,780.0,869.0,654.0,510.0,758.0,566.0,1031.0,776.0,622.0,585.0,503.0,914.0,516.0,539.0,718.0,666.0,512.0,474.0,452.0,1019.0,566.0,500.0,1041.0,690.0,503.0,417.0,575.0,922.0,557.0,431.0,935.0,856.0,500.0,997.0,634.0,809.0,511.0,559.0,559.0,830.0,608.0,886.0,381.0,378.0,445.0,878.0,479.0,555.0,827.0,449.0,830.0,631.0,00000000000000001709,72.6070891188385,F0305F02
331.0,740.0,647.0,248.0,446.0,539.0,517.0,464.0,367.0,777.0,476.0,434.0,342.0,753.0,348.0,799.0,596.0,489.0,396.0,427.0,683.0,298.0,373.0,439.0,651.0,430.0,334.0,331.0,681.0,471.0,398.0,736.0,481.0,269.0,255.0,432.0,582.0,441.0,390.0,606.0,802.0,368.0,717.0,365.0,563.0,339.0,392.0,382.0,475.0,367.0,777.0,293.0,232.0,406.0,808.0,328.0,416.0,596.0,315.0,536.0,422.0,0000000000000000170b,55.5405593354932,F0305F06
292.0,599.0,508.0,250.0,411.0,513.0,494.0,415.0,349.0,577.0,421.0,363.0,292.0,672.0,317.0,658.0,468.0,411.0,338.0,352.0,527.0,287.0,318.0,363.0,560.0,395.0,299.0,310.0,512.0,410.0,342.0,522.0,387.0,262.0,228.0,380.0,536.0,388.0,357.0,468.0,630.0,342.0,630.0,331.0,542.0,305.0,338.0,341.0,427.0,322.0,521.0,258.0,237.0,329.0,621.0,271.0,360.0,532.0,298.0,472.0,339.0,0000000000000000170c,30.1722624130652,F0305F07
313.0,580.0,689.0,250.0,379.0,510.0,421.0,360.0,295.0,613.0,525.0,418.0,341.0,653.0,368.0,667.0,472.0,417.0,393.0,305.0,623.0,324.0,352.0,488.0,409.0,359.0,333.0,274.0,688.0,313.0,303.0,722.0,494.0,319.0,249.0,337.0,531.0,332.0,233.0,636.0,568.0,339.0,685.0,398.0,406.0,324.0,357.0,352.0,490.0,381.0,612.0,227.0,213.0,283.0,563.0,257.0,356.0,579.0,288.0,470.0,431.0,0000000000000000170d,41.0414104107977,F0305F08
507.0,764.0,937.0,404.0,514.0,684.0,660.0,557.0,449.0,681.0,836.0,647.0,496.0,690.0,561.0,918.0,690.0,576.0,565.0,464.0,813.0,516.0,533.0,696.0,573.0,475.0,459.0,431.0,955.0,518.0,481.0,954.0,670.0,484.0,387.0,553.0,876.0,525.0,392.0,901.0,751.0,488.0,907.0,613.0,727.0,492.0,568.0,572.0,779.0,554.0,776.0,341.0,331.0,416.0,763.0,432.0,545.0,808.0,430.0,791.0,639.0,0000000000000000170e,52.2287930946018,F0305F09
302.0,543.0,713.0,237.0,387.0,524.0,411.0,350.0,278.0,554.0,548.0,417.0,324.0,513.0,368.0,640.0,449.0,406.0,392.0,283.0,591.0,318.0,349.0,496.0,365.0,338.0,330.0,257.0,678.0,293.0,291.0,712.0,496.0,317.0,238.0,330.0,548.0,321.0,206.0,649.0,530.0,301.0,702.0,369.0,399.0,320.0,349.0,349.0,508.0,376.0,572.0,206.0,196.0,263.0,507.0,236.0,355.0,535.0,277.0,478.0,439.0,0000000000000000170f,59.3733673918421,F0305F13
321.0,481.0,586.0,241.0,454.0,592.0,548.0,445.0,332.0,578.0,426.0,423.0,276.0,834.0,358.0,675.0,350.0,451.0,350.0,369.0,478.0,332.0,352.0,393.0,549.0,455.0,289.0,291.0,464.0,371.0,340.0,496.0,408.0,276.0,217.0,381.0,641.0,386.0,353.0,475.0,546.0,379.0,738.0,287.0,586.0,330.0,367.0,370.0,461.0,338.0,391.0,252.0,239.0,332.0,555.0,273.0,376.0,666.0,292.0,518.0,355.0,00000000000000001710,22.4155176936803,F0305F15
354.0,551.0,757.0,277.0,434.0,570.0,502.0,424.0,331.0,588.0,582.0,474.0,271.0,763.0,409.0,718.0,491.0,453.0,373.0,342.0,589.0,368.0,389.0,517.0,473.0,447.0,324.0,311.0,691.0,346.0,345.0,709.0,504.0,340.0,255.0,395.0,678.0,374.0,312.0,692.0,572.0,388.0,727.0,340.0,551.0,357.0,411.0,393.0,553.0,401.0,542.0,239.0,241.0,291.0,590.0,291.0,393.0,678.0,311.0,578.0,441.0,00000000000000001711,14.1983356200401,F0305F16
351.0,779.0,652.0,267.0,477.0,548.0,534.0,483.0,395.0,816.0,487.0,442.0,355.0,778.0,365.0,814.0,640.0,511.0,395.0,441.0,701.0,313.0,391.0,452.0,696.0,450.0,355.0,359.0,703.0,507.0,430.0,757.0,502.0,289.0,276.0,454.0,602.0,464.0,422.0,624.0,838.0,390.0,733.0,373.0,587.0,355.0,413.0,406.0,486.0,383.0,821.0,309.0,256.0,416.0,848.0,350.0,446.0,613.0,342.0,554.0,431.0,00000000000000001712,20.5074000545071,F0305F18
517.0,817.0,898.0,403.0,510.0,688.0,677.0,546.0,447.0,723.0,833.0,630.0,497.0,708.0,548.0,954.0,708.0,588.0,575.0,482.0,859.0,501.0,520.0,683.0,625.0,491.0,457.0,439.0,976.0,554.0,480.0,958.0,658.0,485.0,399.0,551.0,881.0,533.0,414.0,875.0,806.0,480.0,918.0,622.0,757.0,492.0,536.0,545.0,795.0,570.0,811.0,363.0,361.0,442.0,801.0,456.0,526.0,772.0,433.0,805.0,615.0,00000000000000001713,65.7171331436914,F0305R01
411.0,660.0,752.0,322.0,411.0,547.0,534.0,444.0,362.0,571.0,684.0,515.0,396.0,575.0,452.0,786.0,575.0,478.0,446.0,379.0,699.0,411.0,419.0,567.0,496.0,387.0,370.0,354.0,806.0,428.0,388.0,786.0,545.0,395.0,315.0,439.0,729.0,422.0,329.0,734.0,650.0,389.0,750.0,490.0,611.0,395.0,444.0,452.0,648.0,461.0,652.0,283.0,280.0,337.0,643.0,355.0,429.0,654.0,354.0,657.0,498.0,00000000000000001714,33.8464700996441,F0305R02
330.0,716.0,679.0,245.0,387.0,528.0,499.0,433.0,339.0,715.0,514.0,445.0,336.0,710.0,346.0,797.0,593.0,474.0,421.0,414.0,704.0,300.0,379.0,464.0,613.0,395.0,335.0,304.0,698.0,442.0,357.0,778.0,506.0,275.0,252.0,405.0,585.0,414.0,347.0,655.0,725.0,328.0,698.0,378.0,542.0,340.0,375.0,331.0,500.0,374.0,803.0,283.0,227.0,404.0,768.0,322.0,381.0,565.0,303.0,538.0,431.0,00000000000000001715,43.7492750513279,F0305R03
375.0,567.0,756.0,288.0,478.0,615.0,552.0,468.0,359.0,619.0,581.0,498.0,296.0,827.0,425.0,758.0,487.0,489.0,394.0,378.0,599.0,390.0,412.0,522.0,525.0,484.0,339.0,328.0,672.0,379.0,373.0,694.0,526.0,349.0,266.0,420.0,706.0,410.0,349.0,675.0,577.0,416.0,772.0,343.0,598.0,377.0,431.0,422.0,567.0,415.0,528.0,264.0,260.0,325.0,617.0,312.0,424.0,732.0,329.0,593.0,448.0,00000000000000001716,47.0240759277726,F0305R04
446.0,953.0,1004.0,344.0,467.0,726.0,678.0,478.0,375.0,922.0,904.0,575.0,515.0,817.0,463.0,1042.0,695.0,615.0,684.0,446.0,985.0,386.0,498.0,702.0,647.0,437.0,519.0,344.0,1100.0,549.0,397.0,1072.0,719.0,430.0,375.0,485.0,904.0,485.0,288.0,908.0,933.0,408.0,1082.0,622.0,761.0,478.0,417.0,417.0,874.0,584.0,906.0,340.0,309.0,471.0,821.0,387.0,463.0,733.0,396.0,848.0,626.0,00000000000000001717,57.5328997353213,F0305R07
486.0,777.0,1010.0,382.0,556.0,702.0,635.0,571.0,438.0,782.0,813.0,633.0,375.0,869.0,571.0,966.0,727.0,601.0,514.0,449.0,827.0,500.0,526.0,717.0,619.0,551.0,449.0,417.0,959.0,470.0,469.0,986.0,701.0,484.0,361.0,521.0,873.0,503.0,410.0,961.0,737.0,493.0,871.0,483.0,708.0,485.0,543.0,533.0,754.0,561.0,790.0,327.0,331.0,381.0,804.0,407.0,531.0,832.0,432.0,765.0,595.0,00000000000000001718,5.66353404851309,F0305R08
301.0,445.0,543.0,233.0,417.0,538.0,482.0,390.0,306.0,537.0,430.0,394.0,266.0,725.0,328.0,592.0,339.0,408.0,337.0,330.0,452.0,312.0,325.0,383.0,474.0,420.0,274.0,274.0,466.0,347.0,317.0,486.0,374.0,266.0,214.0,348.0,580.0,346.0,307.0,467.0,515.0,364.0,689.0,302.0,520.0,301.0,347.0,345.0,450.0,325.0,389.0,229.0,221.0,295.0,497.0,255.0,348.0,607.0,266.0,485.0,335.0,00000000000000001719,6.27958998079242,F0306F01
288.0,504.0,516.0,226.0,356.0,462.0,469.0,384.0,298.0,551.0,408.0,365.0,260.0,594.0,308.0,623.0,387.0,397.0,342.0,330.0,489.0,293.0,318.0,361.0,502.0,360.0,270.0,266.0,480.0,361.0,304.0,503.0,375.0,249.0,207.0,346.0,539.0,350.0,314.0,454.0,525.0,301.0,538.0,274.0,510.0,293.0,330.0,323.0,430.0,313.0,461.0,231.0,216.0,317.0,547.0,257.0,328.0,489.0,261.0,473.0,328.0,0000000000000000171a,16.9122100860226,F0306F03
331.0,731.0,655.0,249.0,430.0,529.0,509.0,456.0,365.0,732.0,497.0,436.0,335.0,723.0,355.0,791.0,602.0,482.0,395.0,418.0,680.0,299.0,377.0,452.0,632.0,417.0,339.0,333.0,688.0,459.0,390.0,738.0,492.0,279.0,256.0,425.0,583.0,433.0,379.0,622.0,775.0,361.0,679.0,355.0,553.0,337.0,391.0,380.0,483.0,367.0,774.0,286.0,233.0,395.0,782.0,325.0,415.0,580.0,318.0,538.0,426.0,0000000000000000171b,558.618525154195,F0306F04
291.0,523.0,661.0,233.0,367.0,496.0,399.0,335.0,269.0,525.0,523.0,392.0,314.0,487.0,350.0,610.0,433.0,386.0,376.0,270.0,567.0,305.0,335.0,465.0,364.0,323.0,318.0,251.0,645.0,294.0,279.0,670.0,464.0,305.0,232.0,322.0,523.0,313.0,207.0,606.0,510.0,288.0,662.0,363.0,391.0,309.0,332.0,332.0,488.0,360.0,547.0,200.0,198.0,261.0,494.0,232.0,334.0,504.0,269.0,461.0,418.0,0000000000000000171c,31.5171818584951,F0306F05
283.0,479.0,493.0,224.0,353.0,454.0,461.0,374.0,292.0,546.0,389.0,357.0,260.0,578.0,296.0,590.0,362.0,386.0,338.0,325.0,464.0,287.0,308.0,345.0,488.0,355.0,264.0,262.0,451.0,358.0,297.0,475.0,350.0,242.0,203.0,339.0,522.0,340.0,306.0,431.0,524.0,296.0,528.0,272.0,498.0,288.0,323.0,317.0,416.0,305.0,439.0,226.0,211.0,312.0,526.0,252.0,317.0,475.0,253.0,461.0,316.0,0000000000000000171d,13.9224662140626,F0306F06
362.0,592.0,744.0,276.0,388.0,526.0,478.0,407.0,316.0,586.0,634.0,483.0,386.0,560.0,424.0,709.0,506.0,449.0,451.0,338.0,649.0,362.0,407.0,542.0,426.0,340.0,382.0,301.0,746.0,371.0,332.0,751.0,536.0,369.0,280.0,402.0,639.0,386.0,260.0,700.0,587.0,348.0,736.0,444.0,498.0,377.0,394.0,392.0,596.0,421.0,609.0,243.0,243.0,322.0,560.0,295.0,401.0,589.0,323.0,576.0,505.0,0000000000000000171e,50.0389218629932,F0306F07
354.0,774.0,654.0,268.0,457.0,536.0,531.0,473.0,389.0,809.0,488.0,441.0,345.0,765.0,364.0,809.0,638.0,512.0,395.0,439.0,707.0,316.0,391.0,458.0,696.0,436.0,354.0,355.0,702.0,507.0,421.0,768.0,502.0,291.0,278.0,447.0,604.0,457.0,416.0,634.0,825.0,376.0,734.0,377.0,584.0,356.0,411.0,389.0,488.0,386.0,837.0,309.0,261.0,417.0,846.0,352.0,436.0,600.0,340.0,557.0,428.0,0000000000000000171f,18.3345627127296,F0306F10
316.0,567.0,613.0,256.0,428.0,531.0,472.0,413.0,328.0,606.0,462.0,419.0,310.0,700.0,362.0,668.0,464.0,433.0,373.0,354.0,561.0,331.0,361.0,432.0,500.0,417.0,315.0,303.0,596.0,376.0,345.0,618.0,442.0,297.0,244.0,379.0,556.0,376.0,327.0,561.0,600.0,365.0,625.0,343.0,491.0,330.0,382.0,366.0,463.0,351.0,575.0,252.0,231.0,338.0,600.0,289.0,379.0,582.0,293.0,498.0,399.0,00000000000000001720,8.26664364231374,F0306F11
334.0,622.0,731.0,268.0,364.0,509.0,468.0,370.0,305.0,613.0,624.0,446.0,377.0,565.0,388.0,702.0,489.0,439.0,467.0,325.0,663.0,325.0,375.0,525.0,436.0,319.0,374.0,278.0,748.0,367.0,312.0,746.0,529.0,342.0,274.0,364.0,614.0,363.0,233.0,673.0,612.0,321.0,746.0,432.0,490.0,357.0,362.0,362.0,585.0,421.0,619.0,243.0,241.0,332.0,560.0,282.0,368.0,559.0,314.0,559.0,474.0,00000000000000001721,16.5618173682156,F0306F12
316.0,598.0,609.0,234.0,378.0,510.0,510.0,425.0,323.0,569.0,493.0,407.0,263.0,678.0,355.0,755.0,479.0,439.0,364.0,357.0,588.0,323.0,357.0,422.0,557.0,394.0,294.0,286.0,597.0,376.0,327.0,610.0,474.0,279.0,221.0,371.0,615.0,386.0,342.0,546.0,536.0,324.0,600.0,293.0,566.0,313.0,361.0,355.0,489.0,344.0,541.0,251.0,240.0,332.0,626.0,281.0,368.0,559.0,293.0,527.0,373.0,00000000000000001722,9.9240118027748,F0306F13
300.0,634.0,552.0,236.0,425.0,503.0,480.0,420.0,340.0,671.0,421.0,384.0,308.0,683.0,324.0,688.0,496.0,434.0,357.0,377.0,578.0,286.0,339.0,385.0,576.0,404.0,300.0,309.0,576.0,425.0,362.0,606.0,414.0,254.0,235.0,389.0,528.0,397.0,362.0,510.0,683.0,350.0,632.0,330.0,511.0,309.0,365.0,360.0,426.0,325.0,632.0,266.0,229.0,363.0,682.0,295.0,379.0,543.0,291.0,479.0,365.0,00000000000000001723,12.8850485523945,F0306F14
323.0,572.0,709.0,255.0,364.0,505.0,447.0,369.0,293.0,568.0,592.0,434.0,354.0,532.0,382.0,665.0,467.0,421.0,434.0,309.0,623.0,324.0,369.0,507.0,395.0,320.0,357.0,270.0,704.0,337.0,304.0,716.0,506.0,334.0,259.0,354.0,592.0,348.0,226.0,652.0,560.0,314.0,710.0,408.0,456.0,344.0,357.0,357.0,556.0,397.0,582.0,226.0,223.0,300.0,525.0,264.0,363.0,545.0,300.0,529.0,459.0,00000000000000001724,33.8451463949623,F0306F17
329.0,667.0,660.0,255.0,357.0,474.0,471.0,421.0,328.0,581.0,528.0,434.0,281.0,604.0,374.0,744.0,583.0,456.0,387.0,375.0,642.0,317.0,381.0,484.0,545.0,353.0,337.0,317.0,678.0,418.0,343.0,721.0,496.0,308.0,255.0,395.0,581.0,394.0,340.0,655.0,686.0,312.0,564.0,335.0,511.0,331.0,380.0,352.0,508.0,373.0,735.0,257.0,230.0,360.0,680.0,311.0,372.0,515.0,314.0,547.0,435.0,00000000000000001725,121.451416646658,F0306F19
312.0,657.0,680.0,242.0,352.0,487.0,451.0,384.0,305.0,630.0,525.0,422.0,324.0,647.0,347.0,729.0,555.0,432.0,396.0,358.0,678.0,291.0,356.0,477.0,511.0,357.0,329.0,290.0,692.0,385.0,321.0,757.0,489.0,286.0,245.0,375.0,557.0,372.0,289.0,665.0,666.0,311.0,632.0,364.0,477.0,320.0,356.0,319.0,493.0,365.0,744.0,245.0,212.0,347.0,669.0,293.0,349.0,534.0,290.0,519.0,436.0,00000000000000001726,18.7291591844733,F0306F20
370.0,759.0,800.0,292.0,418.0,566.0,520.0,453.0,363.0,736.0,613.0,503.0,388.0,763.0,414.0,839.0,647.0,509.0,462.0,423.0,791.0,347.0,422.0,569.0,590.0,424.0,394.0,346.0,802.0,443.0,383.0,879.0,579.0,343.0,296.0,439.0,648.0,434.0,338.0,783.0,771.0,373.0,734.0,426.0,553.0,381.0,425.0,377.0,574.0,433.0,860.0,293.0,252.0,407.0,768.0,349.0,416.0,638.0,346.0,603.0,515.0,00000000000000001727,15.506317763217,F0306F22
417.0,624.0,772.0,332.0,433.0,576.0,530.0,461.0,368.0,590.0,696.0,540.0,411.0,588.0,494.0,743.0,560.0,487.0,492.0,381.0,678.0,425.0,461.0,576.0,486.0,390.0,414.0,359.0,794.0,436.0,388.0,778.0,567.0,427.0,320.0,448.0,714.0,429.0,332.0,745.0,624.0,397.0,747.0,502.0,582.0,414.0,462.0,462.0,652.0,451.0,633.0,282.0,303.0,356.0,615.0,354.0,445.0,638.0,380.0,652.0,539.0,00000000000000001728,10.1814620619891,F0306R04
496.0,770.0,896.0,400.0,510.0,657.0,634.0,545.0,441.0,704.0,808.0,622.0,482.0,691.0,563.0,891.0,691.0,573.0,557.0,458.0,810.0,502.0,527.0,676.0,593.0,467.0,460.0,422.0,931.0,517.0,462.0,922.0,656.0,491.0,379.0,532.0,837.0,502.0,403.0,867.0,759.0,471.0,879.0,581.0,712.0,490.0,553.0,553.0,760.0,554.0,773.0,339.0,356.0,414.0,759.0,429.0,521.0,771.0,440.0,770.0,611.0,00000000000000001729,13.610781173162,F0306R05
399.0,715.0,742.0,302.0,480.0,618.0,630.0,544.0,413.0,711.0,572.0,510.0,334.0,824.0,445.0,893.0,586.0,546.0,448.0,457.0,693.0,406.0,451.0,513.0,700.0,494.0,376.0,366.0,695.0,472.0,420.0,728.0,568.0,351.0,284.0,467.0,730.0,484.0,441.0,663.0,666.0,408.0,716.0,358.0,683.0,401.0,456.0,448.0,578.0,426.0,663.0,322.0,305.0,422.0,770.0,358.0,466.0,677.0,373.0,631.0,460.0,0000000000000000172a,0.785019993047846,F0306R06
482.0,755.0,870.0,374.0,486.0,659.0,633.0,519.0,413.0,676.0,816.0,605.0,479.0,660.0,516.0,888.0,660.0,553.0,556.0,444.0,799.0,471.0,504.0,658.0,559.0,454.0,437.0,393.0,928.0,515.0,441.0,920.0,638.0,451.0,361.0,529.0,851.0,499.0,371.0,840.0,744.0,451.0,877.0,597.0,714.0,457.0,520.0,520.0,765.0,534.0,756.0,321.0,328.0,409.0,740.0,416.0,501.0,753.0,404.0,775.0,604.0,0000000000000000172b,25.3560974939207,F0306R08
556.0,890.0,988.0,430.0,556.0,732.0,725.0,595.0,478.0,797.0,901.0,679.0,534.0,777.0,589.0,1046.0,786.0,644.0,608.0,518.0,933.0,535.0,561.0,748.0,683.0,527.0,494.0,468.0,1053.0,588.0,519.0,1067.0,719.0,522.0,430.0,598.0,954.0,578.0,445.0,965.0,873.0,519.0,1022.0,660.0,826.0,532.0,578.0,583.0,858.0,627.0,901.0,391.0,387.0,469.0,892.0,489.0,572.0,854.0,464.0,864.0,663.0,0000000000000000172c,613.612148175399,F0307P01
503.0,802.0,908.0,380.0,496.0,676.0,653.0,532.0,422.0,727.0,830.0,620.0,485.0,707.0,526.0,943.0,707.0,584.0,561.0,467.0,846.0,476.0,504.0,685.0,614.0,476.0,449.0,409.0,969.0,534.0,461.0,985.0,657.0,464.0,381.0,541.0,877.0,522.0,392.0,885.0,791.0,465.0,942.0,607.0,747.0,477.0,515.0,521.0,787.0,566.0,824.0,344.0,339.0,428.0,813.0,440.0,511.0,781.0,413.0,797.0,607.0,0000000000000000172d,17.6447781743873,F0307R01
485.0,769.0,905.0,402.0,515.0,667.0,617.0,542.0,441.0,688.0,793.0,613.0,467.0,785.0,571.0,894.0,698.0,587.0,552.0,449.0,819.0,499.0,532.0,679.0,620.0,504.0,475.0,431.0,934.0,504.0,458.0,941.0,661.0,502.0,382.0,513.0,811.0,485.0,405.0,887.0,771.0,477.0,880.0,571.0,681.0,485.0,538.0,509.0,746.0,550.0,795.0,336.0,366.0,412.0,777.0,421.0,506.0,765.0,446.0,746.0,588.0,0000000000000000172e,55.3091743501948,F0307R02
482.0,731.0,890.0,368.0,503.0,678.0,620.0,526.0,409.0,682.0,827.0,629.0,478.0,659.0,546.0,876.0,638.0,560.0,578.0,440.0,799.0,475.0,526.0,666.0,549.0,451.0,470.0,398.0,948.0,511.0,441.0,929.0,655.0,473.0,363.0,521.0,848.0,497.0,367.0,857.0,731.0,452.0,872.0,589.0,691.0,470.0,520.0,519.0,775.0,519.0,739.0,318.0,334.0,414.0,717.0,408.0,508.0,751.0,419.0,775.0,627.0,0000000000000000172f,10.5716767477732,F0307R05
449.0,958.0,999.0,344.0,471.0,728.0,682.0,482.0,375.0,924.0,906.0,576.0,522.0,819.0,461.0,1040.0,700.0,616.0,687.0,449.0,988.0,385.0,502.0,696.0,648.0,440.0,523.0,344.0,1092.0,554.0,396.0,1063.0,716.0,427.0,374.0,492.0,906.0,492.0,290.0,906.0,937.0,407.0,1079.0,625.0,765.0,482.0,416.0,416.0,876.0,586.0,904.0,341.0,311.0,481.0,821.0,391.0,461.0,726.0,401.0,846.0,631.0,00000000000000001730,61.61942469994,F0308F01
270.0,536.0,528.0,202.0,318.0,440.0,450.0,367.0,279.0,503.0,427.0,347.0,227.0,577.0,301.0,673.0,421.0,381.0,318.0,309.0,521.0,276.0,306.0,363.0,491.0,332.0,252.0,246.0,526.0,334.0,284.0,535.0,409.0,236.0,192.0,323.0,538.0,337.0,295.0,474.0,480.0,274.0,509.0,253.0,500.0,269.0,310.0,304.0,426.0,296.0,484.0,218.0,204.0,291.0,558.0,242.0,319.0,472.0,250.0,463.0,323.0,00000000000000001731,22.3971065858322,F0308F03
268.0,491.0,512.0,202.0,340.0,464.0,449.0,361.0,277.0,496.0,413.0,346.0,232.0,615.0,299.0,631.0,378.0,375.0,315.0,303.0,485.0,277.0,300.0,351.0,471.0,348.0,248.0,244.0,489.0,328.0,279.0,498.0,383.0,236.0,187.0,320.0,536.0,329.0,290.0,448.0,474.0,291.0,557.0,261.0,493.0,268.0,309.0,305.0,419.0,293.0,429.0,213.0,204.0,285.0,520.0,236.0,312.0,500.0,247.0,454.0,314.0,00000000000000001732,57.9162910094101,F0308F05
496.0,787.0,900.0,372.0,491.0,669.0,645.0,527.0,414.0,705.0,820.0,615.0,475.0,691.0,518.0,929.0,691.0,572.0,556.0,459.0,832.0,469.0,499.0,674.0,593.0,468.0,443.0,401.0,957.0,522.0,449.0,965.0,646.0,456.0,372.0,533.0,866.0,514.0,384.0,872.0,776.0,456.0,922.0,599.0,735.0,471.0,509.0,515.0,776.0,554.0,803.0,334.0,330.0,418.0,792.0,432.0,503.0,768.0,408.0,786.0,599.0,00000000000000001733,60.6543714583866,F0308F06
376.0,799.0,755.0,277.0,435.0,587.0,556.0,485.0,381.0,793.0,571.0,502.0,379.0,789.0,394.0,886.0,663.0,532.0,471.0,472.0,789.0,339.0,428.0,521.0,686.0,447.0,378.0,344.0,776.0,497.0,405.0,860.0,567.0,314.0,288.0,454.0,649.0,467.0,398.0,730.0,806.0,373.0,776.0,425.0,602.0,383.0,419.0,374.0,556.0,423.0,885.0,323.0,261.0,455.0,849.0,368.0,431.0,631.0,346.0,599.0,483.0,00000000000000001735,35.8862506482323,F0308F08
405.0,644.0,737.0,317.0,403.0,557.0,539.0,436.0,350.0,562.0,698.0,509.0,398.0,552.0,434.0,768.0,552.0,460.0,467.0,373.0,683.0,400.0,412.0,549.0,465.0,381.0,362.0,334.0,791.0,431.0,374.0,773.0,525.0,378.0,306.0,441.0,735.0,421.0,313.0,710.0,634.0,382.0,736.0,503.0,610.0,387.0,440.0,441.0,654.0,444.0,636.0,272.0,265.0,339.0,627.0,348.0,424.0,631.0,337.0,663.0,500.0,00000000000000001736,309.964305747672,F0308F11
455.0,716.0,830.0,353.0,457.0,625.0,605.0,495.0,391.0,634.0,778.0,573.0,450.0,623.0,488.0,850.0,623.0,522.0,523.0,419.0,761.0,446.0,470.0,624.0,524.0,428.0,411.0,374.0,882.0,483.0,419.0,874.0,599.0,425.0,343.0,499.0,819.0,471.0,353.0,801.0,705.0,429.0,833.0,563.0,680.0,436.0,491.0,492.0,729.0,504.0,718.0,305.0,302.0,384.0,705.0,392.0,477.0,717.0,380.0,739.0,566.0,00000000000000001737,125.531127604634,F0308F13
312.0,657.0,680.0,242.0,352.0,487.0,451.0,384.0,305.0,630.0,525.0,422.0,324.0,647.0,347.0,729.0,555.0,432.0,396.0,358.0,678.0,291.0,356.0,477.0,511.0,357.0,329.0,290.0,692.0,385.0,321.0,757.0,489.0,286.0,245.0,375.0,557.0,372.0,289.0,665.0,666.0,311.0,632.0,364.0,477.0,320.0,356.0,319.0,493.0,365.0,744.0,245.0,212.0,347.0,669.0,293.0,349.0,534.0,290.0,519.0,436.0,00000000000000001738,12.1000448946882,F0308F14
405.0,647.0,746.0,317.0,406.0,561.0,542.0,439.0,351.0,566.0,705.0,512.0,401.0,556.0,436.0,771.0,556.0,463.0,468.0,373.0,687.0,401.0,414.0,555.0,466.0,381.0,364.0,335.0,799.0,431.0,374.0,785.0,530.0,379.0,305.0,444.0,743.0,420.0,313.0,719.0,637.0,383.0,747.0,505.0,614.0,389.0,442.0,443.0,659.0,446.0,642.0,270.0,264.0,340.0,633.0,348.0,426.0,639.0,338.0,669.0,505.0,00000000000000001739,498.200355965838,F0308F20
318.0,515.0,647.0,250.0,344.0,465.0,420.0,362.0,285.0,521.0,555.0,427.0,338.0,489.0,382.0,634.0,448.0,389.0,392.0,293.0,566.0,330.0,359.0,473.0,377.0,295.0,333.0,277.0,660.0,331.0,291.0,667.0,464.0,329.0,244.0,356.0,566.0,338.0,241.0,619.0,515.0,307.0,651.0,392.0,445.0,333.0,365.0,356.0,521.0,365.0,539.0,208.0,214.0,277.0,505.0,260.0,351.0,516.0,285.0,506.0,443.0,0000000000000000173a,59.06233196189,F0309F01
427.0,662.0,797.0,332.0,435.0,596.0,566.0,463.0,370.0,589.0,739.0,548.0,423.0,581.0,472.0,800.0,581.0,488.0,493.0,390.0,713.0,428.0,453.0,587.0,485.0,399.0,391.0,351.0,844.0,452.0,396.0,835.0,573.0,406.0,317.0,472.0,769.0,443.0,322.0,767.0,658.0,406.0,781.0,521.0,635.0,408.0,476.0,471.0,690.0,469.0,665.0,278.0,284.0,354.0,650.0,361.0,455.0,676.0,360.0,700.0,551.0,0000000000000000173b,55.3025690779727,F0309R01
352.0,557.0,710.0,278.0,391.0,517.0,459.0,402.0,317.0,565.0,599.0,472.0,372.0,535.0,424.0,687.0,492.0,428.0,426.0,324.0,613.0,367.0,398.0,521.0,411.0,336.0,369.0,308.0,715.0,359.0,326.0,723.0,511.0,365.0,272.0,392.0,612.0,372.0,268.0,677.0,557.0,341.0,707.0,426.0,479.0,369.0,406.0,396.0,562.0,401.0,586.0,232.0,239.0,305.0,548.0,287.0,391.0,569.0,317.0,547.0,488.0,0000000000000000173c,15.8538529481168,F0309R02
436.0,678.0,818.0,340.0,442.0,604.0,582.0,474.0,379.0,592.0,749.0,559.0,431.0,597.0,490.0,817.0,597.0,497.0,497.0,398.0,724.0,437.0,452.0,598.0,492.0,408.0,393.0,359.0,858.0,454.0,413.0,839.0,584.0,422.0,332.0,483.0,782.0,454.0,335.0,787.0,667.0,423.0,796.0,540.0,646.0,422.0,485.0,485.0,697.0,478.0,678.0,292.0,284.0,360.0,659.0,370.0,473.0,704.0,373.0,708.0,563.0,0000000000000000173d,24.9213771229367,F0310R03
479.0,730.0,874.0,391.0,510.0,650.0,601.0,530.0,431.0,692.0,779.0,612.0,463.0,699.0,565.0,853.0,663.0,566.0,548.0,441.0,784.0,492.0,526.0,661.0,578.0,469.0,470.0,421.0,900.0,493.0,446.0,898.0,642.0,499.0,375.0,507.0,797.0,482.0,397.0,855.0,732.0,458.0,818.0,561.0,668.0,476.0,533.0,521.0,732.0,528.0,751.0,333.0,359.0,406.0,729.0,413.0,504.0,735.0,447.0,732.0,593.0,0000000000000000173e,46.3685407459688,F0311P01
342.0,754.0,704.0,259.0,425.0,545.0,513.0,457.0,359.0,744.0,533.0,459.0,355.0,741.0,366.0,820.0,637.0,492.0,419.0,432.0,724.0,305.0,392.0,487.0,637.0,426.0,353.0,334.0,729.0,470.0,387.0,802.0,517.0,289.0,267.0,436.0,610.0,437.0,374.0,687.0,799.0,358.0,709.0,383.0,564.0,351.0,399.0,366.0,515.0,385.0,843.0,291.0,234.0,410.0,805.0,340.0,406.0,597.0,323.0,571.0,456.0,0000000000000000173f,33.3295025942613,F0312F02
367.0,804.0,672.0,280.0,480.0,557.0,550.0,493.0,407.0,837.0,504.0,456.0,361.0,793.0,381.0,837.0,663.0,530.0,407.0,455.0,730.0,328.0,405.0,473.0,721.0,456.0,368.0,371.0,727.0,526.0,443.0,789.0,521.0,304.0,290.0,467.0,625.0,477.0,438.0,651.0,859.0,396.0,755.0,388.0,606.0,369.0,427.0,409.0,504.0,400.0,862.0,322.0,273.0,431.0,875.0,366.0,457.0,624.0,357.0,576.0,444.0,00000000000000001740,89.7953452273572,F0312F03
375.0,602.0,742.0,312.0,403.0,538.0,492.0,421.0,348.0,520.0,641.0,488.0,373.0,636.0,442.0,724.0,538.0,456.0,445.0,341.0,659.0,394.0,413.0,553.0,455.0,391.0,376.0,339.0,755.0,388.0,354.0,754.0,535.0,387.0,292.0,409.0,659.0,391.0,298.0,714.0,603.0,389.0,725.0,454.0,530.0,384.0,431.0,404.0,602.0,428.0,623.0,256.0,272.0,319.0,589.0,315.0,408.0,632.0,343.0,594.0,491.0,00000000000000001742,57.0640210689471,F0312R05
487.0,777.0,919.0,405.0,518.0,673.0,623.0,546.0,444.0,689.0,798.0,615.0,476.0,799.0,576.0,902.0,709.0,597.0,555.0,450.0,825.0,502.0,536.0,691.0,632.0,506.0,478.0,434.0,941.0,507.0,459.0,948.0,672.0,508.0,382.0,523.0,818.0,495.0,410.0,900.0,776.0,477.0,893.0,573.0,687.0,488.0,541.0,512.0,752.0,560.0,801.0,335.0,371.0,420.0,783.0,423.0,507.0,780.0,449.0,752.0,598.0,00000000000000001743,37.6746523694618,F0312W02
485.0,769.0,905.0,402.0,515.0,667.0,617.0,542.0,441.0,688.0,793.0,613.0,467.0,785.0,571.0,894.0,698.0,587.0,552.0,449.0,819.0,499.0,532.0,679.0,620.0,504.0,475.0,431.0,934.0,504.0,458.0,941.0,661.0,502.0,382.0,513.0,811.0,485.0,405.0,887.0,771.0,477.0,880.0,571.0,681.0,485.0,538.0,509.0,746.0,550.0,795.0,336.0,366.0,412.0,777.0,421.0,506.0,765.0,446.0,746.0,588.0,00000000000000001744,38.6411750203047,F0312W04
325.0,903.0,874.0,264.0,332.0,620.0,601.0,371.0,306.0,843.0,833.0,439.0,424.0,718.0,329.0,954.0,586.0,496.0,595.0,338.0,899.0,295.0,371.0,580.0,547.0,315.0,405.0,267.0,980.0,460.0,276.0,964.0,603.0,313.0,290.0,384.0,846.0,396.0,174.0,774.0,857.0,287.0,983.0,526.0,734.0,371.0,321.0,306.0,814.0,470.0,815.0,245.0,208.0,390.0,724.0,281.0,349.0,600.0,284.0,795.0,513.0,00000000000000001745,57.5582484708832,F0401F01
303.0,824.0,808.0,245.0,316.0,569.0,547.0,341.0,283.0,773.0,772.0,410.0,390.0,658.0,308.0,881.0,539.0,460.0,542.0,312.0,821.0,278.0,345.0,543.0,502.0,294.0,374.0,249.0,919.0,418.0,257.0,889.0,561.0,291.0,262.0,356.0,778.0,364.0,161.0,719.0,789.0,267.0,904.0,480.0,671.0,345.0,305.0,291.0,748.0,433.0,745.0,224.0,195.0,356.0,668.0,259.0,323.0,564.0,265.0,734.0,477.0,00000000000000001746,6.73358082369612,F0401F06
369.0,1069.0,964.0,274.0,344.0,691.0,691.0,385.0,314.0,959.0,898.0,458.0,476.0,786.0,294.0,1005.0,647.0,530.0,672.0,369.0,1080.0,284.0,376.0,619.0,558.0,320.0,444.0,284.0,1041.0,558.0,279.0,1055.0,659.0,332.0,320.0,390.0,916.0,438.0,186.0,816.0,967.0,289.0,1111.0,616.0,816.0,424.0,334.0,294.0,879.0,520.0,949.0,258.0,235.0,446.0,778.0,329.0,361.0,609.0,303.0,833.0,533.0,00000000000000001747,44.4249104373525,F0401R01
385.0,1178.0,1089.0,293.0,353.0,762.0,768.0,404.0,348.0,1048.0,1011.0,493.0,506.0,856.0,302.0,1088.0,692.0,565.0,742.0,385.0,1210.0,307.0,391.0,680.0,564.0,324.0,482.0,316.0,1139.0,597.0,290.0,1170.0,731.0,351.0,357.0,402.0,1040.0,460.0,168.0,894.0,1056.0,304.0,1241.0,672.0,922.0,456.0,376.0,321.0,989.0,559.0,1038.0,263.0,235.0,472.0,826.0,333.0,398.0,654.0,322.0,934.0,576.0,00000000000000001748,143.833387224989,F0403P51
376.0,1126.0,1001.0,281.0,365.0,732.0,735.0,413.0,321.0,998.0,962.0,469.0,496.0,826.0,318.0,1079.0,690.0,573.0,716.0,390.0,1129.0,299.0,405.0,649.0,620.0,345.0,456.0,289.0,1093.0,587.0,286.0,1112.0,693.0,345.0,323.0,428.0,985.0,466.0,200.0,858.0,1027.0,296.0,1168.0,650.0,883.0,438.0,333.0,301.0,938.0,556.0,981.0,266.0,246.0,466.0,836.0,337.0,364.0,639.0,316.0,904.0,560.0,00000000000000001749,34.055141832855,F0403R01
393.0,1182.0,1040.0,292.0,382.0,769.0,774.0,426.0,331.0,1056.0,1014.0,483.0,521.0,863.0,320.0,1123.0,731.0,592.0,753.0,399.0,1198.0,305.0,417.0,677.0,643.0,358.0,480.0,302.0,1150.0,628.0,294.0,1164.0,718.0,354.0,337.0,443.0,1034.0,486.0,210.0,893.0,1079.0,304.0,1222.0,689.0,934.0,461.0,348.0,312.0,992.0,578.0,1043.0,275.0,258.0,491.0,879.0,355.0,372.0,659.0,325.0,951.0,582.0,0000000000000000174a,13.9586687856652,F0403R02
399.0,1180.0,1047.0,294.0,384.0,770.0,774.0,428.0,334.0,1058.0,1008.0,489.0,525.0,868.0,327.0,1121.0,732.0,594.0,752.0,404.0,1192.0,306.0,422.0,678.0,643.0,362.0,482.0,304.0,1149.0,627.0,297.0,1165.0,722.0,361.0,338.0,446.0,1030.0,488.0,213.0,898.0,1079.0,307.0,1224.0,691.0,927.0,465.0,351.0,314.0,987.0,581.0,1046.0,278.0,263.0,492.0,880.0,360.0,377.0,666.0,331.0,943.0,585.0,0000000000000000174b,40.306975298448,F0403R05
383.0,1159.0,1067.0,293.0,353.0,749.0,758.0,403.0,345.0,1031.0,993.0,484.0,504.0,844.0,300.0,1072.0,685.0,557.0,727.0,383.0,1195.0,306.0,390.0,667.0,555.0,323.0,478.0,317.0,1124.0,591.0,290.0,1153.0,716.0,347.0,353.0,402.0,1024.0,459.0,170.0,881.0,1040.0,303.0,1221.0,667.0,905.0,453.0,372.0,319.0,972.0,548.0,1026.0,264.0,232.0,470.0,821.0,333.0,393.0,643.0,321.0,918.0,572.0,0000000000000000174c,10.3637433577953,F0403R51
392.0,1179.0,1035.0,292.0,380.0,766.0,771.0,424.0,331.0,1053.0,1012.0,482.0,519.0,859.0,319.0,1121.0,728.0,590.0,751.0,399.0,1196.0,305.0,415.0,674.0,642.0,358.0,477.0,302.0,1147.0,626.0,293.0,1162.0,715.0,353.0,335.0,441.0,1032.0,485.0,209.0,889.0,1076.0,302.0,1219.0,687.0,933.0,458.0,348.0,312.0,990.0,576.0,1040.0,273.0,257.0,490.0,878.0,354.0,370.0,656.0,324.0,950.0,579.0,0000000000000000174d,29.8003496613252,F0403R54
380.0,1150.0,1052.0,290.0,351.0,744.0,753.0,400.0,341.0,1024.0,985.0,478.0,500.0,836.0,299.0,1066.0,682.0,555.0,722.0,380.0,1186.0,303.0,387.0,662.0,555.0,323.0,472.0,313.0,1117.0,590.0,288.0,1144.0,709.0,345.0,349.0,401.0,1015.0,456.0,173.0,872.0,1034.0,301.0,1211.0,664.0,898.0,448.0,366.0,316.0,963.0,545.0,1021.0,263.0,232.0,467.0,820.0,333.0,388.0,638.0,320.0,910.0,567.0,0000000000000000174e,90.2406267928619,F0403R55
386.0,1153.0,1019.0,283.0,372.0,750.0,753.0,415.0,322.0,1030.0,984.0,474.0,510.0,845.0,317.0,1097.0,712.0,578.0,733.0,392.0,1165.0,296.0,409.0,659.0,629.0,351.0,465.0,293.0,1122.0,609.0,289.0,1136.0,702.0,348.0,329.0,435.0,1006.0,475.0,206.0,874.0,1054.0,299.0,1193.0,672.0,905.0,449.0,338.0,302.0,962.0,566.0,1018.0,270.0,254.0,478.0,859.0,348.0,366.0,648.0,320.0,922.0,569.0,0000000000000000174f,39.6127799707784,F0403R93
386.0,1168.0,1076.0,294.0,354.0,756.0,764.0,404.0,348.0,1041.0,1000.0,488.0,508.0,851.0,302.0,1081.0,691.0,563.0,735.0,386.0,1202.0,308.0,392.0,674.0,562.0,326.0,480.0,318.0,1133.0,597.0,291.0,1163.0,723.0,350.0,354.0,405.0,1030.0,462.0,172.0,888.0,1049.0,304.0,1232.0,672.0,911.0,454.0,374.0,321.0,978.0,554.0,1035.0,265.0,234.0,474.0,828.0,336.0,395.0,649.0,323.0,924.0,576.0,00000000000000001750,66.4593296521921,F0403R96
484.0,977.0,1068.0,376.0,496.0,753.0,699.0,491.0,429.0,937.0,994.0,604.0,541.0,873.0,501.0,1087.0,821.0,657.0,695.0,484.0,994.0,431.0,522.0,758.0,764.0,474.0,517.0,387.0,1206.0,601.0,407.0,1138.0,774.0,450.0,391.0,531.0,1013.0,511.0,312.0,988.0,990.0,420.0,1116.0,670.0,876.0,500.0,486.0,498.0,951.0,636.0,947.0,345.0,317.0,470.0,925.0,423.0,469.0,825.0,406.0,982.0,648.0,00000000000000001751,64.3333889920028,F0404F01
276.0,694.0,716.0,220.0,282.0,497.0,452.0,298.0,246.0,665.0,691.0,370.0,341.0,573.0,279.0,779.0,474.0,409.0,465.0,277.0,712.0,254.0,313.0,490.0,439.0,269.0,330.0,227.0,835.0,360.0,227.0,775.0,499.0,259.0,232.0,317.0,691.0,318.0,150.0,648.0,685.0,251.0,785.0,417.0,578.0,299.0,278.0,277.0,672.0,379.0,642.0,192.0,172.0,310.0,580.0,231.0,284.0,515.0,232.0,664.0,425.0,00000000000000001752,43.1120190390661,F0404F02
435.0,900.0,999.0,338.0,447.0,690.0,637.0,443.0,397.0,856.0,877.0,539.0,468.0,819.0,454.0,980.0,760.0,588.0,608.0,435.0,889.0,397.0,457.0,670.0,692.0,435.0,429.0,342.0,1055.0,530.0,377.0,1065.0,694.0,401.0,358.0,467.0,936.0,458.0,282.0,901.0,879.0,387.0,1040.0,598.0,798.0,439.0,457.0,471.0,837.0,588.0,870.0,310.0,277.0,402.0,851.0,378.0,434.0,787.0,361.0,857.0,560.0,00000000000000001753,114.50072080038,F0404F03
425.0,863.0,956.0,332.0,440.0,671.0,617.0,434.0,382.0,828.0,862.0,528.0,463.0,783.0,448.0,954.0,731.0,571.0,595.0,423.0,868.0,390.0,452.0,654.0,665.0,422.0,425.0,336.0,1036.0,520.0,364.0,1021.0,675.0,392.0,344.0,458.0,903.0,447.0,279.0,873.0,857.0,376.0,1001.0,586.0,771.0,433.0,445.0,455.0,822.0,565.0,838.0,298.0,276.0,395.0,818.0,368.0,419.0,754.0,358.0,839.0,554.0,00000000000000001755,62.1395440971639,F0404R04
276.0,674.0,703.0,218.0,284.0,494.0,453.0,298.0,244.0,653.0,686.0,367.0,341.0,562.0,279.0,767.0,473.0,408.0,463.0,276.0,708.0,252.0,314.0,488.0,434.0,268.0,330.0,220.0,820.0,361.0,231.0,763.0,496.0,258.0,223.0,318.0,684.0,318.0,154.0,637.0,674.0,247.0,775.0,416.0,570.0,298.0,277.0,277.0,662.0,384.0,636.0,190.0,175.0,309.0,571.0,230.0,280.0,512.0,236.0,652.0,425.0,00000000000000001756,135.491363943974,F0405F55
261.0,728.0,799.0,215.0,238.0,482.0,471.0,285.0,265.0,642.0,615.0,402.0,323.0,572.0,243.0,719.0,394.0,397.0,461.0,274.0,728.0,242.0,285.0,485.0,331.0,223.0,331.0,215.0,739.0,314.0,226.0,791.0,535.0,254.0,243.0,259.0,625.0,291.0,86.0,648.0,637.0,229.0,844.0,387.0,503.0,297.0,281.0,242.0,584.0,372.0,621.0,174.0,131.0,280.0,488.0,197.0,313.0,486.0,220.0,554.0,410.0,00000000000000001757,106.219619330992,F0406F01
253.0,724.0,694.0,204.0,263.0,487.0,469.0,283.0,236.0,672.0,675.0,342.0,330.0,564.0,253.0,772.0,461.0,392.0,465.0,260.0,720.0,232.0,287.0,462.0,430.0,245.0,310.0,208.0,807.0,358.0,214.0,774.0,477.0,239.0,219.0,301.0,680.0,308.0,132.0,618.0,692.0,222.0,786.0,411.0,587.0,287.0,255.0,244.0,653.0,368.0,647.0,186.0,160.0,301.0,580.0,216.0,270.0,481.0,217.0,641.0,404.0,00000000000000001758,60.1755720973931,F0406F55
316.0,966.0,872.0,244.0,289.0,624.0,624.0,328.0,283.0,861.0,810.0,394.0,414.0,694.0,245.0,894.0,566.0,458.0,597.0,316.0,1019.0,253.0,318.0,547.0,457.0,267.0,387.0,254.0,940.0,488.0,242.0,964.0,587.0,283.0,295.0,331.0,829.0,377.0,143.0,724.0,869.0,263.0,1002.0,543.0,739.0,368.0,304.0,263.0,793.0,449.0,861.0,221.0,190.0,386.0,682.0,277.0,326.0,527.0,265.0,748.0,468.0,00000000000000001759,61.3492411701315,F0406R53
350.0,871.0,891.0,287.0,360.0,619.0,586.0,377.0,322.0,834.0,832.0,467.0,430.0,726.0,361.0,966.0,618.0,514.0,582.0,362.0,872.0,320.0,391.0,608.0,583.0,343.0,420.0,297.0,1022.0,462.0,292.0,956.0,624.0,345.0,307.0,400.0,848.0,403.0,197.0,809.0,862.0,312.0,969.0,526.0,741.0,377.0,343.0,343.0,818.0,483.0,806.0,261.0,225.0,394.0,739.0,305.0,364.0,634.0,308.0,827.0,527.0,0000000000000000175a,241.731610562431,F0409F01
288.0,749.0,773.0,232.0,298.0,529.0,494.0,316.0,271.0,706.0,725.0,394.0,361.0,609.0,293.0,824.0,497.0,433.0,499.0,297.0,755.0,271.0,330.0,516.0,460.0,279.0,355.0,242.0,870.0,378.0,243.0,834.0,534.0,277.0,247.0,327.0,728.0,336.0,153.0,684.0,727.0,266.0,843.0,440.0,612.0,325.0,300.0,290.0,701.0,405.0,683.0,208.0,178.0,327.0,610.0,244.0,305.0,543.0,252.0,692.0,452.0,0000000000000000175c,60.4735055962514,F0411F01
451.0,889.0,997.0,354.0,475.0,719.0,629.0,464.0,392.0,887.0,964.0,587.0,513.0,797.0,471.0,1035.0,702.0,615.0,666.0,440.0,953.0,415.0,497.0,729.0,641.0,440.0,513.0,365.0,1151.0,537.0,384.0,1062.0,735.0,427.0,361.0,501.0,958.0,480.0,279.0,930.0,913.0,406.0,1051.0,623.0,780.0,465.0,453.0,460.0,926.0,578.0,875.0,311.0,299.0,460.0,807.0,383.0,452.0,772.0,388.0,916.0,648.0,0000000000000000175e,72.1661938702959,F0412F04
220.0,747.0,690.0,176.0,202.0,464.0,468.0,240.0,213.0,647.0,633.0,316.0,301.0,528.0,191.0,729.0,401.0,359.0,450.0,233.0,732.0,194.0,236.0,422.0,351.0,201.0,267.0,171.0,738.0,329.0,184.0,762.0,458.0,198.0,198.0,248.0,651.0,276.0,86.0,569.0,665.0,184.0,800.0,386.0,561.0,251.0,222.0,194.0,610.0,341.0,629.0,157.0,117.0,272.0,515.0,185.0,239.0,426.0,179.0,583.0,361.0,0000000000000000175f,361.326076618089,F0412F06
291.0,631.0,758.0,222.0,303.0,495.0,432.0,311.0,261.0,599.0,680.0,414.0,338.0,548.0,297.0,754.0,438.0,424.0,459.0,290.0,679.0,272.0,332.0,520.0,391.0,281.0,350.0,232.0,832.0,334.0,247.0,763.0,530.0,270.0,235.0,312.0,678.0,309.0,147.0,671.0,635.0,267.0,765.0,405.0,529.0,311.0,302.0,302.0,650.0,384.0,587.0,195.0,171.0,290.0,509.0,233.0,307.0,562.0,238.0,631.0,453.0,00000000000000001760,22.5739580483509,F0412F07
285.0,810.0,803.0,228.0,293.0,545.0,528.0,323.0,270.0,724.0,728.0,403.0,373.0,620.0,282.0,843.0,481.0,439.0,519.0,298.0,805.0,260.0,323.0,515.0,436.0,274.0,357.0,232.0,869.0,383.0,238.0,869.0,549.0,270.0,252.0,326.0,737.0,348.0,140.0,686.0,752.0,249.0,890.0,451.0,622.0,327.0,292.0,271.0,700.0,412.0,703.0,206.0,168.0,333.0,602.0,239.0,313.0,531.0,246.0,680.0,459.0,00000000000000001761,91.7811439908982,F0412F08
268.0,727.0,727.0,211.0,275.0,496.0,471.0,294.0,244.0,665.0,680.0,368.0,338.0,570.0,268.0,780.0,450.0,401.0,471.0,276.0,726.0,244.0,307.0,481.0,413.0,259.0,326.0,218.0,825.0,356.0,223.0,794.0,499.0,253.0,223.0,303.0,688.0,311.0,136.0,635.0,690.0,240.0,806.0,416.0,577.0,301.0,271.0,260.0,653.0,382.0,639.0,188.0,167.0,303.0,563.0,226.0,287.0,499.0,229.0,643.0,419.0,00000000000000001762,134.386656762493,F0412R01
327.0,879.0,863.0,257.0,338.0,600.0,577.0,369.0,294.0,791.0,795.0,447.0,414.0,680.0,327.0,915.0,542.0,488.0,572.0,338.0,871.0,289.0,369.0,568.0,497.0,316.0,403.0,259.0,944.0,433.0,267.0,936.0,596.0,311.0,273.0,371.0,799.0,386.0,175.0,751.0,823.0,278.0,959.0,502.0,681.0,372.0,321.0,299.0,765.0,459.0,769.0,235.0,204.0,374.0,666.0,278.0,343.0,583.0,284.0,740.0,508.0,00000000000000001763,74.4646480304043,F0412R02
301.0,765.0,779.0,237.0,313.0,544.0,511.0,331.0,269.0,731.0,744.0,405.0,375.0,622.0,306.0,846.0,515.0,446.0,512.0,305.0,783.0,275.0,348.0,527.0,473.0,293.0,367.0,241.0,893.0,402.0,251.0,846.0,545.0,285.0,245.0,346.0,746.0,349.0,164.0,693.0,747.0,269.0,863.0,456.0,631.0,334.0,302.0,293.0,718.0,419.0,704.0,215.0,191.0,341.0,630.0,253.0,308.0,552.0,261.0,703.0,466.0,00000000000000001764,159.845462135384,F0412R06
281.0,733.0,758.0,219.0,289.0,513.0,482.0,307.0,255.0,678.0,696.0,390.0,347.0,588.0,285.0,800.0,460.0,417.0,483.0,288.0,740.0,257.0,326.0,502.0,418.0,272.0,345.0,226.0,850.0,361.0,238.0,817.0,521.0,267.0,233.0,314.0,703.0,321.0,143.0,659.0,698.0,255.0,829.0,426.0,582.0,314.0,286.0,277.0,671.0,395.0,650.0,196.0,173.0,312.0,568.0,236.0,302.0,521.0,242.0,657.0,439.0,00000000000000001765,85.1780106916984,F0412R07
368.0,930.0,835.0,255.0,408.0,567.0,565.0,410.0,309.0,942.0,689.0,456.0,433.0,793.0,336.0,940.0,715.0,535.0,513.0,408.0,943.0,279.0,414.0,557.0,671.0,379.0,412.0,310.0,926.0,524.0,370.0,976.0,606.0,315.0,295.0,402.0,724.0,428.0,304.0,820.0,926.0,311.0,912.0,480.0,641.0,384.0,347.0,332.0,660.0,467.0,1000.0,288.0,245.0,435.0,898.0,379.0,372.0,604.0,319.0,696.0,505.0,00000000000000001766,5.45315337689892,F0601F02
417.0,991.0,1007.0,331.0,391.0,662.0,644.0,420.0,348.0,1002.0,818.0,521.0,498.0,852.0,361.0,953.0,638.0,536.0,638.0,417.0,1110.0,336.0,443.0,633.0,550.0,373.0,497.0,331.0,986.0,513.0,324.0,1110.0,681.0,376.0,356.0,401.0,808.0,439.0,234.0,870.0,967.0,345.0,1125.0,561.0,713.0,470.0,394.0,348.0,771.0,556.0,956.0,291.0,286.0,455.0,784.0,362.0,412.0,638.0,360.0,735.0,565.0,00000000000000001767,20.4603602781217,F0601F03
387.0,943.0,939.0,303.0,385.0,585.0,589.0,402.0,337.0,926.0,741.0,496.0,451.0,834.0,349.0,927.0,612.0,518.0,573.0,401.0,1049.0,317.0,413.0,596.0,548.0,355.0,466.0,313.0,931.0,469.0,319.0,1035.0,636.0,352.0,326.0,383.0,745.0,412.0,235.0,823.0,917.0,319.0,996.0,509.0,639.0,424.0,376.0,333.0,702.0,509.0,908.0,281.0,257.0,420.0,759.0,342.0,394.0,637.0,334.0,675.0,530.0,00000000000000001768,142.044079449822,F0601F04
315.0,958.0,921.0,301.0,279.0,572.0,563.0,249.0,241.0,1102.0,890.0,396.0,468.0,856.0,226.0,881.0,576.0,369.0,530.0,303.0,1281.0,229.0,338.0,496.0,473.0,232.0,448.0,304.0,1005.0,590.0,275.0,1127.0,531.0,281.0,289.0,254.0,840.0,320.0,164.0,811.0,985.0,287.0,1098.0,530.0,794.0,384.0,340.0,266.0,849.0,462.0,1179.0,203.0,209.0,400.0,838.0,281.0,383.0,495.0,293.0,792.0,512.0,00000000000000001769,33.1431965756923,F0601F05
335.0,982.0,970.0,314.0,289.0,598.0,586.0,261.0,256.0,1127.0,914.0,420.0,488.0,888.0,236.0,897.0,586.0,376.0,551.0,317.0,1313.0,241.0,354.0,524.0,459.0,241.0,471.0,317.0,1027.0,599.0,286.0,1161.0,563.0,295.0,311.0,257.0,861.0,329.0,164.0,840.0,1014.0,304.0,1130.0,545.0,813.0,411.0,360.0,280.0,870.0,480.0,1191.0,212.0,216.0,412.0,836.0,287.0,406.0,519.0,308.0,810.0,534.0,0000000000000000176a,21.1345997066848,F0601F06
311.0,1004.0,919.0,292.0,291.0,594.0,601.0,272.0,232.0,1137.0,922.0,393.0,479.0,867.0,224.0,938.0,638.0,413.0,553.0,310.0,1297.0,217.0,346.0,490.0,559.0,245.0,435.0,307.0,1057.0,639.0,291.0,1147.0,533.0,277.0,273.0,294.0,892.0,358.0,197.0,835.0,1047.0,285.0,1119.0,558.0,850.0,374.0,325.0,263.0,910.0,456.0,1201.0,219.0,210.0,434.0,933.0,308.0,359.0,507.0,291.0,857.0,529.0,0000000000000000176b,59.644944174821,F0601F07
427.0,1090.0,1004.0,334.0,467.0,631.0,660.0,475.0,373.0,1147.0,830.0,562.0,523.0,983.0,382.0,1101.0,886.0,636.0,559.0,490.0,1153.0,318.0,495.0,647.0,837.0,417.0,497.0,414.0,1098.0,672.0,471.0,1187.0,722.0,367.0,346.0,463.0,882.0,518.0,403.0,1018.0,1105.0,392.0,1107.0,550.0,786.0,451.0,429.0,390.0,828.0,538.0,1181.0,363.0,279.0,547.0,1147.0,472.0,449.0,733.0,395.0,862.0,632.0,0000000000000000176c,87.7997181099788,F0601F08
354.0,1049.0,1114.0,345.0,438.0,609.0,671.0,400.0,307.0,1171.0,989.0,632.0,597.0,1016.0,267.0,1025.0,820.0,581.0,466.0,445.0,1294.0,238.0,496.0,622.0,733.0,315.0,536.0,457.0,1100.0,774.0,536.0,1202.0,768.0,322.0,286.0,300.0,1048.0,500.0,349.0,1081.0,1103.0,402.0,1099.0,465.0,864.0,417.0,458.0,372.0,939.0,453.0,1121.0,291.0,120.0,608.0,1129.0,460.0,493.0,770.0,364.0,1008.0,834.0,0000000000000000176d,81.2392590033249,F0601F10
430.0,1108.0,1032.0,341.0,485.0,672.0,686.0,479.0,368.0,1190.0,890.0,571.0,549.0,1007.0,378.0,1116.0,885.0,638.0,587.0,491.0,1243.0,318.0,512.0,657.0,832.0,427.0,504.0,416.0,1124.0,711.0,464.0,1232.0,729.0,371.0,347.0,472.0,936.0,531.0,399.0,1038.0,1135.0,395.0,1147.0,580.0,838.0,469.0,428.0,382.0,888.0,553.0,1242.0,356.0,270.0,573.0,1177.0,476.0,455.0,735.0,398.0,911.0,664.0,0000000000000000176e,41.9908931353176,F0601P01
328.0,789.0,842.0,265.0,361.0,541.0,483.0,348.0,295.0,789.0,632.0,445.0,370.0,752.0,322.0,811.0,520.0,457.0,493.0,334.0,821.0,295.0,348.0,537.0,468.0,332.0,382.0,265.0,840.0,345.0,281.0,879.0,571.0,316.0,281.0,329.0,638.0,339.0,182.0,733.0,733.0,305.0,862.0,422.0,502.0,352.0,330.0,334.0,601.0,437.0,728.0,246.0,211.0,333.0,629.0,276.0,346.0,599.0,287.0,565.0,468.0,0000000000000000176f,33.531227792928,F0601R01
363.0,920.0,1055.0,329.0,263.0,614.0,600.0,290.0,304.0,1048.0,823.0,478.0,491.0,873.0,247.0,815.0,487.0,353.0,552.0,336.0,1237.0,274.0,366.0,568.0,236.0,233.0,476.0,329.0,942.0,486.0,279.0,1101.0,634.0,326.0,366.0,240.0,780.0,318.0,112.0,811.0,980.0,313.0,1090.0,489.0,727.0,465.0,420.0,311.0,765.0,478.0,974.0,209.0,217.0,392.0,626.0,249.0,455.0,534.0,326.0,703.0,544.0,00000000000000001770,41.432978701411,F0601R02
430.0,1019.0,990.0,319.0,471.0,655.0,639.0,472.0,369.0,1040.0,797.0,547.0,491.0,912.0,406.0,1042.0,783.0,603.0,599.0,457.0,1032.0,349.0,476.0,654.0,731.0,431.0,490.0,358.0,1039.0,559.0,401.0,1108.0,706.0,391.0,341.0,456.0,826.0,480.0,329.0,955.0,1001.0,372.0,1028.0,551.0,708.0,454.0,408.0,396.0,759.0,548.0,1052.0,334.0,293.0,484.0,952.0,412.0,428.0,703.0,385.0,778.0,591.0,00000000000000001771,18.8039247743732,F0601R03
457.0,1105.0,1007.0,323.0,496.0,659.0,673.0,504.0,381.0,1137.0,831.0,567.0,524.0,977.0,419.0,1129.0,894.0,658.0,603.0,509.0,1117.0,344.0,518.0,679.0,848.0,457.0,513.0,397.0,1108.0,651.0,465.0,1179.0,740.0,394.0,361.0,493.0,878.0,523.0,401.0,1026.0,1114.0,390.0,1093.0,576.0,787.0,474.0,426.0,405.0,800.0,570.0,1211.0,366.0,313.0,538.0,1113.0,481.0,452.0,738.0,410.0,852.0,615.0,00000000000000001772,2.72760817240346,F0601R04
479.0,1136.0,1045.0,346.0,512.0,681.0,703.0,533.0,405.0,1180.0,854.0,586.0,542.0,1019.0,442.0,1170.0,942.0,682.0,635.0,529.0,1132.0,366.0,540.0,705.0,902.0,470.0,530.0,413.0,1133.0,680.0,471.0,1232.0,764.0,419.0,374.0,523.0,902.0,551.0,429.0,1077.0,1144.0,408.0,1137.0,612.0,816.0,499.0,438.0,420.0,818.0,606.0,1231.0,387.0,343.0,563.0,1163.0,494.0,457.0,757.0,435.0,873.0,632.0,00000000000000001773,12.3416077236423,F0601R05
319.0,837.0,992.0,301.0,218.0,545.0,531.0,239.0,268.0,970.0,742.0,435.0,442.0,811.0,206.0,735.0,416.0,297.0,480.0,286.0,1152.0,245.0,320.0,528.0,157.0,185.0,447.0,301.0,860.0,422.0,248.0,1019.0,590.0,287.0,340.0,188.0,696.0,260.0,74.0,745.0,902.0,285.0,1007.0,422.0,646.0,422.0,394.0,282.0,683.0,432.0,896.0,174.0,185.0,341.0,552.0,204.0,433.0,490.0,287.0,622.0,493.0,00000000000000001774,55.1047710183233,F0601R06
397.0,949.0,924.0,290.0,426.0,584.0,597.0,471.0,363.0,963.0,725.0,528.0,450.0,865.0,403.0,998.0,799.0,584.0,544.0,470.0,947.0,321.0,455.0,617.0,743.0,393.0,433.0,351.0,941.0,547.0,406.0,1058.0,654.0,346.0,313.0,470.0,780.0,476.0,357.0,923.0,964.0,347.0,936.0,505.0,683.0,413.0,408.0,374.0,685.0,491.0,1071.0,319.0,261.0,481.0,962.0,398.0,421.0,661.0,362.0,735.0,559.0,00000000000000001775,11.7979326289174,F0601R10
450.0,1135.0,1017.0,358.0,509.0,664.0,662.0,499.0,403.0,1235.0,840.0,562.0,530.0,1042.0,408.0,1160.0,974.0,666.0,579.0,521.0,1241.0,347.0,514.0,666.0,932.0,463.0,495.0,445.0,1141.0,714.0,495.0,1272.0,734.0,385.0,366.0,507.0,896.0,538.0,464.0,1075.0,1160.0,420.0,1159.0,579.0,762.0,451.0,446.0,414.0,831.0,572.0,1268.0,388.0,310.0,575.0,1276.0,499.0,465.0,753.0,426.0,890.0,628.0,00000000000000001776,33.1644071271172,F0601R11
264.0,832.0,835.0,235.0,338.0,458.0,503.0,322.0,250.0,954.0,705.0,465.0,406.0,808.0,217.0,851.0,672.0,475.0,357.0,365.0,990.0,170.0,352.0,491.0,609.0,264.0,375.0,340.0,856.0,570.0,386.0,969.0,599.0,217.0,200.0,279.0,772.0,388.0,283.0,844.0,881.0,286.0,878.0,344.0,643.0,306.0,355.0,294.0,708.0,352.0,995.0,229.0,97.0,461.0,941.0,336.0,343.0,617.0,243.0,733.0,588.0,00000000000000001777,133.310567952133,F0601W02
338.0,953.0,1037.0,279.0,306.0,632.0,628.0,375.0,340.0,830.0,816.0,517.0,425.0,755.0,315.0,932.0,521.0,517.0,610.0,361.0,942.0,314.0,370.0,630.0,434.0,290.0,438.0,279.0,947.0,414.0,291.0,1020.0,695.0,331.0,322.0,337.0,833.0,383.0,112.0,836.0,832.0,297.0,1080.0,508.0,688.0,396.0,367.0,319.0,778.0,484.0,801.0,236.0,171.0,374.0,628.0,267.0,409.0,635.0,290.0,739.0,532.0,00000000000000001778,83.2498642623235,F0602F97
418.0,980.0,993.0,321.0,450.0,637.0,617.0,460.0,367.0,984.0,777.0,549.0,475.0,905.0,405.0,1011.0,738.0,585.0,587.0,442.0,1001.0,351.0,462.0,649.0,677.0,410.0,480.0,349.0,1016.0,511.0,388.0,1078.0,695.0,391.0,338.0,435.0,802.0,457.0,300.0,927.0,958.0,373.0,1016.0,528.0,670.0,446.0,409.0,397.0,738.0,535.0,1005.0,324.0,281.0,455.0,883.0,387.0,428.0,708.0,376.0,742.0,583.0,00000000000000001779,9.04518843016978,F0602R01
378.0,922.0,930.0,309.0,354.0,599.0,589.0,372.0,320.0,951.0,744.0,470.0,459.0,787.0,319.0,867.0,573.0,472.0,570.0,377.0,1057.0,303.0,399.0,570.0,467.0,330.0,466.0,309.0,916.0,469.0,296.0,1040.0,615.0,339.0,338.0,350.0,734.0,393.0,209.0,794.0,906.0,316.0,1046.0,508.0,656.0,433.0,363.0,320.0,706.0,500.0,905.0,264.0,260.0,415.0,715.0,324.0,381.0,568.0,330.0,665.0,511.0,0000000000000000177a,20.9107738280863,F0602R02
434.0,1015.0,989.0,316.0,466.0,633.0,645.0,495.0,380.0,1016.0,795.0,566.0,494.0,909.0,425.0,1053.0,843.0,625.0,585.0,487.0,1011.0,347.0,493.0,664.0,776.0,425.0,481.0,374.0,1019.0,589.0,434.0,1115.0,712.0,386.0,340.0,484.0,843.0,502.0,368.0,987.0,1028.0,373.0,994.0,545.0,726.0,450.0,431.0,398.0,755.0,537.0,1117.0,343.0,287.0,507.0,998.0,430.0,449.0,702.0,392.0,801.0,608.0,0000000000000000177b,21.3974853160827,F0602R03
397.0,930.0,972.0,312.0,433.0,624.0,581.0,431.0,352.0,933.0,744.0,529.0,447.0,879.0,389.0,958.0,665.0,552.0,572.0,412.0,957.0,344.0,432.0,628.0,606.0,396.0,460.0,326.0,977.0,452.0,356.0,1030.0,671.0,378.0,329.0,404.0,761.0,421.0,256.0,879.0,888.0,361.0,989.0,503.0,619.0,426.0,393.0,391.0,707.0,515.0,910.0,303.0,263.0,416.0,796.0,352.0,412.0,693.0,354.0,690.0,556.0,0000000000000000177c,94.4826984020344,F0602R06
405.0,1281.0,1148.0,383.0,482.0,681.0,688.0,447.0,357.0,1408.0,1124.0,584.0,547.0,1182.0,379.0,1322.0,1030.0,712.0,635.0,509.0,1478.0,294.0,516.0,705.0,1030.0,426.0,500.0,453.0,1317.0,848.0,462.0,1455.0,738.0,352.0,351.0,480.0,1202.0,566.0,443.0,1150.0,1291.0,417.0,1354.0,641.0,1084.0,403.0,429.0,380.0,1069.0,630.0,1464.0,357.0,248.0,678.0,1471.0,497.0,511.0,820.0,408.0,1165.0,732.0,0000000000000000177d,30.9158668401692,F0603F01
288.0,746.0,754.0,227.0,271.0,491.0,474.0,306.0,256.0,691.0,598.0,378.0,346.0,594.0,255.0,727.0,469.0,408.0,470.0,297.0,755.0,242.0,306.0,475.0,414.0,257.0,344.0,229.0,748.0,354.0,231.0,803.0,510.0,268.0,254.0,295.0,606.0,321.0,144.0,642.0,672.0,245.0,836.0,410.0,503.0,325.0,279.0,251.0,569.0,395.0,674.0,204.0,177.0,317.0,569.0,250.0,298.0,474.0,244.0,540.0,413.0,0000000000000000177e,260.565025729584,F0603F02
258.0,764.0,957.0,264.0,146.0,470.0,446.0,159.0,215.0,918.0,687.0,376.0,410.0,763.0,124.0,636.0,336.0,170.0,391.0,214.0,1091.0,193.0,259.0,484.0,69.0,97.0,414.0,284.0,789.0,374.0,207.0,967.0,580.0,222.0,320.0,89.0,627.0,173.0,23.0,688.0,835.0,264.0,940.0,355.0,577.0,388.0,388.0,239.0,629.0,366.0,865.0,122.0,120.0,275.0,484.0,126.0,409.0,439.0,240.0,557.0,455.0,0000000000000000177f,140.320827717082,F0603F03
320.0,845.0,1031.0,305.0,203.0,552.0,533.0,225.0,266.0,992.0,762.0,444.0,457.0,832.0,188.0,729.0,405.0,267.0,477.0,277.0,1177.0,242.0,318.0,541.0,120.0,164.0,463.0,313.0,869.0,425.0,247.0,1044.0,620.0,284.0,357.0,164.0,708.0,244.0,56.0,759.0,917.0,294.0,1027.0,421.0,657.0,440.0,418.0,284.0,699.0,430.0,915.0,165.0,174.0,336.0,543.0,186.0,452.0,497.0,290.0,631.0,507.0,00000000000000001781,213.844772455194,F0603F05
358.0,1231.0,1136.0,367.0,443.0,633.0,643.0,401.0,310.0,1381.0,1138.0,560.0,533.0,1173.0,351.0,1275.0,973.0,677.0,621.0,464.0,1494.0,256.0,506.0,674.0,1000.0,374.0,498.0,422.0,1288.0,849.0,422.0,1428.0,699.0,332.0,324.0,433.0,1201.0,541.0,404.0,1128.0,1231.0,391.0,1333.0,625.0,1097.0,366.0,387.0,336.0,1114.0,617.0,1443.0,324.0,220.0,693.0,1427.0,461.0,509.0,800.0,394.0,1160.0,741.0,00000000000000001782,48.4631810355438,F0603F06
272.0,788.0,827.0,240.0,188.0,494.0,474.0,199.0,213.0,900.0,695.0,339.0,378.0,686.0,157.0,682.0,411.0,266.0,435.0,234.0,1049.0,199.0,256.0,435.0,185.0,162.0,333.0,253.0,804.0,404.0,201.0,941.0,491.0,226.0,280.0,189.0,649.0,247.0,76.0,639.0,843.0,229.0,921.0,403.0,612.0,338.0,317.0,227.0,647.0,365.0,841.0,148.0,157.0,295.0,538.0,175.0,334.0,407.0,238.0,593.0,402.0,00000000000000001783,316.822955266275,F0603F07
280.0,881.0,898.0,256.0,357.0,490.0,543.0,340.0,272.0,1012.0,793.0,518.0,482.0,870.0,222.0,899.0,714.0,513.0,371.0,394.0,1053.0,183.0,386.0,541.0,646.0,270.0,418.0,380.0,908.0,640.0,434.0,1021.0,669.0,232.0,203.0,279.0,861.0,436.0,301.0,911.0,933.0,316.0,933.0,367.0,718.0,330.0,383.0,325.0,794.0,374.0,1024.0,248.0,92.0,565.0,997.0,372.0,385.0,689.0,263.0,819.0,749.0,00000000000000001784,188.1777364959,F0604F01
297.0,933.0,1021.0,292.0,389.0,538.0,612.0,358.0,282.0,1067.0,924.0,610.0,587.0,953.0,217.0,927.0,746.0,542.0,380.0,422.0,1163.0,184.0,444.0,590.0,653.0,263.0,491.0,437.0,974.0,735.0,516.0,1085.0,762.0,257.0,216.0,246.0,997.0,487.0,314.0,1015.0,995.0,361.0,987.0,378.0,805.0,370.0,437.0,354.0,904.0,382.0,1010.0,259.0,60.0,665.0,1028.0,417.0,456.0,773.0,299.0,944.0,943.0,00000000000000001785,45.2168907098207,F0605F01
321.0,1125.0,1058.0,337.0,448.0,611.0,626.0,415.0,303.0,1215.0,1012.0,551.0,525.0,1080.0,330.0,1139.0,855.0,619.0,549.0,456.0,1341.0,229.0,488.0,623.0,834.0,346.0,528.0,396.0,1127.0,746.0,404.0,1310.0,668.0,291.0,282.0,423.0,1095.0,518.0,384.0,1026.0,1125.0,357.0,1179.0,533.0,962.0,388.0,395.0,333.0,1056.0,534.0,1355.0,294.0,153.0,650.0,1241.0,412.0,482.0,739.0,348.0,1035.0,709.0,00000000000000001787,96.5666871923094,F0605F03
264.0,828.0,809.0,241.0,336.0,457.0,492.0,317.0,255.0,931.0,681.0,443.0,395.0,779.0,223.0,842.0,665.0,464.0,355.0,354.0,974.0,177.0,349.0,478.0,608.0,264.0,360.0,332.0,854.0,558.0,377.0,954.0,573.0,223.0,205.0,283.0,738.0,379.0,283.0,807.0,866.0,285.0,863.0,349.0,615.0,298.0,345.0,289.0,664.0,355.0,945.0,232.0,115.0,444.0,935.0,329.0,338.0,595.0,248.0,707.0,556.0,00000000000000001788,149.986661050869,F0605F04
230.0,707.0,883.0,263.0,162.0,402.0,397.0,141.0,185.0,841.0,649.0,368.0,384.0,750.0,139.0,615.0,324.0,206.0,345.0,205.0,1025.0,166.0,255.0,441.0,162.0,93.0,411.0,265.0,744.0,375.0,219.0,888.0,509.0,206.0,252.0,56.0,601.0,170.0,42.0,671.0,721.0,246.0,864.0,332.0,536.0,327.0,333.0,217.0,602.0,364.0,896.0,110.0,104.0,282.0,522.0,154.0,403.0,429.0,222.0,533.0,466.0,00000000000000001789,119.325861403629,F0605F05
279.0,824.0,1043.0,308.0,226.0,458.0,484.0,193.0,208.0,975.0,794.0,500.0,498.0,905.0,157.0,749.0,453.0,301.0,388.0,270.0,1165.0,175.0,338.0,517.0,303.0,122.0,498.0,342.0,888.0,495.0,342.0,1008.0,632.0,249.0,268.0,55.0,749.0,246.0,90.0,859.0,853.0,305.0,976.0,369.0,655.0,392.0,389.0,268.0,760.0,398.0,1003.0,160.0,106.0,382.0,695.0,244.0,476.0,559.0,267.0,683.0,640.0,0000000000000000178a,221.469851198572,F0605F06
358.0,1015.0,987.0,309.0,443.0,589.0,624.0,427.0,332.0,1122.0,830.0,559.0,502.0,956.0,321.0,1034.0,823.0,590.0,487.0,464.0,1164.0,250.0,460.0,604.0,756.0,364.0,470.0,402.0,1035.0,677.0,458.0,1160.0,698.0,308.0,287.0,396.0,897.0,489.0,376.0,975.0,1052.0,370.0,1062.0,474.0,767.0,400.0,420.0,362.0,825.0,473.0,1185.0,314.0,184.0,556.0,1125.0,427.0,435.0,719.0,341.0,855.0,666.0,0000000000000000178b,88.8650184867301,F0605F07
306.0,781.0,804.0,260.0,290.0,492.0,482.0,296.0,266.0,822.0,610.0,389.0,378.0,682.0,257.0,739.0,483.0,393.0,447.0,308.0,920.0,244.0,325.0,484.0,372.0,269.0,384.0,264.0,790.0,389.0,254.0,896.0,521.0,274.0,280.0,269.0,609.0,311.0,166.0,678.0,776.0,265.0,895.0,405.0,541.0,355.0,310.0,269.0,590.0,409.0,819.0,219.0,202.0,341.0,621.0,262.0,331.0,486.0,271.0,548.0,428.0,0000000000000000178c,345.044521282477,F0605F08
249.0,724.0,878.0,248.0,149.0,450.0,431.0,167.0,213.0,856.0,636.0,351.0,373.0,702.0,135.0,615.0,329.0,199.0,383.0,210.0,1018.0,193.0,246.0,452.0,77.0,114.0,368.0,260.0,745.0,345.0,198.0,901.0,528.0,218.0,297.0,116.0,586.0,185.0,33.0,637.0,790.0,242.0,884.0,340.0,542.0,353.0,352.0,230.0,582.0,351.0,789.0,127.0,128.0,264.0,455.0,133.0,375.0,412.0,227.0,520.0,412.0,0000000000000000178d,178.353123337167,F0605F10
391.0,1067.0,1017.0,335.0,471.0,637.0,655.0,467.0,357.0,1157.0,860.0,566.0,530.0,1003.0,378.0,1085.0,853.0,628.0,561.0,491.0,1202.0,298.0,497.0,643.0,792.0,405.0,497.0,403.0,1066.0,682.0,446.0,1225.0,709.0,339.0,325.0,459.0,926.0,515.0,398.0,997.0,1088.0,389.0,1124.0,542.0,821.0,438.0,424.0,379.0,869.0,533.0,1262.0,339.0,231.0,577.0,1153.0,445.0,464.0,728.0,381.0,878.0,652.0,0000000000000000178e,44.5081993871414,F0605F12
276.0,779.0,1061.0,321.0,196.0,453.0,458.0,158.0,211.0,938.0,765.0,481.0,475.0,898.0,168.0,676.0,346.0,231.0,389.0,246.0,1146.0,184.0,316.0,522.0,169.0,87.0,530.0,321.0,826.0,437.0,267.0,994.0,607.0,249.0,285.0,15.0,706.0,191.0,39.0,794.0,779.0,297.0,969.0,379.0,620.0,394.0,401.0,254.0,704.0,429.0,1029.0,115.0,109.0,341.0,581.0,185.0,510.0,514.0,266.0,615.0,599.0,0000000000000000178f,127.104724725854,F0605R01
325.0,994.0,1033.0,334.0,399.0,566.0,615.0,379.0,293.0,1132.0,927.0,573.0,561.0,966.0,248.0,971.0,768.0,544.0,460.0,408.0,1231.0,211.0,459.0,581.0,661.0,287.0,517.0,438.0,1036.0,691.0,486.0,1142.0,724.0,293.0,256.0,299.0,963.0,450.0,321.0,1012.0,1053.0,370.0,1046.0,444.0,822.0,415.0,438.0,354.0,942.0,434.0,1011.0,290.0,128.0,593.0,1047.0,401.0,462.0,696.0,332.0,926.0,764.0,00000000000000001790,55.6013260158398,F0605R02
338.0,1006.0,1076.0,338.0,404.0,580.0,636.0,375.0,294.0,1131.0,936.0,597.0,569.0,973.0,243.0,978.0,771.0,538.0,454.0,412.0,1254.0,222.0,467.0,590.0,670.0,289.0,513.0,444.0,1063.0,715.0,505.0,1150.0,736.0,309.0,276.0,276.0,973.0,457.0,308.0,1037.0,1067.0,382.0,1061.0,443.0,817.0,417.0,444.0,358.0,914.0,428.0,1051.0,286.0,124.0,564.0,1055.0,423.0,469.0,717.0,344.0,938.0,779.0,00000000000000001791,36.4993766150006,F0605R03
456.0,1150.0,1030.0,363.0,518.0,670.0,668.0,507.0,409.0,1248.0,849.0,568.0,538.0,1056.0,415.0,1175.0,988.0,675.0,585.0,528.0,1255.0,352.0,522.0,675.0,945.0,469.0,502.0,451.0,1155.0,720.0,501.0,1285.0,743.0,391.0,372.0,515.0,906.0,546.0,472.0,1089.0,1175.0,426.0,1172.0,585.0,770.0,458.0,453.0,420.0,839.0,580.0,1282.0,393.0,316.0,583.0,1290.0,506.0,471.0,763.0,433.0,898.0,635.0,00000000000000001792,61.3373353967652,F0606F01
400.0,1057.0,982.0,325.0,459.0,616.0,643.0,454.0,358.0,1140.0,815.0,545.0,503.0,944.0,352.0,1073.0,855.0,607.0,537.0,470.0,1160.0,293.0,473.0,618.0,797.0,401.0,478.0,403.0,1076.0,663.0,445.0,1167.0,691.0,348.0,323.0,438.0,865.0,501.0,390.0,976.0,1088.0,377.0,1094.0,528.0,764.0,431.0,414.0,369.0,819.0,514.0,1183.0,344.0,251.0,535.0,1139.0,451.0,423.0,704.0,373.0,836.0,617.0,00000000000000001793,53.788957873874,F0606F02
425.0,1065.0,984.0,325.0,456.0,640.0,660.0,459.0,354.0,1113.0,836.0,547.0,525.0,956.0,368.0,1066.0,839.0,613.0,564.0,467.0,1151.0,315.0,489.0,632.0,792.0,407.0,491.0,393.0,1074.0,660.0,451.0,1154.0,707.0,364.0,339.0,450.0,877.0,505.0,368.0,995.0,1080.0,373.0,1085.0,556.0,786.0,453.0,409.0,373.0,828.0,528.0,1157.0,345.0,274.0,532.0,1086.0,457.0,434.0,705.0,382.0,859.0,629.0,00000000000000001794,20.9009863490556,F0606F03
416.0,1103.0,1034.0,339.0,486.0,645.0,675.0,477.0,375.0,1197.0,860.0,575.0,528.0,992.0,368.0,1123.0,899.0,634.0,560.0,496.0,1217.0,302.0,497.0,645.0,836.0,420.0,504.0,424.0,1126.0,701.0,471.0,1222.0,723.0,364.0,337.0,457.0,915.0,527.0,414.0,1024.0,1139.0,398.0,1145.0,549.0,803.0,451.0,436.0,388.0,865.0,534.0,1248.0,361.0,258.0,565.0,1198.0,473.0,446.0,739.0,390.0,883.0,651.0,00000000000000001795,16.5264190810795,F0606F04
450.0,1135.0,1017.0,358.0,509.0,664.0,662.0,499.0,403.0,1235.0,840.0,562.0,530.0,1042.0,408.0,1160.0,974.0,666.0,579.0,521.0,1241.0,347.0,514.0,666.0,932.0,463.0,495.0,445.0,1141.0,714.0,495.0,1272.0,734.0,385.0,366.0,507.0,896.0,538.0,464.0,1075.0,1160.0,420.0,1159.0,579.0,762.0,451.0,446.0,414.0,831.0,572.0,1268.0,388.0,310.0,575.0,1276.0,499.0,465.0,753.0,426.0,890.0,628.0,00000000000000001796,40.8895418104942,F0606F05
401.0,1042.0,995.0,330.0,451.0,647.0,643.0,433.0,340.0,1109.0,844.0,532.0,529.0,948.0,342.0,1030.0,788.0,583.0,561.0,445.0,1198.0,304.0,480.0,617.0,729.0,395.0,492.0,390.0,1071.0,653.0,422.0,1168.0,692.0,356.0,339.0,419.0,875.0,482.0,332.0,972.0,1062.0,364.0,1099.0,549.0,790.0,458.0,397.0,353.0,846.0,520.0,1163.0,325.0,257.0,527.0,1058.0,432.0,430.0,684.0,373.0,849.0,626.0,00000000000000001797,135.74579477597,F0606F06
429.0,1072.0,968.0,301.0,480.0,663.0,659.0,480.0,357.0,1087.0,803.0,526.0,513.0,933.0,394.0,1077.0,826.0,617.0,597.0,476.0,1105.0,327.0,487.0,640.0,772.0,442.0,486.0,362.0,1064.0,613.0,434.0,1121.0,698.0,368.0,349.0,467.0,844.0,498.0,356.0,941.0,1073.0,365.0,1059.0,562.0,752.0,454.0,405.0,390.0,774.0,538.0,1164.0,336.0,292.0,507.0,1029.0,445.0,437.0,703.0,373.0,810.0,587.0,00000000000000001798,24.1056346978296,F0606R01
413.0,994.0,1035.0,322.0,398.0,684.0,662.0,446.0,359.0,923.0,818.0,542.0,485.0,819.0,378.0,986.0,651.0,579.0,652.0,425.0,997.0,345.0,446.0,664.0,587.0,376.0,496.0,322.0,1009.0,492.0,329.0,1075.0,712.0,391.0,356.0,416.0,829.0,451.0,217.0,889.0,904.0,343.0,1128.0,565.0,694.0,462.0,385.0,358.0,783.0,556.0,901.0,293.0,264.0,441.0,776.0,355.0,417.0,673.0,356.0,748.0,577.0,00000000000000001799,27.844010011858,F0606R02
467.0,1159.0,1098.0,357.0,510.0,720.0,735.0,510.0,383.0,1215.0,922.0,608.0,581.0,1043.0,404.0,1161.0,910.0,668.0,632.0,515.0,1266.0,344.0,538.0,694.0,845.0,452.0,554.0,423.0,1168.0,721.0,493.0,1253.0,776.0,408.0,373.0,493.0,964.0,556.0,397.0,1080.0,1186.0,410.0,1192.0,612.0,866.0,508.0,447.0,410.0,910.0,578.0,1271.0,381.0,306.0,584.0,1156.0,499.0,476.0,770.0,419.0,937.0,691.0,0000000000000000179a,27.4703736223826,F0606R03
388.0,1068.0,991.0,329.0,464.0,612.0,631.0,448.0,357.0,1170.0,841.0,543.0,506.0,983.0,346.0,1086.0,888.0,610.0,510.0,475.0,1203.0,283.0,474.0,615.0,838.0,392.0,469.0,423.0,1092.0,699.0,471.0,1202.0,699.0,335.0,311.0,431.0,894.0,498.0,410.0,1010.0,1097.0,383.0,1098.0,510.0,766.0,411.0,428.0,380.0,812.0,507.0,1175.0,336.0,236.0,555.0,1199.0,451.0,437.0,722.0,373.0,879.0,640.0,0000000000000000179b,36.1485779628049,F0607F01
375.0,994.0,889.0,286.0,420.0,570.0,577.0,426.0,328.0,1053.0,715.0,482.0,464.0,882.0,344.0,1007.0,805.0,573.0,500.0,439.0,1050.0,284.0,433.0,578.0,757.0,380.0,425.0,363.0,998.0,598.0,422.0,1078.0,639.0,324.0,307.0,424.0,767.0,464.0,372.0,894.0,1014.0,351.0,998.0,486.0,688.0,395.0,388.0,358.0,710.0,479.0,1096.0,322.0,256.0,488.0,1057.0,420.0,402.0,656.0,348.0,749.0,545.0,0000000000000000179c,51.6924155321049,F0607F02
450.0,1125.0,1006.0,315.0,515.0,703.0,693.0,504.0,362.0,1153.0,845.0,548.0,549.0,989.0,416.0,1134.0,884.0,650.0,621.0,502.0,1159.0,339.0,516.0,664.0,829.0,470.0,509.0,381.0,1125.0,665.0,472.0,1177.0,736.0,385.0,367.0,494.0,895.0,527.0,389.0,998.0,1133.0,387.0,1107.0,596.0,798.0,475.0,418.0,414.0,821.0,559.0,1248.0,363.0,316.0,538.0,1104.0,478.0,456.0,738.0,394.0,862.0,618.0,0000000000000000179d,29.6187402682063,F0607R01
374.0,1080.0,1016.0,330.0,455.0,607.0,638.0,441.0,342.0,1203.0,887.0,559.0,513.0,994.0,330.0,1100.0,877.0,607.0,508.0,473.0,1235.0,268.0,474.0,617.0,827.0,379.0,486.0,429.0,1115.0,721.0,472.0,1218.0,708.0,327.0,301.0,411.0,942.0,498.0,396.0,1025.0,1116.0,383.0,1127.0,504.0,818.0,414.0,427.0,378.0,859.0,495.0,1199.0,328.0,206.0,562.0,1216.0,452.0,441.0,731.0,358.0,922.0,664.0,0000000000000000179e,215.443305114407,F0608F01
340.0,1072.0,1035.0,347.0,409.0,602.0,614.0,383.0,300.0,1168.0,957.0,532.0,518.0,1027.0,325.0,1044.0,802.0,576.0,536.0,436.0,1301.0,240.0,472.0,602.0,733.0,327.0,529.0,399.0,1081.0,696.0,411.0,1253.0,658.0,313.0,296.0,371.0,1003.0,462.0,352.0,980.0,1083.0,358.0,1127.0,527.0,884.0,395.0,399.0,334.0,983.0,518.0,1142.0,287.0,175.0,597.0,1132.0,401.0,485.0,684.0,357.0,949.0,670.0,0000000000000000179f,46.3022540946141,F0608F02
295.0,1085.0,991.0,316.0,371.0,542.0,555.0,320.0,255.0,1225.0,1009.0,458.0,462.0,1021.0,282.0,1119.0,826.0,566.0,538.0,369.0,1348.0,209.0,428.0,569.0,851.0,300.0,435.0,359.0,1139.0,740.0,348.0,1265.0,582.0,274.0,275.0,360.0,1057.0,457.0,325.0,978.0,1085.0,324.0,1185.0,542.0,969.0,309.0,324.0,278.0,1007.0,525.0,1255.0,266.0,186.0,590.0,1253.0,379.0,430.0,671.0,328.0,1021.0,643.0,000000000000000017a0,160.313593409472,F0608F03
300.0,931.0,976.0,314.0,341.0,521.0,551.0,323.0,259.0,1053.0,849.0,513.0,504.0,919.0,235.0,895.0,682.0,486.0,436.0,367.0,1179.0,198.0,409.0,543.0,576.0,250.0,467.0,390.0,967.0,618.0,419.0,1090.0,656.0,271.0,254.0,259.0,866.0,386.0,271.0,926.0,977.0,331.0,995.0,422.0,749.0,380.0,390.0,313.0,854.0,417.0,980.0,248.0,127.0,519.0,949.0,349.0,442.0,631.0,307.0,825.0,664.0,000000000000000017a1,338.621201071411,F0608F04
355.0,922.0,835.0,276.0,378.0,533.0,560.0,384.0,306.0,958.0,706.0,461.0,445.0,820.0,310.0,922.0,720.0,528.0,473.0,393.0,979.0,268.0,412.0,541.0,685.0,334.0,414.0,339.0,930.0,562.0,391.0,1000.0,609.0,302.0,289.0,380.0,744.0,430.0,311.0,857.0,928.0,319.0,934.0,470.0,664.0,376.0,351.0,320.0,702.0,450.0,996.0,296.0,225.0,454.0,948.0,385.0,372.0,609.0,321.0,732.0,539.0,000000000000000017a2,128.15225062261,F0608F05
402.0,975.0,979.0,325.0,378.0,645.0,629.0,403.0,337.0,997.0,798.0,499.0,488.0,830.0,341.0,920.0,613.0,509.0,617.0,402.0,1108.0,323.0,428.0,605.0,514.0,357.0,489.0,325.0,966.0,505.0,313.0,1090.0,655.0,361.0,355.0,382.0,787.0,424.0,228.0,841.0,956.0,335.0,1098.0,547.0,705.0,460.0,381.0,337.0,757.0,537.0,948.0,281.0,279.0,445.0,761.0,348.0,399.0,605.0,351.0,716.0,542.0,000000000000000017a3,15.0743139948772,F0608F06
379.0,876.0,938.0,300.0,390.0,636.0,603.0,425.0,335.0,820.0,796.0,520.0,455.0,730.0,382.0,919.0,591.0,535.0,614.0,390.0,898.0,335.0,425.0,624.0,533.0,368.0,459.0,300.0,951.0,449.0,325.0,973.0,658.0,361.0,325.0,410.0,807.0,421.0,212.0,812.0,823.0,348.0,995.0,537.0,664.0,425.0,369.0,346.0,763.0,513.0,798.0,289.0,244.0,410.0,689.0,324.0,409.0,637.0,330.0,730.0,566.0,000000000000000017a4,26.2944045624643,F0608R01
405.0,981.0,960.0,307.0,370.0,660.0,650.0,407.0,343.0,950.0,790.0,494.0,483.0,800.0,332.0,933.0,646.0,527.0,627.0,403.0,1061.0,313.0,412.0,622.0,540.0,353.0,475.0,315.0,968.0,511.0,308.0,1039.0,661.0,360.0,348.0,388.0,804.0,436.0,214.0,817.0,904.0,327.0,1083.0,565.0,715.0,448.0,368.0,326.0,770.0,526.0,936.0,283.0,267.0,440.0,764.0,359.0,389.0,604.0,337.0,723.0,540.0,000000000000000017a5,22.7094286732662,F0608R02
383.0,1088.0,964.0,305.0,339.0,708.0,706.0,373.0,325.0,1016.0,918.0,456.0,493.0,796.0,286.0,980.0,645.0,498.0,685.0,371.0,1187.0,293.0,377.0,603.0,502.0,313.0,456.0,320.0,1076.0,589.0,290.0,1101.0,645.0,339.0,355.0,383.0,924.0,425.0,192.0,801.0,1006.0,310.0,1120.0,632.0,840.0,445.0,371.0,308.0,897.0,518.0,1005.0,255.0,251.0,458.0,793.0,328.0,379.0,569.0,327.0,851.0,541.0,000000000000000017a6,51.315685462651,F0608R03
336.0,848.0,863.0,264.0,322.0,584.0,574.0,365.0,298.0,766.0,730.0,454.0,412.0,671.0,306.0,848.0,522.0,482.0,565.0,347.0,842.0,287.0,365.0,556.0,468.0,304.0,405.0,264.0,868.0,416.0,270.0,908.0,599.0,316.0,293.0,350.0,740.0,381.0,162.0,735.0,771.0,281.0,938.0,485.0,623.0,376.0,321.0,295.0,698.0,461.0,746.0,236.0,203.0,371.0,634.0,283.0,350.0,567.0,286.0,672.0,493.0,000000000000000017a7,67.8018503270313,F0608R04
382.0,924.0,959.0,299.0,367.0,636.0,615.0,412.0,334.0,855.0,760.0,503.0,449.0,757.0,349.0,918.0,600.0,537.0,605.0,393.0,925.0,322.0,412.0,616.0,543.0,348.0,458.0,299.0,938.0,456.0,304.0,999.0,661.0,360.0,327.0,385.0,771.0,417.0,198.0,824.0,839.0,316.0,1050.0,525.0,645.0,425.0,357.0,333.0,729.0,515.0,834.0,269.0,241.0,407.0,719.0,327.0,384.0,626.0,327.0,697.0,535.0,000000000000000017a8,41.8449690764094,F0608R05
343.0,846.0,854.0,268.0,319.0,559.0,542.0,351.0,291.0,827.0,687.0,435.0,408.0,701.0,298.0,821.0,546.0,461.0,541.0,347.0,906.0,277.0,363.0,542.0,479.0,306.0,401.0,268.0,843.0,421.0,270.0,936.0,579.0,311.0,293.0,341.0,685.0,369.0,183.0,736.0,797.0,289.0,962.0,473.0,587.0,385.0,325.0,287.0,647.0,463.0,799.0,241.0,224.0,375.0,669.0,301.0,346.0,538.0,290.0,616.0,476.0,000000000000000017a9,66.9570827253301,F0608R06
357.0,889.0,905.0,285.0,345.0,613.0,603.0,389.0,320.0,801.0,758.0,476.0,433.0,712.0,331.0,884.0,561.0,507.0,593.0,368.0,885.0,308.0,389.0,581.0,507.0,324.0,434.0,285.0,904.0,448.0,284.0,943.0,624.0,342.0,307.0,371.0,768.0,402.0,180.0,776.0,807.0,296.0,984.0,518.0,650.0,400.0,342.0,313.0,728.0,486.0,787.0,250.0,223.0,392.0,670.0,303.0,364.0,586.0,310.0,699.0,515.0,000000000000000017aa,30.7497146217748,F0608R07
359.0,1080.0,1081.0,356.0,409.0,620.0,628.0,386.0,299.0,1195.0,989.0,562.0,548.0,1064.0,328.0,1040.0,801.0,571.0,545.0,449.0,1339.0,242.0,482.0,617.0,706.0,326.0,539.0,412.0,1092.0,715.0,425.0,1278.0,686.0,321.0,306.0,367.0,1023.0,457.0,352.0,1012.0,1103.0,368.0,1147.0,540.0,902.0,420.0,410.0,337.0,1000.0,519.0,1163.0,279.0,178.0,609.0,1118.0,407.0,510.0,693.0,369.0,967.0,694.0,000000000000000017ab,62.2324843045215,F0608R08
405.0,984.0,897.0,288.0,435.0,581.0,598.0,446.0,341.0,1015.0,738.0,507.0,460.0,862.0,369.0,1014.0,793.0,582.0,537.0,450.0,988.0,304.0,456.0,607.0,755.0,398.0,452.0,351.0,989.0,577.0,405.0,1065.0,663.0,349.0,314.0,439.0,780.0,464.0,351.0,923.0,991.0,341.0,972.0,513.0,693.0,417.0,376.0,357.0,701.0,509.0,1065.0,324.0,277.0,477.0,995.0,419.0,392.0,650.0,363.0,752.0,547.0,000000000000000017ad,26.7434964765049,F0609R01
367.0,894.0,900.0,295.0,348.0,585.0,572.0,368.0,310.0,907.0,725.0,461.0,440.0,765.0,317.0,857.0,563.0,474.0,563.0,367.0,1010.0,298.0,390.0,562.0,482.0,328.0,445.0,295.0,890.0,454.0,288.0,1004.0,606.0,331.0,319.0,350.0,715.0,386.0,205.0,776.0,874.0,307.0,1011.0,496.0,630.0,415.0,351.0,310.0,684.0,493.0,864.0,259.0,251.0,401.0,703.0,318.0,368.0,570.0,317.0,649.0,499.0,000000000000000017ae,191.211522716819,F0609R02
462.0,1295.0,1166.0,416.0,535.0,728.0,744.0,510.0,416.0,1433.0,1066.0,616.0,585.0,1160.0,408.0,1327.0,1066.0,712.0,643.0,543.0,1454.0,348.0,548.0,719.0,1030.0,470.0,556.0,496.0,1344.0,844.0,519.0,1456.0,779.0,402.0,383.0,511.0,1121.0,580.0,478.0,1174.0,1331.0,455.0,1366.0,646.0,1004.0,482.0,484.0,439.0,983.0,629.0,1441.0,410.0,306.0,640.0,1468.0,537.0,510.0,817.0,445.0,1110.0,713.0,000000000000000017af,54.7201831881243,F0609R03
411.0,991.0,908.0,290.0,445.0,596.0,608.0,453.0,344.0,1018.0,751.0,513.0,469.0,864.0,375.0,1021.0,800.0,587.0,548.0,453.0,989.0,311.0,462.0,612.0,761.0,409.0,459.0,351.0,996.0,581.0,406.0,1071.0,669.0,355.0,317.0,445.0,791.0,472.0,353.0,932.0,995.0,344.0,968.0,523.0,702.0,424.0,378.0,361.0,714.0,518.0,1064.0,328.0,281.0,483.0,996.0,423.0,397.0,650.0,367.0,763.0,555.0,000000000000000017b0,11.2868450084191,F0609R04
409.0,981.0,993.0,320.0,402.0,627.0,624.0,420.0,350.0,970.0,789.0,522.0,479.0,869.0,367.0,963.0,637.0,542.0,612.0,417.0,1090.0,334.0,435.0,629.0,567.0,374.0,492.0,325.0,975.0,492.0,331.0,1087.0,673.0,374.0,346.0,400.0,787.0,432.0,239.0,866.0,951.0,340.0,1067.0,540.0,676.0,452.0,392.0,348.0,745.0,541.0,939.0,294.0,275.0,441.0,785.0,358.0,414.0,664.0,353.0,713.0,560.0,000000000000000017b1,127.281155524184,F0609R05
339.0,978.0,1052.0,328.0,397.0,580.0,621.0,373.0,304.0,1082.0,877.0,580.0,539.0,940.0,249.0,956.0,747.0,516.0,445.0,408.0,1205.0,230.0,453.0,578.0,646.0,291.0,475.0,430.0,1033.0,677.0,486.0,1114.0,713.0,308.0,287.0,282.0,909.0,440.0,286.0,992.0,1042.0,376.0,1033.0,433.0,778.0,411.0,432.0,351.0,860.0,410.0,1056.0,287.0,139.0,515.0,1013.0,412.0,461.0,703.0,335.0,876.0,736.0,000000000000000017b2,108.542729496687,F0612F01
354.0,1049.0,1114.0,345.0,438.0,609.0,671.0,400.0,307.0,1171.0,989.0,632.0,597.0,1016.0,267.0,1025.0,820.0,581.0,466.0,445.0,1294.0,238.0,496.0,622.0,733.0,315.0,536.0,457.0,1100.0,774.0,536.0,1202.0,768.0,322.0,286.0,300.0,1048.0,500.0,349.0,1081.0,1103.0,402.0,1099.0,465.0,864.0,417.0,458.0,372.0,939.0,453.0,1121.0,291.0,120.0,608.0,1129.0,460.0,493.0,770.0,364.0,1008.0,834.0,000000000000000017b3,129.623418906933,F0612F02
341.0,895.0,964.0,312.0,348.0,547.0,554.0,337.0,297.0,975.0,746.0,479.0,463.0,840.0,271.0,847.0,584.0,449.0,474.0,365.0,1084.0,256.0,392.0,553.0,454.0,288.0,466.0,348.0,927.0,507.0,351.0,1042.0,631.0,312.0,318.0,280.0,746.0,365.0,209.0,830.0,925.0,321.0,1007.0,437.0,670.0,414.0,384.0,312.0,736.0,443.0,1002.0,259.0,198.0,426.0,785.0,322.0,413.0,591.0,319.0,692.0,565.0,000000000000000017b4,258.964105240778,F0612F03
403.0,1290.0,1070.0,310.0,384.0,798.0,780.0,425.0,342.0,1103.0,1135.0,504.0,544.0,894.0,315.0,1195.0,749.0,596.0,799.0,423.0,1261.0,300.0,415.0,685.0,690.0,373.0,477.0,320.0,1242.0,664.0,285.0,1236.0,735.0,366.0,355.0,474.0,1165.0,514.0,204.0,953.0,1165.0,314.0,1265.0,731.0,1046.0,456.0,363.0,310.0,1115.0,586.0,1075.0,274.0,254.0,514.0,941.0,373.0,386.0,685.0,335.0,1105.0,615.0,000000000000000017b5,46.0826744236651,F0701F01
488.0,1719.0,1358.0,325.0,380.0,1043.0,1013.0,380.0,276.0,1814.0,1569.0,498.0,706.0,1223.0,248.0,1569.0,1037.0,614.0,980.0,445.0,2111.0,244.0,432.0,785.0,747.0,368.0,583.0,373.0,1864.0,995.0,281.0,1780.0,806.0,344.0,406.0,514.0,1519.0,575.0,196.0,1159.0,1803.0,337.0,1791.0,980.0,1511.0,559.0,396.0,302.0,1549.0,709.0,1760.0,235.0,288.0,646.0,1403.0,414.0,428.0,725.0,366.0,1489.0,726.0,000000000000000017b6,63.6448408002781,F0701R02
431.0,1431.0,1141.0,308.0,383.0,879.0,876.0,421.0,339.0,1280.0,1238.0,481.0,584.0,952.0,286.0,1317.0,864.0,611.0,867.0,420.0,1511.0,293.0,403.0,729.0,707.0,360.0,513.0,342.0,1416.0,781.0,290.0,1375.0,757.0,355.0,375.0,484.0,1258.0,543.0,203.0,970.0,1322.0,311.0,1429.0,821.0,1165.0,493.0,385.0,318.0,1228.0,622.0,1299.0,259.0,260.0,555.0,1074.0,390.0,384.0,688.0,337.0,1175.0,651.0,000000000000000017b7,13.5358739689197,F0701R07
390.0,1286.0,1031.0,318.0,328.0,808.0,798.0,337.0,295.0,1298.0,1174.0,423.0,564.0,892.0,240.0,1159.0,735.0,475.0,770.0,364.0,1535.0,262.0,368.0,610.0,531.0,301.0,467.0,340.0,1323.0,744.0,271.0,1332.0,645.0,311.0,355.0,402.0,1141.0,455.0,187.0,869.0,1309.0,302.0,1332.0,743.0,1100.0,457.0,384.0,307.0,1136.0,543.0,1270.0,229.0,249.0,507.0,988.0,330.0,385.0,571.0,314.0,1090.0,592.0,000000000000000017b8,107.436868097648,F0705F03
376.0,1264.0,1009.0,307.0,320.0,793.0,781.0,327.0,284.0,1274.0,1152.0,408.0,549.0,873.0,232.0,1140.0,719.0,463.0,754.0,351.0,1509.0,253.0,358.0,593.0,520.0,291.0,455.0,328.0,1302.0,732.0,262.0,1306.0,627.0,300.0,345.0,392.0,1120.0,443.0,181.0,850.0,1287.0,292.0,1306.0,729.0,1080.0,446.0,371.0,296.0,1115.0,529.0,1247.0,222.0,241.0,494.0,970.0,319.0,373.0,556.0,304.0,1070.0,575.0,000000000000000017b9,131.490300742335,F0705F05
442.0,1471.0,1169.0,301.0,387.0,893.0,887.0,417.0,337.0,1298.0,1283.0,494.0,593.0,972.0,276.0,1346.0,889.0,624.0,882.0,431.0,1526.0,283.0,401.0,741.0,727.0,374.0,517.0,344.0,1447.0,797.0,274.0,1405.0,770.0,356.0,377.0,494.0,1307.0,554.0,196.0,1002.0,1346.0,306.0,1458.0,830.0,1205.0,497.0,386.0,313.0,1273.0,624.0,1317.0,253.0,256.0,564.0,1097.0,406.0,382.0,706.0,336.0,1229.0,653.0,000000000000000017ba,118.521671453783,F0705R01
425.0,1492.0,1155.0,280.0,337.0,861.0,850.0,359.0,292.0,1376.0,1296.0,454.0,573.0,960.0,224.0,1347.0,884.0,571.0,840.0,404.0,1630.0,244.0,357.0,704.0,668.0,330.0,497.0,340.0,1534.0,793.0,241.0,1438.0,724.0,322.0,369.0,448.0,1307.0,507.0,163.0,966.0,1408.0,285.0,1490.0,814.0,1231.0,476.0,364.0,292.0,1299.0,591.0,1395.0,210.0,233.0,545.0,1133.0,383.0,361.0,654.0,312.0,1240.0,621.0,000000000000000017bb,165.27857987608,F0705R05
433.0,1567.0,1229.0,269.0,337.0,890.0,888.0,351.0,267.0,1525.0,1373.0,454.0,593.0,1038.0,209.0,1435.0,955.0,573.0,853.0,402.0,1795.0,222.0,357.0,722.0,693.0,330.0,524.0,341.0,1669.0,840.0,241.0,1537.0,734.0,310.0,371.0,450.0,1377.0,515.0,149.0,1010.0,1537.0,284.0,1611.0,850.0,1322.0,487.0,365.0,269.0,1380.0,613.0,1540.0,208.0,230.0,564.0,1230.0,389.0,371.0,665.0,310.0,1313.0,638.0,000000000000000017bc,103.78062212902,F0705R06
291.0,1057.0,827.0,238.0,242.0,635.0,627.0,249.0,221.0,1040.0,950.0,315.0,431.0,700.0,171.0,945.0,578.0,368.0,604.0,268.0,1256.0,196.0,269.0,478.0,405.0,220.0,354.0,256.0,1084.0,580.0,197.0,1076.0,505.0,227.0,267.0,304.0,927.0,351.0,124.0,684.0,1065.0,222.0,1081.0,581.0,885.0,344.0,292.0,229.0,921.0,418.0,1022.0,163.0,176.0,390.0,785.0,244.0,288.0,442.0,227.0,880.0,457.0,000000000000000017bd,137.496197144856,F0705R09
394.0,1113.0,982.0,312.0,355.0,724.0,724.0,388.0,333.0,1031.0,933.0,467.0,505.0,806.0,295.0,1003.0,666.0,520.0,704.0,383.0,1187.0,301.0,389.0,622.0,530.0,329.0,465.0,325.0,1097.0,601.0,298.0,1118.0,663.0,347.0,363.0,397.0,942.0,443.0,203.0,819.0,1023.0,320.0,1138.0,649.0,857.0,454.0,377.0,313.0,914.0,533.0,1021.0,265.0,257.0,468.0,815.0,342.0,386.0,589.0,336.0,868.0,554.0,000000000000000017be,93.1060428300549,F0709R02
337.0,1167.0,929.0,275.0,279.0,717.0,707.0,287.0,255.0,1169.0,1059.0,365.0,494.0,791.0,199.0,1047.0,650.0,413.0,681.0,311.0,1397.0,224.0,313.0,539.0,456.0,255.0,408.0,296.0,1202.0,659.0,230.0,1203.0,571.0,262.0,311.0,347.0,1033.0,398.0,149.0,772.0,1183.0,259.0,1205.0,657.0,990.0,397.0,337.0,265.0,1026.0,474.0,1145.0,192.0,207.0,443.0,881.0,282.0,337.0,501.0,264.0,983.0,522.0,000000000000000017bf,119.194608077942,F0710F03
340.0,1183.0,938.0,276.0,282.0,723.0,713.0,290.0,255.0,1175.0,1074.0,368.0,498.0,798.0,200.0,1060.0,658.0,419.0,687.0,313.0,1412.0,224.0,314.0,546.0,459.0,257.0,414.0,298.0,1218.0,664.0,230.0,1212.0,577.0,265.0,313.0,350.0,1048.0,402.0,147.0,780.0,1196.0,259.0,1216.0,663.0,1002.0,402.0,339.0,266.0,1041.0,479.0,1154.0,191.0,208.0,448.0,886.0,285.0,337.0,506.0,266.0,997.0,528.0,000000000000000017c0,154.415166755917,F0710F05
539.0,1572.0,1493.0,483.0,549.0,708.0,712.0,531.0,466.0,1766.0,1179.0,682.0,560.0,1511.0,488.0,1632.0,1430.0,960.0,715.0,617.0,1765.0,425.0,599.0,924.0,1383.0,558.0,541.0,539.0,1613.0,811.0,546.0,1798.0,965.0,463.0,470.0,547.0,1233.0,582.0,575.0,1501.0,1586.0,527.0,1696.0,698.0,1137.0,465.0,499.0,473.0,1200.0,892.0,1912.0,472.0,378.0,680.0,1808.0,601.0,605.0,1022.0,510.0,1210.0,679.0,000000000000000017c1,30.4943723286774,F0801R01
367.0,958.0,809.0,267.0,435.0,550.0,541.0,472.0,376.0,1066.0,564.0,453.0,412.0,903.0,376.0,989.0,813.0,574.0,444.0,462.0,912.0,306.0,416.0,531.0,825.0,427.0,366.0,364.0,896.0,539.0,449.0,1011.0,576.0,297.0,305.0,471.0,665.0,474.0,428.0,807.0,1006.0,376.0,949.0,423.0,652.0,366.0,412.0,410.0,555.0,446.0,1131.0,331.0,271.0,471.0,1086.0,401.0,449.0,643.0,342.0,636.0,464.0,000000000000000017c2,19.9964687228009,F0801R02
520.0,1571.0,1488.0,482.0,549.0,715.0,719.0,526.0,448.0,1741.0,1216.0,688.0,580.0,1508.0,487.0,1625.0,1395.0,954.0,719.0,605.0,1784.0,402.0,606.0,913.0,1354.0,541.0,555.0,539.0,1621.0,848.0,531.0,1792.0,954.0,460.0,445.0,548.0,1281.0,603.0,574.0,1489.0,1575.0,510.0,1685.0,705.0,1178.0,463.0,490.0,468.0,1247.0,872.0,1927.0,454.0,362.0,721.0,1802.0,599.0,603.0,1026.0,515.0,1256.0,721.0,000000000000000017c3,5.89735617919319,F0801R03
694.0,1690.0,1524.0,598.0,800.0,895.0,880.0,845.0,715.0,1860.0,943.0,806.0,681.0,1635.0,714.0,1754.0,1521.0,1020.0,751.0,825.0,1648.0,637.0,769.0,978.0,1549.0,773.0,695.0,699.0,1603.0,869.0,743.0,1852.0,1028.0,616.0,596.0,777.0,1077.0,787.0,793.0,1527.0,1735.0,687.0,1764.0,724.0,1058.0,709.0,758.0,732.0,937.0,877.0,1997.0,644.0,580.0,786.0,1940.0,730.0,742.0,1116.0,674.0,1037.0,762.0,000000000000000017c4,0.534483895952607,F0801W01
469.0,1252.0,1089.0,386.0,544.0,647.0,628.0,580.0,479.0,1375.0,670.0,559.0,485.0,1175.0,485.0,1294.0,1087.0,725.0,533.0,576.0,1208.0,420.0,528.0,689.0,1086.0,526.0,464.0,472.0,1191.0,637.0,526.0,1372.0,732.0,400.0,404.0,542.0,781.0,552.0,539.0,1078.0,1288.0,469.0,1274.0,502.0,750.0,473.0,530.0,515.0,670.0,589.0,1506.0,435.0,365.0,562.0,1438.0,510.0,526.0,800.0,442.0,759.0,552.0,000000000000000017c5,7.54190855102388,F0804F03
361.0,936.0,822.0,260.0,426.0,544.0,533.0,436.0,340.0,987.0,621.0,445.0,424.0,860.0,361.0,945.0,797.0,554.0,457.0,432.0,910.0,286.0,413.0,539.0,763.0,395.0,378.0,343.0,899.0,554.0,430.0,990.0,594.0,303.0,307.0,439.0,693.0,451.0,385.0,825.0,954.0,352.0,900.0,440.0,640.0,368.0,392.0,348.0,599.0,438.0,1088.0,315.0,255.0,452.0,1003.0,395.0,425.0,626.0,335.0,667.0,486.0,000000000000000017c6,37.0447181233931,F0804F04
481.0,1412.0,1273.0,417.0,560.0,653.0,632.0,577.0,502.0,1590.0,812.0,595.0,483.0,1355.0,492.0,1491.0,1260.0,801.0,553.0,602.0,1445.0,429.0,540.0,772.0,1253.0,545.0,464.0,502.0,1376.0,670.0,538.0,1608.0,820.0,408.0,422.0,555.0,911.0,555.0,570.0,1298.0,1448.0,489.0,1500.0,528.0,877.0,475.0,537.0,510.0,793.0,684.0,1736.0,464.0,370.0,582.0,1652.0,528.0,536.0,890.0,465.0,873.0,564.0,000000000000000017c7,9.24924597293946,F0804R01
439.0,1107.0,997.0,331.0,487.0,612.0,603.0,497.0,391.0,1207.0,721.0,523.0,510.0,1031.0,431.0,1115.0,974.0,661.0,547.0,519.0,1111.0,351.0,487.0,645.0,923.0,464.0,446.0,421.0,1084.0,639.0,512.0,1211.0,706.0,378.0,383.0,506.0,783.0,519.0,470.0,1006.0,1132.0,431.0,1106.0,529.0,738.0,434.0,461.0,458.0,712.0,546.0,1295.0,392.0,322.0,547.0,1231.0,494.0,498.0,724.0,407.0,773.0,568.0,000000000000000017c8,7.33764486087617,F0804R02
456.0,1380.0,1264.0,403.0,488.0,590.0,590.0,482.0,431.0,1565.0,904.0,593.0,465.0,1297.0,436.0,1441.0,1227.0,802.0,560.0,557.0,1511.0,367.0,502.0,778.0,1181.0,494.0,441.0,468.0,1392.0,670.0,495.0,1601.0,820.0,389.0,396.0,477.0,967.0,501.0,516.0,1288.0,1408.0,456.0,1487.0,542.0,890.0,407.0,457.0,432.0,886.0,718.0,1662.0,421.0,318.0,571.0,1618.0,517.0,515.0,876.0,438.0,941.0,576.0,000000000000000017c9,9.82176631968885,F0804R03
550.0,1391.0,1220.0,476.0,644.0,738.0,734.0,690.0,588.0,1535.0,752.0,642.0,544.0,1322.0,569.0,1445.0,1220.0,826.0,610.0,658.0,1342.0,516.0,613.0,779.0,1254.0,626.0,554.0,563.0,1310.0,710.0,607.0,1497.0,823.0,489.0,472.0,626.0,860.0,636.0,640.0,1211.0,1440.0,551.0,1443.0,583.0,864.0,564.0,615.0,601.0,743.0,699.0,1635.0,512.0,456.0,626.0,1588.0,576.0,607.0,905.0,539.0,828.0,606.0,000000000000000017ca,14.8181015317204,F0804R04
673.0,1641.0,1469.0,582.0,777.0,891.0,888.0,831.0,702.0,1792.0,928.0,775.0,661.0,1587.0,693.0,1711.0,1463.0,990.0,757.0,792.0,1594.0,628.0,743.0,940.0,1511.0,751.0,676.0,677.0,1549.0,861.0,713.0,1765.0,991.0,600.0,572.0,756.0,1052.0,771.0,769.0,1462.0,1688.0,665.0,1712.0,722.0,1056.0,691.0,732.0,712.0,924.0,854.0,1900.0,617.0,570.0,762.0,1864.0,694.0,718.0,1083.0,656.0,1014.0,736.0,000000000000000017cb,7.97403689470076,F0804R06
536.0,1458.0,1304.0,456.0,626.0,691.0,668.0,645.0,545.0,1668.0,806.0,644.0,545.0,1383.0,551.0,1513.0,1304.0,830.0,588.0,653.0,1463.0,471.0,603.0,808.0,1286.0,594.0,529.0,550.0,1414.0,702.0,588.0,1672.0,851.0,468.0,470.0,604.0,901.0,608.0,617.0,1330.0,1501.0,529.0,1553.0,574.0,866.0,541.0,594.0,568.0,790.0,706.0,1790.0,504.0,423.0,627.0,1718.0,590.0,585.0,915.0,517.0,881.0,617.0,000000000000000017cc,18.2648007435494,F0804R07
481.0,1412.0,1273.0,417.0,560.0,653.0,632.0,577.0,502.0,1590.0,812.0,595.0,483.0,1355.0,492.0,1491.0,1260.0,801.0,553.0,602.0,1445.0,429.0,540.0,772.0,1253.0,545.0,464.0,502.0,1376.0,670.0,538.0,1608.0,820.0,408.0,422.0,555.0,911.0,555.0,570.0,1298.0,1448.0,489.0,1500.0,528.0,877.0,475.0,537.0,510.0,793.0,684.0,1736.0,464.0,370.0,582.0,1652.0,528.0,536.0,890.0,465.0,873.0,564.0,000000000000000017cd,23.1546867845838,F0804R08
516.0,1344.0,1175.0,422.0,595.0,699.0,685.0,626.0,518.0,1482.0,735.0,612.0,540.0,1259.0,530.0,1381.0,1173.0,793.0,587.0,630.0,1297.0,460.0,577.0,754.0,1159.0,575.0,507.0,518.0,1285.0,696.0,586.0,1473.0,801.0,443.0,449.0,595.0,851.0,605.0,589.0,1164.0,1387.0,515.0,1368.0,562.0,811.0,517.0,575.0,565.0,733.0,644.0,1602.0,477.0,404.0,616.0,1542.0,564.0,586.0,870.0,482.0,826.0,605.0,000000000000000017ce,21.3922104613246,F0804R09
536.0,1458.0,1304.0,456.0,626.0,691.0,668.0,645.0,545.0,1668.0,806.0,644.0,545.0,1383.0,551.0,1513.0,1304.0,830.0,588.0,653.0,1463.0,471.0,603.0,808.0,1286.0,594.0,529.0,550.0,1414.0,702.0,588.0,1672.0,851.0,468.0,470.0,604.0,901.0,608.0,617.0,1330.0,1501.0,529.0,1553.0,574.0,866.0,541.0,594.0,568.0,790.0,706.0,1790.0,504.0,423.0,627.0,1718.0,590.0,585.0,915.0,517.0,881.0,617.0,000000000000000017cf,8.90795168423927,F0804R12
401.0,1173.0,1015.0,339.0,455.0,528.0,512.0,469.0,407.0,1337.0,623.0,479.0,408.0,1078.0,406.0,1215.0,1016.0,644.0,447.0,486.0,1172.0,353.0,441.0,624.0,1001.0,440.0,386.0,413.0,1137.0,536.0,439.0,1338.0,657.0,343.0,349.0,453.0,702.0,454.0,454.0,1035.0,1209.0,394.0,1240.0,438.0,670.0,392.0,447.0,428.0,615.0,540.0,1435.0,374.0,310.0,468.0,1376.0,439.0,438.0,706.0,379.0,685.0,461.0,000000000000000017d0,44.265779881352,F0804R13
378.0,1297.0,1191.0,358.0,403.0,577.0,584.0,374.0,318.0,1421.0,1030.0,525.0,452.0,1215.0,352.0,1340.0,1089.0,744.0,577.0,449.0,1503.0,281.0,453.0,716.0,1075.0,393.0,417.0,403.0,1344.0,708.0,402.0,1469.0,744.0,336.0,329.0,411.0,1090.0,469.0,417.0,1188.0,1294.0,383.0,1384.0,568.0,1001.0,335.0,358.0,337.0,1067.0,673.0,1635.0,338.0,242.0,572.0,1481.0,449.0,463.0,809.0,383.0,1061.0,584.0,000000000000000017d1,216.047378264682,F0805F02
319.0,955.0,800.0,261.0,365.0,459.0,445.0,385.0,322.0,1057.0,504.0,383.0,354.0,858.0,328.0,974.0,799.0,525.0,383.0,395.0,921.0,282.0,357.0,497.0,781.0,357.0,310.0,322.0,914.0,464.0,373.0,1050.0,531.0,269.0,281.0,381.0,586.0,389.0,367.0,792.0,985.0,322.0,966.0,362.0,549.0,316.0,362.0,356.0,499.0,417.0,1144.0,295.0,243.0,401.0,1100.0,356.0,373.0,579.0,295.0,570.0,393.0,000000000000000017d2,79.8602674197747,F0805F03
470.0,1270.0,1142.0,407.0,546.0,719.0,726.0,525.0,418.0,1401.0,998.0,610.0,574.0,1152.0,427.0,1300.0,1068.0,706.0,634.0,550.0,1415.0,356.0,553.0,710.0,1034.0,484.0,554.0,487.0,1306.0,817.0,519.0,1426.0,770.0,413.0,388.0,521.0,1053.0,575.0,492.0,1172.0,1301.0,452.0,1328.0,642.0,934.0,489.0,480.0,440.0,923.0,624.0,1419.0,410.0,323.0,629.0,1444.0,537.0,502.0,806.0,454.0,1046.0,689.0,000000000000000017d3,35.4364956440225,F0805R01
446.0,1345.0,1237.0,417.0,516.0,710.0,724.0,491.0,417.0,1485.0,1095.0,622.0,554.0,1238.0,401.0,1376.0,1121.0,746.0,631.0,552.0,1512.0,344.0,529.0,746.0,1091.0,470.0,528.0,502.0,1386.0,845.0,527.0,1527.0,812.0,388.0,378.0,486.0,1160.0,568.0,482.0,1237.0,1365.0,465.0,1421.0,631.0,1033.0,454.0,490.0,441.0,996.0,654.0,1538.0,415.0,283.0,651.0,1538.0,540.0,529.0,860.0,435.0,1146.0,719.0,000000000000000017d4,39.0033140815023,F0805R02
415.0,1306.0,1180.0,379.0,469.0,683.0,683.0,434.0,352.0,1428.0,1120.0,587.0,528.0,1220.0,391.0,1347.0,1074.0,752.0,644.0,519.0,1493.0,296.0,504.0,740.0,1079.0,439.0,478.0,441.0,1335.0,851.0,462.0,1478.0,763.0,357.0,364.0,489.0,1196.0,556.0,453.0,1184.0,1306.0,425.0,1375.0,643.0,1084.0,383.0,418.0,375.0,1079.0,667.0,1527.0,376.0,257.0,675.0,1499.0,501.0,521.0,848.0,414.0,1158.0,702.0,000000000000000017d5,176.922648189843,F0806F01
446.0,1365.0,1239.0,413.0,513.0,723.0,723.0,476.0,387.0,1499.0,1150.0,630.0,564.0,1280.0,421.0,1407.0,1127.0,785.0,682.0,558.0,1555.0,327.0,546.0,773.0,1133.0,474.0,516.0,478.0,1392.0,889.0,498.0,1547.0,798.0,387.0,391.0,527.0,1231.0,597.0,485.0,1239.0,1366.0,454.0,1442.0,682.0,1117.0,421.0,454.0,411.0,1101.0,699.0,1584.0,403.0,281.0,715.0,1568.0,541.0,554.0,889.0,445.0,1193.0,745.0,000000000000000017d6,60.2629335076748,F0806F02
437.0,1351.0,1227.0,406.0,502.0,714.0,715.0,464.0,376.0,1483.0,1154.0,620.0,559.0,1269.0,415.0,1394.0,1113.0,776.0,674.0,548.0,1546.0,316.0,537.0,764.0,1120.0,464.0,509.0,469.0,1381.0,885.0,489.0,1533.0,788.0,380.0,384.0,520.0,1235.0,591.0,477.0,1227.0,1352.0,447.0,1427.0,674.0,1119.0,411.0,445.0,400.0,1109.0,691.0,1571.0,396.0,274.0,713.0,1554.0,533.0,549.0,881.0,439.0,1196.0,743.0,000000000000000017d7,171.685709074646,F0806F03
395.0,1023.0,911.0,294.0,447.0,591.0,585.0,450.0,343.0,1092.0,728.0,494.0,479.0,928.0,371.0,1039.0,852.0,600.0,517.0,463.0,1084.0,303.0,454.0,600.0,808.0,408.0,435.0,379.0,1024.0,622.0,448.0,1117.0,662.0,341.0,324.0,451.0,785.0,482.0,408.0,933.0,1045.0,370.0,1022.0,505.0,693.0,408.0,406.0,380.0,718.0,498.0,1150.0,339.0,277.0,507.0,1110.0,444.0,424.0,681.0,368.0,775.0,553.0,000000000000000017d8,47.8382029104333,F0806F04
574.0,1669.0,1587.0,523.0,517.0,923.0,899.0,449.0,401.0,1870.0,1597.0,724.0,649.0,1602.0,428.0,1705.0,1428.0,949.0,948.0,557.0,2000.0,395.0,628.0,949.0,1501.0,524.0,693.0,523.0,1759.0,1109.0,455.0,1819.0,881.0,505.0,490.0,555.0,1564.0,686.0,455.0,1550.0,1732.0,518.0,1815.0,945.0,1543.0,431.0,455.0,429.0,1635.0,1009.0,2032.0,404.0,430.0,808.0,1843.0,624.0,654.0,1119.0,572.0,1590.0,840.0,000000000000000017d9,18.2007892498586,F0806R01
555.0,1557.0,1418.0,478.0,629.0,694.0,691.0,630.0,544.0,1784.0,933.0,692.0,553.0,1472.0,547.0,1630.0,1397.0,906.0,628.0,682.0,1641.0,465.0,616.0,886.0,1354.0,610.0,542.0,561.0,1545.0,750.0,596.0,1827.0,942.0,470.0,482.0,606.0,1018.0,613.0,634.0,1450.0,1587.0,553.0,1703.0,607.0,947.0,532.0,581.0,546.0,898.0,801.0,1904.0,519.0,413.0,661.0,1851.0,614.0,600.0,1007.0,533.0,984.0,659.0,000000000000000017da,29.3181962641329,F0806R02
452.0,1140.0,1042.0,342.0,515.0,648.0,638.0,526.0,406.0,1233.0,760.0,553.0,539.0,1074.0,450.0,1149.0,1003.0,691.0,576.0,543.0,1141.0,362.0,515.0,680.0,950.0,483.0,482.0,439.0,1120.0,670.0,547.0,1242.0,740.0,396.0,411.0,528.0,830.0,548.0,484.0,1044.0,1167.0,448.0,1134.0,555.0,771.0,462.0,483.0,481.0,750.0,571.0,1329.0,413.0,333.0,571.0,1245.0,514.0,526.0,761.0,428.0,811.0,603.0,000000000000000017db,12.5314040232231,F0806R05
523.0,1363.0,1193.0,427.0,604.0,704.0,689.0,634.0,524.0,1503.0,745.0,620.0,546.0,1277.0,537.0,1400.0,1193.0,802.0,592.0,638.0,1316.0,466.0,585.0,764.0,1176.0,583.0,515.0,524.0,1302.0,703.0,592.0,1493.0,811.0,450.0,456.0,603.0,864.0,614.0,596.0,1183.0,1405.0,522.0,1385.0,568.0,822.0,525.0,582.0,572.0,742.0,652.0,1624.0,484.0,408.0,624.0,1562.0,572.0,592.0,881.0,489.0,838.0,614.0,000000000000000017dc,26.2939109955425,F0806R07
462.0,1366.0,1227.0,428.0,543.0,759.0,785.0,515.0,429.0,1513.0,1168.0,639.0,602.0,1217.0,405.0,1398.0,1113.0,758.0,665.0,565.0,1545.0,353.0,555.0,761.0,1078.0,482.0,559.0,517.0,1419.0,897.0,539.0,1535.0,830.0,396.0,389.0,518.0,1234.0,599.0,478.0,1228.0,1398.0,476.0,1438.0,665.0,1091.0,480.0,504.0,454.0,1076.0,658.0,1539.0,426.0,291.0,670.0,1554.0,556.0,539.0,876.0,443.0,1220.0,751.0,000000000000000017dd,47.3918091489191,F0806R08
393.0,997.0,887.0,282.0,459.0,589.0,575.0,467.0,357.0,1055.0,675.0,482.0,457.0,921.0,392.0,1006.0,852.0,595.0,501.0,469.0,975.0,309.0,448.0,585.0,809.0,427.0,414.0,367.0,966.0,593.0,458.0,1058.0,643.0,331.0,336.0,467.0,744.0,483.0,409.0,890.0,1019.0,380.0,961.0,484.0,685.0,403.0,416.0,381.0,651.0,478.0,1156.0,340.0,280.0,487.0,1060.0,433.0,453.0,671.0,362.0,719.0,526.0,000000000000000017de,47.5048027309693,F0806R09
507.0,1492.0,1404.0,462.0,552.0,665.0,665.0,533.0,466.0,1704.0,1037.0,665.0,537.0,1433.0,490.0,1558.0,1327.0,880.0,649.0,609.0,1674.0,404.0,580.0,853.0,1294.0,540.0,522.0,530.0,1527.0,775.0,540.0,1742.0,893.0,448.0,447.0,535.0,1104.0,570.0,579.0,1413.0,1506.0,510.0,1636.0,633.0,1022.0,463.0,506.0,484.0,1031.0,801.0,1833.0,469.0,365.0,661.0,1753.0,581.0,588.0,963.0,504.0,1071.0,663.0,000000000000000017df,4.58850195035078,F0806R10
433.0,1352.0,1262.0,407.0,465.0,606.0,606.0,445.0,389.0,1523.0,983.0,577.0,480.0,1289.0,413.0,1405.0,1174.0,789.0,597.0,522.0,1538.0,343.0,503.0,762.0,1150.0,459.0,456.0,462.0,1388.0,721.0,460.0,1560.0,790.0,385.0,385.0,459.0,1045.0,500.0,487.0,1262.0,1352.0,441.0,1469.0,587.0,965.0,396.0,426.0,408.0,990.0,718.0,1658.0,395.0,310.0,597.0,1577.0,505.0,516.0,861.0,440.0,1018.0,606.0,000000000000000017e0,15.3268828884572,F0806R11
459.0,1398.0,1316.0,428.0,513.0,629.0,629.0,496.0,435.0,1603.0,982.0,623.0,508.0,1346.0,456.0,1461.0,1237.0,823.0,600.0,569.0,1573.0,369.0,538.0,797.0,1207.0,497.0,484.0,497.0,1426.0,747.0,503.0,1640.0,840.0,408.0,405.0,501.0,1054.0,547.0,542.0,1327.0,1417.0,471.0,1533.0,589.0,971.0,426.0,480.0,452.0,965.0,735.0,1726.0,429.0,322.0,638.0,1654.0,541.0,548.0,906.0,463.0,1023.0,647.0,000000000000000017e1,52.104202001762,F0806R12
515.0,1539.0,1456.0,468.0,530.0,694.0,701.0,510.0,443.0,1715.0,1170.0,663.0,556.0,1474.0,475.0,1591.0,1379.0,930.0,701.0,592.0,1735.0,403.0,579.0,894.0,1338.0,534.0,528.0,521.0,1583.0,808.0,520.0,1756.0,934.0,448.0,445.0,532.0,1229.0,575.0,555.0,1458.0,1545.0,503.0,1656.0,687.0,1133.0,449.0,479.0,456.0,1196.0,857.0,1876.0,449.0,362.0,678.0,1765.0,581.0,581.0,994.0,498.0,1203.0,678.0,000000000000000017e2,20.0867737026922,F0806R13
468.0,1415.0,1336.0,434.0,521.0,638.0,638.0,502.0,438.0,1620.0,996.0,630.0,514.0,1366.0,464.0,1478.0,1250.0,834.0,617.0,573.0,1594.0,375.0,549.0,808.0,1225.0,502.0,495.0,500.0,1445.0,760.0,508.0,1658.0,848.0,419.0,416.0,506.0,1068.0,551.0,549.0,1342.0,1429.0,481.0,1553.0,606.0,986.0,435.0,482.0,456.0,986.0,750.0,1748.0,439.0,333.0,645.0,1671.0,548.0,561.0,916.0,473.0,1036.0,650.0,000000000000000017e3,38.2846648947309,F0806R14
505.0,1484.0,1388.0,457.0,539.0,654.0,654.0,520.0,459.0,1690.0,1025.0,653.0,527.0,1415.0,482.0,1547.0,1317.0,872.0,643.0,598.0,1662.0,401.0,567.0,846.0,1283.0,533.0,511.0,523.0,1519.0,757.0,530.0,1728.0,882.0,443.0,443.0,526.0,1087.0,556.0,567.0,1397.0,1494.0,502.0,1625.0,626.0,1008.0,453.0,497.0,477.0,1023.0,799.0,1819.0,463.0,365.0,642.0,1737.0,571.0,578.0,952.0,499.0,1053.0,643.0,000000000000000017e4,15.341734000749,F0806R15
541.0,1522.0,1397.0,466.0,627.0,711.0,704.0,634.0,537.0,1753.0,943.0,701.0,553.0,1449.0,539.0,1600.0,1370.0,891.0,625.0,682.0,1612.0,447.0,616.0,875.0,1326.0,602.0,545.0,558.0,1510.0,774.0,593.0,1798.0,931.0,463.0,463.0,607.0,1035.0,624.0,634.0,1428.0,1556.0,543.0,1669.0,601.0,964.0,525.0,578.0,538.0,911.0,777.0,1851.0,504.0,390.0,681.0,1829.0,611.0,594.0,1003.0,527.0,999.0,681.0,000000000000000017e5,6.18328144253722,F0806R17
553.0,1367.0,1190.0,471.0,648.0,738.0,738.0,694.0,592.0,1510.0,744.0,644.0,545.0,1300.0,570.0,1421.0,1190.0,820.0,608.0,660.0,1314.0,515.0,614.0,770.0,1231.0,627.0,553.0,566.0,1286.0,710.0,613.0,1459.0,819.0,485.0,473.0,628.0,859.0,644.0,642.0,1181.0,1425.0,555.0,1415.0,580.0,861.0,568.0,619.0,602.0,735.0,690.0,1599.0,514.0,457.0,628.0,1555.0,577.0,613.0,902.0,537.0,817.0,609.0,000000000000000017e6,15.738496133671,F0806R18
482.0,1497.0,1404.0,450.0,519.0,695.0,701.0,485.0,413.0,1658.0,1172.0,651.0,555.0,1429.0,455.0,1548.0,1296.0,890.0,695.0,571.0,1714.0,370.0,571.0,859.0,1277.0,503.0,526.0,509.0,1543.0,838.0,507.0,1709.0,890.0,434.0,419.0,515.0,1239.0,577.0,537.0,1404.0,1497.0,485.0,1612.0,679.0,1141.0,434.0,461.0,439.0,1197.0,808.0,1858.0,430.0,329.0,691.0,1719.0,566.0,573.0,962.0,488.0,1208.0,702.0,000000000000000017e8,1.67115428399518,F0806R20
603.0,1717.0,1649.0,554.0,547.0,947.0,922.0,478.0,424.0,1924.0,1630.0,759.0,668.0,1659.0,446.0,1753.0,1483.0,991.0,971.0,588.0,2047.0,422.0,667.0,991.0,1561.0,554.0,728.0,554.0,1808.0,1136.0,480.0,1879.0,922.0,532.0,514.0,581.0,1601.0,714.0,479.0,1606.0,1781.0,548.0,1872.0,965.0,1576.0,453.0,484.0,457.0,1671.0,1052.0,2100.0,428.0,453.0,833.0,1899.0,656.0,687.0,1165.0,598.0,1628.0,864.0,000000000000000017e9,14.0962469454913,F0806R21
394.0,1069.0,902.0,329.0,471.0,566.0,559.0,511.0,425.0,1192.0,555.0,476.0,409.0,998.0,411.0,1104.0,900.0,614.0,447.0,492.0,1012.0,363.0,445.0,572.0,928.0,462.0,391.0,408.0,994.0,539.0,454.0,1141.0,612.0,334.0,336.0,474.0,665.0,483.0,465.0,891.0,1120.0,404.0,1087.0,417.0,667.0,399.0,455.0,453.0,554.0,497.0,1266.0,366.0,310.0,472.0,1225.0,422.0,461.0,689.0,380.0,636.0,461.0,000000000000000017ea,56.2013430668544,F0810F01
402.0,941.0,789.0,326.0,488.0,543.0,546.0,506.0,438.0,1013.0,525.0,477.0,373.0,891.0,415.0,965.0,797.0,578.0,417.0,477.0,877.0,374.0,439.0,533.0,845.0,463.0,400.0,411.0,861.0,549.0,458.0,981.0,577.0,344.0,332.0,474.0,641.0,483.0,463.0,790.0,981.0,407.0,914.0,406.0,624.0,407.0,467.0,437.0,522.0,459.0,1081.0,362.0,321.0,449.0,1053.0,401.0,466.0,646.0,392.0,599.0,457.0,000000000000000017eb,22.0801752944161,F0811F01
442.0,1345.0,1209.0,378.0,507.0,581.0,565.0,517.0,455.0,1515.0,775.0,554.0,435.0,1280.0,449.0,1419.0,1203.0,758.0,497.0,557.0,1392.0,383.0,487.0,732.0,1180.0,498.0,410.0,463.0,1320.0,611.0,503.0,1540.0,785.0,363.0,393.0,502.0,861.0,502.0,520.0,1238.0,1374.0,457.0,1423.0,471.0,826.0,419.0,489.0,458.0,756.0,644.0,1669.0,428.0,327.0,532.0,1571.0,491.0,503.0,845.0,423.0,831.0,521.0,000000000000000017ec,19.3406754703316,F0811F02
497.0,1461.0,1320.0,423.0,575.0,659.0,638.0,587.0,509.0,1643.0,850.0,620.0,494.0,1400.0,505.0,1542.0,1312.0,833.0,561.0,623.0,1505.0,432.0,554.0,805.0,1293.0,560.0,470.0,516.0,1432.0,687.0,559.0,1669.0,860.0,412.0,438.0,568.0,945.0,568.0,584.0,1352.0,1493.0,508.0,1546.0,534.0,909.0,480.0,548.0,515.0,830.0,708.0,1806.0,479.0,372.0,601.0,1706.0,550.0,559.0,926.0,477.0,911.0,587.0,000000000000000017ed,20.0666386633769,F0811R01
533.0,1250.0,1069.0,440.0,637.0,704.0,706.0,672.0,576.0,1345.0,686.0,629.0,496.0,1191.0,550.0,1289.0,1075.0,773.0,552.0,640.0,1174.0,496.0,582.0,716.0,1130.0,612.0,530.0,538.0,1153.0,691.0,600.0,1306.0,766.0,455.0,444.0,613.0,829.0,624.0,617.0,1057.0,1303.0,543.0,1242.0,526.0,816.0,534.0,605.0,574.0,678.0,626.0,1430.0,487.0,432.0,593.0,1403.0,540.0,610.0,863.0,519.0,779.0,584.0,000000000000000017ee,22.2232495529803,F0812R01
541.0,1544.0,1427.0,470.0,570.0,679.0,675.0,568.0,499.0,1749.0,1020.0,685.0,536.0,1464.0,508.0,1612.0,1397.0,924.0,644.0,649.0,1670.0,436.0,586.0,891.0,1348.0,579.0,514.0,535.0,1548.0,755.0,565.0,1782.0,935.0,451.0,461.0,561.0,1091.0,580.0,597.0,1454.0,1572.0,531.0,1659.0,626.0,1012.0,484.0,528.0,501.0,1015.0,833.0,1869.0,490.0,377.0,650.0,1801.0,597.0,594.0,999.0,507.0,1064.0,649.0,000000000000000017ef,37.253009653441,F0812R03
523.0,1555.0,1468.0,477.0,547.0,713.0,719.0,524.0,448.0,1728.0,1181.0,683.0,568.0,1488.0,490.0,1609.0,1378.0,936.0,718.0,604.0,1759.0,402.0,600.0,899.0,1343.0,543.0,551.0,534.0,1603.0,840.0,527.0,1777.0,936.0,464.0,445.0,536.0,1245.0,588.0,573.0,1468.0,1561.0,507.0,1673.0,702.0,1150.0,464.0,490.0,470.0,1209.0,858.0,1903.0,455.0,369.0,694.0,1787.0,597.0,593.0,1004.0,516.0,1219.0,695.0,000000000000000017f0,24.6108188421986,F0813R01
532.0,1540.0,1452.0,472.0,544.0,673.0,671.0,531.0,475.0,1744.0,1088.0,676.0,542.0,1481.0,487.0,1608.0,1392.0,924.0,665.0,623.0,1715.0,423.0,575.0,893.0,1351.0,563.0,515.0,533.0,1574.0,762.0,545.0,1773.0,935.0,450.0,462.0,540.0,1144.0,567.0,576.0,1468.0,1556.0,524.0,1673.0,648.0,1063.0,463.0,505.0,487.0,1096.0,854.0,1880.0,480.0,377.0,653.0,1787.0,591.0,593.0,996.0,505.0,1118.0,650.0,000000000000000017f1,5.87305400879832,F0813R02
374.0,1044.0,885.0,312.0,437.0,534.0,523.0,467.0,392.0,1157.0,543.0,446.0,391.0,962.0,385.0,1078.0,883.0,588.0,434.0,459.0,999.0,342.0,419.0,555.0,893.0,427.0,370.0,383.0,982.0,517.0,423.0,1133.0,589.0,319.0,320.0,442.0,637.0,450.0,433.0,874.0,1082.0,377.0,1068.0,409.0,625.0,377.0,426.0,419.0,541.0,480.0,1247.0,346.0,294.0,449.0,1200.0,402.0,424.0,652.0,354.0,615.0,442.0,000000000000000017f2,36.7339312825968,F0814F01
441.0,1325.0,1190.0,383.0,508.0,598.0,578.0,524.0,460.0,1493.0,751.0,546.0,441.0,1266.0,448.0,1399.0,1177.0,742.0,506.0,552.0,1356.0,393.0,491.0,717.0,1169.0,500.0,422.0,460.0,1292.0,614.0,494.0,1511.0,760.0,373.0,388.0,507.0,841.0,507.0,520.0,1214.0,1358.0,450.0,1408.0,484.0,810.0,431.0,493.0,468.0,734.0,634.0,1631.0,427.0,337.0,533.0,1552.0,484.0,493.0,825.0,424.0,807.0,516.0,000000000000000017f3,35.6045435148276,F0814F02
516.0,1499.0,1358.0,442.0,601.0,700.0,676.0,616.0,533.0,1680.0,879.0,641.0,520.0,1443.0,528.0,1583.0,1349.0,861.0,592.0,646.0,1536.0,457.0,581.0,832.0,1335.0,583.0,496.0,537.0,1466.0,723.0,578.0,1704.0,885.0,435.0,453.0,598.0,978.0,598.0,610.0,1390.0,1531.0,525.0,1584.0,567.0,947.0,506.0,574.0,542.0,858.0,733.0,1843.0,498.0,393.0,631.0,1747.0,569.0,578.0,956.0,499.0,941.0,615.0,000000000000000017f4,48.7539194768507,F0814F04
708.0,1635.0,1489.0,594.0,830.0,1016.0,1033.0,884.0,729.0,1710.0,1030.0,797.0,703.0,1639.0,727.0,1708.0,1472.0,1036.0,861.0,814.0,1573.0,657.0,777.0,972.0,1568.0,795.0,719.0,683.0,1534.0,979.0,724.0,1709.0,1028.0,628.0,576.0,829.0,1171.0,847.0,800.0,1457.0,1638.0,682.0,1702.0,824.0,1180.0,738.0,747.0,704.0,1030.0,903.0,1785.0,626.0,616.0,812.0,1832.0,708.0,741.0,1127.0,692.0,1115.0,786.0,000000000000000017f5,2.63594903941592,F0814R02
455.0,1259.0,1144.0,407.0,526.0,702.0,712.0,506.0,420.0,1402.0,974.0,603.0,556.0,1145.0,417.0,1295.0,1058.0,702.0,616.0,539.0,1400.0,349.0,537.0,702.0,1027.0,470.0,531.0,490.0,1294.0,803.0,509.0,1425.0,755.0,401.0,381.0,503.0,1031.0,562.0,489.0,1155.0,1295.0,445.0,1331.0,621.0,928.0,469.0,485.0,441.0,893.0,611.0,1412.0,402.0,309.0,617.0,1440.0,524.0,497.0,798.0,443.0,1021.0,676.0,000000000000000017f6,19.6246924376356,F0814R03
625.0,1595.0,1454.0,554.0,725.0,823.0,803.0,757.0,646.0,1775.0,901.0,727.0,623.0,1546.0,650.0,1661.0,1445.0,934.0,710.0,742.0,1585.0,578.0,699.0,903.0,1460.0,688.0,630.0,638.0,1535.0,815.0,663.0,1791.0,943.0,564.0,545.0,703.0,1009.0,711.0,719.0,1463.0,1637.0,616.0,1693.0,684.0,991.0,646.0,688.0,663.0,892.0,815.0,1907.0,584.0,530.0,720.0,1852.0,658.0,662.0,1014.0,616.0,982.0,703.0,000000000000000017f7,11.4620689104842,F0814R05
814.0,1866.0,1719.0,669.0,926.0,1189.0,1209.0,989.0,811.0,1945.0,1245.0,915.0,826.0,1880.0,814.0,1952.0,1702.0,1201.0,1025.0,931.0,1802.0,735.0,876.0,1129.0,1804.0,910.0,814.0,759.0,1761.0,1151.0,811.0,1951.0,1193.0,712.0,655.0,958.0,1401.0,980.0,897.0,1687.0,1859.0,770.0,1947.0,983.0,1407.0,834.0,830.0,787.0,1245.0,1054.0,2031.0,711.0,695.0,944.0,2079.0,820.0,828.0,1300.0,779.0,1332.0,915.0,000000000000000017f8,6.54430980053105,F0814R06
603.0,1495.0,1326.0,521.0,703.0,793.0,785.0,751.0,639.0,1651.0,816.0,703.0,594.0,1428.0,622.0,1550.0,1326.0,896.0,658.0,720.0,1448.0,560.0,669.0,851.0,1356.0,686.0,605.0,612.0,1413.0,764.0,660.0,1619.0,895.0,534.0,517.0,679.0,929.0,688.0,696.0,1317.0,1547.0,601.0,1553.0,629.0,931.0,614.0,666.0,655.0,806.0,762.0,1765.0,559.0,498.0,679.0,1712.0,634.0,660.0,980.0,588.0,899.0,659.0,000000000000000017f9,12.7885265206915,F0814R07
478.0,1272.0,1139.0,405.0,555.0,723.0,728.0,534.0,423.0,1399.0,990.0,614.0,579.0,1160.0,437.0,1300.0,1075.0,711.0,637.0,560.0,1414.0,363.0,560.0,715.0,1042.0,494.0,559.0,489.0,1303.0,818.0,527.0,1428.0,779.0,421.0,391.0,531.0,1047.0,579.0,501.0,1184.0,1299.0,456.0,1322.0,649.0,918.0,496.0,484.0,445.0,919.0,628.0,1423.0,413.0,332.0,634.0,1447.0,544.0,504.0,813.0,463.0,1043.0,694.0,000000000000000017fa,27.0644664257164,F0814R08
405.0,1316.0,1204.0,370.0,428.0,665.0,666.0,397.0,320.0,1439.0,1148.0,560.0,510.0,1232.0,371.0,1364.0,1074.0,761.0,655.0,478.0,1540.0,280.0,482.0,740.0,1083.0,416.0,460.0,419.0,1374.0,825.0,432.0,1488.0,761.0,360.0,355.0,451.0,1216.0,521.0,433.0,1194.0,1306.0,410.0,1401.0,654.0,1125.0,365.0,379.0,350.0,1161.0,700.0,1645.0,355.0,265.0,639.0,1499.0,478.0,509.0,842.0,412.0,1182.0,662.0,000000000000000017fb,82.1045506440658,F0903F98
446.0,1429.0,1305.0,403.0,472.0,741.0,750.0,437.0,352.0,1547.0,1259.0,613.0,569.0,1330.0,407.0,1471.0,1165.0,819.0,737.0,527.0,1660.0,310.0,531.0,799.0,1183.0,457.0,513.0,452.0,1482.0,909.0,464.0,1596.0,820.0,396.0,386.0,502.0,1327.0,573.0,463.0,1291.0,1412.0,441.0,1514.0,737.0,1228.0,406.0,405.0,381.0,1307.0,764.0,1776.0,386.0,302.0,695.0,1612.0,528.0,539.0,903.0,449.0,1293.0,720.0,000000000000000017fc,35.1312996034277,F0908F75
436.0,1380.0,1269.0,396.0,464.0,710.0,713.0,429.0,346.0,1509.0,1214.0,607.0,549.0,1300.0,400.0,1430.0,1134.0,808.0,697.0,519.0,1611.0,301.0,517.0,787.0,1144.0,449.0,494.0,448.0,1438.0,882.0,466.0,1561.0,809.0,386.0,382.0,488.0,1286.0,562.0,468.0,1261.0,1370.0,441.0,1468.0,696.0,1188.0,393.0,408.0,376.0,1222.0,740.0,1720.0,383.0,284.0,689.0,1572.0,516.0,546.0,897.0,443.0,1250.0,716.0,000000000000000017fd,109.592105972709,F0908F79
1400.0,2725.0,2589.0,1175.0,1116.0,2044.0,2147.0,1186.0,773.0,3084.0,2903.0,1254.0,1660.0,2611.0,830.0,2674.0,2278.0,1726.0,2142.0,1303.0,3000.0,920.0,1470.0,1527.0,2489.0,1146.0,1845.0,1252.0,2870.0,2347.0,969.0,2789.0,1693.0,1131.0,1157.0,1641.0,2799.0,1666.0,1045.0,2540.0,2993.0,1217.0,2792.0,2392.0,2763.0,1132.0,959.0,861.0,2870.0,2004.0,3048.0,1120.0,1022.0,1887.0,2857.0,1429.0,1226.0,1860.0,1375.0,2686.0,1833.0,000000000000000017fe,2081.50478895858,F0909W01
1400.0,2725.0,2589.0,1175.0,1116.0,2044.0,2147.0,1186.0,773.0,3084.0,2903.0,1254.0,1660.0,2611.0,830.0,2674.0,2278.0,1726.0,2142.0,1303.0,3000.0,920.0,1470.0,1527.0,2489.0,1146.0,1845.0,1252.0,2870.0,2347.0,969.0,2789.0,1693.0,1131.0,1157.0,1641.0,2799.0,1666.0,1045.0,2540.0,2993.0,1217.0,2792.0,2392.0,2763.0,1132.0,959.0,861.0,2870.0,2004.0,3048.0,1120.0,1022.0,1887.0,2857.0,1429.0,1226.0,1860.0,1375.0,2686.0,1833.0,000000000000000017ff,1320.21511957446,F0909W05
483.0,1828.0,1449.0,280.0,345.0,1027.0,998.0,349.0,196.0,2035.0,1605.0,504.0,701.0,1324.0,203.0,1701.0,1130.0,638.0,980.0,441.0,2248.0,188.0,401.0,771.0,865.0,356.0,671.0,335.0,2051.0,1008.0,235.0,1888.0,790.0,262.0,356.0,550.0,1537.0,591.0,154.0,1206.0,2000.0,323.0,1917.0,964.0,1563.0,545.0,331.0,247.0,1540.0,752.0,1873.0,194.0,249.0,657.0,1571.0,433.0,392.0,729.0,321.0,1504.0,701.0,00000000000000001800,163.412015899559,F1004R01
492.0,1837.0,1463.0,284.0,351.0,1029.0,1001.0,354.0,196.0,2049.0,1614.0,512.0,705.0,1335.0,202.0,1709.0,1140.0,645.0,982.0,448.0,2257.0,191.0,406.0,778.0,875.0,361.0,685.0,341.0,2064.0,1013.0,240.0,1896.0,794.0,262.0,365.0,554.0,1542.0,597.0,153.0,1212.0,2013.0,334.0,1923.0,966.0,1571.0,556.0,336.0,252.0,1544.0,760.0,1879.0,200.0,250.0,663.0,1579.0,443.0,405.0,735.0,323.0,1510.0,706.0,00000000000000001801,201.58314788895,F1004R02
525.0,1597.0,1312.0,318.0,302.0,964.0,921.0,282.0,178.0,1829.0,1496.0,513.0,663.0,1191.0,272.0,1404.0,1131.0,716.0,952.0,461.0,1909.0,210.0,354.0,770.0,961.0,360.0,699.0,362.0,1815.0,974.0,266.0,1566.0,746.0,282.0,411.0,539.0,1412.0,534.0,153.0,1095.0,1804.0,436.0,1674.0,961.0,1469.0,481.0,265.0,280.0,1392.0,824.0,1613.0,232.0,269.0,605.0,1472.0,551.0,411.0,748.0,361.0,1326.0,590.0,00000000000000001802,236.102929901309,F1009F01
516.0,1546.0,1348.0,298.0,286.0,885.0,863.0,276.0,180.0,1780.0,1386.0,516.0,615.0,1190.0,231.0,1412.0,1147.0,701.0,869.0,459.0,1807.0,204.0,338.0,797.0,964.0,353.0,642.0,337.0,1759.0,926.0,263.0,1581.0,741.0,255.0,385.0,487.0,1308.0,497.0,156.0,1061.0,1705.0,396.0,1616.0,899.0,1366.0,502.0,278.0,286.0,1271.0,786.0,1584.0,210.0,252.0,566.0,1465.0,534.0,416.0,731.0,338.0,1303.0,569.0,00000000000000001803,148.724911611414,F1009F02
513.0,1585.0,1386.0,279.0,283.0,888.0,869.0,282.0,173.0,1813.0,1400.0,513.0,607.0,1227.0,220.0,1473.0,1185.0,705.0,870.0,462.0,1826.0,194.0,337.0,811.0,987.0,361.0,634.0,322.0,1801.0,941.0,265.0,1626.0,753.0,240.0,375.0,496.0,1317.0,506.0,156.0,1083.0,1732.0,382.0,1662.0,899.0,1374.0,496.0,270.0,270.0,1279.0,789.0,1633.0,211.0,247.0,571.0,1511.0,523.0,407.0,743.0,321.0,1342.0,580.0,00000000000000001804,161.44222451421,F1009F03
539.0,1655.0,1348.0,328.0,314.0,1004.0,956.0,299.0,182.0,1891.0,1548.0,527.0,687.0,1224.0,281.0,1456.0,1163.0,738.0,991.0,474.0,1981.0,218.0,377.0,791.0,991.0,368.0,738.0,375.0,1877.0,1011.0,275.0,1623.0,769.0,291.0,423.0,560.0,1465.0,554.0,160.0,1135.0,1868.0,448.0,1733.0,999.0,1517.0,502.0,276.0,290.0,1448.0,848.0,1668.0,242.0,279.0,627.0,1519.0,564.0,423.0,772.0,367.0,1366.0,612.0,00000000000000001805,97.5339217670665,F1009F04
534.0,1605.0,1319.0,319.0,309.0,970.0,929.0,286.0,177.0,1841.0,1498.0,521.0,665.0,1202.0,272.0,1409.0,1141.0,726.0,960.0,470.0,1914.0,209.0,360.0,777.0,974.0,368.0,707.0,361.0,1819.0,980.0,266.0,1575.0,750.0,283.0,410.0,542.0,1411.0,535.0,152.0,1104.0,1813.0,435.0,1687.0,972.0,1472.0,488.0,262.0,279.0,1393.0,833.0,1627.0,233.0,267.0,608.0,1485.0,563.0,410.0,754.0,362.0,1326.0,589.0,00000000000000001807,3759.83864438306,F1012F01
578.0,1690.0,1258.0,350.0,337.0,913.0,1008.0,337.0,269.0,1769.0,1344.0,535.0,629.0,1249.0,279.0,1476.0,1230.0,802.0,936.0,628.0,1756.0,240.0,346.0,827.0,1093.0,563.0,607.0,360.0,1812.0,920.0,337.0,1530.0,758.0,288.0,436.0,536.0,1284.0,599.0,237.0,1160.0,1726.0,459.0,1777.0,982.0,1461.0,447.0,298.0,304.0,1274.0,878.0,1580.0,344.0,276.0,580.0,1470.0,617.0,498.0,961.0,356.0,1256.0,526.0,00000000000000001808,1553.08547251368,F1012F02
497.0,1609.0,1371.0,272.0,279.0,903.0,881.0,281.0,159.0,1804.0,1457.0,507.0,614.0,1195.0,217.0,1472.0,1143.0,675.0,891.0,444.0,1880.0,181.0,337.0,769.0,943.0,341.0,664.0,319.0,1832.0,951.0,238.0,1597.0,726.0,247.0,371.0,497.0,1379.0,509.0,140.0,1063.0,1766.0,383.0,1650.0,897.0,1427.0,489.0,263.0,249.0,1333.0,773.0,1612.0,193.0,243.0,573.0,1470.0,515.0,396.0,714.0,329.0,1348.0,584.0,00000000000000001809,2529.7715112648,F1012F05
526.0,1821.0,1266.0,483.0,357.0,1020.0,1036.0,368.0,267.0,1692.0,1653.0,393.0,647.0,1314.0,290.0,1500.0,1403.0,793.0,1220.0,429.0,1840.0,287.0,496.0,773.0,1194.0,391.0,754.0,442.0,1740.0,1249.0,251.0,1600.0,701.0,340.0,503.0,702.0,1560.0,656.0,280.0,1091.0,1666.0,568.0,1600.0,1165.0,1622.0,522.0,308.0,318.0,1472.0,959.0,1536.0,466.0,400.0,829.0,1477.0,651.0,475.0,848.0,452.0,1243.0,620.0,0000000000000000180a,306.341784519579,F1303F03
640.0,2119.0,1560.0,538.0,453.0,1236.0,1247.0,452.0,322.0,2026.0,1944.0,510.0,771.0,1578.0,363.0,1786.0,1641.0,963.0,1433.0,541.0,2168.0,348.0,591.0,937.0,1444.0,502.0,869.0,493.0,2055.0,1456.0,339.0,1929.0,845.0,400.0,592.0,824.0,1808.0,794.0,339.0,1338.0,1992.0,675.0,1941.0,1391.0,1901.0,624.0,366.0,376.0,1732.0,1150.0,1852.0,542.0,457.0,954.0,1767.0,776.0,562.0,1033.0,513.0,1482.0,745.0,0000000000000000180b,125.080939757426,F1307F02
596.0,1995.0,1443.0,535.0,416.0,1163.0,1173.0,433.0,315.0,1930.0,1833.0,462.0,731.0,1508.0,336.0,1667.0,1557.0,901.0,1367.0,491.0,2039.0,335.0,564.0,873.0,1359.0,452.0,836.0,485.0,1928.0,1404.0,299.0,1811.0,806.0,385.0,555.0,795.0,1736.0,757.0,335.0,1246.0,1854.0,620.0,1811.0,1321.0,1779.0,583.0,363.0,365.0,1640.0,1080.0,1720.0,517.0,452.0,926.0,1690.0,730.0,526.0,958.0,503.0,1408.0,728.0,0000000000000000180c,149.441039883952,F1308F65
541.0,1868.0,1302.0,489.0,368.0,1052.0,1065.0,380.0,277.0,1740.0,1690.0,412.0,667.0,1357.0,298.0,1548.0,1447.0,820.0,1250.0,445.0,1884.0,297.0,505.0,799.0,1238.0,409.0,762.0,449.0,1784.0,1279.0,263.0,1645.0,728.0,347.0,517.0,719.0,1602.0,674.0,289.0,1133.0,1710.0,578.0,1645.0,1193.0,1659.0,530.0,317.0,327.0,1513.0,983.0,1583.0,477.0,406.0,846.0,1528.0,667.0,483.0,872.0,457.0,1282.0,635.0,0000000000000000180d,294.672001377461,F1314F02
560.0,1921.0,1354.0,505.0,380.0,1084.0,1101.0,389.0,280.0,1797.0,1746.0,421.0,684.0,1401.0,305.0,1585.0,1492.0,844.0,1294.0,459.0,1944.0,301.0,524.0,824.0,1272.0,419.0,796.0,462.0,1838.0,1323.0,270.0,1700.0,744.0,354.0,535.0,740.0,1642.0,695.0,292.0,1166.0,1763.0,606.0,1700.0,1238.0,1714.0,553.0,323.0,334.0,1554.0,1022.0,1633.0,493.0,417.0,874.0,1564.0,692.0,505.0,904.0,469.0,1311.0,654.0,0000000000000000180e,209.983659269076,F1314F03
617.0,2133.0,1479.0,512.0,434.0,1221.0,1221.0,446.0,330.0,2005.0,1872.0,498.0,770.0,1583.0,340.0,1804.0,1690.0,989.0,1424.0,522.0,2099.0,340.0,562.0,935.0,1468.0,494.0,822.0,471.0,2017.0,1471.0,317.0,1894.0,883.0,386.0,569.0,819.0,1825.0,761.0,349.0,1354.0,1944.0,619.0,1886.0,1354.0,1832.0,594.0,359.0,368.0,1713.0,1119.0,1846.0,532.0,441.0,960.0,1822.0,746.0,532.0,1008.0,486.0,1506.0,728.0,0000000000000000180f,263.510838084097,F1314F04
629.0,2104.0,1515.0,554.0,436.0,1223.0,1236.0,454.0,327.0,2026.0,1912.0,488.0,773.0,1585.0,348.0,1758.0,1651.0,954.0,1441.0,518.0,2136.0,348.0,591.0,924.0,1439.0,478.0,874.0,505.0,2025.0,1480.0,314.0,1907.0,853.0,399.0,589.0,834.0,1819.0,789.0,344.0,1316.0,1948.0,651.0,1903.0,1386.0,1867.0,611.0,375.0,379.0,1715.0,1136.0,1820.0,546.0,463.0,972.0,1783.0,767.0,556.0,1010.0,521.0,1476.0,755.0,00000000000000001810,213.647856124704,F1314F05
589.0,1979.0,1428.0,533.0,411.0,1150.0,1160.0,426.0,308.0,1910.0,1821.0,452.0,724.0,1490.0,330.0,1647.0,1541.0,890.0,1357.0,482.0,2024.0,328.0,560.0,861.0,1341.0,443.0,836.0,482.0,1910.0,1395.0,294.0,1792.0,790.0,380.0,555.0,786.0,1719.0,748.0,326.0,1227.0,1838.0,623.0,1792.0,1311.0,1770.0,579.0,355.0,359.0,1625.0,1071.0,1702.0,516.0,446.0,919.0,1665.0,726.0,526.0,947.0,500.0,1389.0,716.0,00000000000000001811,424.455401028932,F1315F01
854.0,2482.0,1932.0,702.0,680.0,1618.0,1609.0,698.0,496.0,2452.0,2308.0,723.0,1056.0,1961.0,531.0,2133.0,1981.0,1249.0,1807.0,760.0,2567.0,523.0,841.0,1212.0,1838.0,710.0,1105.0,655.0,2416.0,1835.0,487.0,2356.0,1118.0,577.0,740.0,1113.0,2176.0,1085.0,522.0,1687.0,2378.0,812.0,2366.0,1769.0,2222.0,860.0,543.0,543.0,2108.0,1436.0,2253.0,695.0,651.0,1254.0,2170.0,1003.0,704.0,1315.0,687.0,1853.0,1048.0,00000000000000001812,63.6032324942479,F1401F01
901.0,2495.0,2000.0,760.0,756.0,1748.0,1688.0,746.0,549.0,2450.0,2445.0,797.0,1178.0,1956.0,609.0,2175.0,1909.0,1263.0,1856.0,825.0,2712.0,578.0,919.0,1222.0,1859.0,759.0,1220.0,712.0,2452.0,1866.0,568.0,2348.0,1102.0,656.0,803.0,1205.0,2235.0,1164.0,572.0,1723.0,2534.0,885.0,2417.0,1856.0,2320.0,939.0,606.0,616.0,2213.0,1448.0,2252.0,723.0,721.0,1325.0,2075.0,1062.0,757.0,1343.0,759.0,1914.0,1159.0,00000000000000001813,61.1561402499416,F1401F03
843.0,2438.0,1928.0,711.0,681.0,1648.0,1616.0,681.0,492.0,2415.0,2350.0,719.0,1065.0,1912.0,541.0,2094.0,1905.0,1223.0,1800.0,755.0,2579.0,521.0,846.0,1189.0,1807.0,696.0,1105.0,659.0,2382.0,1826.0,489.0,2318.0,1071.0,589.0,744.0,1120.0,2164.0,1090.0,512.0,1643.0,2404.0,827.0,2357.0,1790.0,2224.0,859.0,542.0,552.0,2117.0,1423.0,2214.0,685.0,657.0,1252.0,2089.0,1009.0,705.0,1307.0,695.0,1833.0,1064.0,00000000000000001815,152.829365104206,F1401F05
859.0,2487.0,1938.0,702.0,685.0,1622.0,1613.0,702.0,497.0,2458.0,2313.0,728.0,1060.0,1969.0,534.0,2138.0,1989.0,1255.0,1811.0,765.0,2572.0,523.0,846.0,1218.0,1845.0,714.0,1110.0,655.0,2421.0,1840.0,492.0,2362.0,1124.0,580.0,746.0,1118.0,2182.0,1090.0,525.0,1693.0,2384.0,819.0,2371.0,1774.0,2227.0,865.0,543.0,543.0,2113.0,1441.0,2258.0,701.0,653.0,1258.0,2177.0,1008.0,710.0,1321.0,690.0,1859.0,1052.0,00000000000000001816,77.2221587744457,F1401F06
846.0,2567.0,1785.0,641.0,616.0,1505.0,1471.0,607.0,487.0,2373.0,2148.0,728.0,1028.0,1956.0,498.0,2198.0,2154.0,1351.0,1726.0,744.0,2407.0,482.0,732.0,1221.0,1890.0,728.0,997.0,602.0,2395.0,1765.0,480.0,2275.0,1202.0,541.0,741.0,1033.0,2158.0,963.0,503.0,1767.0,2312.0,781.0,2238.0,1616.0,2074.0,790.0,493.0,516.0,2028.0,1400.0,2264.0,709.0,588.0,1217.0,2298.0,993.0,709.0,1308.0,622.0,1860.0,935.0,00000000000000001817,2548.48288343761,F1405F01
852.0,2568.0,1785.0,641.0,616.0,1501.0,1466.0,607.0,487.0,2372.0,2147.0,732.0,1028.0,1958.0,499.0,2197.0,2160.0,1352.0,1723.0,748.0,2406.0,481.0,732.0,1221.0,1894.0,732.0,997.0,601.0,2395.0,1762.0,486.0,2274.0,1201.0,541.0,752.0,1032.0,2157.0,962.0,503.0,1771.0,2312.0,791.0,2236.0,1611.0,2072.0,790.0,492.0,516.0,2029.0,1400.0,2264.0,718.0,588.0,1218.0,2298.0,1000.0,718.0,1308.0,621.0,1860.0,933.0,00000000000000001818,2676.35068188406,F1405F03
852.0,2568.0,1787.0,641.0,617.0,1503.0,1468.0,608.0,487.0,2373.0,2147.0,733.0,1028.0,1958.0,499.0,2198.0,2159.0,1352.0,1724.0,749.0,2407.0,482.0,733.0,1221.0,1894.0,733.0,997.0,601.0,2395.0,1763.0,484.0,2275.0,1202.0,541.0,747.0,1032.0,2157.0,962.0,503.0,1771.0,2312.0,786.0,2237.0,1613.0,2072.0,790.0,493.0,517.0,2029.0,1399.0,2265.0,714.0,588.0,1217.0,2298.0,1000.0,714.0,1308.0,621.0,1860.0,934.0,00000000000000001819,1863.41630281971,F1405F05
846.0,2567.0,1785.0,641.0,616.0,1505.0,1471.0,607.0,487.0,2373.0,2148.0,728.0,1028.0,1956.0,498.0,2198.0,2154.0,1351.0,1726.0,744.0,2407.0,482.0,732.0,1221.0,1890.0,728.0,997.0,602.0,2395.0,1765.0,480.0,2275.0,1202.0,541.0,741.0,1033.0,2158.0,963.0,503.0,1767.0,2312.0,781.0,2238.0,1616.0,2074.0,790.0,493.0,516.0,2028.0,1400.0,2264.0,709.0,588.0,1217.0,2298.0,993.0,709.0,1308.0,622.0,1860.0,935.0,0000000000000000181a,3171.24734121995,F1405F06
996.0,2733.0,1959.0,761.0,750.0,1661.0,1618.0,746.0,593.0,2531.0,2302.0,872.0,1160.0,2128.0,606.0,2346.0,2312.0,1502.0,1881.0,893.0,2589.0,588.0,877.0,1369.0,2051.0,872.0,1155.0,715.0,2562.0,1927.0,598.0,2431.0,1343.0,651.0,873.0,1171.0,2301.0,1100.0,612.0,1924.0,2480.0,918.0,2395.0,1773.0,2217.0,933.0,603.0,623.0,2180.0,1554.0,2414.0,838.0,706.0,1360.0,2438.0,1155.0,838.0,1464.0,736.0,2000.0,1079.0,0000000000000000181b,454.274217319141,F1405F07
852.0,2568.0,1787.0,641.0,617.0,1503.0,1468.0,608.0,487.0,2373.0,2147.0,733.0,1028.0,1958.0,499.0,2198.0,2159.0,1352.0,1724.0,749.0,2407.0,482.0,733.0,1221.0,1894.0,733.0,997.0,601.0,2395.0,1763.0,484.0,2275.0,1202.0,541.0,747.0,1032.0,2157.0,962.0,503.0,1771.0,2312.0,786.0,2237.0,1613.0,2072.0,790.0,493.0,517.0,2029.0,1399.0,2265.0,714.0,588.0,1217.0,2298.0,1000.0,714.0,1308.0,621.0,1860.0,934.0,0000000000000000181c,2637.57125897996,F1405F09
1121.0,2780.0,2235.0,889.0,901.0,1857.0,1847.0,921.0,680.0,2705.0,2551.0,983.0,1283.0,2299.0,725.0,2421.0,2345.0,1540.0,2056.0,1012.0,2837.0,696.0,1064.0,1494.0,2168.0,967.0,1337.0,841.0,2699.0,2096.0,692.0,2605.0,1415.0,773.0,967.0,1350.0,2451.0,1308.0,719.0,2016.0,2646.0,1030.0,2607.0,2009.0,2469.0,1081.0,725.0,725.0,2360.0,1712.0,2513.0,923.0,841.0,1492.0,2450.0,1269.0,925.0,1590.0,890.0,2115.0,1279.0,0000000000000000181d,224.028627759462,F1408F01
1282.0,2660.0,2558.0,1250.0,945.0,1809.0,1958.0,1165.0,820.0,2992.0,2736.0,1196.0,1462.0,2517.0,785.0,2632.0,2383.0,1868.0,1889.0,1421.0,2772.0,810.0,1315.0,1608.0,2465.0,1097.0,1611.0,1030.0,2771.0,2123.0,688.0,2778.0,1698.0,1116.0,1192.0,1537.0,2612.0,1569.0,1102.0,2505.0,2887.0,1171.0,2780.0,2206.0,2523.0,995.0,968.0,790.0,2613.0,1934.0,2877.0,1260.0,1083.0,1619.0,2712.0,1373.0,1178.0,1763.0,1241.0,2401.0,1591.0,0000000000000000181e,220.37386377934,F1408F02
-999.0,-999.0,-999.0,-999.0,-999.0,-999.0,-999.0,-999.0,-999.0,-999.0,-999.0,-999.0,-999.0,-999.0,-999.0,-999.0,-999.0,-999.0,-999.0,-999.0,-999.0,-999.0,-999.0,-999.0,-999.0,-999.0,-999.0,-999.0,-999.0,-999.0,-999.0,-999.0,-999.0,-999.0,-999.0,-999.0,-999.0,-999.0,-999.0,-999.0,-999.0,-999.0,-999.0,-999.0,-999.0,-999.0,-999.0,-999.0,-999.0,-999.0,-999.0,-999.0,-999.0,-999.0,-999.0,-999.0,-999.0,-999.0,-999.0,-999.0,-999.0,0000000000000000181f,95.6302681218897,F1408F03
1266.0,2660.0,2541.0,1228.0,928.0,1806.0,1956.0,1145.0,798.0,2996.0,2737.0,1178.0,1452.0,2495.0,766.0,2639.0,2383.0,1852.0,1900.0,1401.0,2769.0,784.0,1301.0,1591.0,2457.0,1082.0,1593.0,1005.0,2776.0,2115.0,677.0,2791.0,1684.0,1096.0,1177.0,1522.0,2601.0,1558.0,1081.0,2498.0,2887.0,1153.0,2791.0,2203.0,2515.0,982.0,942.0,769.0,2608.0,1903.0,2896.0,1243.0,1072.0,1615.0,2711.0,1355.0,1162.0,1744.0,1216.0,2388.0,1584.0,00000000000000001820,244.874321803454,F1408F04
1138.0,2787.0,2261.0,900.0,918.0,1875.0,1866.0,938.0,690.0,2717.0,2574.0,999.0,1299.0,2310.0,740.0,2426.0,2349.0,1550.0,2073.0,1029.0,2855.0,709.0,1084.0,1512.0,2183.0,980.0,1353.0,853.0,2709.0,2106.0,702.0,2620.0,1425.0,788.0,979.0,1366.0,2466.0,1328.0,730.0,2026.0,2660.0,1046.0,2630.0,2029.0,2496.0,1094.0,738.0,738.0,2378.0,1734.0,2524.0,931.0,856.0,1510.0,2456.0,1286.0,941.0,1608.0,904.0,2123.0,1299.0,00000000000000001821,244.489463726192,F1408F05
1172.0,2683.0,2487.0,1179.0,973.0,1876.0,2013.0,1112.0,746.0,3039.0,2803.0,1109.0,1504.0,2468.0,749.0,2607.0,2285.0,1722.0,1968.0,1235.0,2894.0,746.0,1316.0,1447.0,2414.0,1024.0,1689.0,971.0,2846.0,2277.0,659.0,2759.0,1495.0,1020.0,1106.0,1499.0,2605.0,1542.0,982.0,2421.0,2970.0,1099.0,2745.0,2319.0,2602.0,1066.0,879.0,733.0,2693.0,1789.0,2879.0,1095.0,1008.0,1645.0,2761.0,1296.0,1080.0,1663.0,1211.0,2482.0,1636.0,00000000000000001823,52.2154400309825,F1501R02
1283.0,2718.0,2597.0,1200.0,1036.0,1924.0,2068.0,1202.0,783.0,3012.0,2797.0,1135.0,1554.0,2482.0,761.0,2681.0,2381.0,1780.0,2007.0,1302.0,2851.0,828.0,1395.0,1559.0,2469.0,1062.0,1719.0,1067.0,2842.0,2219.0,680.0,2832.0,1698.0,1110.0,1172.0,1599.0,2674.0,1630.0,1081.0,2529.0,2934.0,1157.0,2798.0,2308.0,2584.0,1057.0,941.0,766.0,2709.0,1912.0,2975.0,1195.0,1077.0,1751.0,2766.0,1341.0,1150.0,1758.0,1238.0,2492.0,1667.0,00000000000000001824,24.4232715041783,F1501R03
1208.0,2716.0,2536.0,1170.0,1008.0,1902.0,2039.0,1141.0,746.0,3057.0,2814.0,1107.0,1538.0,2505.0,757.0,2624.0,2266.0,1682.0,1978.0,1256.0,2903.0,780.0,1348.0,1438.0,2409.0,1014.0,1674.0,1026.0,2838.0,2263.0,697.0,2791.0,1525.0,1058.0,1107.0,1541.0,2661.0,1583.0,1011.0,2428.0,2972.0,1104.0,2767.0,2335.0,2610.0,1069.0,896.0,751.0,2716.0,1839.0,2875.0,1108.0,1020.0,1691.0,2774.0,1300.0,1101.0,1663.0,1246.0,2507.0,1660.0,00000000000000001825,32.1719612201976,F1501R04
1228.0,2736.0,2553.0,1187.0,999.0,1895.0,2052.0,1166.0,768.0,3001.0,2777.0,1118.0,1511.0,2487.0,736.0,2673.0,2311.0,1742.0,1959.0,1310.0,2855.0,790.0,1352.0,1490.0,2436.0,1021.0,1685.0,1041.0,2844.0,2240.0,654.0,2816.0,1608.0,1075.0,1129.0,1578.0,2676.0,1613.0,1053.0,2485.0,2932.0,1118.0,2784.0,2282.0,2603.0,1018.0,919.0,738.0,2706.0,1852.0,2939.0,1168.0,1032.0,1692.0,2768.0,1302.0,1116.0,1672.0,1228.0,2494.0,1651.0,00000000000000001826,19.9921940817977,F1504F07
939.0,2578.0,2038.0,767.0,815.0,1935.0,1836.0,795.0,571.0,2600.0,2633.0,879.0,1339.0,1972.0,649.0,2307.0,1845.0,1298.0,1957.0,868.0,2942.0,600.0,969.0,1242.0,1885.0,796.0,1425.0,729.0,2587.0,1961.0,630.0,2443.0,1138.0,717.0,825.0,1288.0,2377.0,1235.0,598.0,1831.0,2772.0,908.0,2602.0,1975.0,2516.0,1010.0,646.0,639.0,2421.0,1466.0,2389.0,712.0,765.0,1399.0,2114.0,1083.0,778.0,1373.0,803.0,2087.0,1283.0,00000000000000001827,40.354321253958,F1505R01
1479.0,2763.0,2739.0,1413.0,1081.0,1969.0,2115.0,1372.0,1049.0,3092.0,2841.0,1378.0,1623.0,2744.0,959.0,2742.0,2538.0,2081.0,1998.0,1644.0,2928.0,1024.0,1436.0,1875.0,2616.0,1334.0,1725.0,1205.0,2859.0,2269.0,822.0,2844.0,1909.0,1284.0,1361.0,1753.0,2770.0,1758.0,1316.0,2678.0,2988.0,1363.0,2871.0,2337.0,2685.0,1126.0,1186.0,977.0,2738.0,2199.0,2926.0,1467.0,1228.0,1781.0,2865.0,1599.0,1339.0,2003.0,1422.0,2601.0,1728.0,00000000000000001828,3075.75935278753,F1506F79
971.0,2598.0,2097.0,814.0,835.0,1864.0,1795.0,826.0,606.0,2562.0,2539.0,872.0,1284.0,2050.0,676.0,2279.0,1990.0,1344.0,1963.0,896.0,2822.0,634.0,995.0,1289.0,1956.0,831.0,1411.0,767.0,2551.0,1972.0,641.0,2461.0,1179.0,723.0,868.0,1308.0,2324.0,1263.0,639.0,1826.0,2644.0,950.0,2538.0,1963.0,2412.0,1023.0,663.0,672.0,2309.0,1518.0,2368.0,787.0,788.0,1426.0,2180.0,1129.0,823.0,1418.0,825.0,2005.0,1263.0,00000000000000001829,22.6717107967734,F1507R01
1270.0,2708.0,2549.0,1172.0,1023.0,1944.0,2102.0,1138.0,718.0,3039.0,2835.0,1122.0,1629.0,2511.0,756.0,2621.0,2261.0,1688.0,2034.0,1227.0,2927.0,805.0,1389.0,1460.0,2409.0,1009.0,1742.0,1091.0,2872.0,2323.0,731.0,2763.0,1601.0,1074.0,1102.0,1597.0,2683.0,1645.0,1015.0,2465.0,2987.0,1106.0,2704.0,2387.0,2644.0,1053.0,894.0,747.0,2779.0,1883.0,2922.0,1068.0,1042.0,1800.0,2781.0,1324.0,1095.0,1705.0,1279.0,2548.0,1762.0,0000000000000000182a,50.6483298636107,F1507R03
1057.0,2605.0,2244.0,920.0,884.0,1821.0,1836.0,925.0,659.0,2701.0,2596.0,943.0,1316.0,2237.0,702.0,2357.0,2160.0,1462.0,1956.0,999.0,2777.0,672.0,1096.0,1370.0,2126.0,921.0,1503.0,819.0,2634.0,2000.0,621.0,2543.0,1328.0,810.0,955.0,1322.0,2383.0,1316.0,747.0,2046.0,2705.0,998.0,2567.0,2035.0,2467.0,1004.0,737.0,686.0,2389.0,1628.0,2558.0,878.0,888.0,1485.0,2369.0,1178.0,905.0,1530.0,930.0,2124.0,1344.0,0000000000000000182b,23.2032790655883,F1507R04
1061.0,2605.0,2258.0,934.0,885.0,1814.0,1839.0,932.0,662.0,2718.0,2606.0,945.0,1319.0,2255.0,697.0,2368.0,2174.0,1473.0,1953.0,1005.0,2771.0,673.0,1105.0,1373.0,2142.0,925.0,1512.0,822.0,2645.0,2002.0,609.0,2550.0,1342.0,816.0,961.0,1322.0,2389.0,1319.0,756.0,2072.0,2716.0,1000.0,2569.0,2044.0,2475.0,994.0,744.0,682.0,2401.0,1636.0,2585.0,883.0,896.0,1492.0,2390.0,1176.0,910.0,1540.0,939.0,2138.0,1354.0,0000000000000000182c,236.794520902159,F1509R02
873.0,2519.0,1953.0,714.0,752.0,1857.0,1754.0,725.0,515.0,2512.0,2569.0,812.0,1272.0,1889.0,596.0,2234.0,1766.0,1230.0,1885.0,805.0,2870.0,542.0,903.0,1176.0,1817.0,737.0,1343.0,684.0,2516.0,1858.0,581.0,2359.0,1064.0,664.0,778.0,1221.0,2310.0,1151.0,532.0,1752.0,2712.0,856.0,2522.0,1904.0,2443.0,949.0,592.0,585.0,2350.0,1405.0,2311.0,661.0,707.0,1321.0,2037.0,1032.0,731.0,1310.0,746.0,1995.0,1202.0,0000000000000000182d,64.2080407923701,F1509R03
1009.0,2620.0,2165.0,835.0,875.0,1849.0,1793.0,875.0,628.0,2613.0,2539.0,895.0,1258.0,2135.0,697.0,2288.0,2090.0,1399.0,1971.0,924.0,2810.0,656.0,1038.0,1352.0,2023.0,867.0,1418.0,788.0,2573.0,1990.0,661.0,2510.0,1240.0,744.0,901.0,1295.0,2348.0,1258.0,668.0,1882.0,2630.0,974.0,2567.0,1964.0,2423.0,1057.0,684.0,685.0,2310.0,1587.0,2407.0,827.0,810.0,1414.0,2257.0,1170.0,854.0,1474.0,848.0,2019.0,1249.0,0000000000000000182e,65.961414278886,F1509R04
1173.0,2653.0,2384.0,1064.0,948.0,1886.0,1998.0,1060.0,621.0,2950.0,2769.0,1023.0,1590.0,2375.0,709.0,2563.0,2085.0,1542.0,1935.0,1107.0,2894.0,743.0,1290.0,1351.0,2214.0,911.0,1668.0,1010.0,2837.0,2217.0,686.0,2624.0,1462.0,999.0,1007.0,1537.0,2665.0,1565.0,931.0,2303.0,3011.0,1034.0,2644.0,2355.0,2571.0,1002.0,800.0,696.0,2722.0,1727.0,2775.0,970.0,959.0,1689.0,2641.0,1238.0,990.0,1553.0,1173.0,2489.0,1669.0,0000000000000000182f,42.301068125646,F1611F92
885.0,2233.0,1937.0,660.0,677.0,1660.0,1687.0,674.0,444.0,2539.0,2548.0,848.0,1277.0,1930.0,535.0,2113.0,1639.0,1222.0,1769.0,782.0,2770.0,514.0,893.0,1181.0,1667.0,708.0,1300.0,656.0,2393.0,1844.0,553.0,2232.0,1175.0,622.0,710.0,1073.0,2261.0,1091.0,504.0,1850.0,2655.0,744.0,2298.0,1822.0,2408.0,871.0,568.0,523.0,2412.0,1392.0,2291.0,558.0,658.0,1253.0,1981.0,955.0,697.0,1329.0,729.0,2179.0,1262.0,00000000000000001830,61.7660957666458,F1611F96
859.0,2203.0,1880.0,652.0,671.0,1661.0,1657.0,664.0,449.0,2465.0,2482.0,815.0,1245.0,1861.0,517.0,2068.0,1592.0,1180.0,1713.0,773.0,2693.0,502.0,860.0,1129.0,1634.0,693.0,1278.0,643.0,2328.0,1785.0,534.0,2192.0,1124.0,617.0,696.0,1075.0,2232.0,1079.0,497.0,1780.0,2578.0,727.0,2279.0,1777.0,2358.0,836.0,561.0,515.0,2349.0,1350.0,2236.0,557.0,640.0,1230.0,1939.0,928.0,683.0,1278.0,719.0,2104.0,1222.0,00000000000000001831,101.61880580789,F1611F98
1156.0,2636.0,2363.0,1045.0,927.0,1869.0,1963.0,1032.0,603.0,2919.0,2737.0,1008.0,1546.0,2339.0,687.0,2549.0,2059.0,1515.0,1920.0,1089.0,2878.0,723.0,1270.0,1329.0,2201.0,889.0,1643.0,999.0,2801.0,2190.0,668.0,2614.0,1442.0,985.0,989.0,1508.0,2627.0,1534.0,910.0,2275.0,2963.0,1011.0,2634.0,2302.0,2532.0,972.0,781.0,677.0,2687.0,1715.0,2741.0,947.0,937.0,1674.0,2616.0,1219.0,976.0,1530.0,1157.0,2457.0,1643.0,00000000000000001832,74.4159603942074,F1611R91
1169.0,2651.0,2383.0,1053.0,943.0,1889.0,1988.0,1048.0,610.0,2947.0,2765.0,1020.0,1567.0,2371.0,697.0,2577.0,2081.0,1533.0,1945.0,1103.0,2898.0,732.0,1291.0,1351.0,2223.0,904.0,1657.0,1011.0,2826.0,2218.0,676.0,2633.0,1465.0,996.0,997.0,1527.0,2659.0,1555.0,923.0,2304.0,2993.0,1021.0,2661.0,2335.0,2563.0,986.0,791.0,685.0,2718.0,1734.0,2759.0,957.0,947.0,1694.0,2644.0,1234.0,988.0,1556.0,1171.0,2492.0,1667.0,00000000000000001833,79.4360798703458,F1611R96
1166.0,2646.0,2374.0,1054.0,935.0,1877.0,1976.0,1041.0,609.0,2934.0,2748.0,1016.0,1562.0,2354.0,694.0,2557.0,2071.0,1526.0,1926.0,1098.0,2888.0,730.0,1279.0,1338.0,2210.0,898.0,1655.0,1006.0,2816.0,2201.0,674.0,2623.0,1451.0,991.0,997.0,1520.0,2640.0,1547.0,917.0,2288.0,2980.0,1020.0,2642.0,2321.0,2544.0,981.0,789.0,684.0,2699.0,1723.0,2758.0,956.0,944.0,1683.0,2628.0,1228.0,983.0,1540.0,1164.0,2468.0,1654.0,00000000000000001834,53.502302968258,F1612R91
666.0,2124.0,1600.0,594.0,493.0,1351.0,1331.0,510.0,372.0,2077.0,2019.0,533.0,850.0,1625.0,391.0,1773.0,1641.0,1011.0,1532.0,571.0,2224.0,397.0,656.0,972.0,1493.0,518.0,923.0,542.0,2064.0,1560.0,344.0,1978.0,873.0,439.0,606.0,914.0,1878.0,885.0,381.0,1342.0,2035.0,681.0,1990.0,1500.0,1928.0,674.0,422.0,423.0,1811.0,1205.0,1872.0,557.0,518.0,1060.0,1785.0,821.0,568.0,1080.0,557.0,1546.0,856.0,00000000000000001836,39.7135669042837,F1802F97
759.0,2258.0,1765.0,666.0,598.0,1506.0,1469.0,598.0,441.0,2207.0,2206.0,647.0,978.0,1738.0,479.0,1917.0,1728.0,1095.0,1644.0,684.0,2406.0,471.0,757.0,1058.0,1654.0,618.0,1044.0,618.0,2203.0,1653.0,431.0,2107.0,948.0,526.0,675.0,1014.0,2010.0,978.0,451.0,1488.0,2249.0,747.0,2153.0,1644.0,2076.0,776.0,500.0,510.0,1973.0,1289.0,2016.0,602.0,592.0,1133.0,1880.0,919.0,629.0,1178.0,630.0,1683.0,969.0,00000000000000001837,155.619954989231,F1802F98
653.0,2004.0,1543.0,589.0,509.0,1315.0,1276.0,509.0,384.0,1949.0,1959.0,548.0,844.0,1526.0,416.0,1692.0,1511.0,951.0,1442.0,576.0,2138.0,411.0,654.0,918.0,1433.0,524.0,880.0,544.0,1960.0,1454.0,358.0,1857.0,816.0,460.0,579.0,881.0,1787.0,849.0,390.0,1288.0,1984.0,646.0,1897.0,1438.0,1845.0,670.0,436.0,445.0,1751.0,1128.0,1771.0,518.0,521.0,992.0,1656.0,799.0,541.0,1026.0,556.0,1485.0,837.0,00000000000000001838,323.990293356718,F1803F92
758.0,2240.0,1755.0,651.0,598.0,1496.0,1460.0,598.0,442.0,2206.0,2176.0,643.0,965.0,1737.0,479.0,1910.0,1724.0,1097.0,1636.0,675.0,2380.0,470.0,751.0,1065.0,1638.0,619.0,991.0,605.0,2190.0,1653.0,426.0,2108.0,955.0,524.0,667.0,1009.0,1996.0,977.0,451.0,1484.0,2213.0,741.0,2148.0,1627.0,2052.0,765.0,493.0,503.0,1955.0,1288.0,2014.0,605.0,588.0,1130.0,1892.0,915.0,627.0,1179.0,624.0,1678.0,960.0,00000000000000001839,54.865182774437,F1805F90
763.0,2279.0,1777.0,667.0,599.0,1524.0,1482.0,599.0,441.0,2229.0,2224.0,647.0,985.0,1752.0,480.0,1932.0,1739.0,1104.0,1664.0,682.0,2429.0,471.0,761.0,1066.0,1660.0,618.0,1035.0,620.0,2226.0,1674.0,432.0,2129.0,952.0,528.0,684.0,1022.0,2028.0,985.0,451.0,1494.0,2266.0,758.0,2175.0,1662.0,2092.0,782.0,498.0,510.0,1990.0,1302.0,2036.0,610.0,595.0,1144.0,1900.0,927.0,638.0,1189.0,633.0,1694.0,975.0,0000000000000000183a,122.11931630481,F1805F95
766.0,2291.0,1776.0,670.0,606.0,1520.0,1477.0,606.0,447.0,2211.0,2231.0,655.0,991.0,1749.0,485.0,1953.0,1733.0,1099.0,1648.0,692.0,2443.0,477.0,763.0,1063.0,1667.0,627.0,1039.0,623.0,2236.0,1652.0,435.0,2121.0,949.0,531.0,678.0,1023.0,2032.0,986.0,457.0,1505.0,2287.0,756.0,2166.0,1648.0,2097.0,790.0,504.0,516.0,2002.0,1288.0,2031.0,606.0,595.0,1145.0,1897.0,923.0,633.0,1180.0,631.0,1703.0,977.0,0000000000000000183b,77.3563558617197,F1807F83
717.0,2264.0,1711.0,626.0,535.0,1445.0,1426.0,555.0,398.0,2223.0,2132.0,576.0,910.0,1743.0,418.0,1896.0,1764.0,1088.0,1638.0,616.0,2362.0,424.0,706.0,1047.0,1603.0,560.0,989.0,575.0,2199.0,1669.0,374.0,2118.0,946.0,469.0,651.0,976.0,1991.0,946.0,408.0,1446.0,2163.0,729.0,2128.0,1602.0,2040.0,726.0,450.0,450.0,1919.0,1290.0,2007.0,601.0,550.0,1129.0,1919.0,877.0,611.0,1159.0,590.0,1647.0,915.0,0000000000000000183c,82.2164090990115,F1807F94
726.0,2216.0,1712.0,646.0,562.0,1471.0,1430.0,562.0,416.0,2171.0,2165.0,606.0,939.0,1693.0,451.0,1866.0,1677.0,1062.0,1617.0,640.0,2366.0,446.0,726.0,1024.0,1587.0,579.0,987.0,595.0,2166.0,1632.0,404.0,2066.0,907.0,500.0,659.0,983.0,1971.0,948.0,422.0,1424.0,2192.0,737.0,2111.0,1614.0,2039.0,745.0,472.0,484.0,1929.0,1262.0,1969.0,589.0,569.0,1112.0,1838.0,893.0,615.0,1146.0,608.0,1633.0,930.0,0000000000000000183d,76.9399108436536,F1807F99
588.0,1862.0,1413.0,544.0,453.0,1197.0,1173.0,453.0,343.0,1802.0,1820.0,479.0,758.0,1404.0,375.0,1559.0,1396.0,870.0,1334.0,512.0,1984.0,369.0,596.0,837.0,1308.0,461.0,822.0,495.0,1815.0,1358.0,310.0,1719.0,736.0,420.0,523.0,809.0,1661.0,784.0,349.0,1166.0,1829.0,594.0,1752.0,1325.0,1717.0,608.0,387.0,396.0,1618.0,1037.0,1628.0,476.0,482.0,926.0,1524.0,731.0,491.0,937.0,517.0,1368.0,758.0,0000000000000000183e,166.573675109541,F1809F91
726.0,2170.0,1691.0,641.0,569.0,1441.0,1403.0,569.0,425.0,2117.0,2120.0,618.0,934.0,1667.0,458.0,1842.0,1655.0,1050.0,1573.0,650.0,2312.0,453.0,720.0,1014.0,1581.0,591.0,979.0,594.0,2120.0,1582.0,407.0,2021.0,908.0,503.0,642.0,970.0,1934.0,934.0,431.0,1424.0,2158.0,710.0,2064.0,1570.0,1993.0,738.0,481.0,491.0,1897.0,1236.0,1933.0,573.0,567.0,1084.0,1806.0,879.0,599.0,1129.0,603.0,1618.0,926.0,0000000000000000183f,69.7379863706841,F1809F92
615.0,1935.0,1474.0,569.0,470.0,1250.0,1225.0,470.0,353.0,1878.0,1893.0,499.0,791.0,1469.0,386.0,1616.0,1460.0,913.0,1396.0,534.0,2061.0,382.0,620.0,877.0,1365.0,480.0,859.0,515.0,1888.0,1423.0,323.0,1794.0,770.0,433.0,551.0,844.0,1728.0,818.0,358.0,1214.0,1900.0,627.0,1829.0,1387.0,1785.0,631.0,401.0,410.0,1682.0,1091.0,1698.0,501.0,499.0,969.0,1591.0,768.0,518.0,984.0,536.0,1419.0,791.0,00000000000000001840,196.732600186864,F1809F93
699.0,2120.0,1644.0,618.0,541.0,1399.0,1365.0,541.0,405.0,2078.0,2071.0,583.0,893.0,1626.0,438.0,1792.0,1614.0,1020.0,1540.0,616.0,2259.0,433.0,695.0,985.0,1526.0,561.0,938.0,570.0,2069.0,1560.0,383.0,1979.0,876.0,484.0,621.0,941.0,1892.0,910.0,410.0,1371.0,2091.0,697.0,2018.0,1533.0,1953.0,711.0,456.0,465.0,1849.0,1207.0,1884.0,562.0,550.0,1064.0,1764.0,857.0,583.0,1098.0,587.0,1574.0,890.0,00000000000000001841,99.3490757574254,F1809F94
665.0,2116.0,1594.0,593.0,493.0,1346.0,1326.0,509.0,373.0,2068.0,2011.0,534.0,847.0,1619.0,391.0,1769.0,1634.0,1008.0,1525.0,572.0,2215.0,399.0,653.0,970.0,1488.0,519.0,917.0,542.0,2057.0,1553.0,344.0,1972.0,872.0,439.0,601.0,910.0,1871.0,881.0,381.0,1339.0,2028.0,675.0,1983.0,1493.0,1921.0,671.0,423.0,424.0,1805.0,1199.0,1867.0,554.0,516.0,1053.0,1781.0,818.0,565.0,1076.0,554.0,1544.0,852.0,00000000000000001842,104.674321361921,F1809F96
716.0,2184.0,1687.0,636.0,557.0,1446.0,1403.0,557.0,414.0,2127.0,2135.0,603.0,929.0,1665.0,449.0,1843.0,1650.0,1041.0,1583.0,635.0,2332.0,443.0,714.0,1004.0,1569.0,574.0,969.0,590.0,2135.0,1592.0,402.0,2029.0,892.0,496.0,646.0,966.0,1943.0,929.0,421.0,1410.0,2168.0,719.0,2075.0,1583.0,2009.0,735.0,469.0,482.0,1906.0,1236.0,1938.0,574.0,562.0,1086.0,1808.0,876.0,601.0,1125.0,600.0,1614.0,918.0,00000000000000001843,256.694424873887,F1809F97
704.0,2108.0,1640.0,619.0,551.0,1397.0,1357.0,551.0,413.0,2057.0,2057.0,599.0,905.0,1622.0,446.0,1791.0,1606.0,1019.0,1525.0,627.0,2245.0,440.0,697.0,985.0,1530.0,573.0,929.0,574.0,2063.0,1534.0,389.0,1963.0,881.0,489.0,617.0,940.0,1880.0,906.0,420.0,1382.0,2092.0,683.0,2006.0,1518.0,1935.0,714.0,467.0,476.0,1845.0,1199.0,1878.0,552.0,550.0,1050.0,1758.0,853.0,577.0,1096.0,585.0,1574.0,897.0,00000000000000001844,235.398203647078,F1809F98
686.0,2107.0,1620.0,614.0,534.0,1386.0,1346.0,534.0,400.0,2041.0,2061.0,578.0,891.0,1599.0,432.0,1779.0,1585.0,997.0,1516.0,609.0,2249.0,428.0,684.0,962.0,1508.0,551.0,928.0,569.0,2060.0,1525.0,383.0,1949.0,855.0,477.0,615.0,926.0,1877.0,891.0,405.0,1355.0,2093.0,685.0,1992.0,1516.0,1940.0,705.0,453.0,466.0,1841.0,1182.0,1861.0,546.0,540.0,1041.0,1736.0,838.0,572.0,1076.0,576.0,1561.0,881.0,00000000000000001845,106.539187081327,F1809F99
650.0,2051.0,1589.0,431.0,487.0,1470.0,1373.0,477.0,293.0,2350.0,2207.0,654.0,1010.0,1518.0,359.0,1902.0,1318.0,949.0,1415.0,578.0,2602.0,312.0,623.0,910.0,1317.0,502.0,1005.0,435.0,2180.0,1438.0,400.0,2050.0,875.0,430.0,537.0,858.0,1982.0,814.0,285.0,1509.0,2443.0,576.0,2269.0,1408.0,2124.0,681.0,395.0,342.0,2070.0,1053.0,2089.0,382.0,458.0,929.0,1718.0,714.0,516.0,991.0,498.0,1809.0,952.0,00000000000000001846,55.4462314340607,R1110X99
798.0,1452.0,1388.0,653.0,912.0,1191.0,1238.0,1009.0,796.0,1396.0,1130.0,882.0,835.0,1588.0,785.0,1558.0,1340.0,1154.0,1021.0,898.0,1379.0,738.0,868.0,1049.0,1525.0,904.0,812.0,728.0,1328.0,1119.0,782.0,1404.0,1123.0,691.0,618.0,986.0,1297.0,1023.0,873.0,1312.0,1399.0,754.0,1492.0,961.0,1330.0,836.0,797.0,757.0,1153.0,1010.0,1414.0,688.0,696.0,966.0,1574.0,776.0,809.0,1251.0,759.0,1216.0,917.0,0000000000000000000a,,A0209P90
386.0,642.0,784.0,300.0,414.0,561.0,513.0,428.0,340.0,607.0,673.0,491.0,340.0,632.0,434.0,774.0,582.0,471.0,428.0,354.0,683.0,387.0,409.0,564.0,496.0,398.0,354.0,332.0,794.0,393.0,362.0,792.0,542.0,377.0,292.0,418.0,713.0,400.0,312.0,755.0,632.0,375.0,722.0,438.0,587.0,379.0,426.0,418.0,626.0,453.0,650.0,260.0,263.0,312.0,641.0,329.0,406.0,644.0,336.0,635.0,480.0,00000000000000000010,,A0220R97
947.0,2681.0,1966.0,735.0,724.0,1651.0,1635.0,739.0,560.0,2521.0,2326.0,820.0,1127.0,2097.0,575.0,2310.0,2225.0,1398.0,1874.0,846.0,2615.0,570.0,868.0,1309.0,1988.0,815.0,1127.0,695.0,2549.0,1924.0,549.0,2425.0,1269.0,629.0,813.0,1169.0,2299.0,1105.0,585.0,1860.0,2469.0,859.0,2392.0,1785.0,2257.0,906.0,589.0,594.0,2186.0,1498.0,2372.0,779.0,686.0,1328.0,2370.0,1087.0,781.0,1391.0,716.0,1980.0,1083.0,00000000000000000025,,A1408W89
900.0,1372.0,1552.0,745.0,882.0,1109.0,1139.0,933.0,821.0,1339.0,1253.0,1023.0,877.0,1380.0,886.0,1484.0,1374.0,1083.0,969.0,890.0,1355.0,849.0,882.0,1186.0,1231.0,890.0,801.0,763.0,1402.0,969.0,833.0,1581.0,1178.0,825.0,764.0,935.0,1377.0,936.0,721.0,1481.0,1305.0,824.0,1561.0,1033.0,1281.0,852.0,925.0,912.0,1231.0,1094.0,1420.0,719.0,682.0,803.0,1415.0,847.0,897.0,1370.0,764.0,1221.0,967.0,0000000000000000002d,,C0101W04
868.0,1364.0,1524.0,686.0,852.0,1099.0,1115.0,904.0,759.0,1320.0,1248.0,997.0,855.0,1337.0,859.0,1480.0,1332.0,1053.0,953.0,855.0,1359.0,793.0,854.0,1159.0,1190.0,855.0,769.0,702.0,1408.0,948.0,787.0,1568.0,1146.0,786.0,715.0,910.0,1367.0,903.0,683.0,1458.0,1303.0,788.0,1545.0,1016.0,1263.0,820.0,865.0,856.0,1222.0,1057.0,1403.0,671.0,640.0,773.0,1389.0,803.0,853.0,1337.0,723.0,1218.0,952.0,00000000000000000032,,C0101W09
-999.0,-999.0,-999.0,-999.0,-999.0,-999.0,-999.0,-999.0,-999.0,-999.0,-999.0,-999.0,-999.0,-999.0,-999.0,-999.0,-999.0,-999.0,-999.0,-999.0,-999.0,-999.0,-999.0,-999.0,-999.0,-999.0,-999.0,-999.0,-999.0,-999.0,-999.0,-999.0,-999.0,-999.0,-999.0,-999.0,-999.0,-999.0,-999.0,-999.0,-999.0,-999.0,-999.0,-999.0,-999.0,-999.0,-999.0,-999.0,-999.0,-999.0,-999.0,-999.0,-999.0,-999.0,-999.0,-999.0,-999.0,-999.0,-999.0,-999.0,-999.0,00000000000000000057,,C0104F03
802.0,1288.0,1424.0,695.0,782.0,1018.0,1066.0,830.0,781.0,1224.0,1135.0,917.0,789.0,1280.0,801.0,1387.0,1270.0,958.0,892.0,821.0,1249.0,772.0,791.0,1055.0,1116.0,811.0,715.0,696.0,1269.0,883.0,750.0,1459.0,1064.0,744.0,703.0,836.0,1282.0,855.0,631.0,1338.0,1209.0,741.0,1448.0,941.0,1194.0,772.0,867.0,848.0,1125.0,987.0,1302.0,665.0,603.0,713.0,1293.0,764.0,817.0,1256.0,697.0,1106.0,856.0,0000000000000000005b,,C0104F07
839.0,1350.0,1489.0,728.0,824.0,1061.0,1119.0,871.0,821.0,1282.0,1186.0,959.0,830.0,1344.0,843.0,1448.0,1329.0,1001.0,938.0,862.0,1312.0,810.0,831.0,1106.0,1175.0,852.0,751.0,728.0,1329.0,931.0,786.0,1531.0,1113.0,783.0,739.0,877.0,1343.0,900.0,659.0,1396.0,1266.0,777.0,1512.0,992.0,1251.0,810.0,917.0,896.0,1176.0,1039.0,1359.0,700.0,637.0,749.0,1356.0,805.0,858.0,1311.0,733.0,1156.0,903.0,0000000000000000005d,,C0104F09
824.0,1332.0,1470.0,714.0,808.0,1045.0,1101.0,854.0,804.0,1261.0,1167.0,941.0,815.0,1325.0,825.0,1429.0,1310.0,984.0,922.0,848.0,1290.0,794.0,815.0,1086.0,1152.0,838.0,738.0,714.0,1307.0,911.0,769.0,1508.0,1094.0,766.0,725.0,861.0,1326.0,885.0,644.0,1376.0,1247.0,762.0,1492.0,973.0,1235.0,797.0,899.0,879.0,1157.0,1019.0,1337.0,687.0,621.0,735.0,1333.0,789.0,839.0,1293.0,717.0,1137.0,884.0,00000000000000000062,,C0104P04
840.0,1328.0,1467.0,642.0,823.0,1070.0,1085.0,872.0,704.0,1292.0,1227.0,963.0,831.0,1283.0,818.0,1446.0,1285.0,1022.0,934.0,819.0,1330.0,743.0,832.0,1121.0,1155.0,821.0,752.0,659.0,1382.0,928.0,746.0,1535.0,1105.0,748.0,674.0,888.0,1333.0,878.0,657.0,1411.0,1277.0,749.0,1507.0,1000.0,1234.0,793.0,805.0,795.0,1197.0,1022.0,1370.0,632.0,609.0,758.0,1364.0,779.0,809.0,1289.0,689.0,1197.0,930.0,00000000000000000063,,C0104P05
826.0,1309.0,1471.0,688.0,813.0,1046.0,1067.0,856.0,770.0,1260.0,1180.0,938.0,808.0,1304.0,820.0,1415.0,1288.0,992.0,909.0,823.0,1287.0,789.0,815.0,1094.0,1142.0,815.0,737.0,698.0,1328.0,901.0,764.0,1503.0,1092.0,754.0,712.0,857.0,1307.0,865.0,654.0,1386.0,1239.0,756.0,1478.0,967.0,1209.0,786.0,868.0,851.0,1158.0,1010.0,1331.0,664.0,615.0,736.0,1322.0,773.0,826.0,1280.0,703.0,1142.0,893.0,00000000000000000067,,C0105F04
842.0,1323.0,1485.0,699.0,824.0,1057.0,1084.0,872.0,784.0,1272.0,1192.0,960.0,823.0,1319.0,833.0,1425.0,1308.0,1009.0,919.0,838.0,1299.0,800.0,828.0,1113.0,1161.0,832.0,749.0,709.0,1340.0,916.0,777.0,1517.0,1109.0,768.0,725.0,873.0,1320.0,878.0,666.0,1404.0,1253.0,771.0,1496.0,978.0,1224.0,798.0,879.0,864.0,1167.0,1024.0,1348.0,679.0,627.0,746.0,1341.0,788.0,841.0,1296.0,715.0,1153.0,904.0,00000000000000000068,,C0105F05
631.0,1055.0,1166.0,495.0,625.0,824.0,834.0,661.0,558.0,1017.0,967.0,735.0,625.0,1008.0,632.0,1160.0,1005.0,772.0,712.0,617.0,1057.0,584.0,625.0,864.0,882.0,618.0,560.0,504.0,1103.0,698.0,570.0,1234.0,855.0,572.0,515.0,669.0,1062.0,660.0,489.0,1110.0,1005.0,576.0,1213.0,758.0,971.0,599.0,642.0,637.0,943.0,775.0,1086.0,478.0,452.0,557.0,1069.0,577.0,625.0,1015.0,524.0,939.0,704.0,0000000000000000006d,,C0105F10
818.0,1359.0,1475.0,711.0,809.0,1048.0,1117.0,849.0,806.0,1279.0,1182.0,932.0,819.0,1344.0,825.0,1450.0,1316.0,985.0,935.0,850.0,1316.0,794.0,809.0,1087.0,1164.0,840.0,729.0,711.0,1326.0,922.0,759.0,1538.0,1098.0,765.0,721.0,860.0,1348.0,891.0,633.0,1375.0,1267.0,751.0,1510.0,985.0,1255.0,799.0,910.0,889.0,1172.0,1027.0,1349.0,688.0,622.0,737.0,1350.0,788.0,832.0,1302.0,714.0,1151.0,889.0,00000000000000000083,,C0107F02
881.0,1345.0,1487.0,686.0,862.0,1095.0,1126.0,920.0,748.0,1297.0,1245.0,1014.0,865.0,1301.0,864.0,1464.0,1308.0,1067.0,958.0,857.0,1345.0,801.0,871.0,1170.0,1185.0,858.0,783.0,709.0,1407.0,958.0,799.0,1542.0,1147.0,793.0,712.0,936.0,1342.0,926.0,714.0,1439.0,1295.0,788.0,1511.0,1018.0,1252.0,831.0,851.0,852.0,1216.0,1056.0,1394.0,663.0,652.0,795.0,1393.0,827.0,852.0,1317.0,734.0,1226.0,976.0,00000000000000000099,,C0108C02
886.0,1306.0,1442.0,688.0,861.0,1079.0,1124.0,919.0,740.0,1259.0,1239.0,1018.0,865.0,1263.0,867.0,1443.0,1265.0,1054.0,940.0,845.0,1315.0,812.0,861.0,1162.0,1157.0,855.0,770.0,729.0,1395.0,948.0,805.0,1502.0,1124.0,794.0,703.0,943.0,1316.0,934.0,723.0,1419.0,1276.0,795.0,1473.0,1010.0,1227.0,831.0,853.0,861.0,1208.0,1035.0,1362.0,658.0,652.0,794.0,1362.0,825.0,866.0,1294.0,733.0,1217.0,976.0,0000000000000000009a,,C0108C03
803.0,1296.0,1437.0,644.0,797.0,1021.0,1041.0,838.0,726.0,1261.0,1174.0,917.0,790.0,1268.0,796.0,1401.0,1258.0,973.0,891.0,797.0,1283.0,749.0,797.0,1081.0,1117.0,786.0,717.0,655.0,1331.0,881.0,731.0,1498.0,1074.0,726.0,671.0,840.0,1293.0,833.0,628.0,1365.0,1233.0,732.0,1473.0,945.0,1194.0,767.0,823.0,810.0,1154.0,985.0,1328.0,626.0,585.0,714.0,1315.0,741.0,795.0,1259.0,675.0,1144.0,872.0,0000000000000000009f,,C0108F03
866.0,1348.0,1510.0,728.0,840.0,1080.0,1121.0,896.0,818.0,1297.0,1207.0,980.0,844.0,1356.0,856.0,1455.0,1346.0,1034.0,948.0,865.0,1319.0,829.0,849.0,1138.0,1191.0,862.0,770.0,738.0,1353.0,941.0,803.0,1545.0,1135.0,794.0,752.0,893.0,1346.0,908.0,688.0,1431.0,1278.0,794.0,1526.0,1001.0,1252.0,819.0,917.0,899.0,1186.0,1053.0,1377.0,710.0,649.0,765.0,1374.0,822.0,871.0,1332.0,737.0,1174.0,923.0,000000000000000000a1,,C0108F05
863.0,1349.0,1516.0,714.0,844.0,1078.0,1106.0,893.0,799.0,1297.0,1214.0,983.0,841.0,1346.0,850.0,1452.0,1335.0,1032.0,938.0,856.0,1325.0,817.0,847.0,1138.0,1185.0,852.0,766.0,724.0,1367.0,936.0,792.0,1546.0,1135.0,787.0,739.0,891.0,1342.0,895.0,681.0,1434.0,1278.0,788.0,1525.0,998.0,1246.0,817.0,898.0,881.0,1188.0,1047.0,1375.0,691.0,641.0,762.0,1370.0,805.0,859.0,1324.0,730.0,1175.0,922.0,000000000000000000ac,,C0108W05
619.0,1070.0,1201.0,442.0,623.0,870.0,799.0,623.0,500.0,1062.0,1085.0,736.0,646.0,1001.0,629.0,1176.0,972.0,769.0,794.0,589.0,1106.0,529.0,642.0,867.0,885.0,599.0,597.0,452.0,1260.0,723.0,524.0,1284.0,877.0,562.0,478.0,654.0,1110.0,632.0,446.0,1136.0,1067.0,546.0,1247.0,792.0,956.0,603.0,589.0,599.0,1027.0,755.0,1101.0,425.0,431.0,569.0,1072.0,540.0,587.0,978.0,517.0,1038.0,754.0,000000000000000000c4,,C0110C05
515.0,827.0,937.0,387.0,513.0,697.0,663.0,539.0,423.0,774.0,858.0,632.0,508.0,741.0,532.0,958.0,741.0,609.0,593.0,479.0,875.0,478.0,526.0,698.0,648.0,488.0,463.0,405.0,990.0,554.0,461.0,1017.0,684.0,470.0,391.0,556.0,897.0,532.0,396.0,908.0,820.0,470.0,976.0,630.0,767.0,481.0,523.0,523.0,814.0,591.0,860.0,349.0,357.0,451.0,844.0,448.0,516.0,796.0,427.0,820.0,623.0,000000000000000000dc,,C0112F02
597.0,959.0,1104.0,451.0,616.0,843.0,756.0,616.0,488.0,956.0,1050.0,717.0,638.0,907.0,624.0,1082.0,881.0,742.0,785.0,570.0,1038.0,526.0,635.0,842.0,804.0,573.0,598.0,460.0,1184.0,699.0,513.0,1179.0,844.0,560.0,465.0,654.0,1050.0,626.0,456.0,1066.0,980.0,532.0,1131.0,776.0,883.0,588.0,583.0,592.0,1000.0,720.0,1004.0,427.0,440.0,578.0,965.0,524.0,570.0,918.0,514.0,994.0,761.0,000000000000000000e8,,C0113C05
522.0,917.0,1023.0,402.0,547.0,789.0,692.0,531.0,439.0,905.0,1025.0,641.0,585.0,829.0,546.0,1049.0,782.0,670.0,740.0,502.0,988.0,470.0,568.0,770.0,725.0,503.0,559.0,412.0,1170.0,635.0,441.0,1093.0,780.0,493.0,411.0,584.0,1007.0,557.0,367.0,969.0,948.0,468.0,1057.0,712.0,835.0,530.0,517.0,518.0,977.0,640.0,923.0,372.0,375.0,529.0,875.0,449.0,507.0,826.0,456.0,976.0,714.0,00000000000000000106,,C0114C03
626.0,1074.0,1209.0,480.0,659.0,931.0,822.0,640.0,522.0,1064.0,1185.0,765.0,701.0,989.0,659.0,1220.0,927.0,797.0,878.0,604.0,1148.0,556.0,684.0,913.0,866.0,605.0,677.0,491.0,1360.0,753.0,535.0,1270.0,923.0,597.0,500.0,697.0,1164.0,664.0,443.0,1148.0,1108.0,566.0,1235.0,842.0,972.0,642.0,610.0,613.0,1129.0,761.0,1079.0,453.0,457.0,634.0,1027.0,543.0,613.0,977.0,554.0,1132.0,849.0,00000000000000000108,,C0114C07
599.0,959.0,1067.0,447.0,598.0,792.0,758.0,621.0,485.0,919.0,960.0,720.0,590.0,874.0,608.0,1089.0,874.0,714.0,686.0,562.0,1006.0,541.0,607.0,805.0,781.0,571.0,542.0,466.0,1115.0,647.0,531.0,1158.0,787.0,544.0,458.0,646.0,1002.0,619.0,467.0,1038.0,945.0,540.0,1118.0,724.0,872.0,565.0,588.0,588.0,916.0,693.0,1003.0,415.0,423.0,534.0,989.0,530.0,588.0,909.0,499.0,925.0,711.0,0000000000000000011c,,C0114R08
731.0,1251.0,1398.0,578.0,732.0,979.0,982.0,766.0,663.0,1226.0,1131.0,842.0,743.0,1228.0,736.0,1345.0,1207.0,920.0,861.0,731.0,1240.0,674.0,738.0,1014.0,1073.0,721.0,664.0,581.0,1299.0,834.0,654.0,1465.0,1025.0,662.0,611.0,781.0,1246.0,774.0,557.0,1314.0,1194.0,662.0,1436.0,899.0,1134.0,708.0,754.0,741.0,1104.0,933.0,1280.0,568.0,527.0,669.0,1263.0,671.0,716.0,1191.0,611.0,1096.0,821.0,00000000000000000125,,C0115F03
838.0,1323.0,1485.0,697.0,824.0,1059.0,1082.0,868.0,781.0,1271.0,1191.0,953.0,820.0,1318.0,832.0,1429.0,1303.0,1005.0,920.0,836.0,1300.0,798.0,827.0,1109.0,1156.0,828.0,747.0,707.0,1342.0,914.0,774.0,1517.0,1106.0,765.0,721.0,869.0,1321.0,877.0,664.0,1401.0,1254.0,766.0,1492.0,980.0,1223.0,797.0,878.0,862.0,1169.0,1023.0,1344.0,674.0,625.0,746.0,1335.0,785.0,836.0,1296.0,713.0,1153.0,904.0,00000000000000000126,,C0115F04
706.0,1302.0,1425.0,573.0,716.0,1000.0,1007.0,740.0,656.0,1233.0,1156.0,814.0,754.0,1255.0,710.0,1380.0,1222.0,901.0,884.0,720.0,1265.0,650.0,719.0,996.0,1083.0,710.0,647.0,569.0,1320.0,854.0,624.0,1494.0,1013.0,641.0,601.0,774.0,1288.0,785.0,520.0,1317.0,1224.0,631.0,1453.0,917.0,1173.0,696.0,746.0,734.0,1126.0,931.0,1284.0,552.0,508.0,673.0,1271.0,660.0,690.0,1185.0,593.0,1116.0,825.0,00000000000000000127,,C0115F05
784.0,1337.0,1491.0,657.0,788.0,1067.0,1079.0,819.0,745.0,1280.0,1193.0,895.0,816.0,1320.0,786.0,1418.0,1284.0,975.0,938.0,796.0,1299.0,743.0,796.0,1069.0,1144.0,784.0,717.0,657.0,1343.0,909.0,710.0,1536.0,1087.0,716.0,680.0,845.0,1339.0,855.0,594.0,1379.0,1259.0,711.0,1496.0,980.0,1221.0,770.0,838.0,819.0,1165.0,1006.0,1332.0,628.0,576.0,733.0,1320.0,733.0,773.0,1264.0,666.0,1155.0,887.0,0000000000000000012e,,C0115P04
569.0,938.0,1065.0,435.0,589.0,826.0,745.0,604.0,480.0,922.0,1015.0,706.0,608.0,855.0,615.0,1080.0,807.0,682.0,753.0,537.0,1011.0,533.0,618.0,785.0,728.0,544.0,588.0,457.0,1165.0,656.0,495.0,1128.0,783.0,549.0,436.0,624.0,1015.0,598.0,424.0,1027.0,953.0,513.0,1095.0,736.0,848.0,574.0,575.0,579.0,963.0,644.0,952.0,389.0,412.0,538.0,902.0,493.0,569.0,855.0,497.0,954.0,745.0,00000000000000000134,,C0115R05
818.0,1319.0,1462.0,669.0,812.0,1040.0,1066.0,852.0,751.0,1280.0,1186.0,930.0,805.0,1296.0,815.0,1420.0,1286.0,990.0,912.0,815.0,1302.0,771.0,812.0,1094.0,1142.0,805.0,733.0,680.0,1344.0,902.0,749.0,1512.0,1091.0,745.0,694.0,855.0,1311.0,852.0,645.0,1386.0,1253.0,749.0,1486.0,964.0,1213.0,783.0,850.0,833.0,1167.0,1007.0,1341.0,646.0,606.0,733.0,1332.0,757.0,812.0,1279.0,695.0,1157.0,885.0,00000000000000000143,,C0116F08
759.0,1278.0,1416.0,597.0,763.0,1001.0,1012.0,800.0,686.0,1253.0,1161.0,876.0,760.0,1253.0,765.0,1379.0,1239.0,950.0,879.0,759.0,1272.0,706.0,764.0,1051.0,1099.0,749.0,687.0,607.0,1327.0,860.0,682.0,1492.0,1055.0,690.0,634.0,806.0,1267.0,796.0,589.0,1346.0,1222.0,692.0,1462.0,924.0,1159.0,734.0,779.0,768.0,1133.0,960.0,1318.0,587.0,549.0,684.0,1298.0,698.0,745.0,1229.0,634.0,1127.0,845.0,00000000000000000145,,C0116P03
748.0,1161.0,1269.0,564.0,725.0,936.0,961.0,770.0,620.0,1118.0,1088.0,869.0,729.0,1089.0,731.0,1283.0,1097.0,896.0,815.0,712.0,1172.0,675.0,726.0,988.0,989.0,721.0,652.0,596.0,1243.0,807.0,668.0,1342.0,961.0,667.0,583.0,794.0,1169.0,782.0,595.0,1231.0,1124.0,662.0,1313.0,871.0,1077.0,697.0,714.0,719.0,1060.0,879.0,1202.0,545.0,540.0,665.0,1198.0,693.0,721.0,1113.0,613.0,1067.0,831.0,00000000000000000154,,C0117F02
830.0,1312.0,1472.0,689.0,816.0,1049.0,1072.0,861.0,772.0,1261.0,1182.0,943.0,811.0,1305.0,824.0,1418.0,1290.0,996.0,911.0,827.0,1291.0,790.0,818.0,1099.0,1145.0,820.0,740.0,699.0,1332.0,904.0,765.0,1504.0,1097.0,758.0,712.0,860.0,1310.0,867.0,657.0,1389.0,1243.0,758.0,1480.0,970.0,1212.0,789.0,868.0,852.0,1160.0,1013.0,1333.0,665.0,618.0,738.0,1324.0,776.0,827.0,1284.0,706.0,1145.0,895.0,00000000000000000162,,C0118F03
900.0,1372.0,1552.0,745.0,882.0,1109.0,1139.0,933.0,821.0,1339.0,1253.0,1023.0,877.0,1380.0,886.0,1484.0,1374.0,1083.0,969.0,890.0,1355.0,849.0,882.0,1186.0,1231.0,890.0,801.0,763.0,1402.0,969.0,833.0,1581.0,1178.0,825.0,764.0,935.0,1377.0,936.0,721.0,1481.0,1305.0,824.0,1561.0,1033.0,1281.0,852.0,925.0,912.0,1231.0,1094.0,1420.0,719.0,682.0,803.0,1415.0,847.0,897.0,1370.0,764.0,1221.0,967.0,00000000000000000169,,C0119F02
838.0,1323.0,1460.0,638.0,820.0,1066.0,1081.0,868.0,699.0,1287.0,1222.0,959.0,828.0,1278.0,814.0,1440.0,1280.0,1018.0,931.0,816.0,1325.0,739.0,830.0,1116.0,1152.0,818.0,750.0,656.0,1376.0,926.0,744.0,1528.0,1099.0,745.0,671.0,884.0,1327.0,874.0,655.0,1405.0,1273.0,746.0,1500.0,997.0,1229.0,790.0,800.0,790.0,1193.0,1018.0,1365.0,629.0,606.0,756.0,1360.0,777.0,806.0,1282.0,685.0,1193.0,926.0,00000000000000000179,,C0120P04
485.0,975.0,882.0,410.0,621.0,778.0,808.0,674.0,526.0,923.0,720.0,556.0,503.0,1028.0,508.0,1032.0,863.0,703.0,606.0,557.0,884.0,464.0,559.0,632.0,990.0,567.0,529.0,476.0,856.0,729.0,517.0,908.0,672.0,437.0,379.0,645.0,872.0,661.0,574.0,831.0,953.0,491.0,957.0,581.0,886.0,540.0,518.0,495.0,726.0,592.0,931.0,424.0,426.0,596.0,1043.0,468.0,536.0,771.0,491.0,797.0,586.0,00000000000000000181,,C0201R04
541.0,1089.0,996.0,453.0,691.0,879.0,914.0,758.0,589.0,1035.0,788.0,629.0,548.0,1178.0,564.0,1162.0,967.0,795.0,665.0,632.0,983.0,521.0,621.0,706.0,1129.0,642.0,582.0,533.0,945.0,817.0,579.0,1016.0,758.0,478.0,417.0,720.0,986.0,739.0,643.0,933.0,1066.0,546.0,1075.0,630.0,1000.0,596.0,585.0,554.0,803.0,656.0,1048.0,471.0,468.0,665.0,1180.0,521.0,600.0,880.0,544.0,890.0,651.0,0000000000000000018a,,C0201R20
429.0,704.0,814.0,337.0,459.0,606.0,560.0,469.0,375.0,658.0,713.0,528.0,399.0,670.0,470.0,825.0,632.0,516.0,478.0,398.0,741.0,421.0,452.0,605.0,554.0,434.0,398.0,367.0,843.0,454.0,398.0,835.0,582.0,415.0,329.0,459.0,754.0,442.0,352.0,788.0,695.0,408.0,778.0,489.0,639.0,422.0,454.0,454.0,675.0,500.0,706.0,297.0,305.0,360.0,697.0,375.0,438.0,682.0,376.0,683.0,516.0,0000000000000000018f,,C0202F06
445.0,728.0,851.0,350.0,489.0,630.0,581.0,489.0,389.0,710.0,739.0,548.0,394.0,739.0,489.0,853.0,661.0,538.0,496.0,413.0,766.0,436.0,472.0,628.0,579.0,480.0,415.0,381.0,872.0,469.0,412.0,866.0,606.0,432.0,341.0,476.0,780.0,459.0,368.0,824.0,718.0,430.0,784.0,481.0,660.0,440.0,471.0,466.0,697.0,521.0,732.0,309.0,319.0,374.0,723.0,390.0,453.0,701.0,392.0,706.0,535.0,00000000000000000190,,C0202F07
856.0,1708.0,1605.0,690.0,960.0,1227.0,1255.0,1042.0,833.0,1736.0,1232.0,943.0,867.0,1777.0,840.0,1798.0,1580.0,1200.0,1064.0,959.0,1642.0,768.0,912.0,1112.0,1711.0,954.0,853.0,773.0,1596.0,1177.0,847.0,1745.0,1183.0,741.0,685.0,1006.0,1382.0,1035.0,923.0,1553.0,1680.0,813.0,1783.0,1017.0,1405.0,875.0,845.0,800.0,1242.0,1056.0,1794.0,744.0,738.0,990.0,1886.0,842.0,870.0,1292.0,806.0,1313.0,952.0,00000000000000000197,,C0203C01
684.0,1585.0,1418.0,577.0,807.0,951.0,966.0,859.0,712.0,1664.0,961.0,778.0,665.0,1558.0,709.0,1651.0,1407.0,1000.0,801.0,788.0,1514.0,640.0,756.0,935.0,1497.0,770.0,704.0,671.0,1484.0,926.0,709.0,1653.0,989.0,616.0,559.0,787.0,1098.0,801.0,783.0,1391.0,1601.0,667.0,1632.0,771.0,1100.0,715.0,734.0,697.0,961.0,862.0,1740.0,609.0,599.0,769.0,1767.0,684.0,725.0,1085.0,681.0,1044.0,750.0,000000000000000001a3,,C0203W04
863.0,1554.0,1489.0,701.0,970.0,1256.0,1302.0,1070.0,854.0,1496.0,1196.0,956.0,892.0,1703.0,841.0,1666.0,1443.0,1237.0,1076.0,973.0,1481.0,792.0,928.0,1125.0,1635.0,976.0,864.0,781.0,1424.0,1181.0,841.0,1517.0,1211.0,740.0,673.0,1047.0,1367.0,1088.0,934.0,1409.0,1490.0,813.0,1604.0,1012.0,1400.0,891.0,859.0,810.0,1218.0,1082.0,1530.0,744.0,747.0,1033.0,1696.0,843.0,872.0,1344.0,813.0,1283.0,976.0,000000000000000001a8,,C0204C07
506.0,815.0,925.0,402.0,564.0,703.0,652.0,554.0,443.0,801.0,811.0,609.0,461.0,830.0,551.0,937.0,742.0,607.0,566.0,474.0,852.0,491.0,537.0,697.0,663.0,549.0,479.0,435.0,955.0,545.0,465.0,945.0,673.0,493.0,391.0,540.0,855.0,523.0,426.0,899.0,806.0,487.0,861.0,539.0,737.0,504.0,525.0,523.0,773.0,590.0,815.0,358.0,376.0,439.0,806.0,450.0,506.0,771.0,451.0,782.0,600.0,000000000000000001af,,C0204F10
826.0,1394.0,1350.0,692.0,971.0,1191.0,1223.0,1069.0,850.0,1310.0,1118.0,934.0,853.0,1542.0,835.0,1495.0,1304.0,1196.0,986.0,936.0,1292.0,769.0,903.0,1101.0,1466.0,980.0,858.0,767.0,1252.0,1109.0,837.0,1303.0,1139.0,733.0,644.0,1036.0,1315.0,1064.0,927.0,1256.0,1341.0,798.0,1430.0,962.0,1343.0,876.0,836.0,800.0,1160.0,1054.0,1293.0,704.0,725.0,971.0,1452.0,806.0,881.0,1275.0,801.0,1208.0,956.0,000000000000000001b7,,C0204R01
847.0,1452.0,1404.0,709.0,1008.0,1242.0,1275.0,1108.0,875.0,1371.0,1158.0,961.0,873.0,1609.0,859.0,1555.0,1353.0,1232.0,1017.0,964.0,1338.0,789.0,931.0,1131.0,1533.0,1006.0,887.0,790.0,1298.0,1155.0,859.0,1356.0,1168.0,753.0,657.0,1070.0,1372.0,1097.0,957.0,1305.0,1403.0,819.0,1488.0,993.0,1401.0,905.0,858.0,823.0,1200.0,1080.0,1348.0,720.0,744.0,998.0,1523.0,825.0,904.0,1317.0,825.0,1256.0,984.0,000000000000000001ba,,C0204R05
1040.0,1277.0,1424.0,847.0,1047.0,1207.0,1167.0,1041.0,963.0,1252.0,1206.0,1176.0,926.0,1522.0,992.0,1381.0,1291.0,1202.0,979.0,1054.0,1248.0,945.0,940.0,1234.0,1290.0,1199.0,881.0,923.0,1291.0,1021.0,977.0,1371.0,1213.0,919.0,836.0,1043.0,1315.0,1037.0,933.0,1384.0,1297.0,1023.0,1531.0,1002.0,1262.0,917.0,1007.0,1004.0,1184.0,1139.0,1278.0,834.0,809.0,913.0,1354.0,978.0,1030.0,1428.0,907.0,1220.0,1044.0,000000000000000001d8,,C0206F03
1009.0,1616.0,1569.0,836.0,1157.0,1343.0,1387.0,1284.0,1051.0,1473.0,1271.0,1155.0,1011.0,1792.0,1022.0,1743.0,1546.0,1428.0,1105.0,1134.0,1482.0,943.0,1078.0,1337.0,1679.0,1219.0,1016.0,929.0,1438.0,1248.0,1055.0,1516.0,1373.0,881.0,790.0,1218.0,1502.0,1262.0,1140.0,1456.0,1496.0,988.0,1688.0,1078.0,1529.0,1023.0,1039.0,985.0,1321.0,1258.0,1494.0,859.0,861.0,1120.0,1654.0,988.0,1119.0,1512.0,972.0,1359.0,1125.0,000000000000000001e9,,C0207R99
769.0,1432.0,1371.0,636.0,918.0,1193.0,1240.0,1004.0,779.0,1382.0,1137.0,854.0,820.0,1561.0,778.0,1526.0,1320.0,1129.0,1011.0,865.0,1351.0,718.0,860.0,1027.0,1504.0,878.0,811.0,717.0,1303.0,1125.0,757.0,1375.0,1088.0,685.0,596.0,983.0,1320.0,1012.0,863.0,1293.0,1392.0,728.0,1461.0,960.0,1343.0,832.0,779.0,742.0,1158.0,985.0,1385.0,658.0,681.0,950.0,1541.0,747.0,782.0,1220.0,747.0,1227.0,911.0,000000000000000001f6,,C0208P08
623.0,971.0,1043.0,493.0,613.0,778.0,787.0,654.0,535.0,898.0,930.0,730.0,595.0,870.0,632.0,1106.0,879.0,716.0,673.0,590.0,998.0,595.0,611.0,807.0,784.0,598.0,551.0,527.0,1087.0,658.0,569.0,1121.0,783.0,573.0,492.0,654.0,992.0,646.0,506.0,1017.0,949.0,561.0,1084.0,716.0,894.0,586.0,629.0,629.0,900.0,708.0,991.0,458.0,456.0,535.0,984.0,573.0,620.0,907.0,523.0,903.0,705.0,00000000000000000207,,C0209F12
749.0,1131.0,1096.0,629.0,919.0,1015.0,979.0,919.0,772.0,1114.0,945.0,851.0,724.0,1331.0,776.0,1223.0,1012.0,937.0,782.0,813.0,1066.0,700.0,780.0,877.0,1139.0,921.0,746.0,714.0,1051.0,868.0,760.0,1080.0,896.0,697.0,594.0,842.0,1098.0,854.0,814.0,1047.0,1173.0,787.0,1322.0,771.0,1094.0,768.0,768.0,758.0,952.0,823.0,1053.0,639.0,655.0,763.0,1185.0,700.0,796.0,1114.0,739.0,1006.0,796.0,0000000000000000020b,,C0209F17
990.0,1608.0,1576.0,824.0,1136.0,1359.0,1397.0,1247.0,1011.0,1518.0,1292.0,1115.0,1000.0,1786.0,989.0,1725.0,1531.0,1405.0,1135.0,1111.0,1497.0,914.0,1057.0,1305.0,1693.0,1171.0,1006.0,912.0,1451.0,1268.0,1003.0,1527.0,1345.0,870.0,773.0,1202.0,1505.0,1233.0,1097.0,1468.0,1537.0,951.0,1672.0,1111.0,1535.0,1021.0,998.0,952.0,1336.0,1249.0,1511.0,840.0,856.0,1124.0,1680.0,965.0,1053.0,1492.0,949.0,1386.0,1112.0,00000000000000000235,,C0213C02
997.0,1603.0,1572.0,831.0,1139.0,1347.0,1386.0,1248.0,1017.0,1512.0,1292.0,1117.0,1006.0,1772.0,996.0,1718.0,1534.0,1400.0,1131.0,1108.0,1497.0,920.0,1060.0,1307.0,1678.0,1172.0,1011.0,919.0,1450.0,1258.0,1010.0,1529.0,1345.0,879.0,780.0,1201.0,1494.0,1231.0,1102.0,1468.0,1527.0,955.0,1669.0,1111.0,1522.0,1021.0,1007.0,958.0,1331.0,1252.0,1511.0,845.0,860.0,1124.0,1670.0,970.0,1057.0,1484.0,957.0,1379.0,1114.0,0000000000000000024d,,C0215C10
902.0,1165.0,1326.0,740.0,922.0,1068.0,1014.0,894.0,789.0,1131.0,1137.0,1025.0,811.0,1300.0,903.0,1290.0,1155.0,1032.0,886.0,864.0,1185.0,858.0,849.0,1135.0,1056.0,977.0,782.0,779.0,1271.0,877.0,837.0,1327.0,1107.0,836.0,748.0,883.0,1200.0,874.0,760.0,1299.0,1137.0,890.0,1379.0,884.0,1100.0,819.0,897.0,897.0,1109.0,1023.0,1199.0,709.0,703.0,755.0,1199.0,846.0,897.0,1303.0,779.0,1109.0,938.0,00000000000000000273,,C0217F03
619.0,860.0,930.0,510.0,774.0,881.0,831.0,750.0,604.0,950.0,777.0,715.0,587.0,1146.0,647.0,1001.0,747.0,779.0,676.0,667.0,857.0,600.0,649.0,723.0,904.0,764.0,592.0,561.0,848.0,697.0,608.0,871.0,716.0,565.0,475.0,679.0,943.0,680.0,644.0,844.0,939.0,664.0,1132.0,631.0,909.0,641.0,640.0,643.0,811.0,682.0,794.0,516.0,524.0,636.0,927.0,571.0,641.0,979.0,575.0,855.0,650.0,0000000000000000028e,,C0219F04
565.0,1041.0,968.0,480.0,717.0,884.0,917.0,787.0,604.0,948.0,807.0,651.0,605.0,1125.0,592.0,1105.0,939.0,825.0,689.0,652.0,935.0,531.0,642.0,740.0,1085.0,671.0,619.0,548.0,902.0,821.0,597.0,929.0,773.0,518.0,441.0,767.0,980.0,784.0,670.0,904.0,1011.0,565.0,1016.0,664.0,1000.0,626.0,586.0,569.0,819.0,704.0,934.0,490.0,505.0,699.0,1087.0,543.0,618.0,897.0,576.0,886.0,694.0,0000000000000000029c,,C0219R02
623.0,1131.0,1063.0,528.0,783.0,967.0,1001.0,861.0,664.0,1038.0,883.0,718.0,662.0,1236.0,651.0,1205.0,1029.0,909.0,758.0,719.0,1019.0,587.0,706.0,819.0,1187.0,743.0,679.0,601.0,983.0,896.0,654.0,1019.0,854.0,567.0,484.0,836.0,1072.0,856.0,735.0,990.0,1096.0,620.0,1119.0,733.0,1096.0,687.0,645.0,624.0,900.0,779.0,1021.0,537.0,556.0,765.0,1184.0,600.0,679.0,986.0,631.0,969.0,758.0,0000000000000000029e,,C0219R06
987.0,1482.0,1468.0,822.0,1109.0,1259.0,1297.0,1222.0,1025.0,1353.0,1204.0,1121.0,990.0,1652.0,1002.0,1595.0,1455.0,1351.0,1053.0,1100.0,1378.0,928.0,1044.0,1276.0,1543.0,1187.0,990.0,905.0,1341.0,1174.0,1046.0,1408.0,1310.0,866.0,789.0,1166.0,1386.0,1200.0,1108.0,1369.0,1371.0,974.0,1555.0,1036.0,1407.0,991.0,1012.0,970.0,1239.0,1203.0,1381.0,857.0,857.0,1073.0,1509.0,971.0,1112.0,1425.0,954.0,1264.0,1080.0,0000000000000000029f,,C0219R07
931.0,1300.0,1395.0,771.0,971.0,1115.0,1085.0,978.0,823.0,1232.0,1234.0,1058.0,884.0,1266.0,979.0,1431.0,1222.0,1054.0,963.0,892.0,1330.0,887.0,937.0,1156.0,1122.0,955.0,865.0,813.0,1419.0,944.0,860.0,1442.0,1128.0,906.0,766.0,960.0,1282.0,941.0,823.0,1368.0,1281.0,867.0,1337.0,994.0,1180.0,906.0,938.0,921.0,1199.0,1044.0,1312.0,724.0,761.0,834.0,1303.0,866.0,923.0,1254.0,844.0,1199.0,1019.0,000000000000000002a6,,C0219X01
384.0,641.0,769.0,300.0,412.0,557.0,511.0,424.0,337.0,605.0,666.0,484.0,343.0,626.0,429.0,766.0,578.0,467.0,429.0,354.0,679.0,383.0,406.0,556.0,497.0,396.0,353.0,330.0,785.0,398.0,360.0,781.0,534.0,374.0,293.0,414.0,705.0,398.0,312.0,742.0,631.0,372.0,715.0,438.0,585.0,377.0,419.0,413.0,622.0,450.0,647.0,262.0,265.0,314.0,638.0,331.0,402.0,631.0,335.0,631.0,473.0,000000000000000002a9,,C0220F03
467.0,966.0,1064.0,376.0,500.0,728.0,669.0,501.0,415.0,964.0,857.0,613.0,522.0,942.0,498.0,1040.0,725.0,637.0,674.0,470.0,993.0,424.0,513.0,728.0,667.0,464.0,539.0,376.0,1092.0,516.0,414.0,1117.0,755.0,457.0,396.0,485.0,859.0,488.0,302.0,957.0,934.0,437.0,1108.0,599.0,704.0,492.0,460.0,465.0,824.0,603.0,943.0,356.0,329.0,476.0,854.0,403.0,490.0,788.0,431.0,786.0,640.0,000000000000000002b5,,C0301C11
487.0,991.0,1044.0,385.0,506.0,762.0,726.0,519.0,418.0,974.0,921.0,610.0,563.0,878.0,499.0,1063.0,761.0,660.0,726.0,489.0,1015.0,427.0,537.0,736.0,713.0,476.0,559.0,385.0,1109.0,598.0,422.0,1106.0,756.0,462.0,404.0,533.0,922.0,534.0,332.0,955.0,969.0,434.0,1123.0,668.0,789.0,518.0,458.0,448.0,893.0,632.0,956.0,371.0,352.0,524.0,880.0,432.0,486.0,755.0,441.0,862.0,670.0,000000000000000002c4,,C0301W01
446.0,702.0,816.0,345.0,447.0,615.0,595.0,483.0,383.0,619.0,764.0,562.0,438.0,610.0,479.0,836.0,610.0,511.0,513.0,410.0,746.0,437.0,457.0,611.0,512.0,419.0,401.0,367.0,866.0,473.0,411.0,858.0,585.0,417.0,336.0,487.0,806.0,461.0,345.0,787.0,691.0,421.0,817.0,553.0,669.0,427.0,481.0,482.0,717.0,493.0,703.0,298.0,294.0,374.0,691.0,383.0,468.0,702.0,372.0,727.0,553.0,000000000000000002dd,,C0303R05
357.0,575.0,720.0,270.0,377.0,528.0,473.0,394.0,307.0,556.0,657.0,477.0,375.0,534.0,411.0,700.0,482.0,425.0,452.0,332.0,635.0,356.0,397.0,521.0,405.0,332.0,370.0,297.0,750.0,377.0,323.0,735.0,512.0,354.0,271.0,391.0,663.0,372.0,250.0,680.0,578.0,340.0,716.0,446.0,520.0,368.0,392.0,385.0,619.0,397.0,582.0,233.0,231.0,312.0,537.0,295.0,389.0,572.0,310.0,607.0,492.0,000000000000000002e1,,C0303W02
431.0,703.0,914.0,340.0,481.0,624.0,559.0,492.0,381.0,704.0,749.0,562.0,334.0,754.0,503.0,862.0,658.0,529.0,465.0,391.0,752.0,439.0,464.0,649.0,538.0,479.0,399.0,371.0,887.0,419.0,413.0,904.0,618.0,431.0,324.0,461.0,796.0,440.0,348.0,878.0,691.0,433.0,790.0,455.0,633.0,430.0,479.0,468.0,690.0,507.0,729.0,284.0,286.0,331.0,717.0,361.0,463.0,730.0,379.0,702.0,537.0,00000000000000000338,,C0307P08
403.0,913.0,838.0,284.0,473.0,635.0,620.0,524.0,403.0,928.0,615.0,527.0,434.0,907.0,423.0,980.0,755.0,596.0,504.0,520.0,880.0,345.0,458.0,565.0,783.0,475.0,400.0,373.0,859.0,569.0,473.0,963.0,620.0,331.0,319.0,502.0,727.0,519.0,451.0,803.0,928.0,410.0,880.0,455.0,682.0,407.0,456.0,435.0,603.0,453.0,1010.0,354.0,277.0,514.0,980.0,422.0,487.0,699.0,367.0,678.0,524.0,0000000000000000033c,,C0307R08
541.0,882.0,954.0,412.0,531.0,704.0,708.0,571.0,456.0,792.0,870.0,655.0,514.0,764.0,559.0,1029.0,778.0,622.0,590.0,505.0,916.0,510.0,535.0,719.0,673.0,514.0,472.0,447.0,1018.0,571.0,495.0,1050.0,692.0,498.0,415.0,579.0,921.0,560.0,428.0,935.0,860.0,494.0,1007.0,637.0,812.0,508.0,553.0,553.0,832.0,612.0,893.0,379.0,375.0,450.0,889.0,482.0,549.0,827.0,445.0,832.0,634.0,00000000000000000347,,C0308F01
445.0,701.0,813.0,346.0,446.0,611.0,591.0,483.0,383.0,616.0,763.0,562.0,440.0,608.0,478.0,833.0,608.0,509.0,511.0,409.0,745.0,437.0,457.0,610.0,510.0,418.0,400.0,365.0,865.0,471.0,410.0,853.0,584.0,415.0,334.0,488.0,803.0,460.0,344.0,784.0,690.0,419.0,812.0,551.0,664.0,426.0,482.0,483.0,713.0,491.0,699.0,297.0,292.0,374.0,687.0,382.0,467.0,701.0,371.0,723.0,554.0,00000000000000000352,,C0308F18
639.0,1059.0,1163.0,474.0,643.0,853.0,818.0,669.0,523.0,1031.0,1029.0,765.0,641.0,973.0,651.0,1179.0,973.0,778.0,740.0,608.0,1096.0,572.0,647.0,874.0,862.0,617.0,586.0,492.0,1188.0,705.0,562.0,1271.0,857.0,581.0,494.0,689.0,1086.0,664.0,495.0,1126.0,1034.0,575.0,1231.0,784.0,953.0,615.0,621.0,625.0,986.0,759.0,1104.0,445.0,452.0,573.0,1081.0,569.0,625.0,992.0,533.0,988.0,757.0,00000000000000000357,,C0308P05
486.0,772.0,893.0,372.0,502.0,697.0,635.0,514.0,405.0,724.0,865.0,619.0,495.0,679.0,535.0,905.0,662.0,578.0,604.0,448.0,837.0,466.0,522.0,678.0,580.0,457.0,471.0,393.0,980.0,543.0,440.0,960.0,666.0,467.0,367.0,535.0,878.0,505.0,369.0,862.0,773.0,450.0,904.0,613.0,719.0,472.0,509.0,507.0,807.0,542.0,779.0,324.0,338.0,434.0,749.0,416.0,501.0,755.0,416.0,807.0,632.0,00000000000000000361,,C0308R15
447.0,961.0,991.0,340.0,465.0,727.0,684.0,481.0,374.0,917.0,906.0,573.0,524.0,812.0,452.0,1036.0,691.0,613.0,689.0,450.0,985.0,381.0,496.0,693.0,640.0,437.0,519.0,343.0,1084.0,553.0,390.0,1059.0,716.0,422.0,375.0,491.0,909.0,494.0,285.0,896.0,937.0,404.0,1075.0,624.0,770.0,478.0,412.0,408.0,879.0,583.0,897.0,339.0,308.0,484.0,812.0,391.0,457.0,719.0,395.0,849.0,632.0,00000000000000000364,,C0308X05
493.0,1021.0,1084.0,382.0,504.0,771.0,744.0,528.0,422.0,998.0,943.0,630.0,569.0,894.0,504.0,1086.0,765.0,669.0,744.0,499.0,1034.0,427.0,538.0,753.0,711.0,473.0,566.0,382.0,1131.0,596.0,422.0,1149.0,780.0,474.0,413.0,530.0,949.0,536.0,325.0,981.0,988.0,441.0,1164.0,679.0,805.0,522.0,461.0,449.0,917.0,637.0,977.0,372.0,348.0,526.0,888.0,436.0,498.0,774.0,445.0,878.0,681.0,00000000000000000385,,C0310W02
466.0,777.0,880.0,353.0,486.0,689.0,612.0,496.0,394.0,755.0,857.0,586.0,504.0,708.0,506.0,906.0,652.0,562.0,621.0,439.0,846.0,444.0,506.0,655.0,585.0,448.0,485.0,374.0,977.0,534.0,408.0,931.0,654.0,450.0,357.0,514.0,856.0,495.0,337.0,851.0,796.0,427.0,911.0,611.0,709.0,476.0,475.0,485.0,810.0,525.0,776.0,317.0,336.0,438.0,728.0,402.0,477.0,719.0,411.0,801.0,619.0,0000000000000000039c,,C0312C09
314.0,977.0,887.0,264.0,319.0,638.0,630.0,359.0,305.0,868.0,869.0,433.0,426.0,731.0,298.0,982.0,583.0,492.0,625.0,334.0,953.0,279.0,349.0,572.0,535.0,304.0,390.0,264.0,995.0,484.0,266.0,993.0,609.0,307.0,292.0,378.0,897.0,400.0,162.0,776.0,895.0,276.0,1020.0,551.0,789.0,368.0,319.0,287.0,854.0,473.0,839.0,234.0,200.0,397.0,733.0,279.0,340.0,590.0,279.0,834.0,505.0,000000000000000003c9,,C0402C05
399.0,726.0,839.0,300.0,412.0,624.0,532.0,409.0,338.0,706.0,819.0,517.0,436.0,654.0,420.0,859.0,582.0,514.0,569.0,381.0,796.0,363.0,436.0,612.0,516.0,381.0,435.0,315.0,959.0,454.0,332.0,884.0,618.0,369.0,311.0,432.0,809.0,413.0,256.0,780.0,748.0,357.0,871.0,532.0,653.0,403.0,402.0,402.0,780.0,484.0,715.0,264.0,262.0,384.0,650.0,336.0,396.0,668.0,339.0,770.0,556.0,000000000000000003ee,,C0404F04
475.0,1001.0,1072.0,384.0,496.0,763.0,697.0,496.0,421.0,987.0,1010.0,615.0,550.0,871.0,491.0,1125.0,775.0,660.0,713.0,475.0,1021.0,432.0,519.0,767.0,733.0,464.0,546.0,398.0,1231.0,586.0,397.0,1137.0,777.0,460.0,394.0,529.0,1007.0,518.0,295.0,998.0,1014.0,429.0,1136.0,661.0,868.0,496.0,469.0,480.0,978.0,618.0,968.0,338.0,315.0,497.0,907.0,410.0,476.0,799.0,416.0,994.0,674.0,000000000000000003ef,,C0404F05
536.0,988.0,1086.0,421.0,549.0,810.0,722.0,539.0,452.0,977.0,1050.0,663.0,602.0,890.0,557.0,1122.0,822.0,707.0,762.0,525.0,1039.0,482.0,579.0,806.0,773.0,526.0,581.0,431.0,1256.0,651.0,464.0,1146.0,823.0,509.0,433.0,583.0,1040.0,564.0,364.0,1026.0,1019.0,485.0,1135.0,722.0,880.0,549.0,523.0,535.0,1000.0,668.0,977.0,389.0,383.0,543.0,936.0,469.0,527.0,855.0,470.0,1020.0,728.0,00000000000000000400,,C0404W07
319.0,1003.0,894.0,258.0,302.0,638.0,638.0,352.0,301.0,877.0,886.0,429.0,426.0,728.0,286.0,984.0,582.0,490.0,634.0,329.0,983.0,273.0,342.0,566.0,539.0,299.0,382.0,258.0,1000.0,492.0,263.0,1006.0,606.0,301.0,291.0,375.0,911.0,403.0,156.0,777.0,915.0,274.0,1044.0,561.0,805.0,362.0,312.0,280.0,867.0,476.0,851.0,241.0,194.0,394.0,736.0,279.0,338.0,576.0,272.0,844.0,498.0,00000000000000000402,,C0405C05
544.0,1003.0,1099.0,428.0,557.0,822.0,734.0,547.0,460.0,990.0,1066.0,672.0,612.0,902.0,567.0,1137.0,832.0,719.0,774.0,532.0,1054.0,490.0,587.0,819.0,783.0,534.0,591.0,439.0,1272.0,660.0,470.0,1161.0,834.0,518.0,440.0,595.0,1055.0,574.0,371.0,1038.0,1035.0,491.0,1148.0,734.0,892.0,557.0,531.0,543.0,1015.0,679.0,990.0,393.0,391.0,553.0,948.0,476.0,534.0,869.0,479.0,1035.0,740.0,00000000000000000406,,C0405F51
363.0,926.0,971.0,283.0,361.0,632.0,619.0,400.0,330.0,838.0,813.0,508.0,450.0,735.0,338.0,942.0,552.0,525.0,618.0,376.0,919.0,318.0,400.0,619.0,487.0,339.0,451.0,290.0,967.0,441.0,292.0,1002.0,670.0,336.0,316.0,381.0,829.0,414.0,165.0,815.0,846.0,306.0,1040.0,524.0,685.0,412.0,359.0,332.0,778.0,498.0,809.0,250.0,201.0,402.0,673.0,299.0,390.0,633.0,310.0,754.0,552.0,00000000000000000429,,C0407F51
416.0,775.0,894.0,316.0,426.0,656.0,555.0,416.0,351.0,761.0,870.0,541.0,457.0,693.0,429.0,917.0,615.0,551.0,606.0,401.0,845.0,377.0,445.0,656.0,552.0,398.0,455.0,326.0,1038.0,473.0,347.0,942.0,663.0,377.0,318.0,447.0,859.0,428.0,260.0,831.0,804.0,367.0,935.0,555.0,687.0,416.0,417.0,417.0,828.0,515.0,767.0,277.0,272.0,408.0,692.0,349.0,407.0,703.0,351.0,818.0,583.0,0000000000000000042e,,C0407P04
362.0,876.0,889.0,282.0,375.0,625.0,598.0,407.0,314.0,806.0,804.0,487.0,443.0,698.0,357.0,924.0,561.0,515.0,598.0,372.0,882.0,314.0,407.0,598.0,518.0,352.0,439.0,282.0,955.0,453.0,298.0,952.0,623.0,340.0,298.0,402.0,814.0,412.0,200.0,772.0,831.0,317.0,975.0,524.0,684.0,407.0,346.0,325.0,774.0,485.0,779.0,265.0,230.0,402.0,683.0,312.0,375.0,616.0,310.0,744.0,546.0,00000000000000000435,,C0407W01
367.0,687.0,795.0,278.0,376.0,583.0,490.0,368.0,313.0,667.0,777.0,481.0,402.0,614.0,380.0,816.0,539.0,484.0,534.0,353.0,749.0,335.0,395.0,584.0,480.0,349.0,401.0,288.0,922.0,414.0,307.0,836.0,587.0,332.0,283.0,394.0,767.0,376.0,224.0,736.0,710.0,327.0,831.0,490.0,612.0,367.0,372.0,372.0,738.0,454.0,673.0,243.0,236.0,356.0,604.0,305.0,364.0,627.0,307.0,729.0,518.0,00000000000000000436,,C0407W02
507.0,994.0,1068.0,408.0,531.0,795.0,714.0,521.0,440.0,983.0,1051.0,633.0,589.0,879.0,525.0,1124.0,800.0,690.0,746.0,497.0,1047.0,462.0,561.0,790.0,746.0,497.0,571.0,418.0,1242.0,627.0,434.0,1142.0,800.0,482.0,412.0,570.0,1040.0,549.0,338.0,1000.0,1016.0,455.0,1131.0,705.0,873.0,525.0,501.0,506.0,1006.0,650.0,980.0,361.0,357.0,529.0,920.0,442.0,497.0,836.0,444.0,1010.0,717.0,0000000000000000045b,,C0409F03
279.0,738.0,755.0,224.0,290.0,516.0,483.0,307.0,261.0,695.0,709.0,382.0,353.0,600.0,284.0,809.0,491.0,424.0,484.0,288.0,739.0,261.0,317.0,504.0,454.0,271.0,349.0,234.0,853.0,370.0,233.0,818.0,522.0,268.0,240.0,320.0,716.0,328.0,147.0,671.0,712.0,258.0,828.0,430.0,604.0,316.0,288.0,279.0,690.0,397.0,669.0,202.0,172.0,320.0,598.0,237.0,297.0,530.0,244.0,681.0,437.0,0000000000000000046d,,C0410W02
418.0,950.0,1005.0,350.0,426.0,691.0,648.0,438.0,383.0,919.0,917.0,544.0,497.0,814.0,438.0,1058.0,731.0,601.0,643.0,429.0,950.0,382.0,455.0,694.0,698.0,414.0,483.0,356.0,1152.0,536.0,352.0,1057.0,713.0,408.0,357.0,473.0,935.0,464.0,254.0,915.0,955.0,377.0,1053.0,596.0,817.0,440.0,414.0,422.0,897.0,567.0,901.0,311.0,273.0,445.0,850.0,374.0,425.0,730.0,370.0,925.0,604.0,00000000000000000471,,C0410W97
542.0,1027.0,1148.0,425.0,572.0,849.0,746.0,560.0,466.0,1024.0,1113.0,688.0,621.0,924.0,574.0,1180.0,836.0,733.0,797.0,527.0,1093.0,497.0,598.0,848.0,767.0,527.0,609.0,438.0,1318.0,658.0,466.0,1221.0,860.0,521.0,436.0,608.0,1100.0,583.0,358.0,1076.0,1056.0,491.0,1203.0,745.0,904.0,560.0,545.0,547.0,1065.0,687.0,1024.0,382.0,380.0,560.0,952.0,464.0,539.0,906.0,478.0,1061.0,774.0,0000000000000000048e,,C0412F04
664.0,1930.0,1628.0,476.0,561.0,1511.0,1438.0,543.0,371.0,2229.0,2131.0,688.0,1049.0,1597.0,410.0,1823.0,1326.0,906.0,1437.0,618.0,2512.0,384.0,673.0,960.0,1222.0,554.0,917.0,476.0,2041.0,1493.0,434.0,2046.0,965.0,480.0,536.0,864.0,1956.0,864.0,358.0,1557.0,2302.0,533.0,2111.0,1418.0,2057.0,730.0,486.0,412.0,2020.0,1031.0,2010.0,397.0,480.0,957.0,1633.0,664.0,560.0,1005.0,533.0,1892.0,1021.0,000000000000000005fb,,C0512R03
374.0,844.0,926.0,299.0,386.0,594.0,583.0,417.0,336.0,817.0,759.0,506.0,440.0,730.0,392.0,895.0,596.0,529.0,589.0,385.0,862.0,336.0,417.0,612.0,541.0,345.0,450.0,299.0,930.0,435.0,325.0,965.0,644.0,371.0,325.0,398.0,769.0,409.0,226.0,816.0,803.0,347.0,980.0,520.0,629.0,413.0,369.0,352.0,731.0,504.0,797.0,287.0,253.0,398.0,698.0,324.0,404.0,633.0,340.0,694.0,545.0,00000000000000000641,,C0604C01
475.0,1125.0,1036.0,346.0,505.0,675.0,702.0,534.0,406.0,1172.0,843.0,579.0,538.0,1012.0,443.0,1160.0,936.0,673.0,634.0,526.0,1121.0,368.0,536.0,697.0,896.0,464.0,524.0,411.0,1118.0,675.0,469.0,1222.0,750.0,417.0,373.0,524.0,891.0,551.0,431.0,1061.0,1134.0,411.0,1133.0,610.0,811.0,499.0,438.0,417.0,811.0,601.0,1230.0,390.0,345.0,561.0,1155.0,489.0,457.0,749.0,432.0,862.0,626.0,00000000000000000690,,C0606R10
339.0,1111.0,1032.0,337.0,409.0,609.0,621.0,383.0,281.0,1214.0,987.0,496.0,517.0,1033.0,319.0,1098.0,825.0,561.0,574.0,412.0,1340.0,240.0,462.0,582.0,786.0,333.0,518.0,371.0,1134.0,712.0,366.0,1296.0,614.0,311.0,294.0,396.0,1030.0,472.0,341.0,982.0,1111.0,340.0,1195.0,562.0,934.0,396.0,358.0,303.0,1006.0,531.0,1256.0,286.0,205.0,581.0,1189.0,397.0,438.0,645.0,349.0,981.0,638.0,000000000000000006c7,,C0608R04
444.0,1389.0,1272.0,421.0,554.0,753.0,766.0,506.0,390.0,1535.0,1248.0,649.0,628.0,1317.0,432.0,1433.0,1119.0,773.0,719.0,560.0,1635.0,323.0,596.0,771.0,1127.0,466.0,601.0,496.0,1429.0,946.0,503.0,1599.0,795.0,397.0,392.0,541.0,1338.0,634.0,497.0,1269.0,1396.0,462.0,1486.0,721.0,1214.0,465.0,465.0,409.0,1211.0,698.0,1576.0,390.0,284.0,780.0,1593.0,543.0,582.0,900.0,465.0,1285.0,832.0,00000000000000000706,,C0611P01
420.0,1508.0,1170.0,287.0,333.0,874.0,865.0,353.0,281.0,1452.0,1325.0,440.0,581.0,985.0,224.0,1370.0,894.0,548.0,838.0,391.0,1722.0,235.0,353.0,688.0,652.0,322.0,498.0,350.0,1588.0,811.0,242.0,1480.0,706.0,316.0,361.0,441.0,1320.0,506.0,166.0,966.0,1470.0,284.0,1531.0,824.0,1260.0,478.0,373.0,286.0,1320.0,590.0,1456.0,211.0,238.0,549.0,1163.0,371.0,366.0,632.0,316.0,1260.0,619.0,0000000000000000076b,,C0703R03
489.0,1738.0,1373.0,363.0,400.0,1105.0,1057.0,380.0,261.0,1997.0,1671.0,510.0,767.0,1305.0,281.0,1615.0,1021.0,607.0,1028.0,448.0,2274.0,261.0,480.0,749.0,774.0,375.0,724.0,374.0,1874.0,1078.0,296.0,1909.0,778.0,358.0,402.0,561.0,1564.0,600.0,232.0,1223.0,1995.0,370.0,1871.0,1009.0,1603.0,570.0,408.0,318.0,1593.0,742.0,1849.0,254.0,339.0,678.0,1472.0,427.0,454.0,732.0,397.0,1545.0,758.0,0000000000000000077a,,C0704C01
485.0,1706.0,1355.0,342.0,392.0,1084.0,1036.0,381.0,254.0,1948.0,1639.0,505.0,747.0,1276.0,264.0,1575.0,1006.0,601.0,1008.0,435.0,2217.0,252.0,464.0,736.0,757.0,363.0,714.0,373.0,1851.0,1056.0,292.0,1860.0,767.0,339.0,402.0,544.0,1542.0,583.0,217.0,1197.0,1939.0,367.0,1833.0,989.0,1573.0,564.0,396.0,308.0,1572.0,727.0,1813.0,248.0,312.0,662.0,1440.0,414.0,445.0,717.0,377.0,1514.0,738.0,0000000000000000077d,,C0704C04
479.0,1674.0,1331.0,352.0,393.0,1066.0,1021.0,379.0,270.0,1905.0,1604.0,500.0,741.0,1246.0,271.0,1544.0,977.0,590.0,987.0,430.0,2180.0,260.0,463.0,732.0,720.0,357.0,663.0,384.0,1822.0,1037.0,293.0,1819.0,762.0,349.0,417.0,530.0,1513.0,574.0,223.0,1168.0,1897.0,368.0,1799.0,975.0,1540.0,565.0,409.0,317.0,1543.0,714.0,1779.0,248.0,320.0,659.0,1400.0,406.0,452.0,708.0,387.0,1487.0,737.0,00000000000000000785,,C0704P04
477.0,1659.0,1320.0,351.0,388.0,1060.0,1014.0,374.0,269.0,1894.0,1594.0,498.0,735.0,1236.0,270.0,1532.0,967.0,584.0,978.0,428.0,2169.0,260.0,458.0,725.0,711.0,355.0,655.0,380.0,1808.0,1030.0,292.0,1807.0,753.0,348.0,415.0,525.0,1500.0,568.0,222.0,1158.0,1887.0,367.0,1788.0,968.0,1528.0,558.0,408.0,317.0,1530.0,708.0,1767.0,248.0,319.0,650.0,1390.0,404.0,451.0,702.0,386.0,1474.0,733.0,00000000000000000789,,C0704R02
362.0,1133.0,1004.0,294.0,359.0,683.0,673.0,387.0,323.0,974.0,960.0,467.0,469.0,825.0,326.0,1124.0,697.0,563.0,673.0,381.0,1074.0,285.0,378.0,643.0,659.0,352.0,425.0,295.0,1165.0,535.0,271.0,1108.0,674.0,344.0,318.0,431.0,1018.0,450.0,196.0,886.0,1055.0,290.0,1117.0,608.0,918.0,397.0,332.0,313.0,968.0,543.0,935.0,262.0,224.0,440.0,852.0,332.0,355.0,664.0,305.0,978.0,554.0,000000000000000007a1,,C0705C27
453.0,1594.0,1236.0,310.0,363.0,952.0,924.0,364.0,277.0,1621.0,1437.0,464.0,649.0,1092.0,232.0,1450.0,944.0,569.0,896.0,413.0,1924.0,243.0,393.0,727.0,681.0,342.0,542.0,366.0,1718.0,904.0,268.0,1613.0,740.0,326.0,393.0,474.0,1406.0,533.0,184.0,1044.0,1636.0,320.0,1632.0,895.0,1380.0,522.0,389.0,299.0,1425.0,644.0,1591.0,226.0,269.0,600.0,1260.0,392.0,404.0,673.0,335.0,1367.0,679.0,000000000000000007ba,,C0705R16
454.0,1705.0,1391.0,203.0,256.0,913.0,913.0,264.0,127.0,1835.0,1462.0,454.0,601.0,1235.0,153.0,1596.0,1116.0,645.0,885.0,400.0,1984.0,134.0,301.0,773.0,876.0,303.0,536.0,268.0,1953.0,928.0,175.0,1688.0,747.0,193.0,296.0,478.0,1401.0,516.0,106.0,1057.0,1817.0,263.0,1747.0,913.0,1479.0,482.0,235.0,203.0,1418.0,730.0,1711.0,132.0,191.0,594.0,1498.0,425.0,337.0,700.0,266.0,1431.0,611.0,000000000000000007dc,,C0706C02
439.0,1747.0,1369.0,199.0,258.0,897.0,902.0,268.0,142.0,1806.0,1460.0,439.0,589.0,1214.0,149.0,1642.0,1124.0,650.0,876.0,391.0,1993.0,130.0,286.0,786.0,875.0,307.0,478.0,251.0,1988.0,911.0,169.0,1701.0,748.0,195.0,281.0,466.0,1412.0,515.0,105.0,1055.0,1822.0,237.0,1761.0,900.0,1468.0,461.0,229.0,199.0,1433.0,716.0,1720.0,129.0,184.0,589.0,1508.0,417.0,309.0,707.0,254.0,1433.0,608.0,000000000000000007dd,,C0706W01
441.0,1712.0,1368.0,201.0,258.0,913.0,913.0,267.0,137.0,1814.0,1460.0,441.0,596.0,1215.0,152.0,1607.0,1104.0,646.0,885.0,390.0,1980.0,132.0,297.0,773.0,862.0,305.0,501.0,262.0,1955.0,924.0,169.0,1683.0,748.0,196.0,280.0,473.0,1408.0,519.0,105.0,1049.0,1807.0,245.0,1746.0,909.0,1476.0,468.0,234.0,201.0,1428.0,724.0,1710.0,128.0,188.0,591.0,1494.0,410.0,316.0,699.0,260.0,1428.0,609.0,0000000000000000084f,,C0710C13
361.0,1229.0,978.0,295.0,306.0,766.0,754.0,312.0,274.0,1240.0,1120.0,392.0,530.0,845.0,221.0,1108.0,696.0,447.0,728.0,337.0,1468.0,243.0,343.0,573.0,502.0,279.0,437.0,316.0,1266.0,708.0,251.0,1270.0,605.0,287.0,331.0,378.0,1089.0,427.0,172.0,823.0,1252.0,280.0,1270.0,705.0,1049.0,427.0,357.0,285.0,1085.0,511.0,1213.0,212.0,230.0,477.0,943.0,306.0,357.0,537.0,291.0,1040.0,555.0,00000000000000000858,,C0710F02
406.0,1289.0,1053.0,303.0,377.0,820.0,829.0,408.0,335.0,1143.0,1115.0,465.0,545.0,879.0,294.0,1187.0,775.0,582.0,809.0,396.0,1356.0,302.0,398.0,682.0,638.0,347.0,488.0,326.0,1254.0,706.0,296.0,1248.0,711.0,344.0,359.0,448.0,1142.0,506.0,200.0,899.0,1178.0,308.0,1295.0,753.0,1049.0,467.0,369.0,314.0,1105.0,585.0,1154.0,267.0,257.0,516.0,958.0,366.0,380.0,643.0,325.0,1050.0,603.0,0000000000000000087a,,C0711R03
430.0,1494.0,1168.0,291.0,363.0,881.0,872.0,401.0,315.0,1335.0,1300.0,475.0,578.0,967.0,255.0,1369.0,897.0,609.0,869.0,420.0,1582.0,267.0,382.0,732.0,722.0,358.0,508.0,337.0,1487.0,793.0,255.0,1431.0,752.0,348.0,365.0,474.0,1328.0,540.0,181.0,996.0,1381.0,292.0,1483.0,825.0,1218.0,479.0,372.0,302.0,1299.0,609.0,1353.0,234.0,242.0,558.0,1123.0,399.0,365.0,691.0,322.0,1243.0,643.0,0000000000000000088f,,C0712C05
533.0,1520.0,1391.0,454.0,581.0,668.0,659.0,582.0,511.0,1744.0,942.0,669.0,528.0,1437.0,510.0,1593.0,1367.0,884.0,608.0,653.0,1628.0,437.0,579.0,866.0,1315.0,581.0,509.0,536.0,1522.0,733.0,572.0,1783.0,920.0,441.0,461.0,563.0,1018.0,578.0,596.0,1426.0,1552.0,528.0,1656.0,587.0,936.0,492.0,547.0,512.0,900.0,789.0,1875.0,498.0,378.0,630.0,1803.0,595.0,581.0,978.0,500.0,989.0,635.0,000000000000000008ab,,C0801R01
366.0,949.0,834.0,254.0,436.0,566.0,555.0,461.0,357.0,985.0,620.0,465.0,425.0,894.0,369.0,968.0,801.0,571.0,457.0,461.0,907.0,292.0,424.0,544.0,780.0,414.0,376.0,350.0,897.0,562.0,457.0,990.0,605.0,294.0,306.0,456.0,715.0,468.0,399.0,828.0,963.0,366.0,902.0,430.0,659.0,370.0,413.0,374.0,597.0,428.0,1092.0,321.0,244.0,468.0,1017.0,402.0,457.0,658.0,335.0,680.0,495.0,000000000000000008bb,,C0801W02
401.0,1128.0,968.0,324.0,462.0,570.0,550.0,486.0,398.0,1245.0,626.0,487.0,439.0,1038.0,413.0,1153.0,965.0,644.0,473.0,501.0,1099.0,349.0,452.0,611.0,945.0,452.0,392.0,402.0,1082.0,577.0,467.0,1246.0,655.0,338.0,348.0,476.0,725.0,485.0,464.0,964.0,1159.0,403.0,1143.0,448.0,664.0,396.0,450.0,439.0,620.0,513.0,1342.0,367.0,303.0,503.0,1302.0,450.0,463.0,714.0,374.0,705.0,494.0,000000000000000008eb,,C0804R08
528.0,1493.0,1363.0,457.0,592.0,667.0,664.0,592.0,516.0,1721.0,905.0,668.0,528.0,1404.0,518.0,1564.0,1333.0,867.0,606.0,649.0,1585.0,437.0,585.0,849.0,1289.0,579.0,518.0,535.0,1488.0,726.0,568.0,1759.0,903.0,452.0,455.0,573.0,985.0,583.0,602.0,1388.0,1522.0,525.0,1645.0,588.0,918.0,501.0,551.0,516.0,879.0,769.0,1814.0,491.0,388.0,634.0,1784.0,589.0,571.0,964.0,508.0,950.0,636.0,000000000000000008f3,,C0804R17
495.0,1412.0,1263.0,420.0,560.0,618.0,605.0,565.0,493.0,1624.0,801.0,609.0,487.0,1331.0,495.0,1483.0,1260.0,804.0,542.0,608.0,1467.0,423.0,542.0,781.0,1227.0,546.0,474.0,500.0,1392.0,653.0,541.0,1654.0,832.0,417.0,432.0,540.0,882.0,540.0,566.0,1302.0,1445.0,492.0,1534.0,524.0,825.0,477.0,526.0,499.0,776.0,696.0,1751.0,468.0,377.0,573.0,1685.0,549.0,539.0,892.0,471.0,858.0,566.0,00000000000000000920,,C0806C12
398.0,941.0,790.0,321.0,482.0,540.0,543.0,501.0,432.0,1018.0,523.0,473.0,373.0,890.0,411.0,965.0,798.0,575.0,415.0,474.0,878.0,368.0,435.0,531.0,843.0,458.0,395.0,406.0,863.0,545.0,453.0,986.0,575.0,341.0,328.0,471.0,639.0,479.0,459.0,790.0,981.0,402.0,919.0,404.0,623.0,402.0,461.0,433.0,521.0,456.0,1087.0,357.0,317.0,447.0,1058.0,399.0,460.0,644.0,387.0,598.0,455.0,0000000000000000098a,,C0811F01
511.0,1482.0,1341.0,433.0,589.0,664.0,642.0,602.0,522.0,1682.0,860.0,633.0,507.0,1420.0,520.0,1565.0,1335.0,843.0,568.0,640.0,1531.0,442.0,565.0,815.0,1312.0,572.0,483.0,529.0,1456.0,695.0,572.0,1708.0,874.0,425.0,450.0,578.0,956.0,578.0,600.0,1375.0,1518.0,519.0,1581.0,542.0,908.0,493.0,559.0,526.0,839.0,719.0,1841.0,490.0,383.0,611.0,1744.0,565.0,572.0,938.0,490.0,922.0,597.0,000000000000000009b6,,C0813R09
863.0,2095.0,2010.0,650.0,724.0,1544.0,1515.0,672.0,445.0,2394.0,2379.0,899.0,1120.0,1940.0,466.0,2065.0,1879.0,1288.0,1724.0,757.0,2431.0,523.0,972.0,1225.0,1765.0,706.0,1131.0,723.0,2138.0,1806.0,605.0,2197.0,1236.0,743.0,656.0,964.0,2236.0,1102.0,613.0,1939.0,2239.0,733.0,2179.0,1759.0,2196.0,662.0,499.0,498.0,2422.0,1384.0,2518.0,533.0,613.0,1363.0,2206.0,919.0,756.0,1449.0,836.0,2226.0,1338.0,00000000000000000a24,,C0904C05
772.0,2089.0,1800.0,547.0,638.0,1668.0,1584.0,619.0,429.0,2378.0,2347.0,792.0,1181.0,1763.0,472.0,1974.0,1492.0,1064.0,1592.0,713.0,2689.0,439.0,754.0,1103.0,1399.0,647.0,1034.0,547.0,2211.0,1641.0,499.0,2178.0,1104.0,545.0,611.0,995.0,2164.0,987.0,417.0,1725.0,2479.0,611.0,2268.0,1574.0,2270.0,813.0,547.0,470.0,2232.0,1189.0,2151.0,461.0,552.0,1084.0,1766.0,782.0,621.0,1160.0,599.0,2078.0,1152.0,00000000000000000b16,,C0912F98
349.0,1223.0,1080.0,347.0,357.0,689.0,680.0,288.0,255.0,1419.0,1158.0,447.0,526.0,1107.0,270.0,1212.0,838.0,514.0,676.0,345.0,1620.0,240.0,428.0,582.0,896.0,302.0,515.0,356.0,1310.0,879.0,322.0,1397.0,560.0,313.0,311.0,354.0,1147.0,468.0,260.0,1049.0,1264.0,337.0,1353.0,679.0,1107.0,357.0,335.0,286.0,1195.0,586.0,1557.0,248.0,259.0,582.0,1284.0,383.0,440.0,654.0,352.0,1140.0,673.0,00000000000000000b4c,,C0914F02
531.0,1832.0,1459.0,294.0,351.0,1106.0,1068.0,362.0,188.0,2165.0,1784.0,549.0,767.0,1322.0,239.0,1715.0,1182.0,709.0,1077.0,475.0,2321.0,209.0,439.0,785.0,968.0,387.0,809.0,342.0,2052.0,1130.0,259.0,1885.0,786.0,304.0,400.0,617.0,1652.0,641.0,174.0,1264.0,2148.0,403.0,1985.0,1026.0,1696.0,544.0,311.0,242.0,1647.0,816.0,1896.0,234.0,304.0,690.0,1592.0,525.0,427.0,783.0,375.0,1560.0,756.0,00000000000000000b92,,C1002C06
514.0,1901.0,1487.0,314.0,371.0,1086.0,1048.0,382.0,209.0,2199.0,1722.0,541.0,774.0,1383.0,238.0,1779.0,1166.0,679.0,1039.0,472.0,2403.0,221.0,456.0,787.0,926.0,388.0,823.0,360.0,2109.0,1086.0,277.0,2001.0,813.0,310.0,402.0,608.0,1616.0,647.0,186.0,1283.0,2168.0,379.0,2035.0,993.0,1645.0,573.0,356.0,267.0,1613.0,797.0,1970.0,243.0,300.0,706.0,1646.0,476.0,447.0,777.0,373.0,1568.0,774.0,00000000000000000b9a,,C1002C17
487.0,1784.0,1448.0,266.0,300.0,991.0,972.0,310.0,157.0,1993.0,1570.0,498.0,645.0,1302.0,188.0,1661.0,1153.0,653.0,962.0,432.0,2140.0,170.0,354.0,777.0,899.0,343.0,699.0,327.0,2032.0,1010.0,225.0,1808.0,771.0,243.0,355.0,514.0,1494.0,551.0,132.0,1155.0,1949.0,332.0,1849.0,953.0,1530.0,528.0,291.0,231.0,1477.0,761.0,1798.0,178.0,243.0,617.0,1559.0,458.0,403.0,730.0,332.0,1481.0,645.0,00000000000000000bd9,,C1004C01
471.0,1705.0,1423.0,259.0,284.0,937.0,922.0,285.0,148.0,1899.0,1511.0,487.0,599.0,1260.0,183.0,1592.0,1148.0,650.0,912.0,427.0,2027.0,161.0,329.0,773.0,901.0,333.0,684.0,309.0,1959.0,970.0,216.0,1712.0,753.0,226.0,336.0,485.0,1437.0,514.0,119.0,1098.0,1864.0,329.0,1753.0,912.0,1477.0,514.0,278.0,235.0,1402.0,753.0,1712.0,168.0,231.0,580.0,1508.0,459.0,383.0,722.0,312.0,1436.0,609.0,00000000000000000be0,,C1004F01
477.0,1703.0,1423.0,271.0,286.0,933.0,922.0,290.0,157.0,1897.0,1513.0,499.0,602.0,1263.0,186.0,1589.0,1155.0,652.0,912.0,432.0,2021.0,170.0,332.0,773.0,903.0,342.0,693.0,324.0,1955.0,970.0,217.0,1706.0,755.0,231.0,338.0,485.0,1436.0,514.0,122.0,1099.0,1858.0,335.0,1748.0,910.0,1474.0,514.0,287.0,246.0,1394.0,755.0,1706.0,172.0,240.0,581.0,1510.0,474.0,385.0,724.0,315.0,1432.0,610.0,00000000000000000be7,,C1004F10
507.0,1795.0,1481.0,274.0,311.0,1011.0,991.0,325.0,167.0,2023.0,1624.0,529.0,664.0,1313.0,211.0,1671.0,1196.0,689.0,982.0,462.0,2154.0,187.0,366.0,802.0,936.0,366.0,759.0,334.0,2049.0,1040.0,241.0,1806.0,799.0,264.0,369.0,538.0,1546.0,567.0,147.0,1180.0,1982.0,365.0,1865.0,965.0,1577.0,531.0,299.0,242.0,1504.0,798.0,1806.0,206.0,264.0,628.0,1576.0,495.0,416.0,761.0,340.0,1505.0,664.0,00000000000000000bf1,,C1004P04
476.0,1701.0,1423.0,271.0,287.0,932.0,920.0,291.0,157.0,1897.0,1515.0,498.0,603.0,1262.0,189.0,1588.0,1156.0,653.0,911.0,432.0,2018.0,170.0,333.0,773.0,904.0,342.0,695.0,324.0,1953.0,969.0,220.0,1706.0,754.0,234.0,342.0,487.0,1437.0,515.0,124.0,1099.0,1856.0,339.0,1748.0,909.0,1475.0,515.0,286.0,246.0,1395.0,755.0,1706.0,174.0,242.0,582.0,1511.0,474.0,389.0,724.0,319.0,1433.0,610.0,00000000000000000c62,,C1007F01
560.0,1770.0,1412.0,322.0,337.0,1097.0,1039.0,317.0,185.0,2024.0,1706.0,549.0,757.0,1260.0,279.0,1551.0,1202.0,768.0,1087.0,486.0,2137.0,208.0,409.0,811.0,1040.0,380.0,791.0,368.0,1983.0,1100.0,270.0,1742.0,787.0,291.0,420.0,612.0,1611.0,595.0,156.0,1207.0,2017.0,456.0,1830.0,1081.0,1641.0,528.0,285.0,276.0,1597.0,885.0,1782.0,247.0,289.0,672.0,1580.0,590.0,420.0,786.0,372.0,1444.0,672.0,00000000000000000c6a,,C1007P03
489.0,1756.0,1433.0,267.0,292.0,970.0,951.0,301.0,158.0,1956.0,1553.0,500.0,636.0,1278.0,190.0,1635.0,1153.0,661.0,942.0,434.0,2093.0,170.0,344.0,775.0,904.0,344.0,716.0,327.0,2002.0,997.0,227.0,1766.0,765.0,234.0,353.0,513.0,1483.0,543.0,130.0,1132.0,1919.0,340.0,1807.0,933.0,1514.0,519.0,292.0,241.0,1447.0,763.0,1757.0,181.0,234.0,609.0,1541.0,466.0,400.0,733.0,317.0,1466.0,637.0,00000000000000000c71,,C1007W06
501.0,1728.0,1456.0,270.0,297.0,969.0,951.0,306.0,165.0,1938.0,1554.0,518.0,640.0,1278.0,210.0,1614.0,1193.0,690.0,951.0,453.0,2047.0,187.0,348.0,797.0,959.0,357.0,712.0,328.0,1977.0,1013.0,239.0,1719.0,772.0,252.0,362.0,524.0,1480.0,553.0,146.0,1134.0,1896.0,361.0,1790.0,945.0,1524.0,516.0,279.0,249.0,1432.0,790.0,1732.0,194.0,256.0,611.0,1553.0,505.0,401.0,746.0,337.0,1456.0,636.0,00000000000000000c74,,C1008C02
507.0,1777.0,1487.0,282.0,313.0,1001.0,982.0,325.0,177.0,1995.0,1605.0,529.0,663.0,1310.0,218.0,1661.0,1211.0,699.0,981.0,464.0,2119.0,200.0,366.0,806.0,969.0,366.0,745.0,341.0,2029.0,1039.0,248.0,1770.0,791.0,266.0,373.0,543.0,1528.0,572.0,154.0,1172.0,1959.0,376.0,1842.0,968.0,1567.0,532.0,296.0,255.0,1482.0,800.0,1779.0,208.0,266.0,628.0,1579.0,506.0,419.0,760.0,343.0,1494.0,657.0,00000000000000000c79,,C1008F03
486.0,1841.0,1438.0,313.0,366.0,1065.0,1026.0,367.0,211.0,2114.0,1667.0,510.0,738.0,1349.0,229.0,1704.0,1104.0,632.0,1009.0,445.0,2346.0,216.0,439.0,760.0,857.0,368.0,726.0,350.0,2027.0,1053.0,257.0,1967.0,791.0,299.0,377.0,562.0,1567.0,601.0,179.0,1256.0,2085.0,351.0,1961.0,977.0,1598.0,547.0,364.0,265.0,1582.0,759.0,1913.0,224.0,285.0,665.0,1570.0,429.0,421.0,738.0,359.0,1530.0,735.0,00000000000000000c8e,,C1009C05
482.0,1745.0,1431.0,253.0,294.0,961.0,945.0,299.0,149.0,1945.0,1539.0,493.0,625.0,1274.0,186.0,1627.0,1149.0,654.0,935.0,432.0,2083.0,161.0,343.0,774.0,899.0,337.0,704.0,310.0,1997.0,988.0,216.0,1759.0,763.0,235.0,338.0,502.0,1469.0,533.0,126.0,1122.0,1909.0,323.0,1800.0,931.0,1505.0,527.0,281.0,230.0,1440.0,758.0,1752.0,170.0,235.0,599.0,1534.0,460.0,384.0,727.0,322.0,1457.0,627.0,00000000000000000c8f,,C1009C06
467.0,1752.0,1429.0,249.0,297.0,982.0,971.0,308.0,159.0,1946.0,1536.0,478.0,645.0,1283.0,180.0,1632.0,1124.0,638.0,945.0,422.0,2113.0,161.0,352.0,768.0,853.0,322.0,650.0,320.0,2007.0,984.0,202.0,1780.0,767.0,234.0,329.0,510.0,1474.0,558.0,118.0,1132.0,1904.0,297.0,1838.0,944.0,1519.0,530.0,295.0,224.0,1482.0,739.0,1779.0,159.0,226.0,626.0,1521.0,433.0,367.0,709.0,312.0,1452.0,645.0,00000000000000000ca8,,C1009X02
494.0,1612.0,1376.0,272.0,279.0,901.0,879.0,285.0,159.0,1809.0,1461.0,504.0,609.0,1203.0,212.0,1488.0,1146.0,672.0,891.0,441.0,1890.0,181.0,333.0,766.0,937.0,343.0,668.0,321.0,1839.0,947.0,238.0,1604.0,728.0,242.0,366.0,497.0,1381.0,512.0,139.0,1067.0,1769.0,377.0,1661.0,891.0,1435.0,489.0,268.0,249.0,1338.0,768.0,1623.0,193.0,248.0,572.0,1471.0,508.0,397.0,712.0,328.0,1360.0,585.0,00000000000000000cab,,C1010C02
507.0,1686.0,1425.0,271.0,291.0,951.0,932.0,301.0,158.0,1894.0,1532.0,518.0,628.0,1242.0,217.0,1567.0,1177.0,683.0,937.0,453.0,1991.0,181.0,343.0,782.0,953.0,356.0,706.0,327.0,1931.0,998.0,239.0,1671.0,752.0,253.0,364.0,514.0,1454.0,537.0,144.0,1111.0,1854.0,370.0,1743.0,931.0,1503.0,509.0,271.0,248.0,1405.0,783.0,1690.0,194.0,258.0,594.0,1530.0,518.0,397.0,733.0,340.0,1414.0,613.0,00000000000000000cb8,,C1010P08
493.0,1843.0,1463.0,289.0,360.0,1041.0,1011.0,360.0,203.0,2058.0,1623.0,515.0,718.0,1342.0,210.0,1709.0,1129.0,639.0,990.0,450.0,2286.0,192.0,424.0,776.0,862.0,364.0,697.0,334.0,2056.0,1022.0,245.0,1920.0,797.0,273.0,370.0,558.0,1553.0,600.0,160.0,1229.0,2024.0,332.0,1937.0,973.0,1577.0,562.0,340.0,251.0,1557.0,754.0,1896.0,202.0,261.0,671.0,1577.0,439.0,406.0,734.0,334.0,1518.0,718.0,00000000000000000cd9,,C1011R04
484.0,1796.0,1433.0,279.0,349.0,1027.0,999.0,351.0,197.0,2002.0,1591.0,505.0,694.0,1307.0,200.0,1666.0,1102.0,637.0,972.0,441.0,2224.0,188.0,410.0,773.0,838.0,355.0,673.0,331.0,2019.0,1008.0,232.0,1868.0,791.0,261.0,356.0,536.0,1524.0,583.0,150.0,1193.0,1959.0,313.0,1892.0,963.0,1554.0,551.0,338.0,246.0,1536.0,744.0,1853.0,190.0,249.0,656.0,1539.0,432.0,391.0,723.0,321.0,1497.0,694.0,00000000000000000cda,,C1011R05
708.0,2212.0,1651.0,553.0,578.0,1637.0,1511.0,548.0,365.0,2307.0,2332.0,670.0,1120.0,1585.0,434.0,1943.0,1455.0,1026.0,1637.0,640.0,2605.0,386.0,731.0,970.0,1521.0,572.0,1124.0,532.0,2231.0,1588.0,478.0,2107.0,885.0,492.0,651.0,1023.0,2070.0,926.0,348.0,1511.0,2462.0,722.0,2288.0,1656.0,2205.0,791.0,448.0,438.0,2127.0,1167.0,2098.0,508.0,512.0,1102.0,1801.0,843.0,600.0,1073.0,569.0,1769.0,1023.0,00000000000000000d1c,,C1102F03
640.0,1981.0,1452.0,486.0,451.0,1296.0,1225.0,413.0,270.0,2085.0,1969.0,586.0,909.0,1427.0,379.0,1653.0,1394.0,930.0,1383.0,588.0,2195.0,315.0,551.0,901.0,1362.0,522.0,882.0,474.0,2018.0,1266.0,379.0,1852.0,815.0,393.0,551.0,813.0,1763.0,710.0,253.0,1314.0,2150.0,626.0,2009.0,1382.0,1852.0,650.0,349.0,382.0,1785.0,1071.0,1927.0,401.0,384.0,874.0,1726.0,759.0,518.0,968.0,487.0,1446.0,780.0,00000000000000000d33,,C1103C07
657.0,1987.0,1494.0,482.0,462.0,1355.0,1241.0,430.0,276.0,2166.0,2036.0,625.0,960.0,1444.0,374.0,1701.0,1345.0,953.0,1385.0,591.0,2329.0,313.0,597.0,903.0,1371.0,508.0,953.0,470.0,2064.0,1296.0,392.0,1915.0,822.0,419.0,564.0,844.0,1823.0,733.0,250.0,1375.0,2238.0,642.0,2098.0,1396.0,1916.0,682.0,366.0,370.0,1864.0,1083.0,1971.0,403.0,424.0,905.0,1714.0,767.0,523.0,975.0,501.0,1515.0,842.0,00000000000000000d3c,,C1103P05
679.0,2129.0,1623.0,477.0,525.0,1554.0,1441.0,508.0,319.0,2346.0,2271.0,666.0,1060.0,1554.0,401.0,1931.0,1383.0,999.0,1527.0,611.0,2620.0,342.0,669.0,949.0,1433.0,540.0,1049.0,467.0,2211.0,1511.0,433.0,2079.0,890.0,465.0,573.0,933.0,2028.0,863.0,320.0,1525.0,2470.0,629.0,2305.0,1533.0,2177.0,727.0,412.0,381.0,2110.0,1118.0,2106.0,432.0,491.0,1009.0,1765.0,773.0,543.0,1040.0,536.0,1795.0,985.0,00000000000000000d8b,,C1107C05
657.0,2062.0,1599.0,438.0,494.0,1485.0,1391.0,483.0,302.0,2339.0,2229.0,658.0,1018.0,1525.0,373.0,1906.0,1333.0,966.0,1436.0,589.0,2608.0,320.0,629.0,921.0,1342.0,512.0,1002.0,446.0,2188.0,1456.0,406.0,2035.0,883.0,440.0,549.0,874.0,1998.0,827.0,296.0,1515.0,2452.0,588.0,2263.0,1429.0,2143.0,687.0,399.0,350.0,2087.0,1070.0,2080.0,394.0,468.0,941.0,1716.0,730.0,522.0,1004.0,507.0,1816.0,960.0,00000000000000000d97,,C1107F02
621.0,1879.0,1435.0,391.0,402.0,1216.0,1122.0,377.0,225.0,2133.0,1886.0,596.0,864.0,1341.0,324.0,1605.0,1267.0,865.0,1223.0,538.0,2236.0,247.0,509.0,848.0,1212.0,438.0,856.0,402.0,2020.0,1180.0,341.0,1849.0,796.0,359.0,492.0,712.0,1714.0,646.0,202.0,1321.0,2147.0,560.0,1999.0,1232.0,1801.0,602.0,313.0,309.0,1774.0,991.0,1925.0,324.0,356.0,780.0,1661.0,677.0,470.0,869.0,432.0,1504.0,757.0,00000000000000000d9d,,C1107P05
613.0,1809.0,1424.0,379.0,377.0,1115.0,1054.0,338.0,217.0,2049.0,1694.0,572.0,772.0,1343.0,337.0,1545.0,1286.0,868.0,1124.0,541.0,2114.0,249.0,442.0,876.0,1168.0,437.0,817.0,401.0,1977.0,1086.0,335.0,1769.0,835.0,337.0,474.0,654.0,1591.0,606.0,201.0,1276.0,2039.0,527.0,1892.0,1127.0,1661.0,544.0,293.0,314.0,1614.0,981.0,1849.0,306.0,316.0,713.0,1686.0,655.0,464.0,868.0,410.0,1421.0,664.0,00000000000000000da4,,C1107W05
575.0,1782.0,1255.0,392.0,316.0,959.0,1047.0,357.0,291.0,1779.0,1448.0,516.0,636.0,1257.0,299.0,1519.0,1239.0,795.0,1014.0,651.0,1817.0,254.0,356.0,805.0,1068.0,594.0,664.0,403.0,1879.0,953.0,328.0,1511.0,763.0,288.0,472.0,559.0,1379.0,629.0,244.0,1155.0,1766.0,513.0,1831.0,997.0,1558.0,456.0,323.0,307.0,1372.0,912.0,1609.0,381.0,278.0,617.0,1456.0,628.0,535.0,999.0,374.0,1238.0,540.0,00000000000000000db0,,C1108F02
616.0,2071.0,1460.0,510.0,459.0,1337.0,1275.0,429.0,284.0,1993.0,2009.0,536.0,891.0,1408.0,372.0,1677.0,1452.0,916.0,1461.0,566.0,2205.0,327.0,580.0,892.0,1387.0,509.0,872.0,484.0,1988.0,1333.0,354.0,1867.0,758.0,403.0,569.0,853.0,1791.0,782.0,284.0,1251.0,2099.0,648.0,1971.0,1439.0,1887.0,661.0,359.0,380.0,1771.0,1092.0,1843.0,439.0,421.0,943.0,1655.0,784.0,519.0,990.0,497.0,1409.0,770.0,00000000000000000e0e,,C1110C15
615.0,2092.0,1490.0,508.0,462.0,1311.0,1259.0,427.0,288.0,1976.0,1972.0,520.0,854.0,1412.0,365.0,1674.0,1506.0,913.0,1443.0,559.0,2185.0,320.0,581.0,900.0,1365.0,510.0,863.0,477.0,1969.0,1332.0,347.0,1873.0,764.0,394.0,580.0,846.0,1778.0,793.0,285.0,1251.0,2053.0,656.0,1930.0,1414.0,1869.0,652.0,341.0,372.0,1738.0,1106.0,1834.0,458.0,420.0,944.0,1627.0,776.0,521.0,998.0,490.0,1405.0,747.0,00000000000000000e19,,C1110C27
613.0,2086.0,1483.0,507.0,462.0,1311.0,1259.0,425.0,287.0,1968.0,1971.0,520.0,856.0,1408.0,365.0,1670.0,1500.0,912.0,1443.0,559.0,2176.0,319.0,581.0,898.0,1364.0,510.0,864.0,477.0,1962.0,1328.0,349.0,1862.0,762.0,393.0,580.0,843.0,1776.0,788.0,284.0,1249.0,2050.0,654.0,1923.0,1414.0,1868.0,652.0,340.0,372.0,1736.0,1103.0,1825.0,455.0,417.0,941.0,1619.0,776.0,521.0,995.0,489.0,1401.0,745.0,00000000000000000e28,,C1110C46
627.0,2060.0,1468.0,517.0,465.0,1362.0,1288.0,438.0,284.0,2043.0,2045.0,556.0,925.0,1425.0,369.0,1700.0,1433.0,937.0,1465.0,580.0,2241.0,328.0,595.0,905.0,1408.0,522.0,899.0,484.0,2012.0,1341.0,362.0,1884.0,778.0,403.0,566.0,872.0,1813.0,779.0,270.0,1278.0,2152.0,647.0,2014.0,1455.0,1910.0,676.0,362.0,391.0,1813.0,1102.0,1890.0,435.0,415.0,956.0,1688.0,788.0,520.0,1001.0,499.0,1428.0,803.0,00000000000000000e38,,C1110C64
648.0,2056.0,1566.0,443.0,493.0,1482.0,1380.0,474.0,297.0,2319.0,2206.0,648.0,1013.0,1502.0,372.0,1884.0,1318.0,956.0,1436.0,579.0,2566.0,312.0,628.0,909.0,1353.0,505.0,1017.0,438.0,2165.0,1440.0,404.0,2022.0,864.0,439.0,541.0,872.0,1971.0,812.0,291.0,1488.0,2422.0,593.0,2257.0,1440.0,2120.0,686.0,390.0,351.0,2067.0,1066.0,2066.0,394.0,459.0,943.0,1712.0,728.0,518.0,993.0,506.0,1770.0,943.0,00000000000000000e41,,C1110F03
618.0,2091.0,1485.0,504.0,456.0,1296.0,1251.0,420.0,287.0,1972.0,1953.0,525.0,847.0,1414.0,366.0,1672.0,1517.0,913.0,1432.0,559.0,2167.0,320.0,566.0,906.0,1363.0,514.0,851.0,479.0,1968.0,1314.0,350.0,1866.0,774.0,389.0,576.0,832.0,1766.0,777.0,283.0,1263.0,2038.0,650.0,1921.0,1402.0,1862.0,642.0,341.0,373.0,1721.0,1103.0,1833.0,454.0,413.0,931.0,1634.0,773.0,522.0,999.0,491.0,1402.0,735.0,00000000000000000e48,,C1110P04
694.0,2238.0,1661.0,572.0,559.0,1602.0,1492.0,536.0,354.0,2257.0,2317.0,637.0,1073.0,1590.0,426.0,1933.0,1496.0,1026.0,1646.0,637.0,2562.0,391.0,717.0,968.0,1553.0,570.0,1038.0,535.0,2215.0,1585.0,449.0,2104.0,858.0,482.0,652.0,1019.0,2059.0,934.0,349.0,1461.0,2418.0,743.0,2265.0,1651.0,2183.0,769.0,437.0,437.0,2082.0,1196.0,2067.0,521.0,517.0,1115.0,1807.0,862.0,601.0,1097.0,569.0,1707.0,984.0,00000000000000000e57,,C1111C04
655.0,2041.0,1592.0,431.0,482.0,1449.0,1355.0,473.0,291.0,2360.0,2192.0,665.0,1006.0,1526.0,361.0,1903.0,1311.0,936.0,1393.0,580.0,2607.0,311.0,618.0,907.0,1291.0,502.0,994.0,432.0,2178.0,1420.0,395.0,2068.0,880.0,430.0,521.0,843.0,1978.0,806.0,284.0,1516.0,2442.0,558.0,2271.0,1382.0,2114.0,676.0,401.0,341.0,2065.0,1039.0,2098.0,366.0,459.0,919.0,1718.0,704.0,512.0,982.0,498.0,1823.0,950.0,00000000000000000e76,,C1112P98
528.0,1969.0,1191.0,331.0,354.0,1024.0,936.0,261.0,264.0,1551.0,1541.0,440.0,657.0,1289.0,316.0,1665.0,1531.0,975.0,1182.0,422.0,1676.0,255.0,375.0,842.0,1215.0,472.0,599.0,334.0,1612.0,1176.0,310.0,1522.0,772.0,301.0,459.0,546.0,1552.0,556.0,245.0,1268.0,1755.0,490.0,1514.0,1017.0,1406.0,493.0,205.0,323.0,1435.0,864.0,1665.0,374.0,280.0,695.0,1662.0,659.0,457.0,962.0,315.0,1401.0,537.0,00000000000000000e8f,,C1201F15
599.0,1940.0,1366.0,465.0,403.0,1087.0,1079.0,356.0,279.0,1793.0,1683.0,510.0,712.0,1343.0,335.0,1590.0,1505.0,911.0,1237.0,512.0,1856.0,316.0,466.0,907.0,1269.0,501.0,739.0,445.0,1758.0,1201.0,342.0,1659.0,804.0,340.0,521.0,705.0,1570.0,658.0,263.0,1270.0,1803.0,572.0,1676.0,1167.0,1686.0,541.0,299.0,346.0,1512.0,1036.0,1696.0,426.0,349.0,805.0,1556.0,709.0,482.0,954.0,435.0,1371.0,611.0,00000000000000000eca,,C1202F06
606.0,2001.0,1408.0,476.0,418.0,1131.0,1127.0,370.0,286.0,1838.0,1746.0,513.0,732.0,1385.0,341.0,1657.0,1558.0,933.0,1293.0,516.0,1919.0,318.0,488.0,926.0,1316.0,505.0,778.0,455.0,1823.0,1259.0,348.0,1716.0,818.0,350.0,540.0,737.0,1626.0,688.0,269.0,1299.0,1856.0,597.0,1728.0,1216.0,1750.0,567.0,308.0,349.0,1566.0,1065.0,1743.0,453.0,360.0,844.0,1606.0,726.0,498.0,975.0,451.0,1408.0,631.0,00000000000000000ecb,,C1202F09
518.0,1930.0,1162.0,316.0,332.0,977.0,893.0,239.0,262.0,1497.0,1491.0,418.0,641.0,1240.0,304.0,1636.0,1486.0,953.0,1137.0,399.0,1628.0,244.0,355.0,826.0,1182.0,454.0,574.0,322.0,1570.0,1124.0,302.0,1451.0,747.0,282.0,440.0,520.0,1506.0,533.0,220.0,1234.0,1711.0,470.0,1459.0,957.0,1340.0,473.0,187.0,310.0,1378.0,824.0,1630.0,341.0,259.0,669.0,1646.0,648.0,446.0,942.0,293.0,1350.0,520.0,00000000000000000f0c,,C1205F20
524.0,1971.0,1190.0,332.0,349.0,1032.0,931.0,265.0,270.0,1549.0,1554.0,440.0,651.0,1296.0,313.0,1679.0,1540.0,983.0,1177.0,419.0,1670.0,252.0,376.0,831.0,1234.0,465.0,602.0,332.0,1628.0,1172.0,302.0,1515.0,774.0,301.0,463.0,543.0,1560.0,553.0,247.0,1267.0,1748.0,496.0,1514.0,1022.0,1409.0,497.0,206.0,315.0,1440.0,864.0,1665.0,385.0,285.0,702.0,1677.0,660.0,465.0,962.0,312.0,1405.0,529.0,00000000000000000f17,,C1205F32
512.0,1918.0,1159.0,321.0,336.0,978.0,892.0,251.0,262.0,1486.0,1506.0,415.0,633.0,1244.0,310.0,1639.0,1486.0,952.0,1128.0,397.0,1613.0,250.0,357.0,814.0,1185.0,449.0,571.0,324.0,1571.0,1119.0,296.0,1457.0,743.0,288.0,440.0,518.0,1522.0,531.0,232.0,1221.0,1697.0,472.0,1453.0,968.0,1353.0,474.0,190.0,311.0,1393.0,822.0,1617.0,359.0,265.0,674.0,1633.0,636.0,449.0,934.0,299.0,1365.0,518.0,00000000000000000f22,,C1205F47
507.0,1960.0,1171.0,335.0,338.0,1028.0,914.0,269.0,274.0,1538.0,1545.0,439.0,641.0,1295.0,306.0,1686.0,1540.0,974.0,1146.0,418.0,1660.0,251.0,374.0,788.0,1270.0,463.0,577.0,327.0,1664.0,1132.0,285.0,1501.0,767.0,307.0,458.0,538.0,1545.0,545.0,252.0,1259.0,1723.0,487.0,1500.0,1018.0,1392.0,485.0,214.0,308.0,1425.0,857.0,1639.0,400.0,289.0,700.0,1690.0,656.0,459.0,945.0,313.0,1393.0,511.0,00000000000000000f4b,,C1207F03
520.0,1930.0,1154.0,356.0,335.0,1042.0,978.0,287.0,266.0,1591.0,1573.0,447.0,663.0,1290.0,303.0,1640.0,1590.0,989.0,1219.0,431.0,1695.0,244.0,388.0,794.0,1292.0,437.0,627.0,345.0,1701.0,1217.0,281.0,1554.0,762.0,314.0,466.0,576.0,1554.0,553.0,262.0,1242.0,1732.0,509.0,1515.0,1082.0,1470.0,508.0,223.0,308.0,1500.0,903.0,1660.0,427.0,316.0,766.0,1668.0,671.0,464.0,908.0,347.0,1414.0,515.0,00000000000000000f87,,C1209F07
532.0,1961.0,1184.0,361.0,352.0,1069.0,986.0,301.0,275.0,1649.0,1577.0,467.0,672.0,1340.0,297.0,1672.0,1614.0,1013.0,1229.0,448.0,1719.0,255.0,404.0,803.0,1346.0,462.0,629.0,341.0,1747.0,1224.0,296.0,1608.0,791.0,317.0,477.0,593.0,1579.0,560.0,271.0,1280.0,1760.0,514.0,1573.0,1098.0,1465.0,516.0,241.0,306.0,1511.0,930.0,1706.0,439.0,321.0,777.0,1731.0,678.0,467.0,932.0,344.0,1437.0,526.0,00000000000000000fbf,,C1211F18
591.0,1727.0,1231.0,294.0,374.0,921.0,861.0,262.0,284.0,1457.0,1284.0,514.0,661.0,1225.0,356.0,1590.0,1435.0,973.0,1000.0,495.0,1547.0,290.0,364.0,884.0,1241.0,524.0,498.0,308.0,1502.0,1027.0,411.0,1466.0,804.0,306.0,467.0,523.0,1337.0,548.0,247.0,1287.0,1674.0,462.0,1457.0,892.0,1220.0,437.0,220.0,338.0,1253.0,843.0,1610.0,350.0,287.0,604.0,1610.0,672.0,471.0,969.0,312.0,1253.0,562.0,00000000000000000fcd,,C1211W07
609.0,2003.0,1411.0,481.0,422.0,1135.0,1126.0,373.0,284.0,1867.0,1753.0,514.0,739.0,1380.0,338.0,1647.0,1547.0,927.0,1297.0,520.0,1937.0,318.0,492.0,926.0,1312.0,510.0,785.0,460.0,1831.0,1254.0,352.0,1719.0,818.0,348.0,550.0,738.0,1626.0,689.0,268.0,1296.0,1864.0,603.0,1737.0,1222.0,1760.0,571.0,313.0,349.0,1567.0,1070.0,1742.0,451.0,358.0,844.0,1603.0,729.0,503.0,975.0,448.0,1403.0,634.0,00000000000000000fd7,,C1212F04
670.0,2277.0,1443.0,461.0,462.0,1179.0,1053.0,391.0,409.0,1814.0,1699.0,604.0,792.0,1548.0,412.0,1980.0,1808.0,1206.0,1294.0,576.0,1928.0,383.0,499.0,1012.0,1539.0,628.0,699.0,461.0,1942.0,1259.0,415.0,1763.0,990.0,419.0,601.0,681.0,1706.0,693.0,368.0,1540.0,2006.0,633.0,1754.0,1157.0,1530.0,619.0,339.0,429.0,1569.0,1080.0,1920.0,537.0,399.0,840.0,2001.0,823.0,604.0,1179.0,419.0,1540.0,652.0,00000000000000000feb,,C1212W09
608.0,2142.0,1446.0,485.0,421.0,1203.0,1203.0,430.0,315.0,1986.0,1839.0,488.0,770.0,1558.0,334.0,1810.0,1704.0,993.0,1416.0,511.0,2068.0,319.0,542.0,929.0,1466.0,488.0,808.0,452.0,2017.0,1471.0,310.0,1881.0,874.0,380.0,560.0,798.0,1803.0,738.0,335.0,1354.0,1929.0,605.0,1857.0,1334.0,1810.0,583.0,338.0,353.0,1703.0,1098.0,1853.0,523.0,426.0,949.0,1827.0,733.0,523.0,993.0,467.0,1501.0,702.0,00000000000000000ffa,,C1302P04
571.0,1880.0,1294.0,439.0,381.0,1034.0,1029.0,336.0,269.0,1696.0,1625.0,480.0,687.0,1304.0,323.0,1559.0,1501.0,920.0,1207.0,482.0,1750.0,290.0,446.0,877.0,1250.0,472.0,717.0,418.0,1671.0,1195.0,317.0,1594.0,779.0,328.0,491.0,671.0,1518.0,620.0,251.0,1248.0,1717.0,550.0,1589.0,1111.0,1618.0,525.0,272.0,333.0,1477.0,1001.0,1648.0,430.0,333.0,791.0,1529.0,680.0,462.0,925.0,414.0,1360.0,577.0,00000000000000000ffc,,C1303F01
569.0,1923.0,1285.0,429.0,384.0,1052.0,1055.0,350.0,269.0,1696.0,1648.0,467.0,701.0,1321.0,309.0,1615.0,1552.0,925.0,1238.0,477.0,1803.0,281.0,457.0,866.0,1289.0,462.0,708.0,403.0,1742.0,1251.0,302.0,1630.0,786.0,329.0,503.0,684.0,1564.0,626.0,265.0,1251.0,1746.0,556.0,1607.0,1138.0,1639.0,533.0,275.0,321.0,1528.0,993.0,1684.0,444.0,349.0,823.0,1589.0,684.0,477.0,907.0,413.0,1377.0,580.0,0000000000000000101b,,C1305F07
564.0,1886.0,1279.0,433.0,381.0,1039.0,1032.0,341.0,260.0,1663.0,1635.0,465.0,696.0,1297.0,318.0,1576.0,1512.0,918.0,1216.0,475.0,1760.0,285.0,450.0,861.0,1259.0,465.0,717.0,405.0,1699.0,1217.0,306.0,1597.0,772.0,326.0,491.0,673.0,1532.0,620.0,253.0,1235.0,1725.0,550.0,1587.0,1121.0,1625.0,530.0,266.0,321.0,1495.0,990.0,1653.0,432.0,343.0,805.0,1549.0,681.0,469.0,908.0,418.0,1367.0,573.0,0000000000000000101e,,C1305F11
587.0,2162.0,1352.0,423.0,409.0,1201.0,1163.0,393.0,300.0,1887.0,1761.0,494.0,766.0,1503.0,324.0,1832.0,1775.0,1053.0,1409.0,503.0,1969.0,289.0,493.0,927.0,1492.0,494.0,744.0,395.0,1967.0,1438.0,303.0,1824.0,893.0,362.0,535.0,748.0,1773.0,674.0,324.0,1396.0,1908.0,576.0,1795.0,1266.0,1705.0,571.0,300.0,330.0,1693.0,1055.0,1883.0,498.0,390.0,930.0,1879.0,716.0,512.0,990.0,424.0,1527.0,637.0,0000000000000000103e,,C1307C11
643.0,2118.0,1579.0,523.0,469.0,1274.0,1263.0,440.0,306.0,2024.0,1982.0,526.0,800.0,1521.0,365.0,1775.0,1597.0,961.0,1436.0,565.0,2216.0,335.0,596.0,942.0,1425.0,516.0,869.0,484.0,2040.0,1425.0,344.0,1936.0,815.0,394.0,589.0,838.0,1794.0,819.0,317.0,1319.0,2041.0,687.0,1964.0,1407.0,1920.0,636.0,355.0,375.0,1754.0,1157.0,1867.0,511.0,443.0,970.0,1701.0,789.0,550.0,1050.0,500.0,1478.0,754.0,0000000000000000104b,,C1307F09
563.0,1933.0,1276.0,431.0,386.0,1059.0,1059.0,354.0,270.0,1709.0,1648.0,461.0,702.0,1324.0,306.0,1615.0,1560.0,917.0,1250.0,472.0,1816.0,282.0,462.0,861.0,1292.0,454.0,722.0,405.0,1754.0,1266.0,296.0,1631.0,786.0,336.0,511.0,699.0,1581.0,628.0,274.0,1241.0,1736.0,559.0,1603.0,1149.0,1636.0,536.0,280.0,319.0,1528.0,994.0,1680.0,450.0,356.0,837.0,1595.0,680.0,478.0,901.0,418.0,1360.0,581.0,0000000000000000105c,,C1307F31
605.0,2041.0,1402.0,475.0,422.0,1141.0,1142.0,388.0,290.0,1859.0,1765.0,497.0,743.0,1432.0,337.0,1712.0,1626.0,957.0,1333.0,513.0,1949.0,311.0,510.0,929.0,1371.0,497.0,799.0,450.0,1869.0,1335.0,333.0,1748.0,831.0,361.0,553.0,748.0,1667.0,693.0,290.0,1319.0,1860.0,608.0,1747.0,1238.0,1771.0,577.0,311.0,349.0,1603.0,1080.0,1780.0,490.0,378.0,883.0,1668.0,727.0,518.0,978.0,456.0,1421.0,635.0,00000000000000001060,,C1307F35
538.0,1840.0,1244.0,433.0,367.0,1016.0,1022.0,347.0,264.0,1671.0,1613.0,430.0,667.0,1282.0,297.0,1534.0,1463.0,843.0,1196.0,455.0,1782.0,271.0,455.0,806.0,1220.0,430.0,715.0,403.0,1703.0,1208.0,285.0,1571.0,732.0,326.0,498.0,671.0,1527.0,620.0,269.0,1163.0,1669.0,548.0,1558.0,1119.0,1601.0,513.0,281.0,309.0,1468.0,952.0,1588.0,441.0,352.0,801.0,1492.0,651.0,462.0,863.0,415.0,1275.0,568.0,00000000000000001068,,C1307F46
611.0,2056.0,1435.0,486.0,426.0,1155.0,1157.0,396.0,294.0,1890.0,1793.0,498.0,746.0,1451.0,339.0,1721.0,1623.0,953.0,1341.0,518.0,1989.0,319.0,523.0,929.0,1375.0,498.0,809.0,458.0,1899.0,1344.0,335.0,1778.0,830.0,367.0,562.0,762.0,1685.0,710.0,292.0,1321.0,1885.0,622.0,1777.0,1262.0,1797.0,585.0,317.0,349.0,1614.0,1093.0,1789.0,495.0,389.0,893.0,1673.0,733.0,523.0,987.0,462.0,1422.0,652.0,0000000000000000106d,,C1307F56
735.0,2459.0,1561.0,540.0,514.0,1360.0,1300.0,494.0,415.0,2137.0,1944.0,643.0,913.0,1762.0,426.0,2099.0,2051.0,1284.0,1574.0,645.0,2226.0,394.0,609.0,1103.0,1754.0,640.0,860.0,510.0,2232.0,1581.0,411.0,2070.0,1091.0,476.0,675.0,882.0,1988.0,803.0,430.0,1642.0,2185.0,707.0,2023.0,1417.0,1861.0,695.0,402.0,443.0,1874.0,1253.0,2134.0,632.0,501.0,1077.0,2170.0,893.0,642.0,1197.0,526.0,1732.0,768.0,00000000000000001089,,C1308C04
568.0,2057.0,1283.0,411.0,385.0,1123.0,1087.0,353.0,277.0,1790.0,1678.0,480.0,727.0,1410.0,315.0,1723.0,1692.0,1021.0,1325.0,480.0,1857.0,273.0,450.0,895.0,1399.0,466.0,710.0,387.0,1838.0,1363.0,297.0,1737.0,836.0,340.0,516.0,689.0,1662.0,625.0,292.0,1327.0,1826.0,560.0,1693.0,1188.0,1618.0,548.0,273.0,323.0,1605.0,1010.0,1806.0,472.0,359.0,868.0,1762.0,698.0,491.0,946.0,399.0,1465.0,586.0,000000000000000010ac,,C1309W02
760.0,2482.0,1613.0,564.0,541.0,1393.0,1334.0,524.0,427.0,2196.0,1983.0,658.0,943.0,1814.0,436.0,2114.0,2086.0,1303.0,1617.0,658.0,2266.0,408.0,641.0,1132.0,1794.0,657.0,902.0,524.0,2265.0,1627.0,426.0,2116.0,1122.0,486.0,703.0,923.0,2022.0,835.0,438.0,1673.0,2205.0,734.0,2079.0,1463.0,1897.0,721.0,418.0,449.0,1904.0,1293.0,2163.0,654.0,518.0,1115.0,2204.0,914.0,662.0,1222.0,545.0,1754.0,804.0,000000000000000010b2,,C1310C05
566.0,1915.0,1328.0,473.0,380.0,1071.0,1081.0,372.0,277.0,1766.0,1707.0,444.0,694.0,1366.0,302.0,1592.0,1512.0,865.0,1262.0,473.0,1899.0,293.0,491.0,842.0,1274.0,444.0,762.0,437.0,1800.0,1276.0,285.0,1659.0,757.0,338.0,530.0,715.0,1606.0,670.0,278.0,1197.0,1747.0,588.0,1660.0,1193.0,1692.0,538.0,304.0,323.0,1532.0,1013.0,1642.0,472.0,378.0,848.0,1551.0,687.0,491.0,908.0,442.0,1310.0,614.0,000000000000000010b4,,C1310F01
557.0,2061.0,1266.0,400.0,382.0,1135.0,1085.0,351.0,281.0,1772.0,1670.0,472.0,729.0,1422.0,306.0,1730.0,1705.0,1025.0,1336.0,472.0,1859.0,271.0,445.0,881.0,1415.0,462.0,705.0,377.0,1855.0,1364.0,289.0,1732.0,843.0,341.0,512.0,686.0,1669.0,623.0,294.0,1328.0,1817.0,550.0,1692.0,1195.0,1606.0,541.0,271.0,320.0,1607.0,1005.0,1799.0,474.0,360.0,874.0,1787.0,696.0,493.0,952.0,388.0,1469.0,585.0,000000000000000010b9,,C1310F11
603.0,2199.0,1384.0,447.0,419.0,1227.0,1191.0,410.0,312.0,1933.0,1789.0,504.0,787.0,1551.0,327.0,1851.0,1805.0,1068.0,1434.0,513.0,2012.0,301.0,508.0,948.0,1527.0,504.0,756.0,414.0,2002.0,1470.0,308.0,1861.0,919.0,372.0,552.0,777.0,1809.0,694.0,327.0,1418.0,1932.0,579.0,1830.0,1298.0,1734.0,572.0,317.0,347.0,1710.0,1083.0,1901.0,514.0,407.0,952.0,1915.0,733.0,516.0,1010.0,434.0,1545.0,665.0,000000000000000010c3,,C1310W10
580.0,2089.0,1306.0,413.0,394.0,1146.0,1090.0,350.0,276.0,1816.0,1692.0,484.0,732.0,1431.0,324.0,1740.0,1720.0,1057.0,1345.0,485.0,1865.0,273.0,449.0,909.0,1422.0,478.0,716.0,383.0,1842.0,1380.0,308.0,1765.0,849.0,348.0,518.0,682.0,1670.0,623.0,291.0,1372.0,1866.0,565.0,1713.0,1209.0,1616.0,559.0,262.0,326.0,1618.0,1023.0,1845.0,471.0,363.0,867.0,1793.0,715.0,497.0,970.0,404.0,1506.0,587.0,000000000000000010d2,,C1311F13
566.0,1900.0,1285.0,434.0,384.0,1047.0,1040.0,345.0,261.0,1675.0,1645.0,467.0,700.0,1304.0,317.0,1591.0,1524.0,921.0,1225.0,477.0,1776.0,287.0,454.0,862.0,1269.0,467.0,718.0,403.0,1719.0,1228.0,305.0,1611.0,776.0,328.0,492.0,680.0,1543.0,625.0,257.0,1240.0,1739.0,551.0,1599.0,1131.0,1636.0,532.0,269.0,320.0,1506.0,994.0,1666.0,433.0,349.0,815.0,1565.0,685.0,472.0,909.0,420.0,1370.0,577.0,0000000000000000111d,,C1314F29
586.0,1995.0,1414.0,517.0,399.0,1131.0,1147.0,406.0,291.0,1868.0,1808.0,447.0,713.0,1460.0,318.0,1654.0,1553.0,884.0,1343.0,483.0,2019.0,313.0,543.0,862.0,1329.0,443.0,819.0,474.0,1911.0,1373.0,289.0,1770.0,779.0,365.0,555.0,768.0,1699.0,725.0,303.0,1223.0,1836.0,627.0,1771.0,1287.0,1776.0,572.0,334.0,345.0,1612.0,1065.0,1705.0,510.0,427.0,903.0,1631.0,721.0,525.0,944.0,480.0,1363.0,679.0,00000000000000001121,,C1314F33
572.0,2023.0,1333.0,449.0,394.0,1120.0,1111.0,381.0,285.0,1820.0,1719.0,467.0,724.0,1413.0,313.0,1696.0,1628.0,947.0,1323.0,483.0,1908.0,292.0,489.0,885.0,1367.0,467.0,757.0,412.0,1862.0,1352.0,300.0,1735.0,828.0,354.0,537.0,739.0,1680.0,665.0,300.0,1281.0,1809.0,579.0,1703.0,1224.0,1692.0,553.0,305.0,331.0,1591.0,1034.0,1748.0,485.0,382.0,884.0,1696.0,699.0,501.0,929.0,431.0,1406.0,623.0,00000000000000001139,,C1315C01
555.0,2019.0,1245.0,392.0,370.0,1101.0,1042.0,322.0,263.0,1733.0,1633.0,466.0,709.0,1373.0,309.0,1678.0,1665.0,1023.0,1298.0,462.0,1781.0,261.0,421.0,864.0,1370.0,455.0,674.0,366.0,1774.0,1330.0,299.0,1691.0,812.0,327.0,498.0,644.0,1614.0,593.0,273.0,1325.0,1804.0,546.0,1636.0,1160.0,1546.0,535.0,243.0,314.0,1564.0,978.0,1781.0,454.0,343.0,830.0,1736.0,686.0,482.0,930.0,382.0,1470.0,558.0,0000000000000000113b,,C1315C04
607.0,2151.0,1439.0,480.0,425.0,1199.0,1194.0,418.0,305.0,1961.0,1831.0,494.0,773.0,1530.0,331.0,1807.0,1723.0,1004.0,1412.0,514.0,2043.0,313.0,537.0,939.0,1460.0,492.0,816.0,441.0,1998.0,1455.0,316.0,1869.0,882.0,376.0,573.0,793.0,1790.0,722.0,326.0,1358.0,1927.0,619.0,1839.0,1318.0,1801.0,593.0,331.0,350.0,1684.0,1109.0,1857.0,524.0,413.0,946.0,1817.0,742.0,534.0,993.0,462.0,1490.0,680.0,00000000000000001145,,C1315F07
864.0,2471.0,1941.0,711.0,692.0,1641.0,1618.0,702.0,505.0,2454.0,2330.0,731.0,1076.0,1962.0,542.0,2122.0,1975.0,1254.0,1816.0,769.0,2583.0,533.0,860.0,1213.0,1845.0,713.0,1120.0,664.0,2412.0,1845.0,497.0,2352.0,1118.0,589.0,751.0,1132.0,2186.0,1097.0,533.0,1686.0,2394.0,824.0,2375.0,1785.0,2227.0,872.0,552.0,558.0,2126.0,1441.0,2251.0,699.0,663.0,1266.0,2157.0,1016.0,715.0,1325.0,700.0,1855.0,1069.0,0000000000000000115e,,C1401F24
1080.0,2732.0,2222.0,851.0,886.0,1842.0,1833.0,900.0,647.0,2700.0,2557.0,945.0,1269.0,2260.0,697.0,2378.0,2289.0,1500.0,2030.0,984.0,2813.0,665.0,1048.0,1462.0,2135.0,926.0,1307.0,805.0,2665.0,2058.0,663.0,2596.0,1366.0,743.0,921.0,1326.0,2432.0,1298.0,688.0,1981.0,2621.0,990.0,2605.0,1988.0,2470.0,1061.0,693.0,693.0,2355.0,1681.0,2492.0,875.0,813.0,1467.0,2425.0,1225.0,884.0,1567.0,855.0,2105.0,1261.0,00000000000000001199,,C1402F03
945.0,2595.0,2053.0,763.0,768.0,1703.0,1693.0,784.0,558.0,2565.0,2397.0,813.0,1133.0,2091.0,603.0,2244.0,2120.0,1351.0,1890.0,851.0,2675.0,577.0,928.0,1313.0,1964.0,795.0,1191.0,716.0,2529.0,1918.0,561.0,2462.0,1219.0,650.0,814.0,1193.0,2278.0,1166.0,594.0,1815.0,2486.0,882.0,2471.0,1848.0,2316.0,942.0,605.0,605.0,2202.0,1529.0,2359.0,769.0,719.0,1332.0,2293.0,1086.0,778.0,1416.0,761.0,1954.0,1129.0,000000000000000011b4,,C1403W04
910.0,2637.0,1843.0,683.0,663.0,1550.0,1511.0,654.0,525.0,2424.0,2193.0,789.0,1077.0,2017.0,541.0,2257.0,2233.0,1429.0,1776.0,805.0,2472.0,515.0,783.0,1288.0,1959.0,789.0,1057.0,643.0,2455.0,1814.0,530.0,2332.0,1269.0,581.0,801.0,1075.0,2204.0,1004.0,542.0,1839.0,2376.0,844.0,2293.0,1657.0,2111.0,843.0,531.0,555.0,2083.0,1465.0,2327.0,768.0,629.0,1270.0,2359.0,1063.0,768.0,1377.0,658.0,1914.0,979.0,000000000000000011d2,,C1405C03
1197.0,2810.0,2349.0,946.0,988.0,1935.0,1926.0,1009.0,733.0,2794.0,2651.0,1056.0,1370.0,2387.0,786.0,2458.0,2416.0,1633.0,2123.0,1105.0,2894.0,751.0,1153.0,1593.0,2261.0,1040.0,1442.0,894.0,2743.0,2156.0,765.0,2688.0,1494.0,841.0,1039.0,1431.0,2525.0,1401.0,786.0,2107.0,2704.0,1114.0,2697.0,2092.0,2561.0,1173.0,783.0,777.0,2445.0,1821.0,2583.0,996.0,913.0,1571.0,2517.0,1348.0,1000.0,1701.0,956.0,2198.0,1359.0,000000000000000011e6,,C1405W55
934.0,2662.0,1906.0,713.0,696.0,1620.0,1587.0,702.0,544.0,2482.0,2276.0,810.0,1115.0,2060.0,554.0,2288.0,2225.0,1410.0,1843.0,830.0,2550.0,542.0,829.0,1306.0,1976.0,810.0,1095.0,667.0,2508.0,1889.0,537.0,2392.0,1272.0,605.0,803.0,1140.0,2269.0,1068.0,561.0,1844.0,2429.0,850.0,2355.0,1741.0,2202.0,880.0,561.0,573.0,2149.0,1485.0,2360.0,768.0,652.0,1311.0,2374.0,1080.0,768.0,1391.0,687.0,1957.0,1041.0,000000000000000011f1,,C1405W76
944.0,2676.0,1852.0,703.0,678.0,1561.0,1521.0,671.0,544.0,2434.0,2202.0,820.0,1096.0,2037.0,558.0,2294.0,2276.0,1482.0,1794.0,829.0,2495.0,534.0,802.0,1325.0,1990.0,817.0,1079.0,660.0,2482.0,1825.0,552.0,2342.0,1307.0,602.0,842.0,1088.0,2222.0,1011.0,561.0,1867.0,2410.0,882.0,2307.0,1665.0,2112.0,867.0,546.0,573.0,2096.0,1501.0,2350.0,806.0,651.0,1287.0,2391.0,1110.0,806.0,1415.0,682.0,1932.0,981.0,000000000000000011fa,,C1405W90
968.0,2690.0,1997.0,748.0,743.0,1670.0,1658.0,760.0,572.0,2547.0,2346.0,842.0,1143.0,2120.0,594.0,2319.0,2241.0,1414.0,1897.0,865.0,2640.0,581.0,888.0,1333.0,2006.0,835.0,1149.0,710.0,2567.0,1952.0,566.0,2451.0,1289.0,643.0,832.0,1189.0,2312.0,1124.0,603.0,1874.0,2488.0,878.0,2414.0,1811.0,2278.0,926.0,600.0,608.0,2203.0,1521.0,2390.0,797.0,706.0,1345.0,2377.0,1112.0,798.0,1411.0,740.0,1986.0,1105.0,0000000000000000120a,,C1406F05
1159.0,2793.0,2308.0,913.0,951.0,1909.0,1899.0,961.0,700.0,2766.0,2619.0,1019.0,1337.0,2347.0,755.0,2435.0,2377.0,1585.0,2100.0,1059.0,2869.0,720.0,1119.0,1546.0,2220.0,999.0,1386.0,864.0,2725.0,2129.0,729.0,2661.0,1448.0,803.0,1000.0,1395.0,2493.0,1366.0,745.0,2063.0,2676.0,1068.0,2671.0,2055.0,2532.0,1128.0,749.0,749.0,2416.0,1771.0,2556.0,952.0,870.0,1538.0,2488.0,1309.0,961.0,1653.0,919.0,2163.0,1328.0,00000000000000001226,,C1406W08
937.0,2545.0,2058.0,786.0,795.0,1792.0,1735.0,787.0,573.0,2514.0,2487.0,831.0,1208.0,2020.0,639.0,2220.0,1972.0,1314.0,1906.0,859.0,2758.0,602.0,961.0,1267.0,1915.0,793.0,1265.0,737.0,2506.0,1917.0,596.0,2410.0,1150.0,687.0,838.0,1240.0,2278.0,1203.0,601.0,1772.0,2577.0,917.0,2476.0,1906.0,2363.0,980.0,631.0,641.0,2249.0,1502.0,2307.0,764.0,753.0,1361.0,2139.0,1100.0,792.0,1389.0,791.0,1953.0,1194.0,0000000000000000122f,,C1407F01
906.0,2510.0,1991.0,742.0,735.0,1676.0,1654.0,744.0,536.0,2496.0,2365.0,773.0,1115.0,2013.0,575.0,2162.0,2027.0,1301.0,1850.0,811.0,2621.0,564.0,902.0,1259.0,1897.0,754.0,1155.0,695.0,2451.0,1878.0,531.0,2396.0,1164.0,621.0,785.0,1170.0,2225.0,1136.0,566.0,1738.0,2433.0,858.0,2415.0,1819.0,2266.0,914.0,582.0,589.0,2165.0,1486.0,2297.0,733.0,695.0,1302.0,2202.0,1058.0,745.0,1369.0,732.0,1895.0,1105.0,00000000000000001232,,C1407F04
1129.0,2693.0,2269.0,927.0,956.0,1859.0,1835.0,973.0,721.0,2687.0,2564.0,993.0,1311.0,2280.0,774.0,2354.0,2297.0,1551.0,2013.0,1049.0,2810.0,743.0,1119.0,1505.0,2174.0,983.0,1463.0,872.0,2629.0,2048.0,738.0,2586.0,1401.0,832.0,998.0,1371.0,2417.0,1334.0,773.0,2020.0,2630.0,1071.0,2609.0,1997.0,2451.0,1137.0,769.0,766.0,2356.0,1729.0,2491.0,953.0,903.0,1494.0,2395.0,1281.0,952.0,1617.0,944.0,2091.0,1301.0,00000000000000001257,,C1408C05
1302.0,2668.0,2574.0,1267.0,957.0,1826.0,1970.0,1178.0,839.0,3004.0,2743.0,1212.0,1472.0,2541.0,801.0,2631.0,2386.0,1881.0,1895.0,1439.0,2788.0,832.0,1322.0,1625.0,2473.0,1114.0,1625.0,1053.0,2778.0,2146.0,699.0,2780.0,1710.0,1129.0,1204.0,1552.0,2630.0,1584.0,1116.0,2510.0,2895.0,1187.0,2785.0,2223.0,2540.0,1006.0,988.0,811.0,2625.0,1960.0,2874.0,1274.0,1090.0,1629.0,2728.0,1396.0,1191.0,1782.0,1261.0,2420.0,1603.0,00000000000000001262,,C1408F09
1366.0,2776.0,2663.0,1282.0,1027.0,1933.0,2075.0,1237.0,869.0,3083.0,2824.0,1274.0,1553.0,2648.0,835.0,2684.0,2472.0,1959.0,2006.0,1515.0,2886.0,860.0,1373.0,1707.0,2544.0,1177.0,1719.0,1069.0,2851.0,2279.0,715.0,2867.0,1754.0,1139.0,1259.0,1653.0,2730.0,1672.0,1129.0,2555.0,2954.0,1254.0,2866.0,2329.0,2656.0,1077.0,1007.0,843.0,2694.0,2066.0,2920.0,1332.0,1103.0,1709.0,2803.0,1492.0,1249.0,1861.0,1280.0,2494.0,1675.0,00000000000000001269,,C1408F16
976.0,2673.0,2046.0,755.0,756.0,1695.0,1685.0,775.0,570.0,2567.0,2397.0,843.0,1140.0,2142.0,603.0,2315.0,2209.0,1384.0,1901.0,871.0,2693.0,579.0,906.0,1328.0,2007.0,833.0,1178.0,709.0,2577.0,1957.0,561.0,2462.0,1263.0,650.0,829.0,1206.0,2320.0,1150.0,603.0,1864.0,2519.0,882.0,2444.0,1845.0,2311.0,925.0,607.0,607.0,2223.0,1532.0,2377.0,793.0,715.0,1346.0,2339.0,1118.0,784.0,1421.0,762.0,1992.0,1131.0,00000000000000001281,,C1408F70
1283.0,2667.0,2564.0,1260.0,950.0,1818.0,1965.0,1172.0,830.0,2999.0,2738.0,1198.0,1465.0,2527.0,790.0,2634.0,2381.0,1874.0,1891.0,1423.0,2783.0,821.0,1319.0,1615.0,2465.0,1098.0,1619.0,1042.0,2777.0,2135.0,692.0,2781.0,1701.0,1118.0,1197.0,1544.0,2620.0,1574.0,1105.0,2504.0,2893.0,1178.0,2784.0,2216.0,2531.0,1000.0,979.0,800.0,2617.0,1947.0,2875.0,1266.0,1083.0,1619.0,2721.0,1377.0,1184.0,1770.0,1246.0,2410.0,1594.0,00000000000000001293,,C1408F98
1092.0,2743.0,2220.0,861.0,886.0,1839.0,1830.0,899.0,656.0,2686.0,2552.0,957.0,1265.0,2266.0,704.0,2391.0,2302.0,1504.0,2033.0,992.0,2812.0,674.0,1046.0,1467.0,2142.0,938.0,1311.0,814.0,2677.0,2061.0,665.0,2597.0,1380.0,751.0,929.0,1329.0,2435.0,1294.0,695.0,1988.0,2621.0,994.0,2599.0,1987.0,2473.0,1056.0,702.0,702.0,2358.0,1684.0,2493.0,884.0,817.0,1468.0,2427.0,1236.0,893.0,1563.0,863.0,2101.0,1264.0,000000000000000012a3,,C1408W02
1689.0,2782.0,2722.0,1623.0,1205.0,2078.0,2211.0,1483.0,1208.0,3008.0,2872.0,1547.0,1778.0,2749.0,1091.0,2822.0,2712.0,2259.0,2188.0,1903.0,2907.0,1190.0,1574.0,2034.0,2707.0,1534.0,1842.0,1316.0,2842.0,2330.0,975.0,2925.0,2114.0,1456.0,1642.0,1924.0,2732.0,1869.0,1528.0,2800.0,2956.0,1556.0,2900.0,2436.0,2664.0,1241.0,1391.0,1080.0,2729.0,2287.0,3000.0,1755.0,1483.0,1940.0,2842.0,1799.0,1573.0,2155.0,1623.0,2576.0,1852.0,000000000000000012e9,,C1504R02
1909.0,2819.0,2835.0,1861.0,1457.0,2231.0,2365.0,1774.0,1500.0,3035.0,2976.0,1745.0,1964.0,2835.0,1318.0,2861.0,2869.0,2432.0,2379.0,2185.0,2945.0,1452.0,1788.0,2291.0,2837.0,1802.0,1980.0,1538.0,2850.0,2412.0,1210.0,2988.0,2336.0,1725.0,1886.0,2128.0,2794.0,2055.0,1855.0,2936.0,2998.0,1786.0,2975.0,2562.0,2699.0,1452.0,1683.0,1305.0,2786.0,2490.0,3007.0,2033.0,1736.0,2165.0,2912.0,2027.0,1771.0,2375.0,1864.0,2725.0,1972.0,00000000000000001304,,C1505W01
1055.0,2638.0,2242.0,906.0,904.0,1843.0,1836.0,950.0,679.0,2683.0,2588.0,939.0,1315.0,2224.0,716.0,2373.0,2174.0,1457.0,1965.0,1021.0,2797.0,686.0,1081.0,1393.0,2124.0,934.0,1511.0,818.0,2631.0,2012.0,623.0,2554.0,1317.0,820.0,953.0,1350.0,2391.0,1329.0,771.0,2024.0,2695.0,1007.0,2588.0,2031.0,2457.0,1012.0,746.0,698.0,2372.0,1626.0,2522.0,908.0,880.0,1481.0,2367.0,1189.0,905.0,1526.0,925.0,2125.0,1320.0,00000000000000001341,,C1507F16
1182.0,2680.0,2491.0,1092.0,915.0,1833.0,1985.0,1079.0,690.0,2919.0,2698.0,1050.0,1440.0,2378.0,672.0,2610.0,2228.0,1621.0,1897.0,1189.0,2807.0,727.0,1270.0,1401.0,2342.0,957.0,1604.0,985.0,2798.0,2138.0,595.0,2750.0,1521.0,1009.0,1057.0,1486.0,2602.0,1523.0,969.0,2386.0,2875.0,1048.0,2703.0,2198.0,2530.0,963.0,842.0,677.0,2635.0,1768.0,2875.0,1070.0,958.0,1622.0,2680.0,1237.0,1042.0,1609.0,1136.0,2406.0,1559.0,00000000000000001343,,C1507F18
1002.0,2620.0,2150.0,832.0,866.0,1852.0,1798.0,865.0,624.0,2600.0,2542.0,897.0,1261.0,2112.0,693.0,2287.0,2070.0,1383.0,1974.0,917.0,2819.0,653.0,1030.0,1336.0,2008.0,859.0,1416.0,785.0,2572.0,1992.0,655.0,2497.0,1224.0,741.0,898.0,1298.0,2343.0,1261.0,661.0,1865.0,2639.0,973.0,2562.0,1974.0,2419.0,1049.0,681.0,690.0,2314.0,1571.0,2394.0,823.0,807.0,1417.0,2234.0,1164.0,851.0,1458.0,845.0,2015.0,1252.0,00000000000000001361,,C1507P09
1032.0,2603.0,2222.0,879.0,901.0,1903.0,1897.0,899.0,647.0,2658.0,2623.0,936.0,1386.0,2205.0,715.0,2355.0,2053.0,1418.0,2027.0,962.0,2871.0,683.0,1072.0,1338.0,2046.0,898.0,1513.0,793.0,2608.0,2059.0,671.0,2540.0,1267.0,796.0,920.0,1350.0,2422.0,1338.0,708.0,1958.0,2729.0,978.0,2608.0,2063.0,2538.0,1063.0,724.0,694.0,2411.0,1610.0,2470.0,820.0,861.0,1504.0,2278.0,1182.0,882.0,1517.0,904.0,2134.0,1366.0,0000000000000000137b,,C1508F04
1811.0,2818.0,2816.0,1753.0,1374.0,2196.0,2328.0,1684.0,1374.0,3030.0,2959.0,1643.0,1907.0,2816.0,1220.0,2869.0,2854.0,2362.0,2346.0,2057.0,2950.0,1346.0,1721.0,2207.0,2816.0,1680.0,1937.0,1433.0,2860.0,2392.0,1102.0,2991.0,2260.0,1623.0,1782.0,2077.0,2787.0,1992.0,1737.0,2922.0,2994.0,1680.0,2981.0,2529.0,2695.0,1388.0,1564.0,1198.0,2777.0,2410.0,3038.0,1913.0,1646.0,2101.0,2914.0,1924.0,1674.0,2294.0,1774.0,2697.0,1935.0,00000000000000001393,,C1508W08
886.0,2526.0,1997.0,738.0,760.0,1831.0,1735.0,740.0,539.0,2487.0,2541.0,810.0,1239.0,1924.0,602.0,2226.0,1826.0,1246.0,1887.0,818.0,2848.0,558.0,916.0,1189.0,1838.0,750.0,1287.0,707.0,2506.0,1877.0,580.0,2370.0,1074.0,662.0,788.0,1226.0,2299.0,1177.0,554.0,1749.0,2669.0,872.0,2496.0,1898.0,2422.0,947.0,600.0,600.0,2309.0,1427.0,2295.0,685.0,719.0,1339.0,2043.0,1052.0,741.0,1332.0,751.0,1969.0,1198.0,000000000000000013b8,,C1509P03
1355.0,2691.0,2541.0,1180.0,1042.0,1944.0,2090.0,1139.0,714.0,3116.0,2942.0,1181.0,1714.0,2535.0,804.0,2597.0,2308.0,1722.0,2165.0,1207.0,3009.0,862.0,1484.0,1563.0,2500.0,1027.0,1803.0,1202.0,2930.0,2416.0,783.0,2712.0,1711.0,1086.0,1136.0,1626.0,2710.0,1675.0,1016.0,2576.0,3077.0,1155.0,2689.0,2481.0,2656.0,1091.0,902.0,793.0,2894.0,1890.0,2867.0,1056.0,1076.0,1935.0,2823.0,1408.0,1102.0,1717.0,1361.0,2707.0,1882.0,000000000000000013d0,,C1510F06
1472.0,2793.0,2702.0,1465.0,1177.0,2016.0,2195.0,1424.0,1071.0,3041.0,2834.0,1350.0,1703.0,2688.0,965.0,2782.0,2563.0,2096.0,2085.0,1716.0,2877.0,1065.0,1497.0,1853.0,2614.0,1327.0,1779.0,1159.0,2823.0,2286.0,880.0,2901.0,1951.0,1307.0,1432.0,1849.0,2759.0,1829.0,1369.0,2692.0,2980.0,1383.0,2861.0,2391.0,2658.0,1222.0,1237.0,955.0,2725.0,2177.0,2925.0,1539.0,1310.0,1837.0,2823.0,1594.0,1401.0,1973.0,1478.0,2589.0,1773.0,000000000000000013ea,,C1511F04
1450.0,2742.0,2653.0,1435.0,1145.0,1975.0,2149.0,1387.0,1054.0,2985.0,2786.0,1330.0,1657.0,2643.0,952.0,2740.0,2526.0,2059.0,2041.0,1689.0,2830.0,1048.0,1456.0,1823.0,2568.0,1313.0,1732.0,1135.0,2776.0,2238.0,860.0,2843.0,1922.0,1282.0,1401.0,1803.0,2707.0,1787.0,1343.0,2645.0,2926.0,1355.0,2808.0,2340.0,2611.0,1192.0,1213.0,938.0,2669.0,2133.0,2874.0,1505.0,1290.0,1796.0,2767.0,1567.0,1374.0,1942.0,1447.0,2535.0,1729.0,000000000000000013ec,,C1511F09
1718.0,2791.0,2708.0,1697.0,1264.0,2063.0,2219.0,1538.0,1297.0,2955.0,2818.0,1561.0,1792.0,2726.0,1130.0,2800.0,2717.0,2271.0,2209.0,1977.0,2866.0,1261.0,1602.0,2083.0,2708.0,1580.0,1848.0,1353.0,2800.0,2282.0,1022.0,2945.0,2140.0,1523.0,1718.0,1967.0,2687.0,1884.0,1634.0,2839.0,2950.0,1598.0,2878.0,2410.0,2603.0,1283.0,1484.0,1112.0,2706.0,2299.0,2944.0,1848.0,1560.0,1931.0,2822.0,1847.0,1607.0,2167.0,1709.0,2585.0,1829.0,000000000000000013fe,,C1512C06
-999.0,-999.0,-999.0,-999.0,-999.0,-999.0,-999.0,-999.0,-999.0,-999.0,-999.0,-999.0,-999.0,-999.0,-999.0,-999.0,-999.0,-999.0,-999.0,-999.0,-999.0,-999.0,-999.0,-999.0,-999.0,-999.0,-999.0,-999.0,-999.0,-999.0,-999.0,-999.0,-999.0,-999.0,-999.0,-999.0,-999.0,-999.0,-999.0,-999.0,-999.0,-999.0,-999.0,-999.0,-999.0,-999.0,-999.0,-999.0,-999.0,-999.0,-999.0,-999.0,-999.0,-999.0,-999.0,-999.0,-999.0,-999.0,-999.0,-999.0,-999.0,00000000000000001409,,C1512W01
1224.0,2676.0,2492.0,979.0,1036.0,1963.0,1983.0,1045.0,665.0,2889.0,2801.0,1207.0,1555.0,2422.0,697.0,2611.0,2252.0,1663.0,2171.0,1114.0,2953.0,778.0,1359.0,1551.0,2279.0,1037.0,1659.0,1118.0,2704.0,2268.0,851.0,2662.0,1654.0,1049.0,968.0,1447.0,2678.0,1546.0,890.0,2370.0,2794.0,1038.0,2656.0,2324.0,2644.0,1010.0,774.0,752.0,2854.0,1792.0,2920.0,853.0,885.0,1819.0,2725.0,1314.0,1029.0,1768.0,1185.0,2681.0,1780.0,00000000000000001431,,C1602P93
765.0,2353.0,1782.0,614.0,641.0,1726.0,1614.0,619.0,419.0,2384.0,2437.0,729.0,1177.0,1704.0,491.0,2084.0,1580.0,1109.0,1738.0,704.0,2717.0,443.0,789.0,1046.0,1651.0,637.0,1139.0,583.0,2359.0,1691.0,508.0,2212.0,950.0,558.0,693.0,1098.0,2187.0,1019.0,418.0,1608.0,2582.0,764.0,2382.0,1751.0,2312.0,843.0,500.0,490.0,2226.0,1256.0,2177.0,556.0,590.0,1189.0,1892.0,909.0,636.0,1165.0,635.0,1876.0,1088.0,00000000000000001436,,C1602X02
918.0,2529.0,1983.0,721.0,793.0,1937.0,1831.0,774.0,546.0,2615.0,2637.0,880.0,1342.0,1918.0,624.0,2293.0,1770.0,1268.0,1930.0,846.0,2961.0,566.0,949.0,1221.0,1816.0,778.0,1401.0,702.0,2553.0,1937.0,624.0,2415.0,1127.0,694.0,805.0,1267.0,2378.0,1211.0,560.0,1815.0,2795.0,871.0,2609.0,1937.0,2522.0,987.0,629.0,605.0,2446.0,1418.0,2401.0,674.0,733.0,1368.0,2085.0,1052.0,758.0,1333.0,771.0,2119.0,1288.0,00000000000000001457,,C1605C02
1145.0,2605.0,2374.0,912.0,973.0,1876.0,1911.0,964.0,610.0,2837.0,2786.0,1124.0,1495.0,2327.0,628.0,2566.0,2190.0,1566.0,2122.0,1023.0,2933.0,714.0,1287.0,1469.0,2176.0,963.0,1559.0,1046.0,2631.0,2209.0,785.0,2576.0,1580.0,999.0,882.0,1370.0,2628.0,1485.0,813.0,2268.0,2742.0,970.0,2573.0,2265.0,2590.0,936.0,703.0,693.0,2790.0,1711.0,2834.0,768.0,829.0,1777.0,2657.0,1223.0,961.0,1685.0,1116.0,2611.0,1725.0,00000000000000001464,,C1605P05
1374.0,2689.0,2552.0,1209.0,1067.0,1956.0,2102.0,1164.0,740.0,3114.0,2946.0,1201.0,1732.0,2544.0,832.0,2596.0,2325.0,1743.0,2184.0,1225.0,3011.0,890.0,1512.0,1586.0,2518.0,1046.0,1829.0,1234.0,2927.0,2431.0,810.0,2711.0,1738.0,1114.0,1165.0,1644.0,2712.0,1693.0,1043.0,2593.0,3073.0,1184.0,2687.0,2494.0,2660.0,1116.0,929.0,820.0,2899.0,1910.0,2863.0,1084.0,1104.0,1956.0,2825.0,1427.0,1131.0,1739.0,1392.0,2717.0,1902.0,0000000000000000146a,,C1606W03
1464.0,2695.0,2636.0,1334.0,1156.0,2023.0,2162.0,1254.0,844.0,3120.0,2975.0,1286.0,1807.0,2629.0,935.0,2611.0,2384.0,1829.0,2220.0,1333.0,2991.0,992.0,1592.0,1664.0,2582.0,1139.0,1924.0,1353.0,2911.0,2481.0,921.0,2746.0,1817.0,1237.0,1283.0,1738.0,2760.0,1784.0,1160.0,2645.0,3054.0,1303.0,2733.0,2540.0,2699.0,1201.0,1044.0,928.0,2924.0,2019.0,2896.0,1207.0,1217.0,2034.0,2842.0,1513.0,1261.0,1836.0,1513.0,2742.0,1983.0,0000000000000000146c,,C1606W05
1117.0,2537.0,2313.0,877.0,948.0,1839.0,1876.0,937.0,592.0,2769.0,2743.0,1099.0,1461.0,2268.0,607.0,2506.0,2143.0,1529.0,2093.0,994.0,2867.0,688.0,1257.0,1439.0,2118.0,938.0,1520.0,1014.0,2563.0,2172.0,751.0,2507.0,1548.0,974.0,840.0,1338.0,2588.0,1452.0,786.0,2213.0,2670.0,931.0,2507.0,2223.0,2544.0,909.0,677.0,669.0,2740.0,1668.0,2761.0,732.0,804.0,1743.0,2595.0,1192.0,922.0,1648.0,1085.0,2569.0,1688.0,00000000000000001490,,C1608F05
719.0,2066.0,1722.0,499.0,574.0,1595.0,1511.0,556.0,372.0,2360.0,2284.0,728.0,1095.0,1676.0,428.0,1945.0,1427.0,1022.0,1530.0,653.0,2629.0,391.0,697.0,1021.0,1408.0,585.0,1064.0,499.0,2167.0,1576.0,464.0,2123.0,993.0,502.0,587.0,937.0,2070.0,909.0,363.0,1648.0,2454.0,615.0,2278.0,1521.0,2209.0,753.0,480.0,421.0,2145.0,1135.0,2114.0,445.0,520.0,1011.0,1739.0,767.0,587.0,1097.0,557.0,1930.0,1048.0,0000000000000000149e,,C1608X02
875.0,2474.0,1925.0,684.0,750.0,1881.0,1773.0,730.0,508.0,2566.0,2586.0,842.0,1298.0,1855.0,584.0,2240.0,1707.0,1227.0,1868.0,808.0,2908.0,531.0,906.0,1179.0,1756.0,737.0,1364.0,662.0,2503.0,1872.0,593.0,2363.0,1085.0,654.0,765.0,1218.0,2330.0,1156.0,517.0,1766.0,2747.0,830.0,2557.0,1875.0,2471.0,948.0,592.0,570.0,2395.0,1375.0,2349.0,634.0,689.0,1313.0,2030.0,1010.0,721.0,1290.0,730.0,2072.0,1239.0,000000000000000014ac,,C1609C17
996.0,2458.0,2127.0,831.0,788.0,1830.0,1870.0,843.0,499.0,2716.0,2647.0,902.0,1395.0,2085.0,574.0,2361.0,1818.0,1357.0,1853.0,908.0,2851.0,585.0,1062.0,1225.0,1922.0,774.0,1496.0,804.0,2614.0,2047.0,578.0,2416.0,1290.0,782.0,826.0,1302.0,2485.0,1313.0,680.0,2021.0,2836.0,852.0,2518.0,2091.0,2511.0,894.0,649.0,563.0,2576.0,1547.0,2546.0,726.0,769.0,1455.0,2307.0,1062.0,801.0,1409.0,923.0,2319.0,1435.0,000000000000000014f1,,C1611F03
685.0,2117.0,1622.0,498.0,528.0,1565.0,1458.0,511.0,339.0,2295.0,2288.0,667.0,1054.0,1557.0,405.0,1917.0,1390.0,1003.0,1538.0,619.0,2605.0,361.0,670.0,949.0,1436.0,544.0,1060.0,488.0,2189.0,1528.0,438.0,2040.0,890.0,471.0,584.0,939.0,2049.0,866.0,329.0,1513.0,2452.0,640.0,2255.0,1543.0,2192.0,727.0,431.0,400.0,2127.0,1122.0,2067.0,444.0,497.0,1013.0,1725.0,785.0,550.0,1048.0,544.0,1818.0,986.0,000000000000000014f5,,C1611F10
708.0,2180.0,1665.0,532.0,561.0,1613.0,1500.0,542.0,359.0,2333.0,2337.0,681.0,1093.0,1592.0,425.0,1961.0,1435.0,1030.0,1594.0,642.0,2649.0,388.0,704.0,974.0,1489.0,567.0,1099.0,515.0,2238.0,1585.0,462.0,2088.0,909.0,490.0,611.0,982.0,2081.0,907.0,351.0,1543.0,2496.0,667.0,2302.0,1602.0,2224.0,761.0,448.0,427.0,2158.0,1159.0,2114.0,472.0,518.0,1064.0,1776.0,818.0,574.0,1076.0,557.0,1839.0,1019.0,00000000000000001502,,C1611F28
701.0,2138.0,1649.0,511.0,546.0,1591.0,1489.0,527.0,357.0,2309.0,2314.0,684.0,1072.0,1584.0,416.0,1938.0,1419.0,1024.0,1562.0,635.0,2623.0,376.0,686.0,968.0,1464.0,559.0,1108.0,501.0,2205.0,1561.0,451.0,2057.0,906.0,481.0,598.0,959.0,2075.0,888.0,342.0,1540.0,2471.0,653.0,2271.0,1572.0,2218.0,742.0,444.0,415.0,2152.0,1144.0,2085.0,460.0,508.0,1034.0,1740.0,804.0,562.0,1070.0,549.0,1841.0,1007.0,0000000000000000150c,,C1611F42
694.0,2162.0,1645.0,513.0,548.0,1591.0,1479.0,529.0,344.0,2325.0,2316.0,672.0,1079.0,1573.0,415.0,1944.0,1417.0,1017.0,1572.0,629.0,2632.0,373.0,691.0,962.0,1470.0,555.0,1079.0,500.0,2221.0,1558.0,452.0,2075.0,897.0,480.0,602.0,967.0,2061.0,893.0,340.0,1527.0,2479.0,658.0,2291.0,1580.0,2203.0,749.0,433.0,412.0,2137.0,1145.0,2103.0,461.0,509.0,1046.0,1764.0,805.0,564.0,1063.0,547.0,1822.0,1005.0,00000000000000001510,,C1611F49
844.0,2410.0,1875.0,657.0,716.0,1838.0,1727.0,697.0,484.0,2520.0,2543.0,823.0,1269.0,1797.0,567.0,2182.0,1651.0,1198.0,1821.0,786.0,2838.0,511.0,867.0,1151.0,1704.0,712.0,1320.0,637.0,2446.0,1815.0,577.0,2315.0,1058.0,633.0,735.0,1180.0,2295.0,1110.0,494.0,1728.0,2691.0,799.0,2503.0,1822.0,2429.0,913.0,570.0,550.0,2354.0,1339.0,2305.0,607.0,663.0,1265.0,1981.0,976.0,697.0,1255.0,708.0,2040.0,1200.0,00000000000000001512,,C1611F55
732.0,2228.0,1709.0,553.0,586.0,1657.0,1544.0,567.0,380.0,2375.0,2381.0,707.0,1126.0,1635.0,444.0,2007.0,1479.0,1061.0,1638.0,668.0,2694.0,409.0,730.0,1006.0,1534.0,592.0,1131.0,535.0,2284.0,1628.0,484.0,2133.0,939.0,508.0,634.0,1015.0,2124.0,942.0,370.0,1580.0,2542.0,690.0,2346.0,1647.0,2266.0,786.0,469.0,448.0,2198.0,1192.0,2157.0,495.0,536.0,1099.0,1819.0,846.0,597.0,1108.0,575.0,1876.0,1051.0,00000000000000001513,,C1611F57
701.0,2178.0,1655.0,527.0,557.0,1607.0,1492.0,537.0,352.0,2324.0,2329.0,674.0,1090.0,1582.0,423.0,1954.0,1428.0,1023.0,1590.0,636.0,2639.0,380.0,701.0,967.0,1485.0,562.0,1093.0,508.0,2233.0,1575.0,458.0,2083.0,900.0,488.0,610.0,979.0,2071.0,902.0,346.0,1534.0,2488.0,667.0,2296.0,1600.0,2214.0,758.0,439.0,420.0,2145.0,1154.0,2108.0,469.0,515.0,1061.0,1773.0,815.0,571.0,1069.0,554.0,1826.0,1013.0,00000000000000001517,,C1611F63
1148.0,2564.0,2352.0,903.0,998.0,1898.0,1914.0,973.0,624.0,2809.0,2766.0,1136.0,1503.0,2291.0,630.0,2538.0,2189.0,1569.0,2139.0,1013.0,2881.0,720.0,1292.0,1488.0,2155.0,964.0,1565.0,1038.0,2592.0,2227.0,782.0,2540.0,1585.0,1003.0,862.0,1365.0,2635.0,1490.0,811.0,2264.0,2689.0,961.0,2533.0,2266.0,2574.0,948.0,695.0,697.0,2752.0,1688.0,2803.0,743.0,826.0,1780.0,2627.0,1228.0,942.0,1687.0,1110.0,2613.0,1738.0,00000000000000001522,,C1611P13
667.0,2080.0,1635.0,458.0,523.0,1525.0,1423.0,504.0,323.0,2341.0,2265.0,676.0,1040.0,1578.0,393.0,1934.0,1359.0,986.0,1470.0,607.0,2632.0,342.0,658.0,957.0,1372.0,534.0,1054.0,458.0,2177.0,1488.0,431.0,2072.0,917.0,459.0,554.0,890.0,2033.0,843.0,317.0,1559.0,2468.0,593.0,2265.0,1463.0,2179.0,706.0,426.0,371.0,2127.0,1099.0,2093.0,412.0,487.0,965.0,1721.0,742.0,544.0,1033.0,525.0,1866.0,981.0,00000000000000001562,,C1612X05
699.0,2163.0,1663.0,625.0,528.0,1414.0,1385.0,529.0,392.0,2123.0,2104.0,570.0,893.0,1664.0,423.0,1813.0,1655.0,1043.0,1581.0,610.0,2298.0,422.0,695.0,1004.0,1545.0,551.0,960.0,565.0,2114.0,1611.0,372.0,2035.0,890.0,466.0,626.0,953.0,1927.0,923.0,406.0,1379.0,2113.0,701.0,2064.0,1561.0,1986.0,705.0,443.0,452.0,1867.0,1241.0,1919.0,570.0,545.0,1092.0,1823.0,856.0,588.0,1122.0,585.0,1589.0,893.0,00000000000000001580,,C1802F04
642.0,2037.0,1548.0,590.0,480.0,1315.0,1287.0,482.0,360.0,1987.0,1985.0,517.0,828.0,1552.0,389.0,1695.0,1545.0,965.0,1478.0,555.0,2165.0,390.0,643.0,927.0,1435.0,498.0,903.0,531.0,1988.0,1507.0,334.0,1901.0,814.0,431.0,582.0,888.0,1816.0,859.0,372.0,1274.0,1984.0,655.0,1927.0,1457.0,1873.0,654.0,410.0,419.0,1756.0,1157.0,1789.0,528.0,509.0,1025.0,1696.0,796.0,545.0,1041.0,549.0,1486.0,830.0,00000000000000001585,,C1802F13
554.0,1838.0,1354.0,518.0,409.0,1139.0,1125.0,425.0,315.0,1780.0,1749.0,435.0,712.0,1379.0,335.0,1525.0,1394.0,844.0,1299.0,469.0,1923.0,335.0,554.0,810.0,1260.0,424.0,790.0,470.0,1786.0,1325.0,278.0,1691.0,726.0,378.0,507.0,773.0,1626.0,747.0,324.0,1131.0,1755.0,571.0,1700.0,1274.0,1669.0,568.0,361.0,362.0,1563.0,1014.0,1595.0,466.0,450.0,901.0,1521.0,686.0,475.0,905.0,486.0,1330.0,721.0,0000000000000000158a,,C1803F02
618.0,2032.0,1501.0,546.0,443.0,1232.0,1229.0,460.0,337.0,1989.0,1893.0,489.0,771.0,1555.0,354.0,1700.0,1585.0,947.0,1421.0,517.0,2099.0,356.0,595.0,910.0,1418.0,472.0,847.0,498.0,1966.0,1464.0,307.0,1872.0,836.0,400.0,565.0,835.0,1788.0,800.0,345.0,1285.0,1911.0,621.0,1874.0,1385.0,1824.0,604.0,384.0,384.0,1699.0,1121.0,1777.0,527.0,464.0,965.0,1726.0,754.0,525.0,1005.0,510.0,1470.0,773.0,000000000000000015a2,,C1804P09
694.0,2251.0,1685.0,589.0,540.0,1473.0,1423.0,530.0,365.0,2183.0,2202.0,581.0,927.0,1642.0,422.0,1890.0,1631.0,1032.0,1599.0,614.0,2429.0,395.0,696.0,993.0,1561.0,552.0,960.0,546.0,2195.0,1598.0,392.0,2098.0,857.0,465.0,657.0,959.0,1976.0,923.0,383.0,1394.0,2264.0,749.0,2148.0,1606.0,2056.0,727.0,425.0,437.0,1957.0,1237.0,2005.0,568.0,529.0,1086.0,1824.0,863.0,607.0,1125.0,570.0,1621.0,904.0,000000000000000015af,,C1805F03
649.0,2196.0,1598.0,549.0,511.0,1452.0,1382.0,489.0,320.0,2088.0,2167.0,560.0,951.0,1514.0,391.0,1811.0,1524.0,983.0,1558.0,590.0,2370.0,353.0,661.0,946.0,1497.0,531.0,932.0,507.0,2101.0,1496.0,378.0,2009.0,789.0,434.0,625.0,942.0,1908.0,880.0,320.0,1315.0,2242.0,712.0,2086.0,1557.0,1998.0,711.0,383.0,413.0,1900.0,1178.0,1942.0,513.0,480.0,1057.0,1714.0,834.0,565.0,1069.0,533.0,1533.0,872.0,000000000000000015b2,,C1805F08
681.0,2238.0,1655.0,571.0,530.0,1487.0,1427.0,514.0,347.0,2151.0,2216.0,576.0,954.0,1591.0,416.0,1874.0,1583.0,1016.0,1593.0,614.0,2426.0,377.0,686.0,977.0,1539.0,546.0,950.0,530.0,2171.0,1570.0,393.0,2063.0,832.0,459.0,639.0,959.0,1970.0,914.0,360.0,1370.0,2281.0,738.0,2139.0,1602.0,2059.0,725.0,408.0,428.0,1961.0,1208.0,1996.0,539.0,509.0,1082.0,1787.0,854.0,590.0,1105.0,558.0,1598.0,900.0,000000000000000015b3,,C1805F09
667.0,2215.0,1628.0,555.0,515.0,1458.0,1398.0,496.0,331.0,2120.0,2188.0,564.0,936.0,1557.0,404.0,1839.0,1559.0,1000.0,1572.0,601.0,2390.0,361.0,670.0,961.0,1514.0,535.0,934.0,514.0,2140.0,1537.0,382.0,2043.0,812.0,444.0,629.0,942.0,1936.0,899.0,343.0,1339.0,2254.0,726.0,2111.0,1572.0,2026.0,711.0,392.0,414.0,1926.0,1196.0,1964.0,528.0,494.0,1067.0,1752.0,845.0,578.0,1088.0,544.0,1565.0,882.0,000000000000000015b4,,C1805F12
665.0,2186.0,1604.0,554.0,514.0,1467.0,1393.0,493.0,328.0,2104.0,2185.0,568.0,949.0,1536.0,402.0,1831.0,1530.0,990.0,1566.0,598.0,2393.0,360.0,669.0,952.0,1507.0,531.0,932.0,513.0,2124.0,1525.0,382.0,2008.0,807.0,443.0,620.0,949.0,1930.0,892.0,334.0,1336.0,2251.0,716.0,2102.0,1573.0,2019.0,709.0,390.0,412.0,1929.0,1175.0,1958.0,511.0,490.0,1064.0,1751.0,832.0,569.0,1068.0,540.0,1563.0,882.0,000000000000000015b7,,C1805F18
675.0,2223.0,1637.0,559.0,520.0,1463.0,1406.0,503.0,338.0,2133.0,2192.0,567.0,932.0,1573.0,409.0,1850.0,1570.0,1005.0,1578.0,606.0,2402.0,368.0,675.0,966.0,1517.0,538.0,939.0,519.0,2154.0,1552.0,385.0,2052.0,821.0,452.0,632.0,943.0,1946.0,904.0,353.0,1348.0,2257.0,730.0,2120.0,1580.0,2036.0,714.0,398.0,418.0,1936.0,1200.0,1976.0,534.0,502.0,1069.0,1767.0,848.0,583.0,1096.0,551.0,1578.0,885.0,000000000000000015b8,,C1805F20
673.0,2217.0,1633.0,554.0,516.0,1447.0,1392.0,496.0,331.0,2124.0,2177.0,563.0,923.0,1562.0,400.0,1835.0,1565.0,999.0,1567.0,601.0,2391.0,361.0,667.0,960.0,1510.0,535.0,932.0,514.0,2143.0,1534.0,376.0,2047.0,812.0,445.0,626.0,935.0,1930.0,894.0,344.0,1339.0,2246.0,723.0,2111.0,1567.0,2021.0,708.0,392.0,413.0,1919.0,1199.0,1967.0,527.0,494.0,1064.0,1754.0,846.0,576.0,1092.0,544.0,1564.0,875.0,000000000000000015bb,,C1805F23
671.0,2205.0,1625.0,550.0,513.0,1433.0,1380.0,494.0,328.0,2114.0,2159.0,559.0,909.0,1555.0,396.0,1821.0,1560.0,992.0,1554.0,597.0,2377.0,358.0,661.0,954.0,1498.0,532.0,925.0,510.0,2130.0,1521.0,371.0,2038.0,807.0,442.0,623.0,924.0,1916.0,885.0,342.0,1331.0,2227.0,720.0,2098.0,1554.0,2006.0,703.0,388.0,409.0,1903.0,1195.0,1957.0,524.0,491.0,1054.0,1743.0,840.0,573.0,1088.0,541.0,1553.0,863.0,000000000000000015bc,,C1805F25
650.0,2191.0,1602.0,544.0,508.0,1441.0,1375.0,488.0,319.0,2083.0,2162.0,558.0,938.0,1518.0,392.0,1807.0,1528.0,983.0,1549.0,589.0,2359.0,350.0,657.0,944.0,1493.0,529.0,925.0,503.0,2098.0,1497.0,374.0,2013.0,789.0,432.0,620.0,933.0,1904.0,879.0,325.0,1313.0,2228.0,711.0,2081.0,1549.0,1994.0,705.0,380.0,408.0,1893.0,1180.0,1933.0,514.0,482.0,1052.0,1711.0,834.0,563.0,1072.0,532.0,1534.0,866.0,000000000000000015bf,,C1805F28
633.0,2069.0,1543.0,570.0,459.0,1277.0,1268.0,478.0,350.0,2027.0,1941.0,502.0,800.0,1586.0,366.0,1728.0,1606.0,972.0,1471.0,533.0,2147.0,370.0,618.0,934.0,1455.0,483.0,879.0,520.0,2007.0,1503.0,318.0,1919.0,845.0,413.0,581.0,867.0,1823.0,838.0,356.0,1304.0,1960.0,645.0,1928.0,1433.0,1861.0,627.0,400.0,400.0,1746.0,1155.0,1813.0,535.0,484.0,1009.0,1753.0,774.0,544.0,1038.0,527.0,1497.0,804.0,000000000000000015e3,,C1806F02
810.0,2395.0,1866.0,718.0,651.0,1624.0,1553.0,641.0,480.0,2302.0,2373.0,706.0,1083.0,1812.0,519.0,2068.0,1762.0,1139.0,1721.0,731.0,2623.0,513.0,821.0,1096.0,1723.0,661.0,1120.0,664.0,2345.0,1730.0,480.0,2203.0,978.0,568.0,722.0,1107.0,2147.0,1063.0,479.0,1586.0,2445.0,809.0,2279.0,1721.0,2240.0,851.0,545.0,556.0,2133.0,1328.0,2109.0,635.0,637.0,1234.0,1916.0,989.0,674.0,1224.0,676.0,1810.0,1059.0,000000000000000015f2,,C1807C01
762.0,2360.0,1800.0,655.0,614.0,1619.0,1539.0,595.0,425.0,2280.0,2362.0,668.0,1051.0,1735.0,486.0,2030.0,1682.0,1097.0,1700.0,692.0,2605.0,456.0,773.0,1050.0,1667.0,623.0,1067.0,612.0,2313.0,1685.0,465.0,2185.0,918.0,534.0,698.0,1056.0,2119.0,1009.0,434.0,1530.0,2440.0,796.0,2275.0,1710.0,2222.0,811.0,492.0,507.0,2114.0,1287.0,2099.0,601.0,594.0,1177.0,1878.0,940.0,649.0,1187.0,633.0,1763.0,1008.0,00000000000000001609,,C1807F17
703.0,2243.0,1696.0,615.0,548.0,1471.0,1428.0,544.0,388.0,2186.0,2189.0,584.0,925.0,1667.0,432.0,1888.0,1654.0,1044.0,1610.0,623.0,2407.0,419.0,708.0,1005.0,1573.0,556.0,970.0,570.0,2195.0,1619.0,405.0,2099.0,881.0,480.0,668.0,963.0,1980.0,934.0,403.0,1412.0,2239.0,755.0,2142.0,1610.0,2048.0,737.0,444.0,459.0,1951.0,1244.0,1999.0,589.0,548.0,1096.0,1851.0,862.0,619.0,1130.0,587.0,1639.0,915.0,00000000000000001631,,C1807P42
687.0,2181.0,1657.0,590.0,519.0,1399.0,1371.0,518.0,369.0,2148.0,2105.0,560.0,866.0,1636.0,413.0,1837.0,1629.0,1018.0,1551.0,592.0,2324.0,399.0,684.0,988.0,1522.0,532.0,947.0,539.0,2133.0,1578.0,379.0,2046.0,865.0,462.0,642.0,923.0,1920.0,896.0,385.0,1373.0,2151.0,731.0,2081.0,1542.0,1988.0,703.0,419.0,429.0,1872.0,1221.0,1941.0,583.0,531.0,1056.0,1814.0,841.0,603.0,1105.0,570.0,1589.0,866.0,00000000000000001648,,C1808F11
705.0,2250.0,1703.0,623.0,556.0,1479.0,1433.0,550.0,395.0,2185.0,2200.0,590.0,940.0,1673.0,436.0,1897.0,1658.0,1048.0,1613.0,628.0,2413.0,425.0,714.0,1010.0,1586.0,561.0,974.0,576.0,2196.0,1617.0,408.0,2095.0,886.0,484.0,668.0,972.0,1990.0,939.0,407.0,1420.0,2248.0,755.0,2144.0,1613.0,2058.0,743.0,452.0,465.0,1962.0,1247.0,2002.0,590.0,551.0,1105.0,1847.0,867.0,620.0,1133.0,590.0,1645.0,925.0,0000000000000000164e,,C1808P06
637.0,2069.0,1557.0,575.0,470.0,1278.0,1277.0,478.0,348.0,2013.0,1973.0,506.0,799.0,1564.0,382.0,1725.0,1565.0,957.0,1453.0,544.0,2173.0,377.0,629.0,920.0,1427.0,488.0,882.0,516.0,2013.0,1481.0,332.0,1928.0,826.0,420.0,593.0,857.0,1811.0,837.0,363.0,1289.0,1996.0,670.0,1947.0,1436.0,1878.0,639.0,397.0,407.0,1754.0,1152.0,1818.0,545.0,496.0,996.0,1724.0,777.0,556.0,1032.0,534.0,1497.0,808.0,00000000000000001667,,C1809F19
592.0,1920.0,1437.0,546.0,442.0,1215.0,1193.0,452.0,337.0,1864.0,1849.0,473.0,763.0,1451.0,357.0,1600.0,1456.0,898.0,1373.0,508.0,2024.0,361.0,591.0,863.0,1336.0,459.0,832.0,495.0,1870.0,1399.0,305.0,1778.0,766.0,401.0,538.0,822.0,1706.0,795.0,347.0,1195.0,1853.0,606.0,1795.0,1349.0,1755.0,605.0,383.0,387.0,1648.0,1074.0,1679.0,492.0,474.0,952.0,1596.0,732.0,504.0,963.0,511.0,1401.0,768.0,0000000000000000166c,,C1809F26
662.0,2121.0,1606.0,596.0,490.0,1338.0,1329.0,497.0,359.0,2071.0,2034.0,526.0,837.0,1612.0,394.0,1765.0,1615.0,994.0,1513.0,565.0,2229.0,390.0,657.0,955.0,1470.0,507.0,921.0,534.0,2063.0,1542.0,343.0,1984.0,854.0,433.0,614.0,906.0,1874.0,876.0,374.0,1326.0,2046.0,695.0,2004.0,1497.0,1933.0,669.0,411.0,421.0,1805.0,1199.0,1869.0,565.0,512.0,1044.0,1769.0,808.0,575.0,1075.0,552.0,1539.0,847.0,0000000000000000168a,,C1810P05
752.0,2358.0,1768.0,634.0,621.0,1688.0,1582.0,601.0,414.0,2325.0,2406.0,684.0,1117.0,1696.0,475.0,2043.0,1605.0,1088.0,1737.0,684.0,2673.0,445.0,781.0,1031.0,1647.0,615.0,1114.0,591.0,2323.0,1687.0,487.0,2188.0,917.0,534.0,705.0,1083.0,2152.0,1006.0,406.0,1553.0,2511.0,796.0,2337.0,1737.0,2271.0,831.0,488.0,488.0,2173.0,1261.0,2134.0,576.0,582.0,1189.0,1876.0,919.0,647.0,1165.0,623.0,1810.0,1046.0,00000000000000001693,,C1810W06
748.0,2345.0,1762.0,631.0,616.0,1658.0,1554.0,587.0,414.0,2294.0,2375.0,677.0,1089.0,1687.0,471.0,2018.0,1620.0,1083.0,1708.0,679.0,2638.0,444.0,773.0,1035.0,1647.0,610.0,1084.0,590.0,2296.0,1671.0,475.0,2172.0,911.0,529.0,695.0,1062.0,2129.0,995.0,412.0,1532.0,2475.0,785.0,2302.0,1709.0,2237.0,812.0,486.0,487.0,2138.0,1263.0,2113.0,577.0,579.0,1169.0,1866.0,925.0,636.0,1168.0,618.0,1775.0,1022.0,0000000000000000169a,,C1812C05
583.0,987.0,1094.0,451.0,580.0,772.0,778.0,614.0,511.0,951.0,915.0,691.0,583.0,934.0,590.0,1099.0,935.0,720.0,665.0,565.0,1000.0,538.0,581.0,807.0,815.0,573.0,521.0,460.0,1047.0,645.0,524.0,1170.0,798.0,532.0,469.0,627.0,1005.0,615.0,450.0,1043.0,944.0,533.0,1148.0,710.0,913.0,555.0,590.0,589.0,888.0,720.0,1021.0,433.0,415.0,514.0,1003.0,530.0,578.0,952.0,482.0,888.0,662.0,000000000000000016d1,,F0119R02
957.0,1643.0,1609.0,782.0,1078.0,1387.0,1438.0,1190.0,940.0,1607.0,1331.0,1050.0,990.0,1825.0,935.0,1757.0,1547.0,1378.0,1197.0,1065.0,1563.0,875.0,1025.0,1257.0,1760.0,1083.0,968.0,867.0,1507.0,1306.0,915.0,1599.0,1329.0,832.0,733.0,1164.0,1521.0,1199.0,1033.0,1519.0,1595.0,888.0,1707.0,1137.0,1556.0,996.0,937.0,895.0,1362.0,1219.0,1599.0,809.0,836.0,1132.0,1785.0,926.0,948.0,1480.0,905.0,1425.0,1082.0,000000000000000016db,,F0209W01
339.0,486.0,657.0,259.0,456.0,593.0,528.0,436.0,336.0,570.0,493.0,455.0,279.0,813.0,377.0,677.0,393.0,453.0,357.0,359.0,509.0,352.0,369.0,449.0,498.0,462.0,303.0,301.0,550.0,355.0,350.0,574.0,452.0,304.0,239.0,389.0,656.0,384.0,331.0,562.0,535.0,398.0,756.0,307.0,568.0,343.0,392.0,388.0,502.0,366.0,429.0,248.0,234.0,311.0,549.0,282.0,392.0,697.0,296.0,538.0,393.0,0000000000000000170a,,F0305F03
359.0,587.0,664.0,280.0,356.0,504.0,486.0,384.0,309.0,510.0,638.0,454.0,356.0,496.0,385.0,697.0,496.0,413.0,421.0,330.0,623.0,353.0,365.0,494.0,416.0,338.0,319.0,294.0,726.0,387.0,331.0,706.0,474.0,334.0,269.0,395.0,670.0,372.0,275.0,640.0,577.0,338.0,672.0,454.0,554.0,339.0,390.0,390.0,596.0,398.0,578.0,239.0,235.0,302.0,568.0,308.0,377.0,569.0,298.0,604.0,449.0,00000000000000001734,,F0308F07
451.0,668.0,825.0,359.0,469.0,618.0,571.0,500.0,394.0,634.0,746.0,583.0,446.0,627.0,533.0,793.0,597.0,521.0,532.0,412.0,720.0,456.0,500.0,617.0,518.0,422.0,449.0,384.0,853.0,472.0,419.0,829.0,607.0,460.0,345.0,485.0,764.0,463.0,355.0,795.0,668.0,429.0,796.0,541.0,623.0,449.0,498.0,498.0,699.0,482.0,677.0,303.0,324.0,387.0,656.0,383.0,482.0,684.0,407.0,699.0,583.0,00000000000000001741,,F0312R02
351.0,923.0,920.0,273.0,348.0,620.0,612.0,383.0,316.0,831.0,812.0,477.0,432.0,713.0,328.0,940.0,553.0,504.0,603.0,362.0,911.0,304.0,383.0,593.0,494.0,328.0,429.0,280.0,962.0,447.0,281.0,980.0,639.0,322.0,300.0,379.0,823.0,405.0,170.0,781.0,846.0,294.0,1014.0,522.0,696.0,394.0,340.0,316.0,781.0,481.0,802.0,244.0,205.0,394.0,683.0,294.0,369.0,611.0,300.0,759.0,526.0,00000000000000001754,,F0404F04
284.0,703.0,721.0,221.0,295.0,510.0,474.0,312.0,249.0,678.0,705.0,380.0,351.0,578.0,288.0,793.0,485.0,419.0,478.0,284.0,732.0,257.0,328.0,497.0,443.0,276.0,344.0,224.0,840.0,380.0,236.0,788.0,510.0,266.0,228.0,328.0,702.0,328.0,158.0,649.0,698.0,252.0,801.0,429.0,590.0,312.0,282.0,278.0,680.0,394.0,656.0,199.0,180.0,320.0,592.0,237.0,285.0,518.0,242.0,664.0,436.0,0000000000000000175b,,F0410R53
391.0,955.0,964.0,301.0,402.0,671.0,649.0,437.0,340.0,880.0,864.0,528.0,476.0,760.0,380.0,997.0,608.0,555.0,646.0,403.0,966.0,337.0,437.0,646.0,558.0,377.0,475.0,305.0,1027.0,488.0,321.0,1031.0,680.0,367.0,324.0,432.0,874.0,446.0,213.0,838.0,897.0,336.0,1062.0,565.0,739.0,440.0,373.0,349.0,832.0,524.0,843.0,284.0,246.0,435.0,738.0,335.0,406.0,662.0,337.0,803.0,584.0,0000000000000000175d,,F0412F01
204.0,653.0,670.0,185.0,139.0,391.0,374.0,148.0,164.0,746.0,557.0,257.0,293.0,552.0,116.0,563.0,326.0,208.0,344.0,176.0,874.0,153.0,191.0,345.0,138.0,119.0,250.0,195.0,667.0,317.0,154.0,783.0,391.0,170.0,217.0,143.0,521.0,189.0,54.0,514.0,699.0,175.0,766.0,317.0,490.0,254.0,245.0,174.0,518.0,288.0,697.0,111.0,116.0,227.0,439.0,129.0,259.0,323.0,179.0,474.0,312.0,00000000000000001780,,F0603F04
225.0,928.0,859.0,266.0,292.0,451.0,464.0,243.0,195.0,1054.0,876.0,387.0,399.0,885.0,210.0,950.0,665.0,448.0,438.0,292.0,1202.0,150.0,357.0,464.0,688.0,210.0,389.0,300.0,986.0,645.0,284.0,1099.0,479.0,211.0,214.0,269.0,911.0,374.0,250.0,832.0,936.0,259.0,1018.0,448.0,836.0,250.0,265.0,218.0,908.0,427.0,1237.0,198.0,122.0,526.0,1058.0,300.0,376.0,575.0,265.0,875.0,589.0,00000000000000001786,,F0605F02
402.0,974.0,890.0,286.0,431.0,577.0,593.0,442.0,338.0,1005.0,731.0,502.0,455.0,855.0,365.0,1005.0,787.0,577.0,534.0,445.0,977.0,302.0,452.0,601.0,749.0,395.0,448.0,347.0,979.0,572.0,401.0,1055.0,657.0,346.0,312.0,434.0,772.0,459.0,348.0,916.0,981.0,339.0,962.0,509.0,687.0,414.0,373.0,353.0,695.0,505.0,1053.0,322.0,274.0,472.0,985.0,414.0,388.0,643.0,359.0,745.0,540.0,000000000000000017ac,,F0609F01
420.0,1021.0,940.0,295.0,491.0,625.0,622.0,513.0,397.0,1069.0,717.0,540.0,464.0,968.0,432.0,1046.0,883.0,632.0,526.0,508.0,989.0,337.0,480.0,627.0,846.0,450.0,438.0,385.0,979.0,624.0,478.0,1091.0,687.0,352.0,344.0,509.0,815.0,519.0,428.0,945.0,1050.0,400.0,971.0,503.0,734.0,426.0,456.0,370.0,685.0,494.0,1170.0,355.0,284.0,512.0,1071.0,440.0,491.0,728.0,384.0,772.0,569.0,000000000000000017e7,,F0806R19
525.0,1577.0,1302.0,323.0,303.0,950.0,911.0,277.0,179.0,1819.0,1471.0,510.0,655.0,1187.0,272.0,1386.0,1127.0,720.0,941.0,461.0,1886.0,210.0,349.0,769.0,959.0,360.0,692.0,365.0,1791.0,963.0,265.0,1551.0,743.0,283.0,412.0,533.0,1382.0,526.0,151.0,1087.0,1788.0,436.0,1664.0,952.0,1446.0,480.0,263.0,282.0,1363.0,825.0,1605.0,231.0,266.0,600.0,1464.0,553.0,412.0,745.0,368.0,1303.0,580.0,00000000000000001806,,F1009F05
784.0,2310.0,1815.0,682.0,623.0,1551.0,1513.0,623.0,458.0,2269.0,2250.0,670.0,1008.0,1791.0,497.0,1967.0,1778.0,1133.0,1692.0,704.0,2458.0,487.0,783.0,1096.0,1698.0,642.0,1061.0,633.0,2258.0,1702.0,448.0,2167.0,983.0,544.0,695.0,1047.0,2056.0,1010.0,469.0,1534.0,2296.0,768.0,2213.0,1689.0,2121.0,802.0,516.0,525.0,2018.0,1330.0,2074.0,624.0,611.0,1168.0,1942.0,946.0,650.0,1217.0,648.0,1726.0,1000.0,00000000000000001814,,F1401F04
1273.0,2660.0,2552.0,1250.0,941.0,1809.0,1959.0,1165.0,819.0,2991.0,2734.0,1190.0,1457.0,2511.0,780.0,2631.0,2375.0,1864.0,1888.0,1415.0,2771.0,808.0,1313.0,1602.0,2457.0,1089.0,1610.0,1029.0,2768.0,2123.0,686.0,2780.0,1690.0,1109.0,1188.0,1534.0,2611.0,1565.0,1097.0,2496.0,2883.0,1168.0,2781.0,2206.0,2524.0,993.0,968.0,788.0,2611.0,1929.0,2875.0,1258.0,1077.0,1610.0,2712.0,1367.0,1176.0,1756.0,1234.0,2401.0,1585.0,00000000000000001822,,F1408F06
760.0,2248.0,1762.0,660.0,598.0,1505.0,1464.0,598.0,442.0,2207.0,2190.0,648.0,974.0,1741.0,480.0,1912.0,1726.0,1098.0,1643.0,678.0,2393.0,471.0,755.0,1062.0,1645.0,620.0,1010.0,613.0,2199.0,1653.0,427.0,2107.0,951.0,526.0,672.0,1012.0,2002.0,977.0,452.0,1486.0,2231.0,744.0,2152.0,1636.0,2062.0,774.0,498.0,508.0,1965.0,1292.0,2016.0,602.0,591.0,1131.0,1888.0,919.0,628.0,1181.0,628.0,1678.0,966.0,00000000000000001835,,F1802F96
